#Sequence	Occurrence	Forward Match	Backward Match	Forward Mismatch	Backward Mismatch	Strand Bias Score	FER (Forward Error Rate)	RER (Reverse Error Rate), ERD (Error rate Difference)
TTTT	147910	335900	355623	3031	2092	50.7649941248	0.0089428231705	0.00584823113372	0.00309459203677
NCCC	6654	46319	45947	375	256	5.33336656574	0.00803101040819	0.00554076575114	0.00249024465705
NTTT	266739	744647	773861	4315	3008	63.1263392281	0.0057613069822	0.00387195267156	0.00188935431064
TNTT	288630	821278	845633	4149	2805	66.2438529675	0.00502648932007	0.00330607539973	0.00172041392034
TTTN	266742	741739	769466	5690	4576	36.7984310698	0.00761276321898	0.0059118239062	0.00170093931279
TTNT	285608	788241	810353	4615	3458	44.2629140569	0.00582072911096	0.00424914384298	0.00157158526798
TCTT	26990	162164	161714	458	203	22.0934289216	0.00281634711171	0.00125372876227	0.00156261834944
CTTT	23538	112839	115074	364	192	13.110169824	0.00321546248774	0.0016657123523	0.00154975013545
NCTT	54131	352400	351442	863	457	27.8402819376	0.00244293911335	0.00129866808374	0.00114427102961
NTGG	18897	129057	131297	460	320	6.72284980737	0.0035516573114	0.00243129686895	0.00112036044245
CCTT	9337	59749	60007	149	84	4.61484291238	0.00248756218905	0.00139787988218	0.00108968230688
NNTT	541369	1924729	1966743	6849	4960	75.8458705836	0.0035458055538	0.00251559185131	0.00103021370249
NCCT	20922	176346	175109	677	494	6.67579900247	0.00382436180609	0.00281316378422	0.00101119802188
ACAA	23473	110637	109036	242	131	7.5446267476	0.00218255936652	0.00119999633589	0.000982563030628
TTCT	26444	140707	138318	571	426	4.73347628604	0.00404167669418	0.00307040304446	0.000971273649721
TTNG	44110	270779	276888	1411	1177	6.55098126379	0.00518387890812	0.00423282326075	0.000951055647367
NTNT	672716	1896494	1929322	8047	6362	50.3381189582	0.00422516501351	0.00328669348923	0.000938471524286
NTTG	48958	261317	266622	1476	1256	5.59132242077	0.00561658796087	0.0046887015731	0.000927886387762
CTNT	46140	250279	252008	774	549	9.45723694812	0.00308301434358	0.00217376671405	0.000909247629536
ATTT	78818	219937	224749	675	489	8.13779141603	0.00305967037151	0.00217103685879	0.000888633512723
NTCC	20517	134433	132507	459	340	4.13373512269	0.00340272217774	0.00255933517505	0.000843387002691
TTNN	541373	1923608	1954101	9859	8383	32.2144179469	0.00509913021531	0.00427162718269	0.000827503032615
NTTN	541370	1923867	1956583	9523	8065	32.8569805154	0.00492554528574	0.00410506105928	0.000820484226458
TNNT	588732	2041740	2071887	7775	6243	42.4464716778	0.00379358043244	0.00300414314793	0.000789437284518
TGTT	23773	117182	119096	250	161	5.16999526636	0.00212889161387	0.00135002557502	0.000778866038851
NTGT	61078	274973	279146	904	708	6.58827915084	0.00327682264197	0.00252989058581	0.000746932056169
TTAA	47358	174122	173652	484	355	4.91477890147	0.00277195514473	0.00204014781015	0.00073180733458
CNTT	60143	308217	311608	677	463	10.0585522459	0.00219169035333	0.00148363673651	0.000708053616813
NTCT	49507	295092	291749	1041	830	5.37668040728	0.00351531237653	0.00283684064817	0.000678471728367
NCCN	49057	375157	370351	1524	1252	5.78862124977	0.00404586374147	0.00336918700872	0.000676676732752
TNTN	672719	1901882	1927197	8631	7434	23.9390230929	0.00451763479233	0.00384259323871	0.00067504155362
TCNT	67230	379344	378145	1039	781	8.57019462451	0.00273145750467	0.00206108844471	0.000670369059963
TCTN	49507	296281	291993	802	596	6.71019907138	0.00269958227162	0.00203698703642	0.000662595235198
TTCN	63577	350906	346918	1376	1130	5.37377195401	0.00390596170114	0.00324667861904	0.000659283082096
TNCT	53691	324268	322652	1125	906	5.62152032797	0.00345735771821	0.00280011620791	0.000657241510292
NTNG	109744	693765	703635	2963	2548	8.94517419034	0.00425273564433	0.00360812990401	0.000644605740321
ATAA	87781	207516	204030	447	315	5.18361848669	0.00214942081043	0.00154151068047	0.000607910129966
ANTT	154890	591959	600307	1499	1209	8.46934420529	0.00252587377708	0.0020099215981	0.000515952178987
NNCT	112458	791714	786645	2574	2187	7.09060476337	0.00324063815644	0.00277245345016	0.000468184706273
NNTG	145928	788578	797140	3288	2976	4.86254723281	0.00415221767319	0.0037194606782	0.000432756994991
NTAA	162096	575899	569462	1300	1054	5.73924491534	0.00225225615429	0.00184745037825	0.000404805776036
NCNT	152471	916198	910549	2358	1977	7.57223242275	0.00256707266623	0.00216651361167	0.000400559054561
NCTN	112458	796990	787274	2025	1688	6.54832692101	0.00253437044361	0.00213952002758	0.000394850416028
ATNT	293634	631894	638064	1959	1725	4.43604614864	0.00309062195809	0.0026962014039	0.000394420554188
NNGT	120849	745355	757361	2224	1965	5.16203337559	0.00297493642812	0.00258782130468	0.00038711512344
NTCN	131314	790902	779923	2494	2173	4.5745936105	0.00314344917292	0.00277843129232	0.0003650178806
ANNT	537482	1835746	1845369	5660	5270	4.17667140757	0.0030737382196	0.00284766504975	0.000226073169852
