#Sequence	Occurrence	Forward Match	Backward Match	Forward Mismatch	Backward Mismatch	Strand Bias Score	FER (Forward Error Rate)	RER (Reverse Error Rate), ERD (Error rate Difference)
GGGT	2770	17331	17746	193	68	14.3367356699	0.0110134672449	0.00381722240934	0.00719624483558
TTTT	101701	270278	285402	2678	1835	45.7141117034	0.00981110508653	0.00638845274112	0.00342265234542
GGGN	6777	37889	38461	326	209	6.63086307498	0.0085306816695	0.00540470649082	0.00312597517868
AAAC	12859	57488	57516	620	442	7.21044731517	0.0106697872926	0.00762621208461	0.00304357520801
GNGT	11404	57148	58584	287	140	12.568846671	0.00499695307739	0.00238403378516	0.00261291929223
NTTT	185273	570695	590948	3929	2565	73.8437769045	0.00683751461825	0.00432172505067	0.00251578956758
AAAT	54468	169223	171893	1375	998	15.1598508473	0.00805988346874	0.00577242308738	0.00228746038136
ACCT	5246	28022	27957	120	58	5.26880820258	0.0042640892616	0.00207031947171	0.00219376978989
NGGT	14691	81008	82577	383	229	9.83720110188	0.00470567998919	0.00276550008453	0.00194017990465
CTTT	16245	71666	72152	227	88	14.300395432	0.00315747012922	0.00121816168328	0.00193930844594
ATTT	54468	171565	174394	637	309	26.7883893369	0.00369914402852	0.00176871604952	0.001930427979
TTTC	19285	80924	82188	825	677	4.33610627323	0.0100918665672	0.00816991492186	0.00192195164531
ATGG	6332	31251	32054	103	49	5.06621889775	0.00328506729604	0.00152633710245	0.00175873019359
TNTT	199509	600403	616636	3357	2376	43.3270054537	0.00556015635352	0.00383837470033	0.00172178165319
TTNT	197537	589780	606517	3810	2948	30.3440970261	0.00641857174144	0.00483702919774	0.0015815425437
GGNT	13627	76496	78223	312	195	7.1626837168	0.00406207686699	0.00248667397791	0.00157540288908
AANC	29156	142221	140782	872	658	6.77641033761	0.00609393890686	0.00465214932127	0.0014417895856
AANT	105302	362588	367882	1874	1369	19.6188473166	0.00514182548524	0.00370750519294	0.00143432029229
ANTT	105302	366219	370682	1092	578	36.7097299326	0.00297295752101	0.00155686042127	0.00141609709974
ANAC	35675	149198	148448	933	717	6.64489584221	0.00621457260659	0.0048067576174	0.00140781498919
TTTN	185273	566202	586404	5060	4412	16.0582179833	0.00885758198515	0.00746763797866	0.00138994400649
NTGG	15146	80672	82057	266	159	6.9608572301	0.00328646618399	0.00193393013525	0.00135253604874
NNTT	376993	1301976	1326774	5348	3648	77.9282647269	0.00409079922039	0.0027419871289	0.0013488120915
TNCC	15190	78133	76337	284	183	4.90527298891	0.00362166366987	0.00239153162572	0.00123013204415
NAAT	122252	401660	405046	2042	1569	15.2199807474	0.00505818648409	0.00385868696433	0.00119949951976
NTNT	468748	1398413	1419779	6362	4761	56.4711361094	0.00452883913794	0.00334213149508	0.00118670764286
TTNC	40720	180780	181482	1168	956	5.48710354506	0.00641941653659	0.0052401363751	0.0011792801615
AATT	34544	118615	120263	338	203	8.47876481226	0.00284145839113	0.00168512277323	0.0011563356179
NAAC	33091	154819	154142	942	760	4.73819186098	0.00604772696631	0.00490632787182	0.0011413990945
CTNT	32642	147986	147603	402	233	10.4653509278	0.00270911394452	0.00157607078114	0.00113304316339
NTCC	15492	81086	79308	261	166	4.79566104432	0.00320847726407	0.00208873342225	0.00111974384181
TTAA	31912	105382	105043	328	221	5.12758077137	0.00310282849305	0.00209948320413	0.00100334528891
GNGN	34114	178293	180760	619	447	7.30682479118	0.00345980146664	0.00246679212172	0.000993009344926
ANAT	202894	510312	513250	2272	1774	14.8355134848	0.00443244424329	0.0034444996738	0.000987944569483
ATNT	202894	512573	515204	1564	1063	22.2672144322	0.00304199075344	0.00205901210033	0.000982978653109
ANNT	369824	1154217	1162935	4042	2925	41.7775239281	0.00348972034752	0.00250887756677	0.000980842780747
TTCN	43332	199971	198032	770	597	5.09497918424	0.00383578840396	0.00300560341139	0.000830184992578
TNNT	413282	1395616	1415037	5628	4566	28.3217161833	0.00401643111407	0.00321639218852	0.000800038925547
CNTT	43026	194847	195315	372	218	9.59143758125	0.00190555222596	0.001114901321	0.000790650904957
TTNN	376991	1294591	1315793	7558	6657	16.700263802	0.00580425128	0.00503383870846	0.000770412571542
NNCC	40099	221059	216375	772	592	5.05502845276	0.00348012676317	0.00272852553614	0.000751601227025
NTTN	376992	1296824	1318844	7451	6615	14.9672000128	0.00571275229534	0.00499072396807	0.000722028327262
NANT	288992	1016151	1025361	3313	2643	18.6609845929	0.00324974692584	0.00257100166925	0.000678745256581
ANNC	82139	382805	378310	1743	1465	5.26334028497	0.00453259411049	0.00385754723191	0.000675046878575
GNNT	82139	377310	383807	1186	951	7.29535148263	0.00313345451471	0.00247168349976	0.000661771014953
NCTT	36376	172168	169990	280	173	5.89025409496	0.00162367786231	0.00101667224955	0.000607005612763
NNGT	91044	414463	419636	1119	886	7.30369521459	0.00269260940079	0.00210690522731	0.000585704173479
NTAA	112831	372408	368529	871	670	5.98370333577	0.00233337530373	0.00181473947654	0.000518635827185
CNNT	89873	425333	422602	1007	788	6.24993457558	0.00236196462917	0.00186116819008	0.000500796439084
NATT	122252	404545	408660	880	694	5.92842708962	0.00217056175618	0.00169535414336	0.000475207612824
NGNT	86906	425397	431983	964	777	5.74215957129	0.0022609947908	0.00179545244477	0.000465542346026
NNAT	408326	1251306	1256281	4235	3703	9.04778407654	0.00337304795303	0.00293892620859	0.000434121744447
NTCN	94004	454981	447807	1246	1034	4.26178869563	0.00273109658131	0.00230371111374	0.000427385467572
