#Sequence	Occurrence	Forward Match	Backward Match	Forward Mismatch	Backward Mismatch	Strand Bias Score	FER (Forward Error Rate)	RER (Reverse Error Rate), ERD (Error rate Difference)
ACNNTCCT	303	2206	2267	29	1	7.6458436667	0.0129753914989	0.000440917107584	0.0125344743913
ACTGNNCT	311	2932	2753	34	2	7.50561394078	0.0114632501686	0.000725952813067	0.0107372973555
ACTNNCCT	359	3577	3524	34	3	6.90982210083	0.00941567432844	0.000850581230508	0.00856509309793
ATNCTTTT	1650	5663	5926	49	7	7.75796050743	0.00857843137255	0.00117984156413	0.00739858980842
TTTTTTTT	29477	22962	26550	596	484	7.94745918151	0.0252992613974	0.0179033809277	0.00739588046968
TNTTTTTT	36621	35783	40257	775	595	11.4735578375	0.0211991903277	0.0145647703907	0.00663441993702
TATNTTTT	9764	14104	15030	172	87	7.94064754958	0.0120481927711	0.0057551101409	0.00629308263018
TTTTTTTN	36995	36324	40835	912	775	7.81792740401	0.0244924266839	0.0186253304494	0.00586709623444
GNANTTTT	2534	9579	10354	82	29	7.01587749205	0.00848773418901	0.00279302706347	0.00569470712554
TTTTTTNT	36158	35951	40454	726	581	8.89651587945	0.0197944215721	0.0141586450591	0.00563577651301
TTNTTTTT	36196	36740	40812	716	558	9.32861357134	0.0191157624947	0.0134880348078	0.00562772768683
NTTCTTTT	3512	10693	10997	75	15	9.63571106902	0.00696508172363	0.0013621503814	0.00560293134222
NTTTTTTT	36995	36387	40538	762	623	7.85170058191	0.0205119922474	0.0151356866937	0.00537630555372
NTNCTTTT	6273	22332	23282	162	47	15.5072487788	0.00720192051214	0.0020146598654	0.00518726064673
CTNNTTTT	4434	14875	15699	139	65	7.36852138482	0.00925802584255	0.00412331895458	0.00513470688797
TNTTTTTN	50160	63621	69671	1248	1007	12.0787305708	0.0192387735282	0.0142477149891	0.00499105853908
TNTNTTTT	50648	63589	69515	950	684	16.0249838191	0.0147197818373	0.00974372854314	0.0049760532942
TTTNTTTT	36691	37755	41767	670	531	7.90575826861	0.0174365647365	0.0125537850489	0.00488277968756
TNNTTTTT	48665	65187	70677	1013	747	14.7852359663	0.0153021148036	0.0104586693548	0.00484344544879
NTNTTTTT	50160	63882	69617	1025	774	13.7672076326	0.0157918252269	0.0109957238852	0.00479610134171
NNTCTTTT	5508	18841	19612	133	44	11.1808290268	0.00700959207336	0.0022385022385	0.00477108983486
TNTTTTNT	49865	63319	68987	978	746	12.5426604333	0.0152106630169	0.0106979478869	0.00451271513
TTTTTTNN	49704	65358	71362	1200	989	10.0854306777	0.0180293879023	0.013669472433	0.00435991546928
NTTTTTNT	49753	65704	71231	1007	779	11.7044562806	0.0150949618504	0.0108179419525	0.00427701989786
NTTTTTCN	6497	22195	22684	210	117	6.85398795749	0.00937290783307	0.00513135388799	0.00424155394509
NNTTTTTT	49704	64827	70593	1085	876	10.2122689789	0.0164613423959	0.0122570625026	0.0042042798933
NTTNTTTT	49669	66008	70979	936	704	12.0142193922	0.0139818355641	0.00982101753554	0.00416081802852
TATNTNTT	24517	32329	33081	261	128	11.2807259837	0.00800859159251	0.00385437682556	0.00415421476695
TTNTTTTN	49669	65892	71006	1152	942	9.33898354364	0.0171827456596	0.0130927892367	0.0040899564229
NNATTTTT	15719	35388	36950	315	176	10.6354906903	0.00882278800101	0.00474061304746	0.00408217495355
TNTCTNTT	4660	15352	15913	88	26	8.42482594208	0.00569948186528	0.00163121902252	0.00406826284276
NTTCTNTT	5262	17889	18484	96	25	10.1909422322	0.00533778148457	0.00135069425685	0.00398708722772
TANNTTTT	15010	27886	28992	255	148	7.79749400133	0.00906151167336	0.00507892930679	0.00398258236656
TATNNTTT	17115	30222	31051	231	113	10.2137586636	0.00758545956063	0.00362597869336	0.00395948086727
TATNTTTN	19754	31295	32568	295	183	7.40289153175	0.00933839822729	0.00558761564532	0.00375078258196
TTTNTTNT	49094	65205	70093	867	664	10.2191289783	0.0131220486742	0.00938423053549	0.00373781813868
NTTTTTTN	49704	64838	70715	1274	1116	6.90969269178	0.0192703291384	0.0155364675419	0.00373386159656
TTNTTTNT	49991	63730	68910	892	705	9.1984176551	0.0138033487048	0.0101271277742	0.00367622093059
TNTTNTTT	49594	65140	70062	846	652	9.70637560229	0.0128209014033	0.00922023927369	0.00360066212963
TTNNTTTT	48061	66590	71242	865	670	9.36513943454	0.012823363724	0.00931694293025	0.00350642079372
TTNTNTTT	48459	63666	68501	796	618	8.84929814956	0.0123483602743	0.00894110157844	0.00340725869583
TNTTTNTT	50732	65226	70114	833	653	8.7212371053	0.0126099395994	0.00922746477878	0.00338247482067
TTTTNTNT	49188	64159	69551	816	645	8.59998411095	0.012558676414	0.00918855775258	0.00337011866143
NTATNTTT	19754	31524	32758	223	124	7.67885139919	0.00702428575928	0.00377106015449	0.00325322560479
TTTTTNNT	47764	65346	70659	825	673	7.14557681331	0.0124676973296	0.00943475578983	0.00303294153982
TNTCNTTT	6362	21764	22053	100	35	7.60911955125	0.00457372850348	0.00158457080768	0.0029891576958
NTTCTTNT	6348	22497	22682	110	44	6.88741222373	0.0048657495466	0.00193610842207	0.00292964112453
TTTNTNTT	48699	65875	70664	730	580	7.08771494192	0.0109601381278	0.00814103643816	0.00281910168961
TTNTTNTT	52321	72755	77511	793	629	7.40175477201	0.0107820742916	0.00804965446634	0.00273241982528
TTTNNTTT	48191	66659	71011	728	578	6.80080890308	0.0108032706605	0.00807386609675	0.00272940456377
