#Sequence	Occurrence	Forward Match	Backward Match	Forward Mismatch	Backward Mismatch	Strand Bias Score	FER (Forward Error Rate)	RER (Reverse Error Rate), ERD (Error rate Difference)
GGGT	25029	1391279	1460304	64517	4525	9223372036854775807	0.0443173356707	0.00308909777182	0.0412282378988
AGGT	27260	1561944	1606038	47194	5874	9223372036854775807	0.0293287461983	0.0036441195301	0.0256846266682
NGGT	147210	8362488	8588294	227430	28598	9223372036854775807	0.0264763877839	0.00331883003756	0.0231575577464
CGGT	51770	2932871	2992425	67814	9440	9223372036854775807	0.022599506446	0.00314471170422	0.0194547947418
GAGT	18292	1064547	1090505	21972	3496	9223372036854775807	0.0202223799124	0.00319560951041	0.017026770402
GNGT	124461	7129911	7260832	141136	25988	9223372036854775807	0.019410684596	0.00356643913257	0.0158442454635
TGGT	43151	2476394	2529527	47905	8759	9223372036854775807	0.0189775458454	0.00345075377637	0.015526792069
GGGN	108620	6194617	6300774	105523	19656	9223372036854775807	0.0167493103328	0.00310991498996	0.0136393953428
GGGA	25935	1501665	1520180	22941	4968	9223372036854775807	0.0150471662843	0.00325738879112	0.0117897774932
ANGT	110220	6449182	6528005	94471	24147	9223372036854775807	0.01443704304	0.00368535406383	0.0107516889762
NNGT	519122	30077724	30453843	437272	110685	9223372036854775807	0.0143297413508	0.00362135479403	0.0107083865567
AAGT	23116	1363642	1382075	19178	5668	9223372036854775807	0.0138687609378	0.0040843297354	0.00978443120239
CNGT	166013	9584257	9677469	124573	35566	9223372036854775807	0.0128308972348	0.00366167732331	0.00916921991148
NAGT	92424	5415853	5495647	69522	19730	9223372036854775807	0.0126740651277	0.00357727132706	0.00909679380067
GCGT	61554	3523855	3549963	44900	14016	9223372036854775807	0.0125814184499	0.00393268310504	0.00864873534482
GGNT	144190	8351792	8463491	87405	22606	9223372036854775807	0.0103570280443	0.00266388659003	0.00769314145423
NGGN	607071	34909055	35208421	374343	108212	9223372036854775807	0.0106096073853	0.00306405200065	0.00754555538467
AGGN	113925	6643598	6681878	69952	19758	9223372036854775807	0.0104195246926	0.00294823532642	0.00747128936618
TNGT	118428	6914374	6987537	77092	24984	9223372036854775807	0.0110265858405	0.00356277007941	0.0074638157611
NCGT	165977	9595956	9622529	100367	38685	9223372036854775807	0.0103510371921	0.00400415517139	0.00634688202075
CGGN	210120	11993529	12070699	113268	37667	9223372036854775807	0.00935573628599	0.00311082436722	0.00624491191877
CAGT	37437	2180164	2208532	21359	7998	9223372036854775807	0.00970191998903	0.00360834277001	0.00609357721902
NGGA	127519	7441509	7446184	70406	26575	9223372036854775807	0.00937257676638	0.00355625010789	0.00581632665849
ACGT	31148	1817455	1823113	17386	6877	9223372036854775807	0.00947548043672	0.00375794403248	0.00571753640424
TAGT	13579	807500	814535	7013	2568	9223372036854775807	0.00861005287822	0.00314281063709	0.00546724224113
CCGT	41668	2409952	2405400	23802	10422	9223372036854775807	0.00977995310948	0.00431405956234	0.00546589354714
CGGA	40822	2363473	2357794	22256	9168	9223372036854775807	0.00932880473851	0.00387331947027	0.00545548526824
TGGN	174406	10077311	10155070	85600	31131	9223372036854775807	0.00842278359025	0.00305619337376	0.00536659021649
AGNT	117355	6889571	6950212	61095	24289	9223372036854775807	0.00878980517838	0.00348254305218	0.0053072621262
GTGT	19586	1150230	1160060	9747	3951	9223372036854775807	0.0084027528132	0.00339429782021	0.00500845499299
NGNT	665023	38769001	39083993	312411	121298	9223372036854775807	0.00799385139923	0.00309391913454	0.00489993226469
GGGC	36679	2082088	2104950	16768	6540	9223372036854775807	0.00798911406976	0.00309733884603	0.00489177522373
CGNT	225699	13078989	13143621	100163	41218	9223372036854775807	0.00760010962769	0.00312616634909	0.0044739432786
TGGA	35937	2100998	2103534	16331	7457	9223372036854775807	0.0077130195638	0.00353246413651	0.00418055542729
GNGN	617299	35543582	35666271	256887	112929	9223372036854775807	0.00717552052181	0.00315627515428	0.00401924536753
GAGN	92776	5436510	5452221	36949	15835	9223372036854775807	0.00675057582417	0.00289591035644	0.00385466546773
TCGT	31607	1844694	1844053	14279	7370	9223372036854775807	0.00768112285654	0.00398072185557	0.00370040100098
GNGA	145536	8488720	8460575	64293	36615	9223372036854775807	0.00751700014954	0.0043090715872	0.00320792856234
GNNT	575519	33653027	33912486	206884	101030	9223372036854775807	0.00610999833992	0.00297028981067	0.00313970852925
TGNT	177779	10448649	10526669	63748	33185	9223372036854775807	0.00606407843996	0.0031425623877	0.00292151605226
ATGT	28696	1706141	1716779	10713	5728	9223372036854775807	0.00623990158744	0.00332538561527	0.00291451597217
AGGC	40719	2359500	2371554	12459	5768	9223372036854775807	0.00525262030246	0.00242625946338	0.00282636083908
AGGA	24825	1475373	1464676	8878	4982	232.102487034	0.00598146809401	0.00338990431788	0.00259156377613
NGGC	223722	12798312	12873920	69263	36112	9223372036854775807	0.00538275471485	0.00279720453055	0.0025855501843
GCNT	190051	11052177	11111295	65994	37812	9223372036854775807	0.00593568852287	0.00339148238509	0.00254420613778
CTCG	21508	1241005	1242446	6113	3056	222.732867738	0.00490170136266	0.00245362913909	0.00244807222357
NTGT	113511	6703427	6747373	39953	23672	9223372036854775807	0.00592477362984	0.00349606301538	0.00242871061446
AAAC	49717	2946716	2957770	9734	2809	9223372036854775807	0.00329246224357	0.000948800893339	0.00234366135023
TGGC	66841	3842796	3865015	19508	10869	9223372036854775807	0.00505087118984	0.00280426349189	0.00224660769795
TNGN	538652	31419413	31478276	161469	92457	9223372036854775807	0.00511287176843	0.00292856678367	0.00218430498476
GANT	116159	6870650	6915835	34620	19712	9223372036854775807	0.00501356210546	0.00284216947849	0.00217139262698
ANGN	568393	33394944	33387345	169631	99438	9223372036854775807	0.00505387004006	0.00296947007421	0.00208439996586
TTTC	55558	3269867	3303040	10899	4200	9223372036854775807	0.0033220900241	0.00126994109892	0.00205214892518
CNGN	846736	48953942	48936842	247229	150060	9223372036854775807	0.00502486007904	0.00305702731046	0.00196783276858
CTGT	35138	2061270	2071112	11598	7706	175.093424514	0.00559514643479	0.0037069142176	0.0018882322172
GGNN	607071	35153028	35234834	173855	109368	9223372036854775807	0.00492132294831	0.00309436891516	0.00182695403314
CNNT	632202	37036765	37246291	193024	126278	9223372036854775807	0.00518466543015	0.00337889536039	0.00180577006976
NAAC	160020	9444637	9486816	27408	11162	9223372036854775807	0.00289356733419	0.00117519749993	0.00171836983426
GCGN	297650	17026028	17008516	86509	57034	9223372036854775807	0.0050552995152	0.00334205460709	0.00171324490811
AAGC	43265	2543651	2548837	9152	4786	299.624803698	0.00358507883295	0.00187419991126	0.00171087892169
AAGN	129134	7661919	7660519	35717	22625	9223372036854775807	0.00463999596759	0.00294475803135	0.00169523793625
AANC	173967	10267471	10309665	30466	13080	9223372036854775807	0.00295845663068	0.00126710482532	0.00169135180537
GAAC	35540	2079859	2087661	6323	2820	295.145530779	0.00303089567449	0.0013489718395	0.001681923835
CGGC	79483	4513928	4532401	20528	12935	9223372036854775807	0.00452711416761	0.00284577421779	0.00168133994982
TAAC	35467	2108963	2120126	6051	2519	9223372036854775807	0.00286097396991	0.00118672693738	0.00167424703253
AATC	41491	2453494	2474102	6882	2790	9223372036854775807	0.00279713344627	0.00112641164815	0.00167072179812
ATTC	36459	2162181	2176667	6512	2906	9223372036854775807	0.00300273021585	0.00133328867627	0.00166944153958
NAGN	498105	29257737	29308087	134830	85888	9223372036854775807	0.00458721417561	0.00292195934711	0.0016652548285
GCGA	60838	3520420	3487700	23878	18135	159.553460662	0.00673701816269	0.00517280476691	0.00156421339578
NTTC	167504	9829723	9919050	28727	13805	9223372036854775807	0.00291394691863	0.00138983202715	0.00152411489149
TATC	47213	2795215	2812312	7520	3366	9223372036854775807	0.00268309347833	0.00119544919554	0.00148764428279
ANAC	125119	7404650	7435354	19616	8685	9223372036854775807	0.00264214671188	0.00116670533295	0.00147544137893
GAGC	29969	1737110	1743253	6554	4028	133.861935597	0.0037587516861	0.00230529605713	0.00145345562897
GGNC	122693	7047756	7087484	27360	17217	9223372036854775807	0.00386707440556	0.00242332506322	0.00144374934234
GGAT	40599	2380772	2398698	9684	6364	155.51882999	0.00405110991376	0.00264608563106	0.0014050242827
TANC	147767	8726941	8765147	23665	11514	9223372036854775807	0.00270438413065	0.00131188842773	0.00139249570292
TAGC	26685	1571879	1575845	5126	2968	127.161794953	0.00325046528071	0.00187989331225	0.00137057196845
TAGN	62947	3737408	3741740	14960	9873	228.328262874	0.00398681579205	0.00263166803186	0.0013551477602
TNTC	155642	9177782	9251963	24649	12311	9223372036854775807	0.00267853135764	0.00132886829556	0.00134966306208
ANTC	116159	6874607	6919671	17927	9038	9223372036854775807	0.00260093022392	0.00130442770796	0.00129650251596
CTTG	18744	1105508	1112485	4036	2633	67.0735585808	0.00363753037284	0.00236118509431	0.00127634527852
ANNT	526102	31267456	31423082	148115	108730	9223372036854775807	0.00471470023575	0.0034482636139	0.00126643662185
GTTC	35540	2066436	2086359	5884	3293	165.348039533	0.00283932983323	0.0015758604782	0.00126346935503
TTNC	184783	10843450	10926892	29374	15821	9223372036854775807	0.0027015980393	0.00144580233439	0.0012557957049
NANC	665023	38983854	39157635	105414	56766	9223372036854775807	0.00269675042265	0.00144758044373	0.00124916997892
NATC	180135	10610511	10676514	26475	13305	9223372036854775807	0.00248895692821	0.00124464221518	0.00124431471304
GANC	134111	7820355	7844834	22143	12571	9223372036854775807	0.00282346262632	0.00159989207633	0.00122357054999
ATAC	31846	1891163	1895167	4667	2369	165.125562581	0.00246171861401	0.00124846116227	0.00121325745175
ANGC	190051	11070288	11079412	36429	22958	9223372036854775807	0.00327990710486	0.00206784677506	0.0012120603298
NAGC	177658	10333484	10371906	33998	21535	9223372036854775807	0.0032792919245	0.00207197981881	0.00120731210569
TNGA	116529	6868247	6838189	36828	28391	229.507890494	0.00533346849962	0.00413466383556	0.00119880466406
GNGC	199765	11415680	11440183	41802	28168	9223372036854775807	0.00364844561833	0.00245615084505	0.00119229477328
AGNC	123674	7218215	7243992	21991	13498	9223372036854775807	0.00303734451755	0.00185987166362	0.00117747285393
ATNC	153417	9051641	9079503	24244	13639	9223372036854775807	0.002671254649	0.00149992158926	0.00117133305974
NCNT	568393	33337088	33501192	159202	120443	9223372036854775807	0.00475282486508	0.00358230645238	0.0011705184127
TNGC	202842	11750716	11775903	39937	26266	9223372036854775807	0.00338717456955	0.00222552312206	0.00116165144749
GAGA	24102	1430579	1422108	7093	5419	47.5038823025	0.00493367054516	0.00379607531066	0.0011375952345
GATC	38910	2282366	2289951	5804	3230	162.205480541	0.00253652482115	0.00140852379293	0.00112800102821
TTAC	37852	2240354	2254850	5224	2733	173.950808994	0.00232634983064	0.0012105867204	0.00111576311025
NNGA	565317	33251153	33058796	186107	147846	9223372036854775807	0.00556585677176	0.00445230204246	0.00111355472929
GTGA	34661	2036056	2030587	10381	8093	61.1981976588	0.00507271907222	0.00396972550866	0.00110299356356
ANNC	575519	33803212	33898927	89623	52437	9223372036854775807	0.00264430520492	0.00154447403056	0.00109983117436
GTGN	118253	6886427	6904760	27906	20404	257.989347706	0.00403596413421	0.00294635621626	0.00108960791796
ATGC	44513	2608352	2612837	8236	5411	129.100876479	0.00314761055237	0.00206664914859	0.00108096140378
NCGN	830884	47917082	47722401	202468	150591	9223372036854775807	0.00420760377019	0.00314563585247	0.00106196791773
GTGC	29321	1693355	1700028	5567	3789	75.9760446072	0.00327678374875	0.00222383037615	0.0010529533726
GGNA	158500	9270375	9248020	45750	35843	256.49802244	0.00491084007568	0.00386078510637	0.0010500549693
GGCT	39068	2269083	2277843	9354	6987	77.4792257675	0.0041054459702	0.00305799556203	0.00104745040816
CCNT	133732	7822385	7859657	38980	30919	210.878428064	0.00495842643103	0.00391847185807	0.00103995457296
TACC	38402	2250884	2256864	4968	2661	153.953198487	0.00220227213487	0.0011776811498	0.00102459098507
NNGC	879570	50692913	50746312	167024	115489	9223372036854775807	0.00328399934904	0.00227064314927	0.00101335619977
TTGC	48478	2825916	2840268	8590	5771	124.358663603	0.00303051043109	0.00202773047031	0.00100277996078
CGNN	830884	47968300	47907389	200444	152099	9223372036854775807	0.0041612876599	0.00316480691596	0.000996480743936
NTNC	591509	34618449	34802499	88870	54541	9223372036854775807	0.00256055502299	0.00156470543684	0.000995849586155
TGNC	186019	10804882	10851074	33411	22713	9223372036854775807	0.0030826810089	0.00208878470766	0.000993896301236
CAAC	39296	2309099	2321259	5300	3014	140.240631712	0.00229001135932	0.00129674956427	0.000993261795048
TNAC	147121	8675224	8723380	20139	11599	9223372036854775807	0.00231606202064	0.00132787955186	0.000988182468786
NTAC	115946	6833777	6863337	15798	9066	9223372036854775807	0.00230642047134	0.00131918922683	0.000987231244518
TNNC	664105	38862872	39042940	101293	63711	9223372036854775807	0.00259964508414	0.00162916021625	0.000970484867893
NNAC	519122	30464742	30592060	71308	42543	9223372036854775807	0.00233520707492	0.00138872372526	0.000946483349657
NNTC	565318	33144537	33367979	79919	49130	9223372036854775807	0.00240542689397	0.00147020497794	0.000935221916037
CCCG	38045	2197275	2171397	8044	5908	66.6900579536	0.00364754486766	0.00271344620988	0.00093409865778
GTNC	112101	6505327	6544669	17207	11237	280.91583419	0.00263808513685	0.00171402701625	0.000924058120599
TTGT	30091	1785786	1799422	7895	6287	43.3178151658	0.0044015630427	0.00348173487533	0.000919828167372
CNGA	168862	9884834	9822312	56380	47088	169.253334252	0.0056713395366	0.00477111070582	0.000900228830782
CTTC	39947	2331239	2352984	5432	3406	106.119802964	0.00232467471886	0.00144543135899	0.000879243359877
AACC	39494	2323610	2328956	4698	2695	120.003199564	0.00201777428072	0.00115583335585	0.000861940924873
AGAC	23970	1407202	1415518	3112	1920	63.9635626684	0.00220660079954	0.00135455660142	0.000852044198121
CCGN	210120	12110307	12016415	48565	38014	262.317221525	0.0039942027517	0.00315352971095	0.000840673040756
NGNC	697250	40258118	40367730	120967	87600	9223372036854775807	0.0029957835845	0.00216535126521	0.000830432319286
ACNT	110220	6515381	6540575	29052	23713	122.762703153	0.00443919282236	0.00361242529274	0.000826767529622
NTGC	180540	10494323	10514925	30602	22051	9223372036854775807	0.00290757416324	0.00209272565487	0.000814848508362
GNAC	112101	6528081	6554948	15900	10624	233.67511716	0.00242971365595	0.00161813776469	0.000811575891262
GTAC	26358	1533428	1540238	3507	2287	58.0712685685	0.00228181413007	0.00148263399297	0.000799180137104
CANC	209178	12169087	12237989	29140	19601	9223372036854775807	0.00238887175981	0.00159909084902	0.000789780910789
NACC	147210	8595222	8622399	17533	10764	9223372036854775807	0.00203570170056	0.00124681996622	0.000788881734343
ATCC	40599	2389945	2394832	4829	2953	100.199873565	0.00201647420592	0.00123155328772	0.000784920918195
CAGN	213248	12421900	12453607	47204	37555	244.640674712	0.00378567698208	0.00300652573395	0.000779151248128
CATC	52521	3079436	3100149	6269	3919	122.324028641	0.00203162648406	0.00126253677432	0.000769089709738
CAGC	77739	4480844	4503971	13166	9753	115.316107307	0.00292967750406	0.00216074354568	0.000768933958371
AGNN	498106	29303526	29292942	114664	92341	9223372036854775807	0.00389772450311	0.00314242336887	0.000755301134237
TGNN	635020	37206399	37302594	138163	110315	9223372036854775807	0.00369968189746	0.00294858119693	0.000751100700527
TGAC	39141	2291136	2302002	5230	3545	73.1392516909	0.00227751151167	0.00153759606722	0.000739915444443
TGTC	28769	1691918	1703019	3916	2677	53.4416871969	0.0023091882814	0.00156944731066	0.000739740970742
AGTC	19917	1172334	1179327	2661	1829	35.6141222145	0.00226469048804	0.00154848301156	0.000716207476486
GNNC	568670	32831328	32935212	88547	66078	9223372036854775807	0.00268977327526	0.00200228536521	0.000687487910055
GGAC	20882	1212442	1217342	3086	2258	29.6170533734	0.00253881440822	0.00185142669728	0.000687387710946
GNTC	134111	7799081	7845170	18794	13728	179.02024273	0.00240397806309	0.00174680979445	0.00065716826864
TCGN	157137	9119932	9070036	33089	26931	130.973886958	0.00361509058048	0.00296043725343	0.000654653327049
CACC	39622	2299708	2312610	4405	2915	68.8309133542	0.00191179859668	0.00125889377139	0.000652904825292
CNGC	286912	16456229	16450814	48856	38097	289.154550363	0.00296005746108	0.00231046186131	0.000649595599772
NANT	524122	31220910	31378847	123025	103371	9223372036854775807	0.00392500175871	0.00328347259396	0.000641529164756
CANT	142257	8414799	8475916	34369	29256	98.4619823812	0.00406773779383	0.0034397893423	0.000627948451531
TTCC	42895	2507313	2528734	4661	3117	70.5950019027	0.00185551283572	0.00123111510117	0.000624397734557
CTAC	19890	1168832	1173082	2400	1677	29.4457654871	0.00204912434087	0.00142752683742	0.000621597503446
GCCT	40719	2368856	2377296	10994	9550	24.1527165086	0.00461961888354	0.00400109600703	0.000618522876511
NGAC	124903	7275258	7301524	16126	11687	158.494857347	0.00221165145053	0.00159806684095	0.00061358460958
CCGA	35566	2064012	2041024	12677	11301	14.8674578252	0.00610442873247	0.00550643782052	0.000597990911947
ACGN	165977	9660815	9627434	34305	28612	108.678146927	0.00353837807062	0.00296311761564	0.00057526045498
GACC	29692	1721020	1723969	3462	2493	35.6705087317	0.00200755937145	0.00144399355445	0.000563565817003
NTCC	127519	7460626	7505187	13743	9619	164.664503309	0.00183868364005	0.00128000642997	0.000558677210077
AANT	141888	8487165	8520412	37137	32538	70.91806683	0.00435660303917	0.00380430143985	0.000552301599316
CTNC	141208	8218031	8251435	18045	13844	125.084552036	0.00219097055442	0.00167495858277	0.000516011971659
CNAC	134781	7856787	7878378	15653	11635	132.073175707	0.00198832890438	0.00147464902783	0.000513679876552
NCGA	157137	9152208	9053096	52908	47727	47.308648946	0.00574767335903	0.00524425098697	0.000503422372061
CGCT	67055	3886115	3886771	16786	14856	26.6395432164	0.00430090335368	0.00380764229897	0.000493261054716
CNTC	159406	9293067	9351175	18549	14053	141.989126056	0.00199202802177	0.00150055076075	0.000491477261024
ANCC	144190	8453667	8464490	15651	11756	122.49925682	0.00184796461769	0.00138693473502	0.000461029882671
ACAC	19586	1159569	1166899	2103	1587	17.3359786194	0.00181032167428	0.00135816774869	0.000452153925583
NGTC	124903	7263707	7295658	15982	12926	74.2662202144	0.00219542345834	0.00176860524556	0.000426818212779
TCAC	34661	2034771	2046402	3634	2802	25.4270933918	0.00178276642767	0.00136736020425	0.000415406223418
TTGN	144162	8484762	8511430	27820	24522	48.4943803228	0.00326810361416	0.00287279028748	0.000395313326676
GGTC	29692	1710430	1722210	4254	3618	13.0396624784	0.00248092359875	0.00209638503953	0.000384538559222
CGAT	54415	3185504	3182094	10779	9568	16.3240008859	0.00337235470076	0.00299781117173	0.000374543529023
TTTG	46410	2734922	2749593	7082	6092	18.3037825043	0.00258278251965	0.00221070260208	0.000372079917571
CNNC	762787	44093673	44177081	99013	82884	9223372036854775807	0.00224048386649	0.00187266302628	0.000367820840212
NTGN	635020	37228007	37229825	123575	110193	167.481818978	0.00330842747169	0.0029510698147	0.000357357656997
TCGA	29126	1704606	1684120	9202	8513	4.872352775	0.00536932958651	0.00502944229493	0.000339887291578
ACTC	18292	1086598	1089575	1872	1513	9.325567433	0.00171984528742	0.00138668924963	0.000333156037792
TNCC	158500	9259150	9291694	16568	13535	69.8817021258	0.001786169006	0.00145455850684	0.000331610499165
CTGC	58228	3366700	3361792	8209	7080	18.7342251577	0.00243236187998	0.00210159364915	0.000330768230829
GTCC	20882	1212108	1218044	2249	1868	8.90368183327	0.00185200892324	0.00153125799238	0.000320750930861
CGAC	40910	2364478	2366662	4698	3964	14.5946731157	0.00198296791796	0.001672132171	0.000310835746963
ATAG	24568	1471337	1467447	3014	2595	7.36366745826	0.00204428931781	0.00176525568657	0.000279033631236
CGNC	264864	15187265	15185180	38205	34172	49.8135129973	0.00250928214367	0.00224529927424	0.000263982869431
CTCC	23143	1351260	1363577	2004	1681	7.60904078293	0.00148086404427	0.00123126910811	0.000249594936156
TNNT	628725	37342160	37566973	124134	116676	61.4609691243	0.0033132180087	0.00309619697392	0.00021702103478
CTNG	112860	6564248	6555357	15690	14266	15.2427778222	0.00238452094837	0.00217150968937	0.000213011259005
ATTG	39712	2359134	2358243	5896	5398	5.48098016812	0.00249299163224	0.00228376475108	0.000209226881165
NCAC	118253	6911070	6940383	11976	10628	19.7298778319	0.00172987439344	0.0015289862151	0.00020088817834
TCTC	24102	1420782	1433592	2314	2068	4.18935942624	0.00162603225643	0.00144045247482	0.000185579781613
ACAG	35138	2078366	2077862	3877	3493	5.06002178594	0.00186193446202	0.00167823365067	0.000183700811345
TCNC	145536	8487599	8499827	14843	13663	11.8996301509	0.00174573375508	0.00160486474994	0.000140869005135
GNCT	123674	7222183	7244607	26815	25955	4.36138217521	0.0036991319352	0.00356987534114	0.000129256594064
ATGN	159357	9428612	9417514	29657	28443	5.98072475763	0.00313556317758	0.00301112952346	0.000124433654119
NGAT	180135	10631068	10653835	33506	32259	6.52666256206	0.00314180388265	0.0030187831026	0.000123020780049
NTTG	144162	8499647	8525770	21149	20227	5.87350701028	0.00248204510471	0.00236683911778	0.00011520598693
CTGN	213248	12428206	12396121	38192	36824	5.43702067202	0.0030635954347	0.00296180832458	0.000101787110127
ACNC	124461	7265885	7265767	12922	12220	4.99735958428	0.00177529092336	0.00167903570039	9.6255222968e-05
NNCC	607071	35288893	35347809	60225	57948	11.289447471	0.00170372001927	0.0016366829835	6.70370357615e-05
