#Sequence	Occurrence	Forward Match	Backward Match	Forward Mismatch	Backward Mismatch	Strand Bias Score	FER (Forward Error Rate)	RER (Reverse Error Rate), ERD (Error rate Difference)
GGGT	3504	215159	227280	3101	665	9223372036854775807	0.0142078255292	0.0029173704183	0.0112904551109
AGGT	10003	545433	549956	7086	1623	9223372036854775807	0.0128248983293	0.00294246155129	0.009882436778
NGGT	26293	1493111	1509733	16920	3406	9223372036854775807	0.0112050679754	0.00225094984664	0.00895411812878
CGGT	1410	76732	78306	814	183	90.0809893239	0.0104969953318	0.00233153690326	0.00816545842854
TGGT	11376	655787	654191	5919	935	9223372036854775807	0.0089450601929	0.00142720636946	0.00751785382343
AAGT	21314	1180467	1190235	12564	3626	9223372036854775807	0.01053115971	0.00303720449868	0.00749395521133
NAGT	48848	2762687	2748282	22494	5960	9223372036854775807	0.00807631532744	0.00216393475955	0.0059123805679
GAGT	5068	289822	283554	2198	528	214.659549274	0.00752688172043	0.00185861828627	0.00566826343416
GNGT	21686	1224043	1219655	8882	2203	9223372036854775807	0.00720400673196	0.00180299183702	0.00540101489494
ANGT	82975	4536983	4538415	32041	8534	9223372036854775807	0.0070126574078	0.00187686292501	0.00513579448279
CCGT	1733	96958	96760	609	114	74.1652800977	0.00624186456486	0.00117678634102	0.00506507822384
TAGT	17691	1025121	1007866	6131	1375	9223372036854775807	0.00594520059113	0.00136240996947	0.00458279062165
NNGT	195291	11044854	10947195	67089	16718	9223372036854775807	0.00603755796803	0.00152482056361	0.00451273740443
GCGT	1313	68956	66461	453	140	34.2535824378	0.00652653114149	0.00210207053948	0.00442446060201
CAGT	4775	267277	266627	1601	431	146.378657761	0.00595437335892	0.00161388162871	0.00434049173021
CCTG	3269	197219	190945	2988	2086	29.5023824923	0.0149245530876	0.0108065543876	0.00411799869992
GGGN	11068	617956	637995	4497	2033	219.664748767	0.00722464186051	0.00317642353147	0.00404821832904
CCCG	632	33499	33666	257	129	10.0780200343	0.00761346131058	0.00381713271194	0.00379632859864
ACGT	6144	333154	333679	1856	585	144.898487871	0.00554013313035	0.0017501136826	0.00379001944776
CNGT	15213	861799	857413	4421	1134	9223372036854775807	0.00510378425804	0.00132083625008	0.00378294800796
TNGT	75417	4422029	4331712	21745	4847	9223372036854775807	0.00489336316383	0.00111770645805	0.00377565670579
NCGT	16071	907424	906015	4542	1247	9223372036854775807	0.00498044883252	0.00137446514899	0.00360598368354
GTGT	11801	650106	642360	3130	870	272.006116441	0.00479153016674	0.001352548855	0.00343898131174
ATGT	45514	2477929	2464545	10535	2700	9223372036854775807	0.00423353522494	0.00109433801669	0.00313919720825
NGGN	78175	4425147	4486407	25859	12722	9223372036854775807	0.00580969785258	0.00282765842011	0.00298203943247
TCGT	6881	408356	409115	1624	408	159.381748979	0.0039611688375	0.00099628103916	0.00296488779834
AGGN	31518	1775794	1806947	10630	5565	9223372036854775807	0.00595043505909	0.00307032449992	0.00288011055917
NTGT	104079	5881632	5783165	23133	6105	9223372036854775807	0.00391768343025	0.00105453710053	0.00286314632971
TGGN	31165	1785380	1791790	9354	4417	9223372036854775807	0.00521191441183	0.00245907069731	0.00275284371452
CGGN	4424	246017	249675	1378	707	49.9953800955	0.00557003981487	0.0028236854087	0.00274635440618
TTTC	49409	2873340	2833955	30546	22736	225.2013689	0.0105190079776	0.0079588586935	0.00256014928408
TTGT	39469	2332765	2260540	8071	2129	9223372036854775807	0.00344791348048	0.00094092419174	0.00250698928874
TTTG	40071	2364202	2271127	21275	14755	202.542309694	0.00891855171943	0.0064548388762	0.00246371284323
AAAC	28424	1597119	1653014	14517	10934	138.321180478	0.00900761710461	0.006571118809	0.00243649829561
CTGT	7295	420832	415720	1397	406	116.645762009	0.00330863109829	0.000975666024233	0.00233296507406
CCNG	6949	400781	396778	3583	2613	31.7674037171	0.00886082836256	0.00654246089672	0.00231836746585
CCGN	4424	249396	248794	1001	445	47.0946553609	0.00399765172905	0.00178543486373	0.00221221686533
GGNT	25393	1502687	1531890	5984	2893	247.580105673	0.00396640486892	0.0018849570265	0.00208144784242
AGNT	56423	3253802	3218294	13158	6768	9223372036854775807	0.00402759752186	0.00209856430667	0.00192903321518
AAGN	88814	5084937	5084681	19353	10427	9223372036854775807	0.00379151654785	0.00204647281275	0.0017450437351
GNGN	64479	3650306	3625842	14434	8073	9223372036854775807	0.00393861501771	0.00222157095034	0.00171704406737
TTNC	99028	5687723	5643005	41233	31681	255.549752635	0.00719729737844	0.00558286396816	0.00161443341028
TNGN	182458	10649620	10495572	36900	19569	9223372036854775807	0.00345294820016	0.00186103067947	0.00159191752069
TAGN	52140	3020925	2987689	9650	4773	9223372036854775807	0.00318421421677	0.00159500772274	0.00158920649404
NAGN	181287	10425500	10392695	35524	19093	9223372036854775807	0.00339584346618	0.00183378685774	0.00156205660844
CTGG	2550	142899	144067	470	257	14.7723025415	0.00327825401586	0.0017807156121	0.00149753840377
ANGN	254831	14585348	14605451	50839	29182	9223372036854775807	0.00347351396918	0.00199403702163	0.00147947694755
ANAC	80130	4385429	4447370	28705	22611	176.740821459	0.00650297430934	0.00505841076282	0.00144456354652
NGNT	192983	11413999	11275864	35240	18471	9223372036854775807	0.00307793382599	0.00163542165165	0.00144251217434
GAGN	21336	1225367	1208275	3843	2172	96.8426475616	0.00312639825579	0.00179437844036	0.00133201981543
NCGN	39554	2260460	2261089	6945	3924	183.517738879	0.00306297286987	0.00173244038776	0.00133053248211
TCGN	15425	910145	913021	2562	1375	79.6045776218	0.00280703445903	0.00150372486319	0.00130330959584
AGAC	6190	352851	350940	1543	1075	18.5337108711	0.0043539111836	0.0030538471372	0.0013000640464
TTNG	75074	4409717	4304305	27284	21146	138.92524394	0.00614919852396	0.00488873876967	0.00126045975429
TNTC	100841	5927412	5911025	39784	32240	167.566032217	0.00666711802327	0.00542462770884	0.00124249031443
CGNT	14521	853878	845152	2176	1109	73.980509536	0.00254189572153	0.00131047041043	0.0012314253111
TTGN	83728	4933170	4803072	15334	9004	9223372036854775807	0.00309871427809	0.00187112589244	0.00122758838565
GCGN	3634	195813	191863	680	431	11.8754610894	0.00346068307777	0.0022413595848	0.00121932349297
GTGN	28441	1611170	1587709	5414	3437	90.7673671208	0.00334903722912	0.00216007833348	0.00118895889564
CNGN	46842	2697596	2711399	7938	4779	174.952209369	0.00293398641451	0.00175945759078	0.00117452882374
AANC	65360	3761050	3838776	21048	16934	116.742064754	0.00556516515437	0.00439192781615	0.00117323733822
ACGN	16071	905106	907411	2702	1673	54.1866054868	0.0029764002961	0.00184031398639	0.00113608630971
TTAC	25996	1454411	1469589	6870	5305	48.2971929462	0.0047013544965	0.00359686865632	0.00110448584018
CGGA	1899	110238	111833	399	282	5.42739541305	0.00360638845956	0.00251527449494	0.00109111396462
NAAC	71681	4072423	4140490	26338	22211	92.5953729785	0.00642584429783	0.00533571832327	0.00109012597455
TACC	9882	551453	549369	1610	1010	30.343084028	0.00291106076523	0.00183509908627	0.00107596167896
NTGN	249594	14471763	14298073	41783	25864	9223372036854775807	0.00287889672172	0.00180564882406	0.00107324789766
TGNT	96646	5803632	5680528	13922	7701	9223372036854775807	0.00239310198066	0.00135384844738	0.00103925353328
ATGN	118428	6819511	6806412	18154	11517	9223372036854775807	0.00265499991591	0.00168922263638	0.000965777279532
NTTG	83728	4912957	4788091	31182	25819	82.5282806627	0.00630686151825	0.00536341560187	0.000943445916384
ATAC	33715	1796760	1794923	10574	8865	33.2214350322	0.0058506064734	0.00491465737659	0.000935949096815
CGAT	5346	323111	320447	817	521	14.5726795988	0.00252216541948	0.0016232147753	0.000898950644171
CAGN	18997	1094271	1112050	2678	1721	49.7023946795	0.00244131677954	0.00154520094346	0.000896115836079
CTGN	18997	1107912	1100880	2881	1906	42.8492484002	0.00259364255986	0.00172834983397	0.000865292725899
CCTA	8142	467076	466569	4129	3716	5.34123907663	0.00876264046434	0.00790159158808	0.000861048876262
NTTC	108209	6325106	6316444	44888	39620	70.611979562	0.00704678842712	0.00623341741052	0.000813371016593
GGAT	11180	654746	663681	1958	1447	19.139553868	0.00298155637852	0.00217552110271	0.000806035275816
TATT	161066	8857371	8692612	18002	10751	9223372036854775807	0.00202830912008	0.00123526963083	0.000793039489247
TNNC	215308	12385975	12368685	62891	52931	183.649161956	0.00505194609694	0.00426120079706	0.000790745299876
NNAC	195291	10895254	11026844	54698	46729	158.297783397	0.00499527303864	0.00421986652366	0.00077540651498
NTAC	77095	4214636	4244333	20559	17449	61.1163826231	0.00485432193795	0.00409429670499	0.000760025232958
NCTG	18997	1102938	1097262	5453	4611	15.2809863107	0.00491974402535	0.00418469279127	0.000735051234074
GNNT	187596	10758522	10667662	27742	20505	223.627341741	0.00257197487471	0.00191847676033	0.000653498114383
CCTN	31518	1815412	1802985	8434	7207	20.0708165348	0.0046242939371	0.00398134562522	0.000642948311882
TNAC	64627	3652281	3675326	15623	13503	37.5009564521	0.00425938083439	0.00366051123541	0.000598869598986
CNGG	6949	393591	406712	949	748	7.48265277433	0.00240533279262	0.00183576301968	0.000569569772936
NTNC	243267	13834955	13828184	73527	65574	98.8051840713	0.00528648633258	0.00471967339578	0.000566812936805
TNCC	33230	1884414	1869063	4974	3879	28.5327288009	0.00263259849221	0.00207107320996	0.000561525282255
ACAC	11801	638699	648493	2071	1737	8.32743152649	0.00323204894112	0.00267136244098	0.000560686500135
TTCC	16265	944229	932664	2620	2081	12.9151854291	0.00276707268002	0.00222627561527	0.000540797064741
ATCC	11180	660655	656262	1544	1186	10.5372208836	0.00233162538753	0.00180394495078	0.000527680436755
AATC	20797	1228740	1256946	4144	3585	12.6499235126	0.00336122457587	0.00284403953572	0.000517185040153
ANNC	187596	10592307	10685188	47657	42772	67.9733211986	0.00447905650809	0.00398696490293	0.000492091605159
NACC	26293	1507712	1507097	3555	2812	19.7420195334	0.00235233085881	0.0018623638908	0.000489966968005
AGAT	23757	1437296	1412985	4151	3391	14.8653812982	0.00287974514498	0.00239413827967	0.000485606865317
GCNT	20589	1128890	1119952	2351	1787	16.6798977082	0.00207824857833	0.00159306220074	0.000485186377588
ATNT	513524	25512112	25223763	47799	35408	9223372036854775807	0.00187007693415	0.00140178788924	0.000468289044911
ANNT	922038	48044243	48027862	146452	124741	9223372036854775807	0.00303900991675	0.00259053492913	0.000448474987619
TANT	318041	17745090	17493441	46661	38149	161.166922121	0.00262261988716	0.0021760148395	0.000446605047662
NANC	192983	11213321	11349967	45251	40719	65.5498133464	0.00401924862229	0.00357476274914	0.00044448587315
GTNT	80130	4497958	4427875	9714	7632	48.5286109502	0.00215499264365	0.00172066011845	0.000434332525204
GAGA	9379	547581	535754	969	718	7.75487779231	0.00176647525294	0.00133837367095	0.000428101581993
NGAT	76780	4716749	4647094	11342	9211	42.4505181623	0.00239885399837	0.00197817797588	0.000420676022484
ATAT	303826	13770214	13706968	29560	23690	135.892548715	0.00214206406569	0.00172533610552	0.000416727960163
NTNG	182457	10628271	10470024	46714	41862	44.0407370681	0.00437602488434	0.00398234912365	0.000393675760695
TAAC	22274	1251043	1242953	6354	5823	5.03414534173	0.00505329661197	0.00466296597628	0.000390330635685
GANT	61484	3628987	3587945	9693	8193	24.7659829153	0.00266387810964	0.00227827741872	0.000385600690924
NATT	314724	17736496	17539244	29431	22366	193.688205789	0.00165659804861	0.0012735734366	0.000383024612009
TTTN	468326	25745270	24820146	112543	98951	98.0876798075	0.00435237891155	0.00397089027744	0.000381488634105
NTCC	34947	2028875	2014650	4852	4057	15.157410132	0.00238576760794	0.00200970225	0.000376065357939
TTGA	26434	1583471	1541053	4274	3604	9.59641799835	0.00269186802667	0.00233320407055	0.000358663956119
ANCC	25393	1524100	1501599	3811	3229	9.50779318171	0.00249425522822	0.0021457601799	0.000348495048316
NNCC	78175	4482084	4456218	10811	9195	27.4008681724	0.00240624363578	0.00205916003738	0.000347083598404
NNTC	224399	13199106	13279090	63278	59137	37.121157553	0.00477123871545	0.00443364774044	0.000337590975015
GTAT	33715	1817044	1809397	2755	2135	17.4735718664	0.00151390345857	0.00117856046705	0.000335342991517
TTNN	943541	52708963	51568895	169830	148837	209.855966449	0.00321168450271	0.00287787175199	0.000333812750714
TNNT	1028427	57952357	56827371	103614	82784	9223372036854775807	0.00178472598452	0.00145464372747	0.000330082257048
NCAC	28441	1581269	1613567	4224	3786	8.12810826841	0.00266415556549	0.00234086188977	0.000323293675726
NANT	727142	40707604	40713057	139617	126688	137.709926731	0.00341802934403	0.00310207617604	0.000315953167989
NTNT	1171626	62106618	60981768	96413	75458	9223372036854775807	0.00154997270149	0.0012358569975	0.000314115703992
NGCT	18229	1012468	1003289	2104	1780	6.00588024667	0.00207378086523	0.001771022686	0.000302758179227
AGNN	181286	10438564	10402986	25433	22239	45.255575913	0.00243052439713	0.00213319136997	0.00029733302716
AANT	269116	14725874	15016009	74247	71337	28.9761278311	0.0050166481747	0.00472826698612	0.000288381188579
TNTG	111227	6300097	6180203	36498	34016	10.8999168115	0.00575987576924	0.00547389784621	0.000285977923028
TANC	71021	4120630	4118697	14779	13643	10.6255394021	0.00357376984961	0.00330151923607	0.000272250613534
GNGA	24342	1417507	1395353	3537	3105	5.46044803089	0.00248901511846	0.00222030264763	0.000268712470832
TNTT	503429	27769727	26953155	34430	26176	194.890416671	0.00123830404209	0.000970224206078	0.000268079836011
TNGA	66087	3921374	3869212	8986	7872	13.8482557594	0.00228630456243	0.0020303919131	0.000255912649334
NGGA	34947	2006458	2033379	5857	5426	5.690412882	0.00291057811526	0.00266136290621	0.000249215209043
NTAT	516529	25497048	25338867	45208	38597	105.723237773	0.0017699297979	0.00152091635319	0.000249013444714
GGNN	78175	4446708	4499240	11285	10317	12.9756775582	0.00253140819198	0.00228780787115	0.000243600320832
GNAT	86386	4860451	4854435	11804	10729	11.758615274	0.00242269749839	0.00220526995596	0.00021742754243
CGNN	39554	2264042	2266661	4870	4392	6.25714925444	0.00214640321	0.00193390466889	0.000212498541105
TGTT	40101	2355795	2295125	2756	2203	11.3358496892	0.001168514058	0.000958940125224	0.000209573932772
TGAT	36497	2301596	2249981	4416	3852	6.59853295967	0.00191499437123	0.00170908847284	0.000205905898398
TTNT	498217	27501629	26719943	33629	27315	106.572260731	0.00122130687862	0.00102122617578	0.000200080702839
NGTT	71681	4191671	4115748	4874	4074	13.455983169	0.00116143160624	0.000988877674812	0.000172553931426
CCNN	78174	4500311	4492418	14995	14190	5.26824724552	0.00332092664373	0.00314870962817	0.000172217015559
TTAA	83520	4571641	4575669	7632	6868	9.76407770933	0.00166664009767	0.00149873312534	0.000167906972334
TTAN	283278	15667018	15573594	28822	26392	21.2070997607	0.00183628273479	0.00169179639007	0.000144486344715
NNTT	943546	52937634	51751889	61489	54941	52.2157695336	0.00116018900917	0.0010604972356	9.96917735691e-05
AAAA	257870	13311940	13983554	13064	12352	16.2803886387	0.000980412463666	0.000882543795307	9.78686683591e-05
NAGA	82692	4884793	4833198	6700	6179	4.15614334516	0.00136972494901	0.00127681724321	9.29077057971e-05
ATAN	516529	25390086	25388674	56063	53729	11.6666832349	0.0022032017497	0.00211178951925	9.14122304503e-05
NTAN	929042	48331556	48247742	96792	92528	20.3073824272	0.00199866408823	0.00191409770777	8.45663804616e-05
CNNT	208521	12149868	12138186	20803	19983	4.11593664849	0.00170927305487	0.00164358629988	6.56867549931e-05
AANN	943546	51486609	52720660	160068	160902	6.76518916669	0.00309928942766	0.0030426862202	5.66032074635e-05
NAAA	468326	24916546	25902540	23121	22976	5.8758216537	0.000927077334272	0.000886231155438	4.08461788346e-05
