#Sequence	Occurrence	Forward Match	Backward Match	Forward Mismatch	Backward Mismatch	Strand Bias Score	FER (Forward Error Rate)	RER (Reverse Error Rate), ERD (Error rate Difference)
GGGT	2842	214658	221994	2812	936	217.371173028	0.0129305191521	0.00419862737182	0.00873189178025
AGGT	7856	577485	584625	6081	2075	9223372036854775807	0.0104204151715	0.00353673086756	0.00688368430398
GAGT	4059	295046	296394	2853	860	234.192154632	0.00957707142354	0.00289314862037	0.00668392280316
NGGT	21742	1596673	1626414	14457	4933	9223372036854775807	0.00897320514173	0.0030238814918	0.00594932364993
AAGT	16669	1200324	1216238	11181	4138	9223372036854775807	0.00922901680142	0.00339075825811	0.00583825854331
CGGT	1237	89929	90133	718	296	39.1705024422	0.00792083576952	0.00327328622455	0.00464754954497
GNGT	17427	1251727	1264345	9009	3187	9223372036854775807	0.00714582593025	0.00251433494381	0.00463149098644
TGGT	9807	714601	729662	4846	1626	9223372036854775807	0.00673572896961	0.00222347419895	0.00451225477066
NAGT	38403	2796360	2814412	19964	7771	9223372036854775807	0.0070886730362	0.00275354220474	0.00433513083146
TTTG	31551	2215417	2275527	27247	18423	9223372036854775807	0.0121493901895	0.00803112535147	0.00411826483806
TTTC	38465	2733131	2781423	40572	30281	9223372036854775807	0.0146273771922	0.0107696258212	0.00385775137094
ANGT	65909	4687767	4703445	28168	10609	9223372036854775807	0.00597294067878	0.0022505045551	0.00372243612368
GGGN	9438	685640	692363	4888	2615	154.936541762	0.00707864127161	0.00376270903539	0.00331593223621
NNGT	156485	11235046	11326443	56625	23218	9223372036854775807	0.00501475822312	0.00204569986716	0.00296905835596
CCCG	493	34971	36140	227	134	6.56508041894	0.00644923006989	0.00369410597122	0.00275512409867
TAGT	13831	1020161	1019335	4765	2015	242.37012461	0.00464911613131	0.00197287903265	0.00267623709866
GCGT	1118	79033	78735	432	218	15.9431001571	0.00543635562826	0.00276113637227	0.00267521925599
GTGT	9408	662990	667222	2912	1173	164.016074453	0.00437301584918	0.00175495029137	0.00261806555781
ACGT	5078	364325	363094	1795	836	76.141854582	0.00490276412105	0.00229714505537	0.00260561906569
AGGN	24828	1814327	1820852	10026	5319	9223372036854775807	0.0054956469499	0.00291265166296	0.00258299528694
NGGN	64045	4676703	4706935	24996	13958	9223372036854775807	0.00531637605895	0.00295664400782	0.00235973205113
TTNC	77375	5515239	5590059	54283	41602	9223372036854775807	0.00974643784511	0.00738716339638	0.00235927444874
CGCC	563	41060	40779	180	88	7.40413227007	0.00436469447139	0.00215332664497	0.00221136782642
ATGT	36306	2545633	2539488	9111	3560	9223372036854775807	0.00356630644793	0.00139989492923	0.00216641151869
TTNG	58880	4216962	4308571	33877	25234	9223372036854775807	0.00796948555332	0.00582259700194	0.00214688855138
TNTC	78618	5657524	5682873	51575	39535	9223372036854775807	0.0090338247769	0.00690880482482	0.00212501995208
GAGN	17331	1260687	1261646	5041	2413	202.462818592	0.00398268822369	0.00190892988381	0.00207375833988
CCGT	1427	103253	104406	483	272	14.1431595	0.00465604997301	0.00259844475439	0.00205760521862
NCGT	13300	964093	963263	4011	2033	141.119945167	0.00414314990951	0.00210608973828	0.00203706017124
TNGT	60790	4393402	4450769	16154	7458	9223372036854775807	0.0036634073816	0.00167286232845	0.00199054505315
TGGN	26038	1902897	1920249	8747	5164	208.245248777	0.0045756427452	0.00268202198697	0.00189362075823
TTCC	12818	915495	934438	5203	3562	75.1472904628	0.00565114728174	0.00379744136461	0.00185370591713
GNGN	54141	3932185	3939146	16124	9092	9223372036854775807	0.0040837735851	0.00230279937532	0.00178097420978
CGGN	3741	273839	273471	1335	860	23.1051039344	0.0048514757935	0.00313489908177	0.00171657671173
GGGA	3763	271161	267978	1351	875	21.8161245911	0.00495757984969	0.00325456662191	0.00170301322779
AAGN	68875	5010159	5008910	20751	12209	9223372036854775807	0.00412470109781	0.00243152970483	0.00169317139298
NTTG	66598	4753195	4829591	38728	31191	203.552466326	0.00808193286912	0.00641686872606	0.00166506414306
NTGT	83040	5877920	5922354	18193	8481	9223372036854775807	0.00308559215198	0.0014299841422	0.00165560800978
NTTC	84055	6054201	6124370	56576	47693	187.249478662	0.00925839709091	0.00772723804018	0.00153115905073
CCGA	1363	101183	100842	289	137	12.4552199788	0.00284807631662	0.00135671773339	0.00149135858323
CNGT	12359	902150	907884	3294	1964	75.9336268359	0.00363799417744	0.00215860231599	0.00147939186145
TCTC	7484	541801	546196	2220	1432	39.3159579481	0.00408072482496	0.00261491377358	0.00146581105138
CAGT	3844	280829	282445	1165	758	20.1319972574	0.00413129357362	0.00267652531929	0.00145476825433
ANGN	200765	14545931	14494571	51826	30799	9223372036854775807	0.00355027145609	0.00212035906831	0.00142991238778
NAGN	141869	10381993	10363276	36267	21329	9223372036854775807	0.00348109953102	0.00205390575761	0.00142719377341
TCGT	5677	417482	417028	1301	707	39.0173894909	0.00310662085137	0.0016924605312	0.00141416032017
GAGA	7484	548577	544667	1346	572	67.6806773994	0.00244761539343	0.0010490812286	0.00139853416483
AAAC	22791	1633560	1624245	16323	13917	39.4696956263	0.00989342880677	0.00849549678237	0.0013979320244
TNCC	26936	1936374	1950349	8389	5736	113.351483312	0.00431363616029	0.00293238790748	0.00138124825281
AACC	7043	533127	516852	2122	1340	34.2733867039	0.00396450997573	0.00258591410134	0.00137859587439
CCGN	3741	274111	275714	970	605	19.747738273	0.00352623409105	0.00218949836964	0.00133673572141
TACC	8141	595806	586843	1834	1060	43.4705165991	0.00306873703233	0.00180301852516	0.00126571850716
AANC	51646	3751832	3721674	25399	20450	108.23589903	0.00672423794044	0.00546481089349	0.00125942704695
NTCC	27905	2021469	2040554	7994	5512	105.187147111	0.00393897301897	0.00269395024403	0.00124502277494
TNNC	170286	12269731	12294204	79760	64501	9223372036854775807	0.00645856578218	0.00521907432858	0.0012394914536
CCTA	6213	475707	468317	2853	2223	15.7962773357	0.00596163490471	0.00472435924682	0.00123727565789
TTGA	20552	1501399	1503837	5078	3229	91.0829472452	0.00337077831258	0.00214257371608	0.0012282045965
TGGA	10634	786389	783054	2894	1927	42.2568972664	0.00366661894403	0.00245483648649	0.00121178245754
NGGA	27905	2045980	2036200	7194	4743	107.791480522	0.00350384331771	0.00232392575393	0.00117991756378
TNGN	145874	10620043	10685300	34073	21952	9223372036854775807	0.00319810672232	0.00205019924814	0.00114790747419
AATC	16207	1185341	1183549	4980	3613	47.8020721814	0.00418374539305	0.00304339256142	0.00114035283163
GGNT	20273	1501269	1529203	5186	3550	74.311106121	0.00344251902646	0.00231609398253	0.00112642504393
GTGN	24035	1744414	1746036	5434	3480	94.4868034299	0.00310541258441	0.00198912156276	0.00111629102164
ACGN	13300	965955	958786	2956	1867	52.7095337807	0.00305084780749	0.00194346970238	0.00110737810511
GNGA	20141	1483307	1466746	4385	2713	82.5899972191	0.00294751870683	0.00184625770437	0.00110126100246
TAGN	40472	2985165	2967440	8151	4928	169.392023062	0.00272306699326	0.00165793737518	0.00106512961808
AGGA	11935	871847	869090	2568	1632	45.7066194425	0.00293682061721	0.00187430660992	0.0010625140073
NCGN	33144	2425603	2414767	7346	4772	117.316967033	0.00301938100634	0.00197227653698	0.00104710446937
ATCC	8837	647937	643778	2028	1348	29.7994122058	0.00312016800905	0.00208951429643	0.00103065371261
ANCC	20273	1512099	1484619	5010	3399	61.8358460181	0.00330233358315	0.00228424656153	0.00101808702162
NACC	21742	1619701	1596720	4726	3032	76.2509330876	0.00290933356808	0.00189529377053	0.00101403979755
NNCC	64045	4686462	4679261	15987	11271	176.573642341	0.00339971789168	0.00240292572356	0.000996792168113
TCGN	12766	944093	941166	2659	1716	44.559829987	0.00280854965186	0.00181995201945	0.000988597632416
TTGT	31475	2241158	2284744	5242	3110	128.406894251	0.00233351139601	0.00135935247616	0.000974158919848
ATGN	93762	6755490	6706023	18093	11404	9223372036854775807	0.0026711121721	0.0016976738266	0.000973438345495
TNGA	51702	3805852	3787662	10645	6891	171.685223162	0.00278920696125	0.00181602417992	0.00097318278133
NTNC	191550	13735392	13797447	92178	79095	230.159420254	0.0066662472148	0.0056999070806	0.000966340134207
TCGA	4502	337925	335102	940	610	15.5544397463	0.00277396603367	0.00181703364789	0.000956932385783
AAGC	5605	399804	397028	1974	1580	9.72446235684	0.00491316099936	0.00396379400313	0.000949366996227
NNTC	176385	12836533	12878183	78419	66404	225.295980936	0.00607195442925	0.0051298662522	0.000942088177051
TTGN	66598	4787888	4856445	14516	10144	183.105538555	0.00302265282138	0.00208441682665	0.000938235994727
NTGN	199587	14412386	14439401	40284	26816	9223372036854775807	0.00278730504467	0.0018536981714	0.000933606873272
AGNT	44232	3256750	3262543	11439	8515	95.2393099898	0.00350010357418	0.00260313329816	0.000896970276025
ATAC	26404	1835412	1806119	12991	11148	25.3928947385	0.00702822923356	0.00613448656692	0.000893742666644
ANAC	63288	4471161	4425617	33166	29099	49.9068010828	0.00736314215198	0.00653217848231	0.00083096366967
TTAA	64568	4605762	4623141	11202	7452	167.896356239	0.0024262697305	0.00160929712458	0.000816972605918
NCTC	17331	1262689	1264008	3896	2915	31.9355035901	0.00307598779395	0.00230085017006	0.000775137623892
TCNC	20141	1459632	1473351	4669	3588	34.0064046579	0.00318855208048	0.00242934880858	0.000759203271898
NCGA	12766	949401	940996	2265	1539	29.7249916356	0.00238003669355	0.00163283061106	0.000747206082481
CTTA	16316	1188061	1186246	5794	4902	16.7857461449	0.00485318568838	0.00411535762139	0.000737828066992
NNGA	176385	13002693	12923944	29698	19999	9223372036854775807	0.00227878368597	0.0015450469768	0.000733736709173
GCGN	3337	241444	239101	761	584	5.40284703177	0.00314196651597	0.00243653128064	0.000705435235329
TATT	123354	8658187	8650760	19736	13634	242.235776691	0.00227427692087	0.0015735664837	0.000700710437168
NTNG	145874	10563893	10644859	55866	48816	115.985296373	0.00526057135572	0.00456494142566	0.00069562993006
CTGT	5851	428139	430900	928	638	12.9425891848	0.00216283237816	0.00147843295376	0.000684399424399
CNGN	37865	2798526	2805362	6870	5032	63.7408850426	0.00244885214066	0.00179049627917	0.000658355861491
GTGA	7670	572813	565063	1473	1082	12.7458044789	0.00256492409705	0.0019111711664	0.000653752930655
TCCC	3763	266564	270374	955	792	4.50806960005	0.00356983989922	0.00292072014928	0.000649119749941
NTGA	71560	5277410	5247868	12540	9053	119.220043251	0.00237053280277	0.00172211071842	0.000648422084345
CNGA	14546	1085943	1081745	2240	1538	28.7630777096	0.00205847729656	0.00141975827185	0.000638719024712
NAGA	64154	4729902	4698880	7699	4664	158.700078699	0.00162508408792	0.000991592722424	0.000633491365493
CCTC	3696	272957	270532	598	421	7.09424046178	0.00218603205937	0.00155377500895	0.000632257050417
AATA	123354	8668412	8664687	16814	11431	223.429227431	0.00193593120087	0.00131752472707	0.000618406473797
CTCC	3640	264939	268913	470	312	8.2258827788	0.00177085177971	0.00115888197604	0.000611969803664
NGNT	153949	11293388	11362400	29681	23002	193.88001578	0.00262128580158	0.0020203063537	0.000600979447882
TTTN	367410	25688472	26094194	144776	131646	184.363258464	0.00560425077017	0.00501970575585	0.00058454501432
CAGA	6431	478609	475018	716	435	15.333375633	0.0014937672769	0.000914916931852	0.000578850345047
NGCC	4960	355818	354431	1008	802	5.64741482144	0.00282490625683	0.00225767313285	0.000567233123986
CNCC	10366	755900	762055	1738	1324	13.7991547832	0.0022939715273	0.0017343940559	0.000559577471398
AAGA	34225	2522577	2513526	3904	2532	63.6014106059	0.00154523228158	0.00100633610195	0.000538896179631
ANGA	89996	6627591	6587791	12428	8857	126.673467723	0.00187168139127	0.00134265160124	0.000529029790036
ANNC	147149	10577908	10490190	57573	51626	60.9752762211	0.00541329536483	0.00489725868864	0.000516036676191
CNTA	64504	4642403	4595135	14666	12169	46.1473450806	0.00314919104699	0.00264124095132	0.000507950095663
TNTG	87789	6153350	6190392	44771	41854	26.2418888101	0.00722331816368	0.00671571693415	0.00050760122953
CTGA	5179	389568	389807	854	657	6.35299562246	0.00218737673594	0.00168261350598	0.00050476322996
TAGA	16014	1180139	1165669	1733	1125	27.5043280711	0.00146631784153	0.000964180480873	0.000502137360653
ACGA	5677	419537	416014	821	608	7.28347620093	0.00195309712198	0.00145935644301	0.000493740678966
CAGN	15191	1125982	1125280	2324	1779	16.5916304162	0.00205972493278	0.00157844442926	0.000481280503513
NCCC	9438	689474	687556	2259	1925	6.35548021361	0.00326571090291	0.00279195510826	0.000473755794644
CTNA	40551	3012196	2997363	9221	7760	26.7810036154	0.00305187930034	0.00258225703241	0.000469622267934
TNAA	210114	15037344	15058411	23473	16522	265.65869524	0.00155854758743	0.00109599160408	0.00046255598335
NATC	60457	4452783	4421061	14915	12767	33.9914724729	0.00333840828095	0.00287945314974	0.000458955131215
TTGG	8504	613058	628096	2479	2262	4.13241421081	0.00402737772059	0.00358843704688	0.000438940673707
CCNA	19619	1475307	1451366	4670	3959	11.2029599832	0.00315545444287	0.00272035455998	0.000435099882895
TTCA	31279	2281727	2291472	7729	6761	15.8973001574	0.00337591113347	0.00294182530666	0.000434085826815
CATA	37812	2679190	2645289	5261	4060	31.4323332909	0.0019598048167	0.00153245193442	0.000427352882283
NANC	153949	11268685	11162879	52259	47112	48.866604049	0.0046161344849	0.00420267955612	0.000413454928777
AANA	393285	27899243	27831743	41602	29966	9223372036854775807	0.00148893134764	0.00107552627156	0.00041340507608
CTGN	15192	1124594	1130897	2241	1788	12.5146563451	0.0019887561178	0.00157855008233	0.000410206035472
TTNN	736008	52013593	52669156	207742	188894	249.79974302	0.00397810588335	0.00357360893941	0.000404496943938
NCNC	54141	3927810	3924476	11711	10112	26.178582023	0.0029726964268	0.00257002766236	0.000402668764436
TTAC	20025	1434340	1434430	6791	6216	6.29832441014	0.00471227112594	0.00431473103038	0.000397540095557
AAAA	203679	14384569	14365634	17871	12365	217.441486944	0.00124083141468	0.000859994495757	0.00038083691892
TATC	25618	1874970	1844355	6994	6180	9.05012031724	0.00371633038677	0.00333957477162	0.000376755615146
NTAC	60641	4302546	4275424	22926	21179	13.6301356105	0.00530023081874	0.00492924293913	0.000370987879609
ATGA	38159	2813630	2789161	5135	4085	25.0489597596	0.00182171979573	0.00146245622477	0.000359263570961
TANC	55690	4059478	3991953	17052	15342	14.7998772838	0.00418296933912	0.00382851774077	0.000354451598349
TCAA	20552	1513202	1509119	1999	1458	19.0426223754	0.00131929691176	0.000965194094707	0.000354102817056
TGNT	77235	5636941	5665699	11271	9334	42.8335837875	0.00199549875253	0.00164474814508	0.000350750607449
CGAA	5739	427587	421388	462	315	6.31389189332	0.00107931568582	0.000746971209595	0.000332344476226
GGAA	12818	940016	930396	1068	751	12.1770875478	0.00113486150014	0.000806532158725	0.000328329341418
NAAA	367410	26130531	26088855	29796	21214	9223372036854775807	0.00113897658848	0.000812483490565	0.000326493097916
TGAA	31279	2295897	2289554	2826	2085	24.8663486057	0.00122937822434	0.000909829165938	0.000319549058407
NATT	242457	17284186	17317203	32890	27549	105.934285337	0.00189928137984	0.0015883190489	0.000310962330938
AATN	242457	17254095	17275692	40330	35013	84.1076575581	0.00233196535878	0.00202262126239	0.000309344096387
TAAA	93715	6622483	6636597	7446	5527	63.7335461512	0.00112308895012	0.000832113342057	0.000290975608066
CNNA	160754	11752293	11625202	25135	21517	53.8429431483	0.00213416715432	0.00184747309521	0.00028669405911
GANA	78618	5787683	5751055	7227	5685	39.0189021138	0.00124712894592	0.000987538085792	0.000259590860128
ATNT	400918	26680700	26646825	50901	43940	110.255115985	0.00190415082134	0.00164626229334	0.000257888528001
NGAA	84055	6181746	6149315	6673	5197	39.3196282513	0.00107830449102	0.000844421133633	0.000233883357384
GAAA	38465	2817469	2808358	2498	1855	21.181804315	0.000885825968885	0.000660092313287	0.000225733655598
CANA	87789	6327050	6249418	9408	7888	26.1382800884	0.00148474115981	0.00126060640154	0.000224134758268
NNAA	736008	52771438	52557276	72195	60230	225.591789425	0.00136620054113	0.00114467607036	0.000221524470777
ATNC	67071	4773263	4731145	25462	24191	5.58420055049	0.00530599273765	0.005087127387	0.000218865350652
NANA	916396	63527614	63141922	106414	92092	207.079159933	0.0016722813775	0.00145636808696	0.000215913290544
CAAA	31551	2306010	2278266	1981	1467	16.2691216909	0.000858322237825	0.000643496409448	0.000214825828377
CNAA	58880	4366029	4308962	4377	3399	25.0398453518	0.00100150878431	0.000788199318193	0.000213309466117
ATAT	237500	15054734	15026939	34658	31407	34.5464461265	0.00229684535997	0.00208568723285	0.000211158127125
CTAA	13086	995824	985055	1291	1075	4.4843347781	0.00129473531137	0.0010901199639	0.000204615347474
NCAA	66598	4891361	4830326	5835	4774	21.2641162618	0.00119149815527	0.000987363239643	0.000204134915627
NNAC	156484	11256582	11183266	59943	57419	9.32881218303	0.00529694407073	0.00510814065157	0.000188803419158
TTCN	84055	6105549	6176478	16290	15350	9.52116831584	0.00266096511195	0.00247907403113	0.000181891080828
AANN	736008	52370697	52423495	203021	193668	51.0352483819	0.00386164432959	0.00368070015481	0.000180944174772
GNAA	77375	5668739	5629467	6151	5102	20.7026654411	0.00108389766145	0.000905481856731	0.000178415804721
TNTN	916396	62899813	63126384	244552	234183	58.2823335793	0.00387290298984	0.00369603700043	0.000176865989413
NATA	401792	26711314	26491735	60378	55333	40.2758605457	0.00225529264269	0.00208433564113	0.000170957001558
TNTT	393285	27680636	27991412	36361	31997	72.7816796532	0.0013118665056	0.00114179541825	0.000170071087344
GGNN	64045	4709297	4728448	11580	10820	7.10047799028	0.00245293406289	0.00228305299468	0.000169881068205
ANNT	718866	49394563	49505409	166959	159235	44.6611034582	0.00336872221156	0.00320620439764	0.000162517813918
GTNT	63288	4503075	4537432	7854	7263	6.84509323539	0.00174110477021	0.00159812704703	0.000142977723185
AGNN	141869	10401612	10392162	24195	22697	11.0015043055	0.00232068366506	0.0021792901853	0.000141393479761
TTNA	210114	14925711	14976640	88590	86753	6.42975417809	0.00590037458287	0.00575919382838	0.000141180754497
CTTN	68875	5036103	5065807	13340	12728	4.67700181479	0.00264187554944	0.00250623457355	0.000135640975889
ACAA	31475	2293426	2257481	2697	2366	4.33452395697	0.00117458864355	0.00104697353405	0.000127615109504
AGAA	34219	2518246	2507977	2317	2046	4.10879782922	0.000919239074762	0.000815131972894	0.000104107101868
ANAA	389639	27699326	27560436	38194	35207	24.3043188402	0.00137697962904	0.00127581734551	0.000101162283523
GNNT	147149	10632242	10713940	25133	24305	5.30176338785	0.00235827302689	0.00226340523987	9.48677870253e-05
NATN	798468	55168467	54897090	134795	129471	18.9495522773	0.00243737882948	0.00235288191097	8.44969185064e-05
ATAN	401792	26670340	26519717	68235	66397	4.1297052305	0.00255193105841	0.00249743155393	5.44995044746e-05
NTNT	916396	63107638	63569879	94260	92639	6.98599073945	0.00149141090668	0.00145515764865	3.62532580291e-05
