#Sequence	Occurrence	Forward Match	Backward Match	Forward Mismatch	Backward Mismatch	Strand Bias Score	FER (Forward Error Rate)	RER (Reverse Error Rate), ERD (Error rate Difference)
CTNNTTTT	3076	11704	12186	124	47	8.85091148217	0.0104835982415	0.00384206654132	0.00664153170014
TNTTTTTT	25028	27689	30460	569	441	7.34255597631	0.0201358907212	0.0142713828031	0.00586450791807
TTNTTTTT	24680	28267	31089	554	428	7.2708019386	0.0192220950002	0.0135799727131	0.00564212228703
TNTNTTTT	34712	48452	51567	731	494	14.1675703187	0.014862859118	0.00948886882695	0.00537399029103
NTNTTTTT	34389	49098	52782	814	594	12.0542479857	0.0163087033178	0.0111285971223	0.00518010619554
TNNTTTTT	33149	48560	52169	756	545	11.8176777004	0.0153297104388	0.0103388094244	0.00499090101436
TNTTTTTN	34389	49197	52905	927	753	7.8346241109	0.0184941345463	0.0140333221514	0.00446081239492
TNTTTTNT	34035	47833	50642	721	537	9.06701835139	0.0148494459777	0.0104925848493	0.00435686112842
NTTNTTTT	33892	49657	53012	715	527	9.87052473399	0.0141943937108	0.00984329180597	0.00435110190482
TANNTTTT	10420	20941	21516	182	95	7.11609948016	0.00861620035033	0.00439590949054	0.00422029085979
NNTTTTTT	34022	49526	52932	827	655	7.8785682456	0.0164240462336	0.0122231138149	0.00420093241867
NNTATTTT	11191	22275	22420	160	66	9.3007502018	0.00713171383998	0.0029351596549	0.00419655418509
TTTTTTNN	34022	50010	53624	894	728	7.32566734638	0.0175624705328	0.0133941713276	0.00416829920513
NTTTTTNT	34071	50509	53807	767	591	8.38169509149	0.0149582650753	0.0108643700136	0.00409389506168
TTNNTTTT	32942	49688	52835	667	489	9.29468828769	0.0132459537285	0.00917035481209	0.00407559891644
TTNTTTTN	33892	49563	53127	851	694	6.92623668499	0.0168802316817	0.0128945950465	0.00398563663513
TTNTTTNT	33897	48505	51566	689	533	7.35138342998	0.0140057730618	0.0102305226588	0.00377525040297
TNNATTTT	10477	23214	23841	137	63	7.02949708185	0.00586698642456	0.00263554216867	0.00323144425589
