#Sequence	Occurrence	Forward Match	Backward Match	Forward Mismatch	Backward Mismatch	Strand Bias Score	FER (Forward Error Rate)	RER (Reverse Error Rate), ERD (Error rate Difference)
AGGT	10009	851819	871654	21669	7430	9223372036854775807	0.0248074386826	0.00845197956054	0.0163554591221
GGGT	3424	264921	270956	6536	2365	9223372036854775807	0.024077478201	0.00865282945694	0.015424648744
NGGT	27746	2361965	2409013	50305	19010	9223372036854775807	0.020853801606	0.00782941512498	0.013024386481
TGGT	12741	1110223	1129796	19722	8161	9223372036854775807	0.0174539468735	0.00717162423536	0.0102823226382
AAGT	22807	1962375	1983669	40157	19906	9223372036854775807	0.0200531127592	0.00993524075715	0.0101178720021
CGGT	1571	135002	136607	2378	1054	114.196921653	0.01730965206	0.0076564894923	0.00965316256768
CAGG	3494	294503	298983	5295	2768	179.360404978	0.0176618923408	0.00917312618682	0.00848876615402
NAGT	51619	4498681	4541914	77137	40795	9223372036854775807	0.0168575323581	0.00890193987879	0.00795559247936
CGGG	514	43196	43477	757	413	23.1270869984	0.0172229426888	0.00940988835726	0.00781305433152
TAGG	8488	718126	725548	12695	7138	9223372036854775807	0.0173708746738	0.00974223610114	0.00762863857269
AGGG	4547	359541	362635	6460	3672	170.862283393	0.0176502249994	0.0100243784585	0.00762584654088
GAGT	5376	471680	476725	7444	3873	251.508483366	0.0155366877885	0.00805871019022	0.00747797759833
ANGT	90676	7742349	7812218	125898	67736	9223372036854775807	0.0160007686591	0.00859598926593	0.00740477939322
CNGG	7150	612471	619826	10052	5477	9223372036854775807	0.0161471945615	0.00875895365927	0.00738824090222
AAGG	17450	1495512	1505126	27694	16588	9223372036854775807	0.0181813884662	0.0109008657343	0.00728052273187
NAGG	34106	2909499	2934896	51770	30598	9223372036854775807	0.0174823698894	0.010318011097	0.00716435879242
TNGG	26069	2239291	2263777	37334	21637	9223372036854775807	0.0163988359963	0.00946743128378	0.00693140471248
ANGG	40018	3432798	3458505	58494	34543	9223372036854775807	0.0167542560175	0.00988907109207	0.00686518492548
NGGG	11575	942919	951524	16199	9642	9223372036854775807	0.016889475539	0.0100315658273	0.00685790971165
GNGT	23061	1933516	1962148	29525	16203	9223372036854775807	0.0150404398074	0.0081901543255	0.00685028548192
AGGN	34106	2916717	2941507	45088	24882	9223372036854775807	0.0152231493971	0.0083879760881	0.00683517330897
TTGG	11678	1014275	1026646	16687	9715	9223372036854775807	0.0161858536008	0.00937414665353	0.00681170694728
GCGG	487	39188	40366	659	398	16.4351760348	0.0165382588401	0.00976351682857	0.00677474201149
NNGG	84974	7270405	7341134	121550	71754	9223372036854775807	0.0164435524837	0.00967962823666	0.00676392424709
GGGN	11575	943888	952762	15289	8839	9223372036854775807	0.0159397066443	0.00919196215478	0.00674774448956
TGGG	4269	363834	367077	5974	3533	140.420696052	0.0161543287327	0.00953293219287	0.00662139653988
NTGG	34810	3032688	3065972	47829	27976	9223372036854775807	0.0155262899052	0.00904216877595	0.00648412112929
NGGN	84974	7283778	7354588	109039	61482	9223372036854775807	0.0147493168031	0.00829037482117	0.00645894198189
TAGT	18065	1596410	1609074	23283	12962	9223372036854775807	0.0143749463633	0.00799119131758	0.00638375504571
GTGG	4329	368951	375086	5917	3571	134.192636669	0.0157842227131	0.00943069849494	0.00635352421812
ATGG	16083	1410749	1423141	21731	12704	9223372036854775807	0.0151701943483	0.00884775167236	0.0063224426759
NNGT	213370	18386613	18572876	265917	149741	9223372036854775807	0.0142563502109	0.00799786696486	0.00625848324608
CTGG	2720	238713	241099	3494	1986	93.6340288647	0.01442567721	0.00816998169365	0.00625569551634
TGGN	34810	3037605	3071091	43183	24498	9223372036854775807	0.0140168684116	0.00791384127544	0.00610302713615
ACGG	1938	166996	167603	2609	1579	56.326150865	0.0153828012146	0.00933314418792	0.00604965702667
GCGT	1396	118045	118937	1648	940	43.8835757277	0.0137685578939	0.00784137073834	0.00592718715561
CGGN	4480	385568	389228	5479	3263	126.522132581	0.0140111035246	0.00831356642573	0.00569753709891
NCGG	4480	385299	388742	5752	3538	118.843049479	0.014709078867	0.00901906801264	0.00569001085431
GNGG	11736	985845	999026	15670	10097	276.051459993	0.0156462958618	0.0100057178362	0.00564057802559
GGGG	2244	176348	178335	3008	2024	44.7574252688	0.0167711144316	0.0112220626639	0.00554905176772
ACGT	6370	543366	545309	8141	5124	150.947762541	0.0147613720225	0.00930903488708	0.0054523371354
CCGG	422	36059	36267	506	310	11.1908655847	0.013838370026	0.00847527134538	0.0053630986806
TNGT	82670	7228107	7307727	92425	53847	9223372036854775807	0.012625448533	0.00731460418655	0.00531084434643
TCGG	1633	143056	144506	1978	1251	37.8549273922	0.0136381813919	0.00858277818561	0.00505540320634
TTTG	45528	3929382	3977081	66902	47504	9223372036854775807	0.0167410524377	0.0118034530268	0.00493759941088
GAGG	4674	401358	405239	6086	4104	88.1219190058	0.0149370220202	0.0100258218658	0.00491120015443
AAAG	47833	4102156	4106464	80221	59624	9223372036854775807	0.0191807194808	0.0143117476155	0.0048689718653
TTNG	83490	7262730	7339865	114683	79460	9223372036854775807	0.0155451511255	0.0107098691593	0.00483528196621
CAGT	5371	468216	472446	6253	4054	106.411727039	0.0131789431976	0.00850786988458	0.00467107331298
ATGT	51488	4384789	4411586	55931	35276	9223372036854775807	0.0125950296348	0.00793278496162	0.00466224467321
GTGT	12865	1078870	1095530	13897	9025	240.378423399	0.0127172581163	0.00817071128192	0.0045465468344
NCGT	17194	1488603	1496999	19315	12486	9223372036854775807	0.0128090519511	0.0082716953133	0.0045373566378
ATAG	25326	2226580	2229323	34113	24044	9223372036854775807	0.015089620749	0.0106702547787	0.0044193659703
ATNG	75606	6656061	6685598	97414	68464	9223372036854775807	0.0144242778718	0.0101367147651	0.00428756310663
NTNG	202815	17753417	17885643	262092	185593	9223372036854775807	0.0145481318346	0.0102700778187	0.00427805401594
AAGN	98589	8600675	8610181	111202	73809	9223372036854775807	0.0127644134553	0.00849943401593	0.0042649794394
AANG	120810	10519159	10533883	171151	125225	9223372036854775807	0.0160099192633	0.0117481687961	0.00426175046722
ANAG	90300	7833210	7842959	133357	99437	9223372036854775807	0.0167395818048	0.01251977363	0.00421980817479
NTGT	116807	10037364	10124950	119160	77450	9223372036854775807	0.011732360402	0.00759135105465	0.00414100934739
TTAG	18337	1614925	1628538	22303	15636	265.184543153	0.0136224154486	0.00950994237836	0.00411247307019
CNGT	16960	1482641	1490783	18069	11955	276.460356104	0.0120403009242	0.00795547859973	0.0040848223245
ANNG	236045	20605291	20657914	312438	228016	9223372036854775807	0.014936516292	0.0109172059851	0.00401931030691
NTAG	56707	4988114	5010050	71111	50824	9223372036854775807	0.0140557101137	0.0100425341552	0.00401317595854
TNGN	202815	17807232	17932534	213616	143259	9223372036854775807	0.0118538261906	0.00792546141682	0.00392836477382
GCGA	1331	114545	115215	1240	792	22.8316318265	0.0107095046854	0.00682717422225	0.00388233046316
NTTG	94691	8260507	8332026	125562	93456	9223372036854775807	0.014972688634	0.0110920657121	0.00388062292189
ANGN	283236	24719913	24772808	302965	205577	9223372036854775807	0.0121075201661	0.00823019582731	0.00387732433883
GCGN	3786	319919	322414	4039	2797	51.7819938107	0.0124676655616	0.00860057009142	0.00386709547017
CCGT	1938	167309	168072	2146	1498	26.447535537	0.0126641291198	0.00883410980716	0.00383001931267
NAGN	199805	17517337	17557878	214476	147203	9223372036854775807	0.0120955482668	0.00831416698969	0.00378138127714
GNGN	69395	5936078	5978443	74355	51840	9223372036854775807	0.0123709889121	0.00859661146915	0.00377437744297
TGGA	15238	1347496	1355912	15102	10012	230.342987155	0.0110832395175	0.00732983679912	0.00375340271833
TCGT	7490	659883	664681	7380	4924	110.699590532	0.0110601067345	0.00735358905623	0.00370651767829
TTGT	44373	3861591	3904176	42040	27800	9223372036854775807	0.0107694605356	0.00707023644091	0.00369922409467
CGGA	1941	170306	171175	1953	1321	27.9992773714	0.0113375788783	0.00765814859475	0.00367943028357
GGGA	4965	424582	425473	4867	3291	67.4534442786	0.0113331268672	0.00767555111903	0.00365757574819
TAGN	56707	5001882	5020450	58937	40975	9223372036854775807	0.0116457435052	0.00809554621475	0.0035501972904
GCCG	454	38051	37122	477	331	5.63713827427	0.0123806063123	0.00883774330494	0.00354286300735
TNNG	226069	19551142	19671593	285311	216142	9223372036854775807	0.014383166184	0.0108681053926	0.0035150607914
TTGN	94691	8293435	8360778	95375	66342	9223372036854775807	0.0113693122147	0.00787244040669	0.00349687180804
NAAG	98589	8567765	8572780	141441	110719	9223372036854775807	0.016240401249	0.0127505052975	0.00348989595152
GTNG	25418	2215369	2233619	29157	21739	246.926380138	0.0129902705516	0.00963882452365	0.00335144602791
ATTG	28445	2503771	2517728	35727	27338	250.98785757	0.0140685285045	0.0107415681951	0.00332696030936
NANG	283236	24654564	24698207	361129	277788	9223372036854775807	0.0144360981725	0.011122199536	0.00331389863646
TGCG	1651	139469	140641	1738	1277	16.9516435538	0.0123081716912	0.0089981538635	0.00331001782771
TTGA	30331	2698817	2712385	28728	19736	9223372036854775807	0.0105325485006	0.00722369177646	0.00330885672411
NNAG	199806	17469108	17502720	258086	199624	9223372036854775807	0.0145587620917	0.0112766987242	0.00328206336754
NCGN	42064	3676346	3682296	42994	30872	9223372036854775807	0.0115595777746	0.00831419424061	0.00324538353395
ACGN	17194	1493778	1491894	18198	13241	168.079835298	0.0120359053318	0.00879721752534	0.00323868780649
GAGN	23257	2038442	2045507	23639	16998	239.85885673	0.0114636621937	0.00824143456622	0.00322222762746
NGGA	39438	3456934	3468411	36825	25747	9223372036854775807	0.0105402232953	0.0073685849352	0.00317163836011
TCGN	16604	1474310	1480215	16121	11444	176.247953394	0.0108163343355	0.00767199473874	0.00314433959676
CCGA	1633	144495	144015	1610	1145	17.5216956424	0.0110194722973	0.00788784789198	0.00313162440534
CCGN	4480	388339	387773	4636	3390	42.3565522193	0.0117971881163	0.00866646385267	0.00313072426363
TNTG	125625	10797804	10874038	159799	125988	9223372036854775807	0.0145833901812	0.0114534274737	0.00312996270751
CTAG	4504	398944	400517	5098	3839	40.3253066526	0.0126175001609	0.00949410915134	0.00312339100953
GTGN	30774	2633829	2657760	31388	23206	281.289298382	0.0117769022185	0.00865583524744	0.00312106697102
NTGN	280063	24513522	24630567	274712	198043	9223372036854775807	0.0110823546365	0.0079764030286	0.00310595160788
TACG	5648	488126	486552	6557	4993	45.5693923935	0.013254953172	0.0101577678544	0.00309718531761
AGNG	22667	1946158	1953592	25266	19179	185.504382447	0.0128161166751	0.00972185823899	0.00309425843606
TTCG	7947	704148	707600	8791	6605	70.2745586429	0.0123306482041	0.00924804502909	0.00308260317504
TCGA	6150	556217	556780	5716	3978	68.72509175	0.0101720311852	0.0070939692345	0.00307806195071
GTAG	8540	747665	751672	9597	7305	70.6866458023	0.0126732887693	0.00962479758939	0.00304849117989
CTNG	18300	1619257	1626561	20838	15930	146.90549234	0.0127053615797	0.00969868328046	0.00300667829921
TNAG	57183	5011606	5028543	69114	53950	9223372036854775807	0.013603190099	0.0106148695138	0.0029883205852
TNCG	17187	1502441	1505235	19064	14567	132.362014198	0.0125296992123	0.00958480117805	0.00294489803424
ATGN	133345	11708743	11729226	128477	93645	9223372036854775807	0.0108536463798	0.00792066495524	0.00293298142457
CNGN	51465	4527760	4541544	50285	36924	9223372036854775807	0.0109839462041	0.00806470636029	0.00291923984382
TANG	91671	7860807	7881764	115681	92503	9223372036854775807	0.0145027485781	0.0116001884562	0.00290256012188
AATG	48479	4303048	4305307	55477	42810	9223372036854775807	0.0127283886177	0.00984564122815	0.00288274738956
NTCG	16604	1472108	1477595	17590	13337	130.531775584	0.0118077623787	0.00894541132661	0.00286235105208
TAAG	23014	1996713	1998412	31142	25300	131.983269993	0.0153571137976	0.0125017789093	0.00285533488833
ANTG	90003	7952373	7970852	104097	81141	9223372036854775807	0.0129209194598	0.0100771324565	0.00284378700324
TNGA	75622	6742695	6766513	67145	47812	9223372036854775807	0.00985999671064	0.00701639560778	0.00284360110286
CGNG	4175	356497	357480	4542	3521	29.4711382493	0.0125803583546	0.00975343558605	0.00282692276859
CANG	28500	2495480	2502442	32616	25483	193.787555278	0.0129014088073	0.0100805997013	0.00282080910592
NGNG	69395	5932741	5967784	76648	59935	9223372036854775807	0.0127547076749	0.00994323059851	0.00281147707643
ATCG	5751	514961	515406	5843	4378	46.6193149777	0.0112191918649	0.00842272944146	0.00279646242343
CAGN	21251	1876338	1881740	20698	15421	170.579811402	0.0109107049102	0.00812846142209	0.00278224348809
NNTG	280062	24453156	24565381	327819	259802	9223372036854775807	0.0132286562575	0.0104652602158	0.00276339604167
TGNG	30432	2603592	2619312	34588	27390	190.333724213	0.0131105534876	0.0103487283419	0.00276182514572
CNNG	58126	5089291	5103924	64964	50788	9223372036854775807	0.0126039553728	0.00985273280059	0.0027512225722
GTCG	1557	134339	136074	1534	1175	12.1447802129	0.0112899545899	0.00856108241226	0.00272887217769
CTGT	8080	712114	713658	7292	5349	66.4610984907	0.0101361400934	0.00743942687623	0.00269671321712
NNCG	42064	3673264	3676153	44727	35141	250.348302121	0.0120298838808	0.0094686651071	0.00256121877373
NGCG	3786	320084	322171	3736	2920	23.7114041619	0.0115372737941	0.0089821003965	0.00255517339758
NCGA	16604	1479895	1477030	14872	11018	123.305233127	0.0099493767256	0.00740433104308	0.00254504568252
ANCG	15720	1386910	1385598	16490	12895	95.1377550762	0.0117500356278	0.00922063964568	0.00252939598209
GTTG	10991	964414	970787	12109	9688	62.4906195599	0.01240011756	0.00988092506183	0.00251919249812
AGGA	17293	1514550	1515851	14903	11123	120.304333343	0.00974400651736	0.00728434144917	0.0024596650682
CTGN	21252	1877515	1882803	19472	14850	138.186500427	0.0102646987038	0.00782545597114	0.00243924273265
AACG	7047	618443	616986	7759	6203	37.6157402693	0.0123905704549	0.00995364167211	0.00243692878279
NACG	17194	1492786	1489395	18754	15010	88.6772695115	0.0124072138349	0.00997736646714	0.00242984736776
GNGA	26724	2343180	2346031	22388	16627	186.208468632	0.00946411179049	0.00703741294762	0.00242669884287
GGNG	12120	1026494	1037400	12252	9845	63.2073482046	0.0117949912683	0.00940085653309	0.00239413473522
AGAG	9061	794622	795713	10076	8150	45.4720630347	0.012521467681	0.010138543508	0.00238292417301
CGTG	2040	172699	173105	2119	1704	10.7735285507	0.0121211774531	0.00974778186478	0.00237339558834
GNNG	86673	7620209	7651957	89469	71375	9223372036854775807	0.0116047648164	0.00924147764203	0.00236328717434
NATG	133345	11684514	11701136	149164	121461	9223372036854775807	0.0126050413067	0.0102736310812	0.00233141022546
ACNG	16960	1483913	1484841	18607	15148	77.8971898604	0.0123838617789	0.0100987407241	0.00228512105478
ACCG	1571	136169	135972	1635	1318	8.03521528197	0.0118646773679	0.00960011654163	0.00226456082623
CNAG	18300	1622267	1624503	19984	16326	81.562612375	0.0121686636208	0.00994984852169	0.00221881509915
TGAG	8152	715953	716916	8516	6911	37.5050353014	0.0117548162861	0.00954786157466	0.00220695471148
CTGA	7680	684746	686302	6640	5122	44.1165154042	0.00960389709945	0.00740790021752	0.00219599688193
CTTG	9726	862940	866430	10824	8926	42.0170627044	0.0123877843445	0.0101969941372	0.00219079020727
CATG	13240	1163693	1166161	14086	11506	58.3108966843	0.0119597989096	0.00977016423148	0.00218963467816
GNCG	4982	426783	428618	4747	3815	23.742614643	0.0110003939471	0.00882217592089	0.00217821802622
TATG	54520	4657842	4671252	65287	55072	193.743305798	0.0138228280447	0.0116521846577	0.00217064338704
AGCG	1351	117337	117234	1253	996	7.05944091495	0.0105658149928	0.00842425780259	0.00214155719024
CNTG	28500	2497423	2502893	30502	25121	115.754429541	0.0120660225284	0.00993704939925	0.00212897312911
NGAG	23257	2037316	2041514	24491	20151	93.9282607549	0.01187841539	0.00977413886349	0.0021042765265
NNGA	252674	22498822	22489243	204137	156507	9223372036854775807	0.00899164730025	0.00691109810892	0.00208054919133
GAGA	10406	919183	918987	7953	6034	57.8998727125	0.00857802954475	0.00652309515135	0.0020549343934
GTGA	10022	884870	886356	8328	6510	49.8475130254	0.0093238005459	0.00729112767201	0.00203267287389
NCNG	51465	4525211	4533754	52313	43005	200.647388209	0.011428230633	0.00939638726881	0.00203184336417
GGTG	4669	400729	406782	4266	3488	20.4235462596	0.0105334633761	0.00850171838058	0.00203174499551
CAAG	9726	864254	864644	11112	9325	34.865051371	0.0126941188029	0.0106697148297	0.00202440397318
CNGA	20475	1831725	1831744	16949	13183	102.762406337	0.00916819298589	0.00714554017584	0.00202265281005
CTCG	1349	118660	118515	1422	1179	5.55942348904	0.0118419080295	0.00985011780039	0.00199179022912
NTGA	102975	9242976	9242565	84463	65750	9223372036854775807	0.00905532590457	0.00706357702764	0.00199174887693
TGTG	16358	1384336	1394678	18360	15669	51.2938580808	0.0130890798862	0.0111100317865	0.00197904809966
TCNG	20475	1824013	1830652	20359	16789	77.8950291467	0.0110384456064	0.00908770564256	0.00195073996386
NGTG	30774	2632422	2652575	32222	27222	100.072677884	0.0120924221022	0.0101582321347	0.00193418996742
GCNG	6879	599228	600820	6379	5214	26.9428759502	0.0105332335987	0.00860347769267	0.00192975590602
NCCG	4480	388286	386992	4647	3874	15.4903353644	0.011826443694	0.00991132510886	0.0019151185851
GNAG	34022	3002025	3006715	35631	29911	110.567589963	0.0117297679527	0.00985007702628	0.00187969092638
ACAG	8080	709852	711459	8947	7619	24.5833883649	0.012447151429	0.010595512587	0.00185163884203
GANG	42254	3779118	3780118	41681	34577	144.142118382	0.0109089747982	0.00906415847138	0.00184481632682
TCTG	9219	826244	831027	9250	7743	31.7623183991	0.011071294348	0.00923137451268	0.00183991983534
TTTA	140525	11869087	11957367	138094	116684	9223372036854775807	0.0115009509726	0.00966403073832	0.00183692023427
GNTG	35932	3205556	3217598	33421	27552	127.736624575	0.0103183813902	0.00849020846494	0.00182817292523
GACG	2459	213187	213203	2315	1930	8.35265416297	0.0107423596997	0.00897119456336	0.00177116513631
CCNG	7150	618057	617441	6968	5854	21.615834819	0.0111483540658	0.00939202143447	0.00175633263136
ACGA	7490	664638	661020	6306	5103	27.0096312889	0.00939869795393	0.00766074733946	0.00173795061447
TTNA	313087	26988009	27109737	276372	229858	9223372036854775807	0.0101367421472	0.0084075129862	0.001729229161
CGAG	1349	118530	118821	1342	1136	4.49217139305	0.01119527496	0.00947006010487	0.00172521485509
NCTG	21251	1875713	1879644	20871	17663	60.1364940921	0.011004521814	0.00930951079609	0.00169501101786
AGTG	7707	674658	678010	7477	6361	21.607249263	0.0109611733748	0.00929466619714	0.00166650717764
CCAG	2720	240539	240521	2432	2026	8.79930232129	0.0100094249931	0.00835302023938	0.00165640475373
NAGA	93654	8319017	8301237	67977	53992	9223372036854775807	0.00810504931803	0.0064620610638	0.00164298825423
NCAG	21252	1875913	1878376	21043	17930	55.5848712387	0.0110930353682	0.00945522505334	0.0016378103149
TCCG	1941	170698	170442	1978	1692	5.44528666242	0.0114549792675	0.00982955139601	0.00162542787152
AAGA	50126	4427491	4410562	35679	28277	180.13376219	0.00799409388394	0.00637035945661	0.00162373442734
TAGA	23902	2140165	2141436	17599	14086	85.7523815637	0.00815612828836	0.00653484399603	0.00162128429233
ACTG	5371	470896	469807	5416	4632	13.7116142092	0.0113706981978	0.00976310969376	0.00160758850406
ANGA	129851	11581222	11544955	97655	78885	9223372036854775807	0.00836167724003	0.00678648364052	0.00157519359951
CCTG	3494	298091	297197	3473	2985	8.45882437514	0.011516626653	0.00994396732649	0.00157265932656
TTAA	95616	8276706	8285598	72950	60093	272.235943517	0.00873688688492	0.00720048226085	0.00153640462408
GCTG	3167	280482	281613	2732	2303	9.10242763813	0.00964641578453	0.00811155412164	0.00153486166289
CNCG	4175	357130	356702	4426	3864	8.89747693341	0.012241533815	0.010716484638	0.00152504917691
TCAG	7680	684015	684677	7153	6103	19.1346413423	0.0103491481087	0.00883494021251	0.0015142078962
GAAG	18016	1604642	1603260	18966	16470	38.486646753	0.0116813910747	0.0101683613936	0.00151302968113
GGAG	4695	408211	410064	4557	3954	10.6794075151	0.0110401000078	0.00955030940684	0.00148979060092
GATG	17105	1559931	1558416	14314	12073	41.713014973	0.00909261264924	0.00768741455687	0.00140519809237
CAGA	9219	832178	830252	6746	5595	23.6378266984	0.00804125284293	0.00669380879515	0.00134744404778
GCAG	2771	241507	241719	2511	2182	5.78786833962	0.0102902244916	0.00894625278289	0.00134397170874
ATGA	54942	4974543	4957522	40767	34382	113.668532744	0.00812851050085	0.00688755232472	0.00124095817612
TTTC	57916	5002846	5043678	74376	68838	57.2804316052	0.0146489556691	0.0134646033382	0.0011843523309
TTTN	544594	44059312	44658386	448433	403354	9223372036854775807	0.0100753924963	0.00895114125642	0.00112425123988
GGNT	28011	2412502	2425034	23079	20500	36.9670755196	0.00947576779421	0.00838262727077	0.00109314052344
CGAA	7947	710020	707224	5937	5252	9.33972890292	0.00829239744845	0.00737147637254	0.000920921075913
TTNN	1087698	91260258	92074581	850693	779164	9223372036854775807	0.00923552510059	0.00839130398025	0.000844221120339
AAAC	32030	2758809	2745273	37166	34657	17.2614712491	0.0132926796556	0.0124668606763	0.000825818979228
TCAA	30331	2712760	2709482	21177	18898	28.4725735495	0.00774597220053	0.00692645452613	0.000819517674401
NTTA	323545	27848090	27985747	272506	251167	211.957832654	0.00969061964405	0.00889498760382	0.000795632040235
TTCA	46613	4143399	4154387	36600	33345	35.6808682631	0.00875598295598	0.00796254392592	0.000793439030052
TTCC	18835	1630161	1633953	18436	17192	10.8832016521	0.0111828421379	0.0104121685255	0.000770673612413
AGNT	61696	5468147	5476340	53829	49902	34.4332050554	0.0097481408829	0.00903000628637	0.000718134596532
TNAA	313087	27137746	27061251	219978	199749	199.515366417	0.0080408004701	0.00732728073071	0.000713519739383
NTNA	853044	74360066	74378088	657990	606069	9223372036854775807	0.00877108838971	0.00808262737421	0.000688461015501
TNNA	1037486	87243511	87288936	764620	706922	9223372036854775807	0.00868806087928	0.00803358267158	0.0006544782077
GGAA	18835	1636607	1638093	13002	11958	10.5275368578	0.00788186776382	0.00724704872758	0.000634819036231
GGNN	84974	7324440	7353813	68209	63878	35.5917054849	0.00922659793533	0.00861157468005	0.000615023255282
TTNC	112641	9762639	9800891	126888	121412	31.8567493492	0.0128305428561	0.0122362721638	0.000594270692263
ATAC	38291	3258091	3246524	39985	37872	11.6879470971	0.0121237351717	0.0115308872621	0.000592847909586
TGAA	46613	4156252	4148817	32844	30367	21.0409015479	0.00784035505512	0.00726625101934	0.000574104035786
TNTA	529530	42941787	43051296	393813	372060	146.669916792	0.00908751696065	0.00856820002581	0.00051931693484
NTTC	124857	10947063	10993369	138591	133418	27.1763671195	0.0125018334507	0.0119907031563	0.000511130294426
AAAA	300622	23647074	23300417	189160	174766	82.5215706974	0.00793581737786	0.00744471299755	0.000491104380311
NGNT	213707	18903298	18956567	164891	156220	57.099293693	0.00864743893613	0.00817358556866	0.000473853367469
NTTN	1087698	91290616	92060303	837662	802066	238.459317959	0.00909234404663	0.00863714773419	0.000455196312443
TNTC	115758	10177812	10224942	126616	122749	18.0247958722	0.0122875330877	0.0118624531792	0.000425079908549
NTAA	323545	28029032	27898763	227060	214733	63.5644951849	0.00803578923795	0.00763807532155	0.000397713916399
TNTN	1354149	111564569	112367879	1010880	974292	208.725124228	0.00897957777632	0.00859602380477	0.000383553971556
ATTC	36571	3255603	3255657	37050	35817	5.2516079313	0.0112523244933	0.0108817508508	0.000370573642515
NAAA	544594	44716941	44240841	348649	329737	75.5405199116	0.00773647920731	0.00739808669297	0.000338392514332
TGNN	280063	24573696	24620961	220692	212764	35.771011621	0.00890088515191	0.00856754272668	0.000333342425239
NNAA	1087698	92163508	91484319	723185	688202	136.740746988	0.00778566850259	0.00746645521391	0.000319213288678
CTNA	57183	5044876	5042738	42985	41385	7.22658604542	0.00844854055565	0.00814004696582	0.000308493589829
GGNA	37484	3251732	3255834	26517	25608	4.39241402483	0.00808876933997	0.00780388621831	0.000284883121659
AGNN	199805	17577207	17553814	157492	152290	18.3887386088	0.00888044392521	0.008600988676	0.000279455249216
NGAA	124857	11046666	11010898	83654	80444	12.3414291109	0.00751586656987	0.00725286444147	0.000263002128402
TCNA	75622	6763673	6758927	55211	53424	6.89315939331	0.008096779473	0.0078422265676	0.000254552905407
GAAA	57916	5079125	5048019	36159	34643	5.9290305271	0.00706881572949	0.00681591654137	0.000252899188117
ANAC	89412	7658592	7616734	93982	91585	4.87644618774	0.0121226833823	0.0118813193901	0.00024136399219
ATNC	98350	8584809	8573885	97633	95438	5.55741876019	0.0112448778811	0.0110087027557	0.000236175125448
GNAA	112641	9855199	9825051	72806	70405	8.0272794447	0.00733339679019	0.0071148818205	0.000218514969687
TATA	318994	24998481	25017466	204652	199401	16.5966420647	0.00812010157626	0.00790744544118	0.00021265613508
TGNT	108278	9631371	9663860	76866	75047	6.93590764593	0.0079176064614	0.00770589553838	0.00021171092302
TGNA	119235	10410631	10411144	89115	87022	6.18318389664	0.00848734817014	0.00828925738077	0.000198090789371
CNAA	83490	7371635	7335065	56693	55068	4.21906408086	0.00763200009477	0.0074515573671	0.000180442727672
TATN	599082	49135520	49281154	414645	406990	21.7116080706	0.00836818605952	0.00819088754855	0.000177298510975
GANA	115758	10283175	10239623	71453	69322	5.93936152951	0.00690058590227	0.00672445143514	0.000176134467128
GTNN	213369	18498268	18560489	162429	159716	7.9378124904	0.00870433724957	0.00853174417695	0.000172593072621
TAAA	140525	11992028	11917354	93007	90391	5.69280563989	0.00769604721873	0.00752772481428	0.000168322404453
TANA	529530	43081198	43009128	343922	336618	15.367237336	0.00791988600147	0.00776588318494	0.000154002816528
ANAA	578468	47798928	47262952	373708	362980	13.6267435255	0.00775768218289	0.00762147814766	0.000136204035228
GNNA	240370	21165453	21130295	160136	157075	6.12149108642	0.00750910092096	0.00737878845531	0.00013031246565
NANA	1354149	112496478	111794385	859207	840917	22.413390663	0.00757974335385	0.00746583872967	0.000113904624178
AANA	583226	48201612	47660297	360121	350967	8.8935741767	0.00741573617235	0.00731009706389	0.000105639108459
ATNN	1184020	100525735	100508803	853570	843309	13.982058727	0.0084195684711	0.00832058635344	9.8982117655e-05
NNTA	1064452	89555815	89548341	741084	734422	7.2021918309	0.00820719214289	0.00813468679509	7.25053478023e-05
