#Sequence	Occurrence	Forward Match	Backward Match	Forward Mismatch	Backward Mismatch	Strand Bias Score	FER (Forward Error Rate)	RER (Reverse Error Rate), ERD (Error rate Difference)
CCCC	1251	6052	6169	79	29	5.78350388191	0.0128853368129	0.00467892868667	0.00820640812624
GGGT	2199	12481	12239	91	39	4.86562247657	0.00723830734967	0.0031764130966	0.00406189425307
TTTT	122241	330301	348287	3278	2126	68.1589887932	0.00982675767959	0.00606712650501	0.00375963117458
NCCC	6303	32702	33030	256	157	6.03616230133	0.00776746161782	0.00473076807184	0.00303669354598
AAAC	14141	59630	60515	613	445	7.05604282812	0.0101754560696	0.0072998687664	0.00287558730318
NTTT	222116	693659	715267	4608	2795	109.654944052	0.00659919486386	0.00389242154577	0.00270677331808
AAAT	65861	210706	215716	1689	1256	16.9810688882	0.00795216459898	0.00578876537065	0.00216339922833
ACCT	5502	31456	30781	135	70	4.78252543693	0.0042733689975	0.00226897021166	0.00200439878584
TNTT	240507	733415	753797	4111	2771	65.8697410575	0.00557404077958	0.00366259212655	0.00191144865303
ATTT	65861	215649	217215	802	391	32.3381436553	0.00370522658708	0.00179682545518	0.0019084011319
TTNT	238195	721361	742695	4726	3434	53.9068028964	0.0065088618857	0.00460242129712	0.00190644058858
CTTT	19873	87069	88496	295	136	14.1048197148	0.00337667689208	0.00153443451575	0.00184224237633
TTCC	7882	38249	37864	174	103	4.41035823218	0.00452853759467	0.00271288223984	0.00181565535483
AANT	127108	452828	461527	2365	1688	28.3877934565	0.00519559835059	0.00364409615405	0.00155150219654
CCTT	7874	39396	39446	95	35	6.64796227905	0.00240561140513	0.000886502368228	0.0015191090369
GTTT	14141	60640	61269	233	142	5.6703668961	0.00382764115453	0.00231228932927	0.00151535182526
NNTT	451380	1576382	1602348	6323	4005	122.327740555	0.00399505909187	0.00249322533715	0.00150183375473
TTTN	222116	688107	709535	6099	5221	22.1003942412	0.00878557661559	0.00730459065751	0.00148098595808
TNCC	16969	84970	83655	320	192	7.2442874826	0.00375190526439	0.00228988514795	0.00146202011644
TTNC	47360	208444	209053	1413	1128	7.89634372296	0.00673315638744	0.00536680289845	0.00136635348899
NTNT	562171	1692663	1719716	7682	5450	91.2311530842	0.00451790666012	0.00315911628214	0.00135879037798
ANTT	127108	459826	463060	1332	721	41.4358116615	0.00288838098873	0.00155461306091	0.00133376792782
GGNT	13596	71229	71601	216	123	6.32890286009	0.00302330463993	0.00171490714405	0.00130839749588
NCCT	16798	89988	89491	424	308	4.51053040958	0.00468964296775	0.00342988229268	0.00125976067507
AANC	32297	149085	149657	895	709	5.5491456857	0.00596746232831	0.00471516167219	0.00125230065612
AATT	42562	153090	155085	443	260	11.6785532492	0.0028853731771	0.00167369403586	0.00121167914125
GNGT	11832	56489	56372	177	108	4.20798784899	0.0031235661596	0.00191218130312	0.00121138485649
CNTT	51468	233144	234402	526	276	18.1009496841	0.00225103778833	0.00117607956434	0.00107495822399
ANNT	442412	1410745	1421641	5035	3590	56.0708783583	0.0035563434997	0.0025188899203	0.0010374535794
NTCC	17946	93481	91874	309	208	4.56417836393	0.00329459430643	0.00225885623683	0.0010357380696
ATNT	244552	629618	632662	2009	1362	28.641846968	0.00318067467034	0.00214818366497	0.00103249100536
NNCC	42059	223900	220665	800	561	9.17531082213	0.00356030262572	0.00253586829758	0.00102443432815
NAAT	149717	505110	510731	2503	2011	13.7402020716	0.0049309217849	0.00392205046593	0.00100887131898
ANAT	244552	626166	630300	2848	2233	17.9818967751	0.0045277211636	0.00353025059562	0.000997470567978
NTGG	16616	85170	86704	250	169	4.35765623669	0.00292671505502	0.00194536852647	0.000981346528553
TTAA	39424	139848	139615	402	267	6.59098357274	0.00286631016043	0.00190875166212	0.000957558498313
TNNT	496658	1694863	1717471	6909	5349	48.7589248619	0.00405988581314	0.003104793304	0.000955092509139
TTNN	451379	1567552	1588851	9064	7686	29.7927748111	0.00574902195589	0.00481416966848	0.000934852287409
GTNT	40126	164205	165826	479	338	6.31415933247	0.00290860071409	0.00203413495101	0.000874465763083
ANCT	28438	142993	143212	398	273	5.80184439717	0.00277562748011	0.0019026379064	0.000872989573705
CTNT	39298	177479	178533	468	316	7.34595141012	0.00262999657201	0.00176685360276	0.000863142969253
NTTN	451380	1570376	1592935	8804	7556	25.6849903731	0.00557504527666	0.0047210512274	0.000853994049258
TTCN	51467	234661	232530	880	678	6.02741365573	0.00373607991815	0.0029072759082	0.000828804009944
GNTT	32297	149997	151089	354	237	5.91932382217	0.00235449049225	0.00156615518814	0.000788335304111
GNNT	93559	420731	425354	1082	769	13.1250494688	0.00256511771804	0.00180464326028	0.000760474457762
NANT	349566	1256753	1267891	4170	3270	26.4028509045	0.00330710122664	0.00257245148333	0.000734649743312
NCTT	42832	202855	202948	329	188	9.13388150738	0.00161922198598	0.000925488342785	0.000693733643198
NATT	149717	510534	513915	1175	843	13.2254117401	0.00229622695712	0.00163766274638	0.00065856421074
NNCT	91125	445483	446479	1391	1131	6.71460355783	0.00311273423829	0.00252675320033	0.000585981037956
ATAT	144244	274365	274449	878	719	4.114331721	0.00318990855353	0.00261294918014	0.000576959373395
TTAN	136403	459684	460880	1495	1257	5.33055942986	0.00324169140399	0.0027199726488	0.000521718755185
NNGT	101204	455923	460984	1168	943	6.52198473934	0.00255528986569	0.0020414481076	0.000513841758093
NNAT	493884	1537449	1543890	5253	4530	13.1767770975	0.00340506462039	0.00292556283179	0.000479501788597
TNTN	562171	1697238	1716268	8319	7670	8.21995261539	0.00487758544569	0.00444911591948	0.000428469526211
CNNT	104964	488898	489235	1109	901	5.43226168761	0.00226323297422	0.00183826529779	0.000424967676428
NGNT	98484	475943	479917	953	764	5.59557449407	0.00199833926055	0.00158941168883	0.000408927571718
NTAT	247532	601690	604108	1907	1668	4.37321010858	0.00315939277366	0.00275349304033	0.000405899733324
TNCN	120656	553527	547090	1604	1369	4.13863908827	0.00288940808566	0.00249608448398	0.000393323601678
NCNT	127372	589878	586177	1330	1125	4.120047096	0.00224963126345	0.00191553919449	0.000334092068961
NTAN	449376	1357109	1354753	3724	3281	6.70418644635	0.00273655915164	0.00241599253038	0.000320566621259
