#Sequence	Occurrence	Forward Match	Backward Match	Forward Mismatch	Backward Mismatch	Strand Bias Score	FER (Forward Error Rate)	RER (Reverse Error Rate), ERD (Error rate Difference)
TTTTTTTC	2254	5758	6753	212	125	8.91290398056	0.0355108877722	0.0181738877581	0.0173370000141
TNTTTTTC	3789	11395	12473	338	195	11.9627511404	0.0288076365806	0.0153931165141	0.0134145200665
TTTTTTNC	3475	9816	11025	255	146	10.0967044672	0.0253202263926	0.013069555098	0.0122506712946
NTTTTTTC	3591	10919	12040	346	236	7.74274741916	0.0307146027519	0.0192245030955	0.0114900996564
TTTTTTTT	29477	32288	40008	986	741	23.8812521603	0.0296327462884	0.018184495325	0.0114482509634
TTTNTTTC	3435	10167	11219	238	139	8.58482700794	0.0228736184527	0.0122380700828	0.0106355483699
TTTTTNTC	3450	10416	11496	234	137	8.40974058002	0.0219718309859	0.0117768417433	0.0101949892426
TTTTTTTN	36995	49037	59246	1474	1161	26.6050485113	0.0291817623884	0.0192196268644	0.00996213552395
NNTTTTTC	6497	22695	24022	558	367	11.7256796147	0.0239969036253	0.0150477674361	0.0089491361892
TNTTTTTT	36621	49640	58448	1223	900	25.8538893678	0.0240449835834	0.0151647907259	0.00888019285746
NTTTTTTT	36995	50020	58964	1260	943	25.1111890622	0.0245709828393	0.0157410653179	0.0088299175214
TNTTTTNC	6349	20747	22063	413	240	13.0685689048	0.0195179584121	0.010760884186	0.00875707422611
TTTTNTTC	3742	11927	12804	245	151	7.0277925815	0.020128162997	0.0116557313778	0.0084724316192
NTTTTTNC	6065	20248	21533	439	281	10.4482000467	0.0212210567023	0.0128816356468	0.00833942105544
TNTNTTTC	6380	21210	22308	408	242	11.7896457293	0.0188731612545	0.0107317073171	0.00814145393744
TNTTTNTC	6115	21090	22153	378	213	12.5246883833	0.0176076020123	0.00952338370741	0.00808421830488
TTNTTTTT	36196	50784	59116	1159	858	22.9000340948	0.0223129199315	0.0143061993531	0.00800672057841
TTTTTNNC	5859	18975	20390	302	168	11.211379688	0.0156663381232	0.00817200116743	0.00749433695572
TNTTTTTN	50160	85041	96652	2025	1561	29.7117152747	0.0232582179037	0.0158940262491	0.00736419165459
TTTNTTTT	36691	52334	60204	1106	819	20.7881845534	0.0206961077844	0.0134211690674	0.00727493871703
TTTNTTNC	5784	19171	20443	301	171	10.3809064854	0.015458093673	0.00829533326865	0.00716276040431
NTTTTTTN	49704	84025	96179	2083	1690	24.7753480585	0.0241905514006	0.017267980668	0.00692257073253
TTTTNTTT	36637	52237	60426	1068	804	19.3225718147	0.0200356439358	0.0131308182264	0.00690482570948
NNTTTTTT	49704	85404	96543	1679	1226	30.4502222828	0.0192804565759	0.0125397620923	0.00674069448363
NTNTTTTT	50160	86432	96775	1614	1149	31.0131834633	0.0183313268064	0.0117335893142	0.00659773749228
TTTTTNTT	36145	51431	59618	1041	806	16.9601275691	0.0198391523098	0.013339070568	0.00650008174182
TNNTTTTC	6678	24214	25329	447	298	8.68415517497	0.0181257856535	0.0116283607133	0.00649742494015
ATNTTTTT	9877	22777	24129	317	178	11.0101120443	0.01372650905	0.00732299337639	0.00640351567358
TTTTTTNT	36158	49132	57827	1191	1019	12.8834868457	0.0236671104664	0.0173163851409	0.00635072532551
NTTTTNTC	5922	20834	22136	385	265	7.1781490561	0.0181441161223	0.0118298290255	0.00631428709685
NNNAAAAC	6555	26122	26523	424	260	9.77980073975	0.0159722745423	0.00970765037524	0.00626462416707
NAAAAATT	4139	12476	13211	113	36	10.2636294646	0.00897609023751	0.00271759643693	0.00625849380058
AAAAANTT	4064	12120	12730	107	33	9.93119981557	0.0087511245604	0.0025855989971	0.0061655255633
TTNTTTTN	49669	86641	97549	1824	1436	23.1966624813	0.0206183236308	0.014507248573	0.0061110750578
TNTNTTTT	50648	87789	96773	1488	1033	29.4791822632	0.0166672267213	0.0105617242296	0.00610550249173
TTNTTTNC	6114	20731	21985	323	206	7.88341936048	0.0153415028023	0.00928304267496	0.00605846012736
NNTTTTNC	11757	44527	46101	716	459	14.9485319464	0.0158256525871	0.00985824742268	0.00596740516446
TNTTNTTC	7202	26082	27112	396	247	9.49835073841	0.0149558123725	0.00902810775248	0.00592770462006
ANGTNTTT	2415	8388	8699	68	19	6.94222554602	0.00804162724693	0.00217939894471	0.00586222830221
NTTNTTTT	49669	87824	97576	1500	1079	26.8400418631	0.0167927992477	0.0109371040495	0.00585569519822
TNNTTTTT	48665	86537	96468	1513	1116	24.809054161	0.0171834185122	0.011436301033	0.00574711747925
TTTTTTNN	49704	84242	96738	1847	1545	19.1412248966	0.0214545412306	0.0157199108696	0.00573463036096
TTTNTNTC	5780	19663	20730	270	166	7.31253448174	0.013545377013	0.00794410413476	0.00560127287823
TTTTNTNC	6289	21686	22667	304	188	7.78087002851	0.0138244656662	0.00822577116605	0.00559869450017
TNNNNCCC	2279	11090	10961	92	29	7.56028882855	0.0082275084958	0.00263876251137	0.00558874598442
TTTNTTTN	50886	87437	97622	1673	1313	20.7345583243	0.0187745483111	0.0132713397685	0.00550320854254
TTTTTNTN	49753	86534	97860	1603	1266	20.701073132	0.0181875943134	0.0127716239937	0.00541597031969
TTTTNTTN	49708	88280	99107	1635	1284	20.8455201215	0.0181838402936	0.0127899911347	0.00539384915895
TATNTTTT	9764	21582	22095	251	136	8.70290572494	0.011496358723	0.0061175835545	0.00537877516854
NNTTTNTC	11188	43709	45037	637	410	12.9484868077	0.0143643169621	0.0090214975686	0.00534281939347
ATATNTTT	10311	20795	21017	198	87	10.3353607773	0.00943171533368	0.00412244124337	0.00530927409032
TNTTTNNC	11006	40014	41251	490	284	14.0554814827	0.0120975706103	0.00683760683761	0.0052599637727
NANNAAAC	6244	24487	24714	322	193	7.95920227637	0.0129791607884	0.00774882563135	0.00523033515707
TTNNTTTT	48061	88001	96965	1355	979	23.0395235465	0.0151640628497	0.00999550763702	0.00516855521271
NTATTTTT	8409	20192	20882	224	122	7.96836917956	0.0109717868339	0.0058084174443	0.00516336938956
TNTTNTTT	49594	87631	97179	1364	998	22.6831175438	0.0153267037474	0.0101653136682	0.00516139007923
NTTTTNNC	10718	39960	41537	525	331	11.9860134262	0.0129677658392	0.00790579917837	0.00506196666083
TNTNTTNC	11728	42119	43252	523	314	13.317036342	0.0122649031471	0.00720745535509	0.00505744779204
TTNTNTTT	48459	85933	94986	1292	943	21.4264938954	0.0148122671253	0.00983018690907	0.00498208021618
ATTNTTTT	8613	21093	22332	246	148	7.24894636153	0.0115281878251	0.00658362989324	0.00494455793187
NNNTTTTT	73935	162204	176268	2323	1635	40.6036774812	0.0141192630997	0.00919040151094	0.00492886158874
NTTTNTTT	50886	88507	97595	1401	1054	20.0618058239	0.0155825955421	0.0106843455078	0.0048982500343
NNTNTTTT	75207	162964	175675	2184	1475	43.2497320278	0.0132245016591	0.00832627716624	0.00489822449287
ANAAAATT	4196	12672	13310	96	35	7.4458686399	0.00751879699248	0.00262270513301	0.00489609185947
NNTTTTTN	73935	160013	175028	3064	2471	28.434307232	0.0187886703827	0.0139212051899	0.00486746519281
ANNTTTTT	16211	43465	45726	498	300	13.7217237346	0.0113277073903	0.00651805501238	0.00480965237792
TNTTTTNT	49865	85562	95478	1559	1277	15.4063388221	0.0178946522652	0.0131982843264	0.00469636793885
NTTTTTNT	49753	86826	96747	1631	1353	14.7959137931	0.0184383372712	0.0137920489297	0.00464628834155
TNTTTNTT	50732	88061	97446	1318	998	18.7156484993	0.0147461931774	0.0101377432855	0.00460844989185
NAAAANNC	6309	24824	25639	275	164	7.57988035178	0.0109566118172	0.00635585009495	0.00460076172225
NNTNTTTC	11683	43720	45031	677	485	8.88542460371	0.0152487780706	0.0106555936374	0.00459318443319
NAAAAANT	14272	40085	42116	592	424	8.68083651928	0.0145536789832	0.00996708979784	0.00458658918537
TNNTTTNC	11421	43511	44863	559	369	10.4909689345	0.0126843657817	0.00815794128051	0.0045264245012
ATNTNTTT	22695	51412	52454	486	256	17.2854840674	0.00936452271764	0.0048567634225	0.00450775929514
NTTTTNTT	49708	89086	98851	1349	1041	17.7667985667	0.0149167910654	0.0104212549554	0.00449553611005
NTNNTTTT	73407	164530	176733	2051	1395	39.0444036295	0.0123123285369	0.00783144704931	0.00448088148756
TTTNNTTT	48191	88139	96572	1226	907	18.4519541915	0.0137190175124	0.0093045681634	0.00441444934905
NNAAAATT	8154	27051	28336	186	69	13.5908728637	0.00682894591915	0.00242914979757	0.00439979612158
ATNNTTTT	17547	48143	50227	467	263	15.1072169978	0.00960707673318	0.00520895226778	0.00439812446541
NTTNTTNC	11110	41009	42313	530	357	9.27182164145	0.0127590938636	0.00836653386454	0.00439255999906
TNTNTTTN	78853	162647	174101	2496	1889	29.0591681419	0.0151141737767	0.0107335644071	0.0043806093696
NATNTTTT	18113	48725	50717	460	254	15.5430399139	0.00935244485107	0.00498322575582	0.00436921909525
NNNTTTTC	12412	48951	50295	775	571	8.67686318979	0.015585408036	0.0112255730744	0.00435983496169
NAAAANTT	8180	27278	28346	181	64	13.850648008	0.00659164572636	0.00225272791271	0.00433891781365
NTNTTTNC	11589	42787	43873	581	402	8.80152735817	0.0133969747279	0.00907961603614	0.00431735869177
TNTTTTNN	75207	161225	175019	2657	2108	26.0058570875	0.0162128848806	0.0119010653373	0.00431181954328
TNNNTTTT	72035	160234	171269	1953	1341	35.128548493	0.0120416556197	0.00776895892474	0.004272696695
NTNAAAAT	9208	28777	30029	333	217	7.1241083595	0.0114393679148	0.00717450241354	0.00426486550126
NTNTNTTT	78853	164295	174602	1968	1341	35.5410315725	0.0118366684109	0.00762178660134	0.00421488180955
TANNTTTT	15010	38686	39520	361	200	11.5383940178	0.00924526852255	0.00503524672709	0.00421002179546
TATTTTNN	16215	42377	42896	495	318	9.57064995331	0.0115459973876	0.00735872633869	0.00418727104889
TTTNTNTT	48699	87853	96283	1197	901	16.7113292148	0.0134418865806	0.00927107342772	0.00417081315285
ATNTTTNT	20173	49675	51386	499	300	13.044535596	0.00994539004265	0.00580427968889	0.00414111035376
NTTTTTNN	73935	160272	174840	2783	2290	22.5433696578	0.0170678605379	0.0129283577034	0.00413950283447
AAAAANNT	16211	43111	45295	464	298	10.4803498986	0.0106483075158	0.00653609106661	0.00411221644917
NTATNTTT	19754	46264	46848	375	185	15.297808236	0.00804048114239	0.00393340845789	0.0041070726845
NTTTNTNC	11645	43791	44723	524	348	9.26637260606	0.0118244386776	0.00772115107275	0.0041032876049
NTNTTTTN	75207	161086	174606	2763	2257	22.4428655514	0.0168630873548	0.0127612898119	0.00410179754293
TNNTTTTN	73407	162832	175956	2658	2132	23.7095529855	0.0160613934377	0.0119716095414	0.00408978389632
TTTNTNNC	10607	39017	40173	373	219	10.4416194405	0.00946940847931	0.00542186571598	0.00404754276333
TNTNTNTC	11841	43097	43887	478	306	9.61843950961	0.0109695926563	0.00692417351164	0.0040454191447
TTNTTTNT	49991	86342	95466	1444	1200	12.4182318489	0.0164490921104	0.0124138787164	0.00403521339395
NNTTNTTC	12909	51024	52133	657	457	9.49028457268	0.0127126023103	0.00868986499334	0.00402273731698
ANAAANTT	8080	26111	27039	159	55	12.4838993822	0.00605253140464	0.002029969735	0.00402256166965
ANAAAANT	14828	41101	43098	538	389	7.55295069772	0.0129205792646	0.0089452020144	0.00397537725024
TATNTTTN	19754	45956	46557	515	334	9.63197587028	0.0110821802845	0.00712290204943	0.00395927823504
ATANNTTT	15141	36909	37351	268	123	12.8020974147	0.00720875810313	0.00328227571116	0.00392648239197
AAAAATNT	5959	15608	16323	93	33	7.41417628229	0.00592318960576	0.00201760821717	0.00390558138859
NTANTTTT	13685	37836	39018	323	179	10.6972436629	0.0084645824052	0.00456667602112	0.00389790638408
NNAAAANT	27658	87425	90902	1002	681	16.9508860493	0.0113313806869	0.00743587783759	0.0038955028493
NNTTNTTT	74490	161478	173365	1938	1394	29.4075523518	0.0118593038625	0.00797669934023	0.0038826045223
TNTNNTTT	73238	161060	171130	1736	1183	31.447934316	0.0106636526696	0.00686541352074	0.00379823914885
ANTNTTTT	15029	40821	42865	380	234	9.90762887345	0.00922307710978	0.00542936030998	0.00379371679979
TTTTNNNC	11151	42096	43079	394	238	9.89953729011	0.00927277006354	0.00549437865041	0.00377839141313
NNNNTTTT	122241	330301	348287	3278	2126	68.1589887932	0.00982675767959	0.00606712650501	0.00375963117458
ANGNNTTT	5549	22408	22808	131	47	9.60086020806	0.00581214783265	0.00205644279151	0.00375570504113
TNNNTTTC	11536	44984	46313	561	400	7.62723199649	0.0123174881985	0.00856292680838	0.0037545613901
TTNTTNTT	52321	98224	107257	1262	969	15.6951764874	0.012685201938	0.00895348622327	0.00373171571469
TTTTNNTT	47610	86630	95550	1139	893	13.5557319796	0.0129772470918	0.00925935526684	0.00371789182496
NTTNTTTN	74490	159530	172268	2480	2020	20.1004852886	0.0153076970557	0.0115900119343	0.00371768512147
NANAAATT	8507	27278	28345	160	61	11.1757375517	0.00583132881405	0.00214743364078	0.00368389517327
NNTTTTNT	74713	164163	176763	2305	1818	22.3297609038	0.013846505034	0.0101802543384	0.00366625069563
TNTTNTNC	12826	48338	49323	502	330	9.22858067871	0.0102784602785	0.00664612410126	0.0036323361772
TNNTNTTT	71812	158338	169261	1770	1266	27.0378881473	0.0110550378495	0.00742404428624	0.00363099356321
ANANTTTT	10894	33138	34013	260	143	8.76375614911	0.00778489729924	0.00418667291252	0.00359822438672
ANNNTTTT	31940	98630	102291	799	456	24.0106051239	0.00803588490279	0.00443808578353	0.00359779911927
TNTTTNTN	78377	165185	177732	2249	1766	22.2655046788	0.013432158343	0.00983854973314	0.00359360860984
NATTTTNT	16460	45901	47499	439	281	9.48823512097	0.00947345705654	0.00588112180829	0.00359233524825
TTTTNTNT	49188	86002	95337	1325	1117	10.6687706581	0.0151728560468	0.0115806498434	0.00359220620336
NNGTNTTT	6331	23781	24519	149	65	8.39873054072	0.00622649394066	0.00264399609502	0.00358249784564
TNTNNTTC	12361	47388	48507	498	333	8.70358749486	0.0103996992858	0.00681818181818	0.00358151746762
NNGNTTTT	6062	24855	26200	163	78	8.19820846973	0.00651530897754	0.00296826242484	0.00354704655269
NTTTNTTN	74690	162232	174527	2363	1908	19.7696459394	0.014356450682	0.0108141808598	0.00354226982217
NNTTTNNC	21331	87925	89382	874	567	16.1257133288	0.00984245318078	0.00630357202415	0.00353888115663
ANATNTTT	16433	41065	41787	299	155	11.2170983876	0.00722850788125	0.00369557960994	0.00353292827131
ANNTNTTT	36888	99530	102201	762	420	24.3508972578	0.007597814382	0.00409272955828	0.00350508482373
NTTNNTTT	72477	160977	171323	1734	1237	26.2429890031	0.0106569316149	0.00716852109411	0.00348841052084
NTNTTTNT	78377	165280	176641	2171	1696	21.2613916137	0.0129649867722	0.00951008483938	0.00345490193287
TNTNTNTT	81734	167889	176811	1766	1240	27.1779393838	0.0104093601721	0.00696429674644	0.00344506342568
TATNTNTT	24517	49656	49697	407	234	10.9260395627	0.0081297565068	0.00468646732491	0.00344328918189
TNTTNTTN	79768	177601	190270	2326	1822	22.71661518	0.0129274650275	0.00948503841909	0.00344242660839
TTNTTNNC	11446	43289	44673	408	265	8.33397461173	0.00933702542509	0.00589701366327	0.00344001176182
NNNGTTTT	6555	26117	27207	166	79	8.1828048992	0.00631586957349	0.00289525764128	0.00342061193221
TTNNTTNC	10467	40374	41665	399	267	7.32315334499	0.00978588771981	0.00636745206525	0.00341843565457
TTNTNTTN	73462	161093	172648	2093	1640	20.5342978409	0.0128258551591	0.00940971265951	0.00341614249964
TTTNTTNT	49094	87272	96087	1346	1145	9.72386698052	0.0151887878309	0.0117759585322	0.00341282929874
GNNNTTTT	7258	28245	29574	205	113	7.41739237449	0.00720562390158	0.00380637989692	0.00339924400466
TTNTTTNN	74490	159632	172505	2339	1928	17.7021444421	0.0144408566966	0.0110529544295	0.00338790226707
TNTTNNTC	12215	49370	49958	465	299	9.00008590046	0.00933079161232	0.0059494199813	0.00338137163102
ATNNNTTT	37282	102915	105062	714	370	26.1335325011	0.00688996323423	0.00350937096897	0.00338059226526
TTNNTTTN	72477	159562	170795	2155	1717	19.0047834262	0.0133257480661	0.00995293081061	0.00337281725546
NNNAGNGT	3466	18034	17607	94	32	6.91409916779	0.00518534863195	0.00181416180056	0.00337118683139
TTNNNTTT	68513	154646	164773	1577	1116	24.9257827879	0.0100945443373	0.00672739000175	0.00336715433551
TNNTTNTC	12113	48117	49142	520	363	7.51389566461	0.0106914488969	0.00733259266741	0.00335885622952
TTTNNTNC	10896	41753	42657	373	236	8.06101493118	0.00885438921331	0.00550206327373	0.00335232593958
NNNAAAAT	30887	95148	98590	1158	863	12.5448986122	0.0120241729487	0.00867746573758	0.00334670721114
NANNTTTT	31254	96451	99999	742	431	21.2757156132	0.00763429465085	0.00429154635069	0.00334274830016
NTTTTNTN	74713	163963	177350	2309	1894	18.1758701539	0.0138868841416	0.0105666019504	0.00332028219123
NNNTNTTT	126362	325984	341253	2967	1957	56.4044429059	0.00901958042383	0.00570204830862	0.00331753211522
NNTTTNTT	74690	163342	175144	1837	1379	22.7901847038	0.0111212684421	0.00781201316542	0.00330925527669
AAANANTT	9304	29540	30100	157	60	10.5126470595	0.00528672929926	0.00198938992042	0.00329733937883
AAAANTNT	10894	32560	33991	173	68	11.6585231415	0.00528518620353	0.00199653542382	0.0032886507797
NTATTTNT	19400	44707	45198	346	200	9.56467931593	0.0076798437396	0.00440548041764	0.00327436332196
ANNTTTNT	33214	95434	98398	778	476	18.698020519	0.00808630940007	0.00481420798188	0.0032721014182
AANAANTT	8651	28842	29789	152	59	10.2598869323	0.00524246395806	0.00197668185473	0.00326578210333
NNTATTTT	16215	42748	43314	293	154	10.5294931491	0.00680746265189	0.00354283610932	0.00326462654257
TTTTTNNT	47764	84642	94192	1353	1190	8.36457636349	0.0157334728763	0.0124761485396	0.00325732433677
TATNNTTT	17115	43316	43838	319	179	9.65028480407	0.00731064512433	0.00406661062771	0.00324403449661
TATNTTNT	20728	46230	46909	374	227	9.01337941386	0.00802506222642	0.00481585200272	0.0032092102237
TTTTTNNN	73935	161253	176018	2186	1808	17.4344040422	0.0133750206499	0.0101672421356	0.00320777851434
ANATTTNT	13669	35779	36479	251	138	8.31853461256	0.00696641687483	0.00376874129503	0.0031976755798
NNATTTTT	15719	45334	46883	402	264	7.97738034536	0.0087895749519	0.00559950792203	0.00319006702987
NTTNTNTT	73462	162073	172822	1666	1218	22.855491388	0.0101747292948	0.00699839117444	0.00317633812035
ANNTATTT	14720	33028	33192	191	86	9.46088142976	0.0057497215449	0.00258428992127	0.00316543162363
NNNTTTNC	23066	95546	96973	1023	726	12.7169899398	0.0105934616699	0.00743098701113	0.00316247465877
ANANATTT	12728	32914	33230	178	74	10.2445745906	0.00537894355131	0.00222195532068	0.00315698823063
NTANNTTT	30715	85624	87091	544	276	20.8648625238	0.00631324853774	0.00315908752733	0.00315416101041
ANAAANNT	33214	94990	98068	772	487	16.8818465157	0.00806165284768	0.00494140327736	0.00312024957033
NNTNNTTT	121133	324244	338661	2713	1763	54.0718797701	0.00829772722407	0.00517883580476	0.00311889141931
NAAAANNT	31254	95366	98859	824	543	15.6556467587	0.00856637904148	0.00546266674715	0.00310371229433
TTTNNTTN	71975	158142	169256	1909	1507	17.8780889257	0.0119274481259	0.00882509677155	0.00310235135436
ANNAAATT	7946	26359	27393	141	61	8.23427697252	0.00532075471698	0.00222189844831	0.00309885626867
NTNNNTTT	121014	318506	331721	2622	1694	52.7671228079	0.00816496848609	0.00508075521497	0.00308421327111
NNAAANTT	16811	60184	61987	302	119	19.2760582815	0.00499289091691	0.00191607896178	0.00307681195513
TNNTTTNT	74104	160642	171632	2010	1610	17.0195211633	0.0123576715933	0.00929335842348	0.00306431316986
NNATATTT	15463	38425	38590	201	83	11.4858397688	0.00520374877026	0.00214620019135	0.00305754857891
NNTTTTNN	122241	327128	344763	4257	3409	31.9668563392	0.012846085369	0.00979113771354	0.00305494765544
AAAANNTT	9760	31964	33064	165	69	9.974380941	0.00513554732485	0.00208251592068	0.00305303140416
AANTNTAT	11550	25341	26080	126	50	8.26733139742	0.00494757922017	0.0019135093762	0.00303406984397
ANAANTTT	7502	25430	26155	139	63	7.33743432593	0.00543627048379	0.00240292928522	0.00303334119857
NANATTTT	11886	35224	35940	207	102	8.92017001031	0.0058423414524	0.00283003162977	0.00301230982264
ANANNTTT	28268	84528	86047	496	244	20.4651065134	0.00583364697027	0.0028276413531	0.00300600561717
NTNTTNTT	79768	178683	190515	1785	1322	22.9803673632	0.00989095019616	0.00689126706527	0.00299968313089
ATTNNTTT	16337	42678	43899	320	196	7.9682336612	0.00744220661426	0.00444494840685	0.00299725820741
NTANATTT	12494	30110	29973	159	68	8.51272695133	0.00525289900558	0.00226357311674	0.00298932588884
NNGNNTTT	14028	59869	61270	371	195	13.5734204152	0.00615869853918	0.0031725372163	0.00298616132287
NTNTNNCC	7391	34990	34297	195	88	9.03010427364	0.00554213443229	0.00255925548931	0.00298287894297
NNNAGGNT	4851	25388	25440	112	36	9.16068779105	0.00439215686275	0.00141309467734	0.0029790621854
TTTNTNTN	77370	165420	176393	1895	1485	18.1033252881	0.0113259420853	0.00834841857903	0.00297752350626
NANAAANT	28142	85548	88404	855	618	10.8338686678	0.00989548973994	0.00694210419896	0.00295338554098
ANAAATNT	13669	35312	36371	166	63	11.4472761686	0.00467895597272	0.00172915408684	0.00294980188587
TNTNTTNT	78285	163529	173608	1916	1513	17.005740177	0.0115808879084	0.00863974052227	0.0029411473861
NATTNTTT	15801	44553	46152	341	217	7.68562471971	0.00759566979997	0.00467985076236	0.00291581903761
ATNTTNTT	19261	51137	52762	362	218	9.51864676183	0.00702926270413	0.0041147602869	0.00291450241723
TTTNTTNN	74690	162405	174682	2144	1785	14.7391205589	0.0130295535069	0.0101152056758	0.00291434783101
NCNNTTTT	11271	44353	45637	330	205	7.85638661368	0.00738535908511	0.00447188168055	0.00291347740456
NNTNTTNC	23762	95917	97111	920	644	12.1223808872	0.00950050084162	0.00658789831722	0.0029126025244
TTTTNTNN	74713	164494	177729	2108	1752	15.17689392	0.0126529093288	0.00976147893092	0.0028914303979
TNNNNTTT	113960	305576	318423	2464	1638	44.7648473565	0.00799896117387	0.00511777442425	0.00288118674962
ANNAATTT	6933	24302	24581	108	38	8.10252909835	0.00442441622286	0.00154352329502	0.00288089292784
NNNNAAAC	14140	59629	60514	613	445	7.05605142197	0.0101756249793	0.00729998851687	0.00287563646238
ANNNNTTT	70111	224953	229922	1307	670	48.564200432	0.00577654026341	0.00290556480711	0.00287097545631
NATNNTTT	33986	104443	107021	645	351	21.2937184069	0.00613771315469	0.0032690086801	0.00286870447459
TNNATTTT	14970	41913	42309	259	139	8.82363681033	0.00614151569762	0.00327459479834	0.00286692089928
NNNAAANC	14111	63103	63513	559	378	8.5908304111	0.0087807483271	0.00591632624313	0.00286442208397
NAANAATT	9172	30674	30895	160	72	8.06339228346	0.00518907699293	0.00232505570446	0.00286402128847
NNANTTTT	27658	88762	91592	634	390	15.165976724	0.0070920399123	0.00423995999217	0.00285207992013
ANNAAANT	26970	83551	86844	785	565	10.5184723306	0.00930800607095	0.00646386527703	0.00284414079392
NNATNTTT	36649	105414	107541	674	379	20.1036439398	0.00635321619787	0.00351186063751	0.00284135556036
ATNNATTT	14298	33822	33594	177	80	8.49922341148	0.00520603547163	0.00237572014017	0.00283031533146
NTTNNNCC	6562	30933	30326	177	87	6.94872745189	0.00568948891032	0.00286061881432	0.002828870096
NNTNTTTN	126362	322727	338786	3955	3175	28.4776703309	0.0121065745894	0.00928468451081	0.00282189007855
ATATNNTT	18350	43569	43903	238	115	10.245121122	0.00543292167918	0.00261256758599	0.0028203540932
ATANANTT	11550	26421	26411	125	50	7.62357121548	0.00470880735327	0.00188957333434	0.00281923401893
NNNTTTNT	125669	327713	343367	3296	2469	35.6690268546	0.00995743318158	0.00713922205901	0.00281821112256
NTNAAANT	17094	58513	60321	437	279	9.40351648394	0.00741306191688	0.00460396039604	0.00280910152084
ATTNTNTT	16349	43120	44654	299	183	7.68617089385	0.00688638614431	0.00408145058768	0.00280493555663
TTNTTNTN	79259	177468	189565	2057	1655	16.912697333	0.0114580142041	0.00865495241084	0.00280306179331
ACNNNTTT	6546	26741	27365	132	58	7.28664808479	0.00491199345068	0.00211501294534	0.00279698050534
NNANAAAT	34580	97362	100343	994	739	10.6818738445	0.0101061450242	0.00731089610415	0.00279524892004
NAAAATNT	11886	34456	35788	166	72	9.55688540768	0.00479463924672	0.00200780814278	0.00278683110394
NTGNNTTT	7169	28165	28980	143	66	7.30625337429	0.00505157552635	0.00227225779798	0.00277931772838
TNNAAANT	18322	60835	62385	474	311	9.01569655056	0.00773132818999	0.00496044404747	0.00277088414252
NNTGNTTT	7365	30229	31204	152	70	7.82745822067	0.00500312695435	0.00223828100019	0.00276484595415
AAAANNNT	31940	97859	101705	646	388	17.0644797858	0.00655804273895	0.00380045644657	0.00275758629237
NCNANTTT	5254	23249	23551	99	35	7.44266991709	0.00424019187939	0.00148393114559	0.0027562607338
NATNTTNT	39355	109553	112084	730	437	18.3102945614	0.00661933389552	0.00388371948347	0.00273561441205
TNNTTNTT	77707	173935	184674	1705	1297	18.7846637368	0.00970735595536	0.00697420565572	0.00273315029964
TNTATNTT	21860	46998	46398	306	174	8.23950677535	0.00646879756469	0.00373615047668	0.00273264708801
NNNATTTT	30887	97489	99240	559	297	19.2905170747	0.00570128916449	0.00298381506375	0.00271747410075
NATTTTNN	30887	96396	97974	919	664	10.6211721763	0.00944355957458	0.00673168555729	0.00271187401729
AAANANNT	36888	97840	101153	675	422	15.3969297211	0.0068517484647	0.00415456559193	0.00269718287277
ANANAANT	32524	89701	92093	741	509	11.5151317184	0.00819309612791	0.00549664154122	0.00269645458669
TTTTNNTN	72505	163171	175181	1826	1479	14.9919099542	0.0110668678824	0.00837201403827	0.00269485384418
NTNNTNCC	7068	33310	32844	169	78	7.68230836671	0.00504794050001	0.00236923637689	0.00267870412312
NNNTTTTN	122241	327135	345394	4377	3674	23.712458017	0.0132031419677	0.0105251698809	0.00267797208677
NNNAAANT	55528	188785	194650	1560	1080	23.145695259	0.00819564475032	0.00551780513973	0.00267783961059
TNTTNNTT	73001	161932	172331	1504	1132	17.8347401655	0.00920237891285	0.00652588736503	0.00267649154782
NANGTNTT	6417	26238	27059	114	45	7.61633363349	0.00432604735883	0.00166027154664	0.0026657758122
ANNNATTT	26653	78278	78807	359	150	19.7719729552	0.0045652809746	0.00189976822828	0.00266551274633
TANNNTTT	28140	80937	81697	527	312	13.2082843407	0.00646911519199	0.00380446048604	0.00266465470594
TANTTTNN	26624	78863	79705	699	491	9.13974589162	0.00878560116639	0.00612249987531	0.00266310129108
NNTTNTNC	24557	100835	101503	890	623	11.4092341549	0.00874907839764	0.00610030746333	0.00264877093431
AANNATTT	8700	29603	30099	131	53	8.12725135268	0.00440573081321	0.00175776067923	0.00264797013399
ANANANTT	24927	72302	72936	324	133	18.5158963398	0.00446121223804	0.00182019734771	0.00264101489033
NNTNTNTT	131888	333084	345608	2640	1815	41.0098271994	0.0078636022447	0.00522417917064	0.00263942307406
ANTNNTTT	29348	87492	90064	539	315	15.0304184897	0.00612284308937	0.00348532291793	0.00263752017143
TANNTNTT	36849	91715	92687	574	334	15.1544159959	0.00621959280088	0.00359058707174	0.00262900572914
NNNCTTTT	10864	44491	45572	230	115	9.66270052247	0.00514299769683	0.00251712741042	0.00262587028641
TGNNNTTT	7183	28511	29552	137	64	6.99339082711	0.00478218374756	0.00216099405727	0.00262118969029
TNNNTTNC	21410	88060	89107	744	516	10.3312306544	0.00837800099095	0.00575745065441	0.00262055033654
NAAANATT	9949	30968	32060	145	66	7.70025965737	0.00466043133095	0.00205441075764	0.00260602057331
ANNAANTT	17576	63288	64954	268	105	17.2001892273	0.00421675372899	0.00161391967291	0.00260283405608
NTNATTTT	14045	42216	43013	254	146	7.47974584213	0.00598069225336	0.00338284019556	0.0025978520578
ATTNTTNT	20906	55968	57650	410	271	7.81451914697	0.00727234027458	0.00467878662316	0.00259355365142
NTNTTTNN	126362	322651	337972	3803	3089	24.8880966498	0.0116494207453	0.00905703085372	0.00259238989162
TNTTNTNT	77207	161250	171960	1811	1478	13.5232039513	0.0111062731125	0.00852177723452	0.002584495878
TANNTTTN	30715	85220	86575	759	544	9.21972563888	0.00882773700555	0.00624433246479	0.00258340454076
ANANAATT	9427	28722	29031	130	56	7.21670270776	0.00450575350062	0.00192525870664	0.00258049479399
NNAAANNC	14027	59413	60995	490	344	7.13252015612	0.0081798908235	0.00560817750534	0.00257171331816
NTNNAAAT	23002	71630	73452	548	372	9.05957440091	0.00759234115659	0.00503901170351	0.00255332945307
TTNNTNTT	74718	171756	181439	1517	1135	17.7873195259	0.00875497048011	0.00621665735537	0.00253831312474
ANCNNTTT	6946	30525	31003	141	64	7.2009231943	0.00459792604187	0.00206006373322	0.00253786230865
NTTNTTNT	79259	177444	188534	1976	1612	14.3463832704	0.0110132649649	0.00847769608617	0.00253556887872
NAANAANT	29962	89585	91994	768	552	9.74278413699	0.00849999446615	0.00596460138742	0.00253539307873
TNNNTTTN	121014	316182	330080	3450	2749	25.2273993449	0.0107936627121	0.00825949661838	0.00253416609374
NTANAANT	21424	61573	62794	385	232	9.65976611663	0.00621388682656	0.00368102053121	0.00253286629535
TNNTTTNN	121133	321033	336078	3586	2886	24.9787247616	0.0110467963982	0.00851417849683	0.00253261790141
NATNTNTT	43307	112025	113351	693	412	17.0896213049	0.00614808637485	0.00362156412893	0.00252652224591
NNAAANNT	64447	210620	216292	1428	916	28.2326363577	0.00673432430393	0.00421715590586	0.00251716839807
NANTTTNT	28142	86152	88444	641	433	10.7591405465	0.00738538822255	0.00487190161684	0.00251348660571
NNTANTTT	26624	79453	80480	402	204	15.4217306346	0.00503412435039	0.00252838233107	0.00250574201932
TNTNTNNC	23258	89474	89608	669	443	10.8336064168	0.00742154132878	0.00491943454265	0.00250210678613
NCNTNTTT	12237	48009	49371	306	190	7.32586453642	0.00633343682086	0.00383365953068	0.00249977729018
NTTTNNTT	71975	159044	169304	1523	1192	14.6667708803	0.00948513704559	0.00699136636637	0.00249377067923
NATATNTT	20340	44499	44485	273	161	6.96420395396	0.00609756097561	0.00360614612731	0.0024914148483
NTTTNTNT	77370	165276	175418	1877	1547	12.639556355	0.0112292330978	0.0087418416071	0.00248739149072
ANNNAAAT	32762	92833	95279	849	631	9.02088408841	0.00906257338656	0.00657908455844	0.00248348882812
AANAANNT	32373	97215	100089	671	440	12.7537625015	0.00685491285781	0.00437684648211	0.0024780663757
TNTTTNNT	73632	157037	167754	1819	1519	11.7438117825	0.0114506219469	0.00897366975241	0.00247695219451
NNNGNTTT	14112	62650	64688	357	207	10.5034240266	0.00566603710699	0.00318976808691	0.00247626902008
TNAAANNT	18684	61587	62824	380	231	9.29796759725	0.00613229622218	0.0036634684006	0.00246882782158
NNNAAATT	17363	61618	63505	281	132	13.4519760099	0.00453965330619	0.00207426497164	0.00246538833456
NCNNNTTT	22078	93555	95416	493	267	16.4107635816	0.00524200408302	0.00279046434581	0.00245153973721
ATATNTNT	66992	68939	68168	424	251	9.97507302689	0.00611276905555	0.00366857159561	0.00244419745994
NTTNTNNC	21239	85027	86023	673	468	9.29015051381	0.00785297549592	0.00541096761513	0.00244200788079
AAANATNT	16433	40132	41408	182	86	8.83835467118	0.00451456069852	0.00207258880802	0.0024419718905
ANNANTTT	20394	70860	72161	328	157	14.5766126272	0.00460751812103	0.00217096711745	0.00243655100358
TTTNNNTT	68455	154574	164121	1356	1034	14.9184846747	0.00869620983775	0.00626078532288	0.00243542451487
NANNNTTT	64755	220703	225489	1230	703	34.6317468337	0.00554221319047	0.00310797906204	0.00243423412843
NNTCTNTT	8793	35818	36110	151	64	8.48077250512	0.00419805944007	0.00176922651628	0.00242883292379
NTTTNNNC	21133	85974	86802	675	468	9.34357135977	0.00779004951009	0.00536266758336	0.00242738192673
NANANTTT	22489	73834	74861	356	178	14.2258578436	0.00479849036258	0.00237209984142	0.00242639052117
NNANATTT	26231	79860	80564	345	152	17.4662076834	0.004301477464	0.00188314584469	0.00241833161931
NATATTNT	16986	40439	40930	199	102	7.73790711142	0.00489689453221	0.00248586469097	0.00241102984124
TNTNTTNN	131888	331524	344140	3356	2641	25.6208890747	0.0100215002389	0.00761575749536	0.00240574274353
TTNNTTNT	71932	158170	168161	1709	1405	11.927076088	0.0106893338087	0.00828585919347	0.00240347461522
TATNTTNN	39965	102437	102222	763	513	11.3190589529	0.00739341085271	0.00499342969777	0.00239998115495
CNTNNTTT	11520	46807	48014	284	175	6.93874446172	0.00603087638827	0.00363153416755	0.00239934222072
NTNTATTT	19188	42823	42853	224	121	7.38785292983	0.00520361465375	0.00281565597803	0.00238795867572
NNANNTTT	64447	213692	218414	1113	612	34.9528432973	0.00518144363492	0.00279418881777	0.00238725481716
NNAANTTT	16811	60353	61962	278	137	11.9938885323	0.00458511322591	0.00220615468848	0.00237895853743
NNTCNTTT	12654	53084	53612	221	95	11.9326507276	0.00414595253729	0.00176885694602	0.00237709559126
ATNTNTNT	94057	140713	140945	896	559	17.9303261017	0.0063272814581	0.00395041836273	0.00237686309537
NTAAANNT	20357	61090	61802	353	209	9.12518549178	0.00574516218284	0.0033703697731	0.00237479240973
TTNTNTNT	78327	161278	171207	1688	1378	12.2321599767	0.0103579887829	0.00798447141988	0.00237351736306
TTNTNNTT	74048	167978	178197	1438	1097	15.6636506334	0.00848798224489	0.00611844233494	0.00236953990995
NNAAANAT	36649	103163	106110	914	685	9.36289347249	0.00878195951075	0.0064141579662	0.00236780154455
NANAANTT	19386	67454	68860	283	125	14.7969145259	0.00417792343918	0.00181198811336	0.00236593532583
NTNTTNNC	22799	92971	93897	759	542	9.09899806312	0.0080977275152	0.00573915437478	0.00235857314042
NNTNTTNT	134780	349356	364187	3052	2313	30.166177741	0.00866041633561	0.00631105047749	0.00234936585812
NTNTNTTN	131888	331435	344009	3409	2717	23.8851329926	0.0101808603409	0.00783615881128	0.00234470152965
NAAANNTT	20405	70921	73031	305	142	14.7659973618	0.00428214416084	0.00194060650786	0.00234153765298
AANNNTTT	22428	78254	80114	388	209	13.388140972	0.00493375041327	0.00260199444742	0.00233175596585
NNATTTNT	34580	99154	100498	631	403	12.402595721	0.00632359573082	0.00399401393445	0.00232958179637
ATNNTNTT	36340	106501	108802	582	339	15.9133058807	0.00543503637365	0.00310607379445	0.0023289625792
TATNNNTT	38623	95056	95071	520	297	14.0444769016	0.00544069640914	0.00311425216005	0.00232644424909
ATANNNTT	30086	81588	82215	360	171	15.7395011267	0.00439302972617	0.00207559536815	0.00231743435802
TANNTTNT	31965	83876	84957	525	333	10.654682569	0.00622030544662	0.00390432641576	0.00231597903086
NNNTTNTT	128147	343134	359188	2652	1936	32.8050635059	0.00766948343773	0.00536103942136	0.00230844401637
NNNANTTT	55528	192262	195515	869	430	34.7694126013	0.00449953658398	0.00219449335273	0.00230504323125
NNTTNNTC	22648	98127	98408	790	563	9.18021374249	0.00798649372706	0.00568853502541	0.00229795870165
NANTNTTT	28984	88492	91113	556	361	11.0752155544	0.00624382355584	0.00394647659444	0.00229734696139
TNTNNTTN	129305	332317	345557	3024	2338	26.1997549426	0.00901768647436	0.00672041851708	0.00229726795728
NNTTNTTN	128147	341386	357357	3603	2936	22.9915765872	0.010443811252	0.00814892323748	0.00229488801448
AANTNTNT	24927	70321	72449	344	187	11.9058435395	0.00486803934055	0.00257448097362	0.00229355836693
NTANTTNT	31348	83858	84994	481	291	11.508936132	0.00570317409502	0.00341208887847	0.00229108521655
NTTTTNNT	72505	162909	173944	1901	1623	10.3265288335	0.0115344942661	0.00924433407189	0.00229016019423
NATNTTTN	36649	104481	106678	948	720	8.59718139976	0.00899183336653	0.0067040354569	0.00228779790963
TNTTNNNC	23309	95650	95919	668	448	10.3367820109	0.00693535995349	0.00464889433105	0.00228646562244
TNNTTNNC	21786	90234	91346	698	495	8.81193851964	0.00767606563146	0.00538974967607	0.00228631595539
NNANAANT	63485	202690	207105	1409	961	21.4305349817	0.00690351251109	0.00461872675017	0.00228478576092
TNTTTNNN	126362	324111	339387	3202	2565	23.1778768671	0.00978268507514	0.00750105277934	0.0022816322958
AAANNTAT	15141	35636	37037	149	70	7.54015808752	0.00416375576359	0.00188643652141	0.00227731924218
NAANANTT	20825	72345	72668	298	134	14.4737360196	0.00410225348623	0.00184060877448	0.00226164471174
NNNTATTT	34580	92232	92746	413	205	16.2826864226	0.00445787684171	0.00220546309346	0.00225241374825
NTNANTTT	22965	74766	76230	351	185	12.6655033552	0.00467271057151	0.0024209906432	0.00225171992831
TNNANTTT	24739	76634	77306	357	185	12.9757425923	0.00463690561234	0.00238737401763	0.00224953159472
TNNNTNTT	130450	338293	350020	2407	1695	33.2823166997	0.00706486645142	0.00481924285288	0.00224562359855
ATNTNNTT	40099	107091	108764	569	332	15.1820348896	0.00528515697566	0.00304319131774	0.00224196565793
ANAANNTT	22037	73804	75625	293	130	15.3179443224	0.00395427615153	0.00171605834598	0.00223821780555
NAAANANT	28984	87538	90164	711	528	7.84856207304	0.0080567485184	0.00582190270366	0.00223484581474
NANCNTTT	7700	34176	34672	125	49	8.10962370183	0.00364420862366	0.00141124967599	0.00223295894767
NNTTTNTN	125669	327734	343534	3477	2863	20.8042177239	0.0104978397457	0.00826508312716	0.0022327566185
NTTTTNNN	122241	328439	344972	3395	2783	21.3574389014	0.010231019124	0.00800276056419	0.00222825855983
NATCNNTT	6189	28367	28602	98	35	7.21785503816	0.00344282452134	0.00122219506233	0.00222062945901
NATTNTNT	34973	96611	98748	606	398	11.1681990479	0.00623347768394	0.00401428196801	0.00221919571594
ATNTTTNN	36649	104270	105979	965	742	7.88584650732	0.00916995296242	0.00695270846413	0.00221724449829
CNNNNTTT	21226	91908	94265	497	299	12.6197347245	0.00537849683459	0.00316187978512	0.00221661704947
NGNNNTTT	14269	60895	62641	263	131	11.1915506129	0.00430033683247	0.00208691773402	0.00221341909845
NTNNTNTT	127456	343718	357276	2380	1675	33.7942583797	0.00687666499084	0.00466637507626	0.00221028991458
AANAATNT	13108	38364	39039	159	75	7.54626859871	0.00412740440776	0.00191747200491	0.00220993240285
TANANNTT	26117	66262	66179	323	176	10.1224707666	0.00485094240445	0.00265239996986	0.00219854243459
TTTNNNNC	21082	86789	87204	542	351	9.84500349817	0.00620627268667	0.00400890868597	0.00219736400071
AAANNTNT	28268	82901	85380	359	181	14.7189643309	0.00431179437905	0.00211544979605	0.002196344583
AANNAANT	27577	81072	83356	608	440	7.64583630082	0.00744368266405	0.00525084729581	0.00219283536824
ANAANTNT	26720	78973	81122	319	149	15.2281352771	0.0040231044746	0.00183337229762	0.00218973217698
ATNNTTNT	42781	120988	123748	740	485	13.6395916348	0.00607912723449	0.00390395466583	0.00217517256866
NTNNTTTN	121133	321056	336170	3501	2921	18.7496142114	0.0107870112184	0.00861420680584	0.00217280441253
TNTNNNTT	123651	316454	326851	2123	1475	31.0189975796	0.00666400901509	0.00449248612659	0.0021715228885
NNCNTTTT	13314	53720	54820	297	183	7.09881184027	0.00549826906344	0.00332709124957	0.00217117781387
GNNNNTTT	16819	71222	72657	340	188	10.9450669435	0.00475112489869	0.00258082229391	0.00217030260478
NNNNAAAT	65861	210706	215716	1689	1256	16.9810688882	0.00795216459898	0.00578876537065	0.00216339922833
ANANTTNT	26720	79752	80919	409	239	11.0108366043	0.00510223175859	0.00294487296385	0.00215735879474
NNNTTNTC	23690	100569	101608	924	711	7.24591649656	0.00910407614318	0.00694885602869	0.00215522011449
NAAANTNT	22489	72151	74719	303	152	12.8478239283	0.00418196372871	0.00203015853935	0.00215180518936
ANNTTNTT	32373	98193	100810	576	373	11.4254301494	0.00583178932661	0.00368639000623	0.00214539932038
NTATNTNT	93861	131899	131400	737	451	15.5643253974	0.00555656081305	0.00342052771689	0.00213603309616
TNNNTTNT	122033	313435	326271	2615	2016	23.3380463093	0.00827400727733	0.00614096811631	0.00213303916102
AANANTNT	26201	81242	82927	330	160	14.3820178067	0.00404550581082	0.00192569234658	0.00211981346424
AANNANTT	19295	67271	68631	257	116	12.9712722794	0.00380582869328	0.00168734635693	0.00211848233635
NNTTNTNT	129109	326720	340233	2811	2202	22.7559383308	0.00853030519132	0.00643041745149	0.00209988773983
ANNTNTNT	133267	264275	266873	1440	889	30.4220577356	0.00541934027059	0.00332011263734	0.00209922763325
NTANANTT	21917	59726	59583	229	103	11.0673766174	0.00381953131515	0.00172569781858	0.00209383349657
ANTTNTNT	32524	90289	92122	577	394	9.07673539847	0.00635000990469	0.00425872281551	0.00209128708918
ANNCNTTT	8040	33701	34222	118	48	7.29183036491	0.0034891628966	0.0014006419609	0.0020885209357
ANATNTNT	87423	124923	125193	659	397	15.08091607	0.00524756732653	0.0031610797038	0.00208648762273
NTTNNTNC	22194	91265	91416	680	488	7.66613413995	0.00739572570558	0.00530988857939	0.0020858371262
NTTTNTNN	125669	328421	342872	3271	2690	19.1868447084	0.00986155831313	0.00778442074071	0.00207713757243
NNTATNTT	39965	102798	102656	520	306	12.7888468284	0.0050330048975	0.00297197024145	0.00206103465605
NTATNNTT	40341	106994	108099	483	264	15.2688721439	0.00449398475953	0.00243625591761	0.00205772884192
NTNTNTNT	191436	368231	378642	2913	2207	26.5289991362	0.00784870562369	0.00579494760391	0.00205375801979
TTTNNTNT	71272	156494	165883	1561	1309	9.30400776451	0.00987630887982	0.00782932197713	0.00204698690269
ANTNTTNT	35511	103216	106214	635	434	10.294678276	0.00611452947011	0.00406946215588	0.00204506731423
ATNTTNNT	38370	112260	113548	630	403	12.2154841975	0.00558065373372	0.00353660784021	0.00204404589351
NTTNNTTN	117536	311519	324617	2949	2399	18.5550670216	0.0093777427274	0.00733603248771	0.00204171023969
NTNTNNTT	129305	333764	346389	2243	1613	28.6441192394	0.00667545616609	0.00463503083316	0.00204042533294
NNNTTTAA	16871	56174	56268	243	128	8.50477068373	0.00430721236507	0.00226966451521	0.00203754784985
ANTNTNTT	30438	86844	89023	477	306	9.83141330402	0.00546260349744	0.00342553929855	0.00203706419889
NTNNTTNT	131468	345416	359070	2798	2172	23.6917877455	0.00803528864434	0.00601258989818	0.00202269874615
NANNTTNT	68952	219486	224086	1162	730	24.3244248659	0.00526630651535	0.00324709985054	0.00201920666481
NATTTNNT	31951	95301	96830	567	379	9.55193385851	0.00591438227563	0.00389881595326	0.00201556632237
ANNNTTNT	75912	239918	245172	1283	813	26.0736772775	0.00531921509446	0.00330507957802	0.00201413551644
NNAAATNT	26231	77993	80205	304	151	12.9115787714	0.00388265195346	0.00187913783663	0.00200351411683
NNANAATT	20454	69004	69746	278	141	10.8099762327	0.00401258624174	0.00201754260449	0.00199504363725
ATNNAANT	21315	65041	66381	351	225	7.2763040507	0.00536762906778	0.00337807404738	0.00198955502039
TNTANNTT	32509	83150	82899	392	225	10.4826600529	0.00469225060449	0.00270679948029	0.00198545112419
ANANANNT	133267	263445	266719	1435	920	26.7828540274	0.00541754756871	0.00343746613909	0.00198008142962
TATTTNNN	34580	91908	91939	614	431	7.71753475153	0.00663625948423	0.00466601710512	0.00197024237911
NNNTCTTT	9928	40863	41385	155	75	6.93116112867	0.00377882880687	0.00180897250362	0.00196985630325
NNTTNNTT	117536	313558	326205	2183	1621	24.0900650718	0.00691389461616	0.0049446962718	0.00196919834435
TNNTNTTN	127456	342369	356042	3199	2614	19.1080430695	0.00925722289101	0.00728832084226	0.00196890204875
NAANNTTT	20405	71399	73092	333	196	9.16960996134	0.00464227959628	0.00267438052614	0.00196789907013
TNNCNTTT	11517	46597	46695	177	85	7.74655683229	0.0037841535896	0.00181701581873	0.00196713777088
ANNAANNT	65704	215890	221330	1212	804	21.1043076768	0.00558262936316	0.00361943691646	0.0019631924467
ATNNNNTT	72409	221620	224620	939	509	29.9357572522	0.00421910594494	0.00226092595801	0.00195817998693
TTNNNTTN	113317	302931	315219	2603	2082	18.3528321378	0.00851951010362	0.00656159293541	0.00195791716821
NNCNNTTT	22508	95854	96922	411	225	13.0730563122	0.00426946449904	0.00231607769669	0.00195338680235
NTTNTTNN	128147	340911	356015	3406	2850	17.4556019885	0.00989204715422	0.00794170509802	0.0019503420562
NANNAATT	18348	63723	64589	240	117	10.3136721664	0.00375216922283	0.00180817853058	0.00194399069225
NNTTTNNT	119688	319526	333056	2782	2243	18.7502243782	0.00863149533986	0.00668955171355	0.00194194362632
TNTNNTNC	24505	98086	98538	677	488	7.5934806493	0.0068547937993	0.00492799870741	0.00192679509189
TNTTNTNN	134780	350376	364683	3180	2597	19.2152230422	0.00899433187388	0.00707089958615	0.00192343228773
NANGNNTT	14768	65304	66685	285	162	8.65570533041	0.00434524081782	0.0024234445824	0.00192179623542
AAANNNNT	70111	221701	228091	1054	644	25.0267917344	0.00473165585509	0.00281548516843	0.00191617068666
NNNNATTT	65861	215649	217215	802	391	32.3381436553	0.00370522658708	0.00179682545518	0.0019084011319
NAANANNT	75883	231607	235959	1253	823	22.0262803371	0.00538091557159	0.00347577096232	0.00190514460927
NNNCNTTT	26114	112763	113811	415	201	17.4215238616	0.00366679036562	0.0017629723187	0.00190381804692
NAANATNT	34351	92391	94250	359	186	13.4926548964	0.00387061994609	0.00196958786903	0.00190103207706
NNANANTT	53580	178886	179705	656	316	27.0805474635	0.00365374118591	0.00175535076463	0.00189839042127
NAAANNNT	64755	217502	223776	1184	792	20.2947438451	0.00541415545577	0.00352677140109	0.00188738405468
AAANNNAT	37282	100531	103969	597	420	8.8138639848	0.00590340954038	0.00402341242851	0.00187999711187
TNTNTNTN	191436	369498	379432	3184	2546	20.1971160947	0.00854347674425	0.00666530533172	0.00187817141253
TNANNTTT	24081	77244	78878	391	250	8.13414069601	0.00503638822696	0.00315943787281	0.00187695035415
NTTNNNTT	113317	304220	316114	1978	1456	22.7656169889	0.00645987237017	0.00458481594609	0.00187505642408
NCNNTTNT	22125	91642	93042	483	315	9.00886510016	0.00524287652646	0.00337414441338	0.00186873211308
TATNNTNT	41188	96686	97002	521	340	9.16127915569	0.00535969631817	0.00349283967866	0.00186685663951
ANNNAANT	57981	187084	191296	1136	801	15.1124353295	0.00603549038359	0.00416976839826	0.00186572198534
TATNTNNT	46895	105207	105244	607	409	9.16843366364	0.00573648099495	0.00387116314728	0.00186531784767
TTTNTNNT	71217	157672	167941	1595	1380	7.72030043925	0.0100146295215	0.00815019991614	0.00186442960536
TNNTNTNT	132494	324148	335730	2527	1983	19.5837448424	0.0077355169511	0.00587184976593	0.00186366718517
AANANNTT	23778	78942	80543	288	143	12.0147289557	0.00363498674744	0.00177230250601	0.00186268424143
NTNNATTT	31656	89606	90026	358	191	11.9936141097	0.00397936952559	0.00211711761641	0.00186225190917
ATNNANTT	23652	64683	64717	235	114	9.86435133046	0.00361995132321	0.00175841804075	0.00186153328246
ANNNANTT	50896	167557	169343	585	275	25.892475099	0.00347920210298	0.00162129019326	0.00185791190973
NNNAATTT	17363	62649	63148	219	103	10.0130425913	0.0034834892155	0.00162843275205	0.00185505646345
AAANNNTT	22428	78175	80161	292	150	11.4713007486	0.00372130959512	0.001867739164	0.00185357043112
TNNATNTT	36458	98878	98962	451	267	11.0660600107	0.00454046653042	0.00269074564895	0.00184972088147
ATANNTNT	84195	116889	116495	571	352	11.9357479198	0.00486122935467	0.00301248641386	0.00184874294082
NANAANNT	68952	219087	223428	1268	877	18.0730779808	0.00575435093372	0.00390985488509	0.00184449604863
ANANNNTT	63344	205665	208555	769	393	28.5030993013	0.00372516155284	0.00188085073798	0.00184431081486
ANNNTNTT	70047	226303	230906	1026	618	24.7322412822	0.00451328251125	0.00266926970854	0.00184401280271
NNNNCTTT	19873	87069	88496	295	136	14.1048197148	0.00337667689208	0.00153443451575	0.00184224237633
NNNAANTT	41736	158892	161567	542	252	24.9655371818	0.0033995258226	0.00155729549682	0.00184223032578
AANNANNT	69551	214725	219639	1070	688	20.8550812425	0.00495840960171	0.00312263136157	0.00183577824014
ANANATNT	87423	124598	125089	558	329	13.8671899468	0.00445843587203	0.00262322792582	0.00183520794622
TNNTNTNC	25142	103788	103940	752	560	6.89537959511	0.00719341878707	0.00535885167464	0.00183456711243
NANNATTT	23305	80313	80940	293	146	11.716136171	0.00363496513907	0.00180055743285	0.00183440770622
NANTNTAT	30325	66503	67215	295	174	7.78556674064	0.00441629988922	0.00258202377243	0.00183427611679
AANNTTNT	22037	73153	74905	340	210	8.09463373693	0.00462629093927	0.0027957132397	0.00183057769957
TANNNNTT	65302	191441	192065	867	516	20.4901087653	0.00450839278657	0.00267939204802	0.00182900073855
ACNNNNTT	13600	59703	60171	200	91	9.77964058667	0.00333873094837	0.00151007268262	0.00182865826575
NANNAANT	57773	191455	195740	1205	871	14.1814254262	0.00625454167964	0.00443006749368	0.00182447418596
TTNTTNNT	76737	172569	182589	1695	1455	8.22527458065	0.00972662167745	0.00790571819782	0.00182090347963
NANNTNTT	75883	233892	238735	1097	682	23.8317969611	0.00466830362272	0.00284858635769	0.00181971726503
TTTTNNNT	70016	155024	165652	1575	1377	7.1868561696	0.0100575354887	0.00824407737579	0.00181345811295
AANNATNT	31898	90943	92839	347	185	12.2456708933	0.00380107350203	0.00198873409013	0.0018123394119
NNTNCTTT	10908	45670	46367	162	80	6.978328344	0.00353464828068	0.00172239326544	0.00181225501523
AANNANAT	40099	104609	107115	667	487	7.81016631943	0.0063357270413	0.00452593817959	0.00180978886171
NATNNNTT	74762	228629	230819	980	569	25.4660967953	0.00426812537836	0.00245907307207	0.00180905230629
ATTNNNTT	29375	84442	86132	396	247	8.91052042551	0.00466771965393	0.00285949131155	0.00180822834238
AANNNTAT	30086	79506	81298	304	163	10.7100081532	0.0038090464854	0.00200095751341	0.00180808897199
NNATNTNT	142311	281546	282839	1348	839	27.1708685761	0.00476503566707	0.00295757866313	0.00180745700394
AANNNTNT	63344	202627	207147	816	458	24.5144045326	0.00401095147044	0.00220611256954	0.00180483890089
NAANANAT	43307	109034	112258	769	587	7.26243342012	0.00700345163611	0.00520182551287	0.00180162612324
NNNGTNTT	15537	64684	66185	239	125	9.06514327718	0.00368128398256	0.00188508520585	0.00179619877671
TNTNNTNT	129771	319336	330093	2379	1859	18.7346748251	0.00739474379497	0.00560020725888	0.00179453653609
ANNANNTT	54069	189125	192642	646	311	27.7468343807	0.00340410283974	0.00161179147253	0.0017923113672
NANTNTNT	71849	205749	209456	1041	682	18.5548133432	0.00503409255767	0.00324548629948	0.00178860625819
TATNNTTN	40341	106752	107620	689	500	7.60932077787	0.00641282192087	0.00462449130596	0.00178833061491
NANATTNT	29347	85293	86721	340	190	10.5420611938	0.00397043195964	0.00218614444662	0.00178428751302
ANNAATNT	27644	82516	84092	306	161	11.1573482769	0.00369467049818	0.00191091118417	0.00178375931401
TTNNTTNN	117536	311466	324207	2847	2376	14.6270011754	0.00905784997757	0.0072753327638	0.00178251721377
NNAANNTT	47316	170944	174584	595	295	24.2600127621	0.00346859897749	0.00168688064319	0.0017817183343
NANANNTT	62610	198954	201625	765	414	24.6373482637	0.00383038168627	0.00204910933038	0.00178127235589
TTNTNTNN	129109	327406	340251	2841	2339	16.0366188824	0.00860265195445	0.00682740301819	0.00177524893626
AANANNNT	70047	224342	229603	1053	667	21.7163115592	0.00467179839837	0.0028965996439	0.00177519875447
ANATNNTT	31898	92535	93501	384	222	10.5539521191	0.00413263164692	0.00236868218047	0.00176394946645
ATANANNT	80268	108197	107593	536	342	9.8580580992	0.00492950622166	0.0031685736786	0.00176093254306
ANNGNNTT	11579	50465	51288	156	68	8.51196476732	0.0030817249758	0.00132409066127	0.00175763431453
TNNTTNTN	131468	345915	359816	3087	2571	15.9693992413	0.00884522151736	0.00709462535908	0.00175059615828
ANAANNNT	75912	240120	244566	1153	744	21.7266877413	0.00477881901415	0.00303289715054	0.0017459218636
CNANANNT	14503	63721	64642	233	123	8.45043212875	0.00364324358132	0.00189917393654	0.00174406964478
ANANNTNT	127922	256313	258669	1102	658	26.1481563729	0.0042810248043	0.00253733703008	0.00174368777422
NATANNTT	31103	81023	81059	367	225	8.15187958793	0.00450915345866	0.00276807243738	0.00174108102128
NNANTTNT	63485	203832	207369	974	628	18.4360220076	0.00475572004726	0.00301927431646	0.00173644573081
ANATTNNT	27644	83392	84095	350	206	9.11958892414	0.00417950371379	0.00244362463079	0.001735879083
TNNTNNTT	122313	332450	343918	2088	1557	21.8504322955	0.00624144342347	0.00450683841088	0.00173460501258
ATNANNTT	21351	69522	70625	238	119	9.76832608607	0.00341169724771	0.001682121452	0.00172957579571
AANTANNT	23444	59925	61043	224	122	7.65323672373	0.00372408518845	0.00199460475762	0.00172948043083
TTNNNNTT	113672	311610	322964	1860	1365	21.4852563018	0.00593358216097	0.00420868932473	0.00172489283624
NTNTTNTN	134780	349683	364393	3192	2689	15.2386015296	0.00904569606801	0.00732533875265	0.00172035731536
NNATANTT	26813	75372	75015	266	135	9.91036970422	0.00351675083953	0.00179640718563	0.0017203436539
NTTNTNTN	129109	326946	340199	2889	2414	14.6437451729	0.008758924917	0.00704585056609	0.00171307435091
NNNCTNTT	18898	81565	82279	292	153	10.4584105127	0.00356719645235	0.00185607531056	0.00171112114179
NNAANANT	66768	218708	221937	1287	924	14.9869440563	0.00585013295757	0.00414608208704	0.00170405087053
NNTATTNT	40178	105860	106804	462	283	10.4766680264	0.00434529072064	0.0026427110667	0.00170257965394
NNANANCT	11301	53215	53072	187	96	6.9841496494	0.00350174150781	0.00180559735179	0.00169614415602
ANANANAT	94057	138736	140306	904	674	8.62835093811	0.00647378974506	0.00478081997446	0.00169296977059
TTTNTNNN	125669	329642	343747	2694	2219	15.6275380932	0.0081062539117	0.00641392506778	0.00169232884392
NTATTNNT	39522	106314	106695	475	295	10.0620082771	0.00444802367285	0.0027572670343	0.00169075663855
TTTTNNNN	122241	329915	345769	2704	2241	15.5900433961	0.00812942134995	0.00643947013017	0.00168995121978
NTANNNTT	66601	202773	204387	775	434	22.3869600113	0.00380745573526	0.00211892335259	0.00168853238267
NNTCNNTT	20832	91745	91995	279	124	13.8324999798	0.00303181778666	0.00134608495533	0.00168573283133
NNGNTNTT	15771	70650	72672	238	122	9.58581005852	0.00335740887033	0.00167596230459	0.00168144656575
NNATATNT	92429	127253	126545	561	344	11.8520569308	0.00438919054251	0.00271103090102	0.00167815964148
NNAANATT	22134	73497	75146	256	135	9.4702575441	0.00347104524562	0.0017932811732	0.00167776407241
ANGNNNTT	14057	62517	63238	191	87	9.43168358392	0.00304586336672	0.00137386498223	0.00167199838448
TTNTTNNN	128147	342160	357009	2882	2404	15.1743802173	0.00835260634937	0.00668868404871	0.00166392230066
NATNNTNT	83433	246781	249782	1127	722	21.2548425939	0.00454604127338	0.00288218950596	0.00166385176742
ATTNNTNT	38839	107366	108890	557	383	8.29792107793	0.00516108707134	0.00350498293265	0.00165610413868
NATTNNTT	30497	91861	93069	415	266	8.25904496858	0.00449737743292	0.00284994910805	0.00164742832487
TNTNTNNT	135050	326558	337016	2479	1997	15.6808257793	0.0075341071065	0.00589062956288	0.00164347754362
NANNANTT	48849	177047	178462	571	281	22.8395766296	0.00321476426939	0.00157208953637	0.00164267473301
ANNNAATT	17650	59145	60042	195	99	7.82643205258	0.00328614762386	0.00164613159076	0.0016400160331
ANNTNNTT	69551	218184	221026	926	574	19.8426401147	0.00422618775957	0.00259025270758	0.00163593505199
NTTTNNTN	119688	320211	333402	2729	2288	13.5743009262	0.00845048615842	0.00681581220769	0.00163467395073
NANATNTT	34351	93791	94992	403	252	8.7405416484	0.00427840414464	0.00264583595817	0.00163256818647
TNTTNNTN	132061	353649	366304	2712	2204	16.4830068893	0.00761026038203	0.00598087422797	0.00162938615406
NTNTTNNT	132061	352575	365115	2638	2132	16.6907837689	0.00742652999749	0.00580535715744	0.00162117284005
NTANTNTT	33005	94256	95537	418	268	8.32152249409	0.00441515093901	0.00279734878138	0.00161780215763
ANNTATNT	84748	113732	113224	502	316	9.78800125813	0.00439448850605	0.00278316011978	0.00161132838627
NANANATT	29214	79512	80638	336	210	7.43124896458	0.00420799519086	0.00259746685138	0.00161052833949
ANNTTNNT	65704	218040	220541	1022	677	16.963133309	0.00466534588381	0.0030603296296	0.00160501625422
ANCNNNTT	14759	67199	67935	207	100	9.07834082621	0.00307094323947	0.00146983170427	0.0016011115352
ANNTANTT	23444	61592	61664	221	122	6.9239391186	0.00357529969424	0.00197455734309	0.00160074235115
NAANNTNT	62610	196331	200518	735	428	19.931777837	0.00372971491784	0.00212992545261	0.00159978946524
NNNAANAT	77925	239698	244171	1556	1192	12.8281516536	0.00644963399571	0.00485810819072	0.00159152580498
ANANTNTT	26201	81873	83544	330	203	7.8753293907	0.0040144520273	0.0024239674257	0.0015904846016
NTANNTNT	126723	237832	238875	1055	677	19.1768826201	0.00441631398946	0.00282610873631	0.00159020525315
NNTANNTT	64123	195992	196626	738	426	19.2728502539	0.00375133431607	0.00216186590342	0.00158946841265
NTTNNTNT	128112	336068	347298	2420	1944	15.8023687334	0.0071494410437	0.00556634081811	0.00158310022559
ATNNNTNT	140365	289630	291355	1349	895	21.4558207087	0.00463607339361	0.0030624465355	0.00157362685811
NANANTNT	65772	199490	202570	725	416	20.1139555173	0.00362110730964	0.00204940242184	0.0015717048878
ATTNTNNT	37468	109586	111417	538	371	8.0337258447	0.00488540191057	0.00331878198018	0.0015666199304
NTNNAANT	45392	152551	155309	730	498	11.2603042738	0.00476249502548	0.00319626204214	0.00156623298333
NANTTTNN	55528	190492	193064	1380	1093	8.87975274233	0.00719229486324	0.00562946481456	0.00156283004868
TTTNNTNN	119688	320699	333302	2580	2155	13.0695388901	0.00798072253379	0.00642407223579	0.001556650298
TTNNNTNT	119735	305655	317093	2143	1726	14.2334306531	0.00696235842988	0.00541373004746	0.00154862838242
NAATNTNT	29214	78716	79770	322	202	7.03631570989	0.00407398972646	0.00252588405942	0.00154810566704
ANNANATT	23780	73758	74914	240	128	8.5136776879	0.00324333090084	0.00170571146824	0.00153761943259
AATNNTNT	24990	78383	80033	318	201	6.98516830921	0.00404060939505	0.00250517237082	0.00153543702424
TTTNNNTN	119139	316366	328622	2271	1849	14.0541035145	0.00712723255617	0.0055950446484	0.00153218790777
NTTANNTT	23661	72884	73977	259	149	7.51666415189	0.00354100870897	0.00201009092626	0.00153091778271
TANNTTNN	64123	195178	195601	1129	829	10.9441560634	0.00575119583102	0.00422033294303	0.00153086288799
NNNATNTT	77925	244032	246145	928	557	21.7461570146	0.00378837361202	0.00225778469571	0.00153058891631
NCNNTNTT	21821	92585	93813	409	270	7.31650939867	0.0043981332129	0.0028698064475	0.0015283267654
GNNTNNTT	15741	65144	66509	226	129	6.89705344011	0.00345724338382	0.00193583240794	0.00152141097588
NTNAANTT	14072	51739	52464	147	69	7.02188960649	0.00283313417878	0.00131346011079	0.00151967406799
TTNNTNTN	128112	336868	348100	2551	2100	13.8373412315	0.00751578432557	0.00599657338664	0.00151921093893
TNNANNTT	60790	190942	191769	680	390	18.2262980563	0.00354865307741	0.00202956926295	0.00151908381446
NNAANTNT	53580	174944	179970	607	350	17.4880359593	0.00345768466144	0.00194099378882	0.00151669087262
TNNTTNNT	123434	325514	336945	2453	2022	13.3869311029	0.00747941103831	0.00596518245139	0.00151422858692
NTNATNTT	31168	97871	98719	369	222	8.97781790728	0.00375610749186	0.00224376143358	0.00151234605828
NATNTTNN	77925	242715	244145	1471	1109	12.3388824074	0.00602409638554	0.00452184266108	0.00150225372446
NTANANNT	114488	208652	208127	901	584	15.3926523028	0.00429962825634	0.00279812755437	0.00150150070197
ANTNNNTT	57386	184877	187986	713	441	15.7934923093	0.00384180182122	0.00234042891942	0.0015013729018
NATNTNNT	87952	249469	251403	1163	793	16.7129292845	0.00464026939896	0.00314437976812	0.00149588963084
TNNAANNT	48666	158923	160839	728	495	11.072444003	0.00455994638305	0.0030681691398	0.00149177724325
ANATANNT	84748	113442	113197	480	310	8.62972055825	0.0042134091747	0.00273110909459	0.00148230008011
ANNANTNT	66396	210453	214224	732	427	19.5252809609	0.00346615526671	0.00198927561484	0.00147687965187
NCNANNTT	13170	63519	63593	172	78	8.40040579453	0.00270053853763	0.00122504750986	0.00147549102777
NAANNTAT	31103	78708	80659	268	155	7.8963472429	0.00339343598055	0.00191798450763	0.00147545147292
ANNTTTNN	64447	211820	215318	1567	1273	8.47871337092	0.00734346515955	0.0058774371973	0.00146602796225
ATATNNNT	87810	129791	128779	564	370	9.20504655795	0.00432664646542	0.00286490797451	0.00146173849091
ANTNNTNT	72652	223521	227600	995	678	15.1914144765	0.00443175542055	0.00297006281814	0.00146169260241
NNANATNT	134464	262538	264235	994	613	21.0709259221	0.00377183795516	0.00231453512958	0.00145730282558
NNANANAT	142311	278904	281934	1584	1188	14.0972211484	0.00564730041927	0.00419607095175	0.00145122946752
NNANNAAT	71518	225994	229276	1355	1040	10.8340251706	0.00595999982406	0.00451553517776	0.0014444646463
NTNAANNT	46370	159231	161130	708	482	10.7239983133	0.00442668767468	0.00298245179813	0.00144423587654
TTNTNNTN	126839	341862	354814	2481	2056	13.2736695859	0.00720502522194	0.00576120155799	0.00144382366395
NNATTNTT	36331	110789	113463	525	373	7.14166596813	0.00471638787574	0.00327664359254	0.0014397442832
NNTNATTT	28937	90275	91025	305	176	8.48982392319	0.00336718922499	0.00192980340128	0.00143738582372
NAANNNTT	51716	187805	191389	629	365	17.2075632724	0.00333803878281	0.00190348050106	0.00143455828175
AANNNNTT	53550	192432	195980	624	353	18.3024159854	0.00323222277474	0.00179796570113	0.00143425707361
TNNNATTT	26590	82242	83081	267	150	8.11848839342	0.00323601061702	0.00180221311771	0.00143379749932
NATANTNT	32697	84007	84283	313	193	6.98146935972	0.00371204933586	0.00228467256972	0.00142737676614
TANNNTNT	71308	191267	192122	864	592	12.1361383662	0.00449693178092	0.00307190966925	0.00142502211167
NNGANNTT	11641	54390	55633	137	61	7.38168221734	0.00251251673483	0.0010952705857	0.00141724614913
NNNANAAT	75185	234396	237129	1507	1185	10.0061198904	0.00638821888658	0.00497243133009	0.00141578755648
NTNANNTT	53187	184975	187230	577	320	17.5502245963	0.00310964042425	0.00170621167689	0.00140342874736
NTANATNT	81957	105685	104528	444	292	7.19353888747	0.00418358789775	0.00278572791452	0.00139785998323
NNTGNNTT	16771	69414	70904	213	118	7.06467684092	0.00305915808523	0.00166145701332	0.00139770107191
ANNNCNTT	16017	70589	71194	169	71	9.58807587976	0.00238842251053	0.0009962814846	0.00139214102593
NATTNNNT	64301	199306	201428	845	572	12.9051155035	0.00422181253154	0.00283168316832	0.00139012936322
NANTTNNT	57773	193180	195514	887	626	11.2974580865	0.00457058644695	0.00319159783828	0.00137898860867
ANNATNTT	27835	87794	88996	302	183	7.421134294	0.00342807845986	0.00205205261328	0.00137602584658
NANCNNTT	14803	68453	68896	173	79	8.45039463896	0.00252091044211	0.0011453425154	0.0013755679267
TNTTNNNT	121284	311960	324132	2243	1879	11.1662616564	0.00713869695706	0.00576360920337	0.00137508775369
NAANNANT	59335	194713	198616	1019	764	9.86543396048	0.00520609813418	0.00383187882436	0.00137421930983
NTTNTNNT	126839	340732	353815	2434	2035	12.1910820563	0.00709277725649	0.00571870170015	0.00137407555633
AANNNNAT	72409	217875	221978	1019	731	12.337267401	0.00465522124864	0.00328231009973	0.00137291114891
NNNATTNT	75185	235194	238323	881	564	16.9140524565	0.00373186487345	0.00236094890053	0.00137091597293
NNATNNTT	77673	248453	251544	936	601	17.6647152735	0.00375317275421	0.00238354914831	0.0013696236059
ANNNATNT	128924	259147	260460	958	606	18.4956809329	0.00368312796755	0.00232125209717	0.00136187587038
ATNTNNNT	136017	282831	283282	1222	836	16.7494888412	0.00430201406076	0.00294243940898	0.00135957465178
NANAATNT	29347	85329	86498	292	178	7.06163246402	0.00341037829504	0.00205362499423	0.00135675330081
TGNNNNTT	17660	74647	75498	228	128	7.04983029227	0.00304507512521	0.00169253960278	0.00135253552243
NANANANT	71849	206419	209234	1205	936	8.94639515093	0.00580376064424	0.00445353761241	0.00135022303183
ANNCNNTT	14347	62484	62758	152	68	7.72726028393	0.00242671945846	0.00108235443924	0.00134436501921
NAANNNAT	74762	224220	228478	1103	818	11.215406939	0.00489519489799	0.00356744121136	0.00132775368663
TANNTNNT	74436	205558	206181	891	620	11.5665898514	0.0043158358723	0.00299805126668	0.00131778460562
ANNATTNT	31035	96324	97703	338	214	7.16303188375	0.00349672053134	0.00218552447481	0.00131119605653
NTATNNNT	138178	270374	270194	1052	695	16.6834211489	0.00387582619204	0.00256562651123	0.00131019968081
NTTTNNNT	119139	315393	327441	2343	1999	9.86453394851	0.00737404637813	0.00606787275376	0.00130617362436
TNNCNNTT	20050	85421	85053	242	130	7.93969771167	0.00282502363914	0.00152612610497	0.00129889753417
ANATNNNT	128924	259571	260314	994	658	15.9349884227	0.00381478709727	0.00252134328587	0.0012934438114
ANNANANT	68723	214105	217193	1076	809	9.8757392756	0.00500044148879	0.00371097512867	0.00128946636012
TNTANNNT	71188	186173	185762	757	515	10.6999418226	0.00404964425186	0.00276469988243	0.00128494436943
NNNTTTAN	57350	179448	180610	899	672	8.22262774935	0.00498483479071	0.00370693174171	0.001277903049
NNCNTNTT	26080	110244	111181	379	240	7.77954532649	0.00342605064046	0.00215399251488	0.00127205812559
TNANNTNT	65084	191693	193900	725	487	11.5791906394	0.00376783876768	0.00250531156919	0.00126252719849
NNTANTNT	71182	204355	205651	731	475	13.0024770382	0.00356435836673	0.00230441574571	0.00125994262103
NANTNNTT	59335	197373	200070	736	493	11.9982416659	0.00371512652126	0.00245808050338	0.00125704601788
NNNTANTT	57948	176765	177180	534	312	13.6059981976	0.00301186131901	0.00175782570482	0.00125403561419
NTNTATNT	91391	126970	125959	521	358	7.02288679281	0.00408656297307	0.00283413950616	0.00125242346691
NNANTNTT	66768	219437	224336	854	594	12.2681149078	0.00387669037773	0.00264082158894	0.00123586878879
ANTTNNNT	57981	188600	190220	814	585	9.3703664449	0.00429746481253	0.00306595739105	0.00123150742147
NANNANAT	87952	246592	249916	1304	1011	9.74090027218	0.00526027043599	0.00402906024461	0.00123121019138
TNNANANT	58392	176260	177386	785	570	8.49057429556	0.00443390098563	0.00320303895345	0.00123086203218
ANNTNTTN	75883	233187	236621	1522	1250	7.45947188087	0.00648462564282	0.00525494911107	0.00122967653174
ANNNNAAT	69203	213172	215691	1186	933	7.99965469705	0.00553280026871	0.00430700199424	0.00122579827447
ANNNANAT	136017	279808	282090	1436	1099	11.1693734627	0.00510588670336	0.00388080045482	0.00122508624854
NNNTATNT	141902	266109	265634	995	667	14.8069968101	0.00372514076914	0.00250468454869	0.00122045622045
TTANNNNT	61030	181857	182890	645	425	10.9131462709	0.0035342078443	0.00231841365955	0.00121579418475
ANTNTNNT	68723	213763	216796	899	647	10.5292967955	0.00418797924178	0.0029754924279	0.00121248681388
NNATTNNT	71518	228043	229920	909	636	11.8071038545	0.00397026450959	0.00275854889918	0.00121171561041
NNNNAATT	42562	153090	155085	443	260	11.6785532492	0.0028853731771	0.00167369403586	0.00121167914125
ANANNANT	72652	224539	226884	1022	756	10.0688649393	0.0045309251156	0.00332103321033	0.00120989190527
TTTNNNNT	112363	299846	311315	2037	1734	8.84591979393	0.00674764726732	0.00553906896364	0.00120857830367
TATNNNNT	84559	215161	214792	905	643	10.3508323901	0.00418853498468	0.00298465894585	0.00120387603883
AANTNNNT	50896	164855	167487	560	367	10.2057743226	0.00338542453828	0.00218642391602	0.00119900062226
ATANNNNT	130932	262057	261253	1016	698	13.4643029993	0.00386204589601	0.00266462048246	0.00119742541355
NNATANNT	128418	236333	235654	868	582	12.9255811932	0.00365934376331	0.00246363805686	0.00119570570645
ATNNANNT	116303	227340	227025	908	634	11.3242019637	0.00397812905261	0.00278486684032	0.00119326221229
NNNANATT	60932	193418	194917	607	378	12.7889397723	0.00312846282696	0.00193553342379	0.00119292940316
NNANCNTT	16351	74396	75301	170	82	7.59825146417	0.00227985945337	0.00108777841158	0.00119208104179
ANNTANNT	115954	214963	214687	777	520	11.8238984217	0.00360155743024	0.00241627828091	0.00118527914933
TTNNTNNT	121240	330317	341263	2149	1811	9.7033996297	0.00646381885667	0.00527874452742	0.00118507432925
TTNANNNT	51908	177814	178214	638	427	9.9853693616	0.0035751910878	0.00239026875129	0.00118492233651
NNAANNAT	77673	245309	248417	1246	966	9.28776456452	0.00505363914745	0.00387355994595	0.00118007920151
NNNACNTT	14957	66515	67253	133	55	7.88949881593	0.00199555875645	0.00081713912165	0.0011784196348
NANNATNT	78861	232019	234361	752	483	14.181580274	0.00323064299247	0.00205668443733	0.00117395855514
TNNANTNT	59821	176430	178210	617	414	9.93077105937	0.00348495032393	0.00231771766392	0.00116723266001
NNNAATNT	60932	191458	194214	610	391	11.9267706024	0.00317595851469	0.00200919811927	0.00116676039543
NATTTNNN	65861	213889	214537	1198	950	7.14223315026	0.00556983918135	0.00440861861736	0.00116122056399
NTANNTTN	64123	195149	195564	984	757	7.29408493691	0.00501700376785	0.00385592982921	0.00116107393864
NTNNCNTT	22489	96109	96676	241	130	8.08012349158	0.0025012973534	0.00134289196951	0.00115840538389
TTNTNNNT	126016	324949	335926	2118	1797	9.07276668165	0.00647573738714	0.00532092869008	0.00115480869706
ATTNNNNT	69203	213980	215764	828	585	10.3365129443	0.00385460504264	0.00270396442785	0.0011506406148
NTANNANT	62910	194919	196301	674	452	10.6658329556	0.0034459310916	0.00229729661047	0.00114863448113
NNTAANNT	46949	151357	152347	562	391	7.66539714354	0.00369933977975	0.00255993924236	0.00113940053739
NTNNANTT	54593	174327	175088	494	296	11.7851746477	0.00282574747885	0.00168772522009	0.00113802225876
NTNANANT	54755	178708	179748	692	494	8.20586319626	0.00385730211817	0.00274075964537	0.00111654247281
NATTNTNN	75185	235518	237283	1260	1002	7.58846192755	0.00532144033652	0.00420504857628	0.00111639176023
ATNTNTNN	142311	282978	281401	1626	1300	8.28725513252	0.00571320150103	0.00459849805979	0.00111470344125
TNANANNT	59144	180776	180990	697	495	8.26287568714	0.00384079174312	0.00272749814034	0.00111329360278
NNNANCTT	11969	58442	58686	98	33	7.69977114847	0.00167406901264	0.00056199867164	0.001112070341
TANANNNT	65847	175826	176167	727	533	7.3263802951	0.00411774368037	0.00301641199774	0.00110133168263
AANNNANT	57386	183446	186516	832	639	6.96917894899	0.00451491767872	0.00341428227939	0.00110063539933
ANANNNAT	140365	288102	290191	1317	1005	10.4292609989	0.0045504959937	0.00345128367148	0.00109921232222
NANNNATT	59176	184989	186264	565	365	10.4501195871	0.00304493570605	0.00195575178563	0.00108918392042
NTNANTNT	61449	190887	192729	650	447	9.38376116486	0.00339360019213	0.00231395204373	0.0010796481484
NTTANNNT	57505	181184	182617	608	415	9.02956270405	0.00334448160535	0.00226736308405	0.0010771185213
NTATNTNN	141902	267634	264874	1330	1032	8.29853345546	0.00494489968918	0.00388107075433	0.00106382893485
NANTANNT	59302	167358	168665	528	353	8.62421150958	0.00314499124406	0.00208853494894	0.00105645629512
NTAANNNT	54153	172568	172744	617	437	7.47375700644	0.00356266420302	0.00252337150149	0.00103929270153
ATNNTNNT	91614	289918	291793	1081	784	11.5363907831	0.0037147893979	0.00267963647177	0.00103515292614
AANNTNNT	54069	188088	190825	591	402	9.20847620137	0.003132304072	0.00210221359954	0.00103009047245
TNANNNTT	57792	198052	199172	663	465	8.57634107716	0.00333643660519	0.002329227548	0.00100720905719
TATNNTNN	88808	244070	243356	1103	854	7.49470789472	0.00449886406741	0.00349699029524	0.00100187377218
NNTATNNT	88808	242737	243339	851	608	9.7327388131	0.00349360395422	0.00249234464863	0.00100125930559
NTNNATNT	130064	257256	256430	880	621	10.3489280708	0.00340905569157	0.00241586299995	0.000993192691624
NTANTNNT	74721	225288	225802	776	553	9.03448759334	0.00343265623894	0.00244306509686	0.00098959114208
NATANNNT	75775	200156	200053	744	546	7.33890949254	0.00370333499253	0.00272184806505	0.000981486927488
AATNNNNT	52720	172162	173898	573	409	7.05842418725	0.0033172200191	0.00234643473871	0.000970785280396
NAATNNNT	59176	182706	184966	594	422	7.55161452612	0.00324058919804	0.00227630698859	0.00096428220945
TNNNANTT	50340	171627	172793	445	283	8.84436451618	0.00258612673764	0.00163511983175	0.000951006905894
ANNTNNAT	116303	226115	226195	852	636	7.59688679584	0.00375384967859	0.00280384956201	0.000950000116579
NANNNTAT	75775	197536	199701	650	468	7.63785570205	0.00327974730808	0.00233802436941	0.000941722938676
ANANTNNT	66396	212105	213779	669	472	8.51142738056	0.00314418114995	0.00220302355648	0.00094115759347
ANNANNAT	91614	287911	291054	1226	972	7.7700152648	0.00424020447055	0.0033284707526	0.000911733717941
ATNANNNT	72746	234377	235835	749	538	8.58950193876	0.00318552605837	0.00227606367902	0.000909462379353
NNTNANTT	50027	174052	175684	440	284	8.38688473319	0.00252160557504	0.00161392980542	0.000907675769622
NANATNNT	78861	232697	234704	737	530	8.5242458471	0.00315720931827	0.00225307566083	0.000904133657434
ANNNNATT	52720	173658	175537	399	247	8.89895786288	0.00229235250521	0.00140513357302	0.000887218932192
NNANNTAT	128418	234396	235680	784	582	7.49764016145	0.00333361680415	0.00246336694009	0.000870249864058
NNTNATNT	76905	232060	232936	693	493	8.2714146025	0.00297740523216	0.00211199122645	0.000865414005702
TNNATNNT	76433	223880	224145	719	528	7.16120754555	0.0032012609139	0.00235008211935	0.000851178794549
TNNNATNT	77247	214747	215800	630	450	7.4702631462	0.0029251034233	0.00208092485549	0.000844178567808
NNANNATT	60612	207250	209352	521	350	8.44729730979	0.0025075684287	0.00166903510696	0.000838533321741
ANNNNTAT	130932	258998	260485	883	674	7.11865279314	0.0033977089514	0.00258080326544	0.000816905685961
