#Sequence	Occurrence	Forward Match	Backward Match	Forward Mismatch	Backward Mismatch	Strand Bias Score	FER (Forward Error Rate)	RER (Reverse Error Rate), ERD (Error rate Difference)
TTTTTTTT	30115	23244	25673	479	330	10.2926010811	0.0201913754584	0.0126908433642	0.00750053209419
TTTTTTNT	36650	35156	38154	578	383	13.1350503503	0.0161750713606	0.0099385006617	0.00623657069891
NTTTTTTT	37577	36292	39241	602	417	11.4919400511	0.016317016317	0.0105149024157	0.00580211390136
TNTTTTTT	36992	34784	37928	585	412	10.8944141225	0.0165399078289	0.0107459572248	0.00579395060406
TTNTTTTT	36741	36258	38950	563	388	10.702377588	0.0152901876646	0.00986323656515	0.00542695109949
TTTNTTTT	37219	36428	39097	518	362	9.35932833308	0.0140204622963	0.00917407942421	0.00484638287211
TTTTTNTT	36816	37070	39782	510	355	9.36453844097	0.01357104843	0.00884470687894	0.00472634155108
TTTTNTTT	37098	36593	39102	504	353	8.87289446704	0.0135860042591	0.00894690153339	0.00463910272571
NTNTTTTT	50461	61593	65643	788	533	15.283767055	0.0126320514259	0.0080542794971	0.00457777192882
TNTNTTTT	50523	59318	63043	721	477	15.0395070372	0.0120088609071	0.00750944584383	0.00449941506325
TNTTTTNT	49836	59021	62899	724	499	13.1393795488	0.0121181688844	0.00787091075428	0.00424725813014
TNNTTTTT	48699	61696	65508	753	520	13.3168102823	0.0120578391968	0.00787544678015	0.00418239241663
NTTTTTNT	50157	63133	67012	756	525	13.0593782894	0.0118330228991	0.00777351673897	0.00405950616012
NNTTTTTT	49916	62306	66401	805	583	11.847697939	0.0127553041467	0.00870357100203	0.00405173314463
NTTNTTTT	50053	62893	66626	703	474	13.5372903683	0.0110541543493	0.00706408345753	0.0039900708918
TTTTNTNT	49257	60299	63364	647	427	13.0765359031	0.0106159551078	0.00669373422583	0.00392222088197
TTTTTTNN	49916	62128	66349	948	753	8.76287522632	0.0150294882364	0.0112217221543	0.00380776608208
TTTTTNNT	48069	61273	64758	662	453	11.9767076156	0.0106886251716	0.00694668077472	0.00374194439683
TTNTNTTT	48667	60305	63093	631	421	12.053471303	0.0103551266903	0.00662845986712	0.00372666682318
TTNTTTNT	50063	61348	64594	683	481	10.8042861773	0.0110106237204	0.00739147137918	0.00361915234122
TTTNTTNT	49472	62029	65400	649	446	11.4430849593	0.0103545103545	0.00677338031164	0.00358113004287
TTNNTTTT	48584	63508	66976	665	460	11.4237244173	0.0103626135602	0.00682128240109	0.00354133115913
TNTTNTTT	49545	60810	64145	639	453	9.96266635901	0.0103988673534	0.00701260100932	0.0033862663441
NTTTNTTT	51096	62597	65513	664	470	10.0098286578	0.0104961982896	0.0071230468454	0.00337315144423
TNNNTTTT	71520	115469	121144	1021	659	21.7693528261	0.00876470083269	0.00541037577071	0.00335432506198
NNTNTTTT	74665	117040	122857	1078	726	19.6947749264	0.00912646675359	0.00587459440214	0.00325187235144
NTNTNTTT	78341	113752	117975	967	619	20.2959658529	0.00842929244502	0.00521948833836	0.00320980410665
NNNTTTTT	73396	119666	126062	1163	814	18.4513198131	0.00962517276482	0.0064157129796	0.00320945978521
NTTTTNTT	50217	64465	68033	655	470	9.70612937227	0.0100583538084	0.00686101338628	0.00319734042208
NTNNTTTT	73208	120166	125977	1029	674	20.7686577894	0.00849044927596	0.00532171084318	0.00316873843278
TNTTTNTT	50799	61653	65071	630	457	8.92517715525	0.0101151196956	0.00697411793432	0.00314100176126
NTATNTTT	19239	27086	27437	164	81	7.00155368581	0.00601834862385	0.00294352787267	0.00307482075119
TTTNTNTT	49041	61599	64523	573	399	9.38386720425	0.00921636749662	0.00614583654231	0.00307053095431
TTTNNTTT	48596	62150	65298	570	396	9.55844632386	0.00908801020408	0.00602794775779	0.0030600624463
NNCTNTTT	8637	29877	30683	157	69	8.6414653221	0.00522740893654	0.00224375650364	0.0029836524329
TNNTNTTT	71101	112880	117235	899	594	16.9936881488	0.00790128231044	0.00504120377836	0.00286007853209
TNTNNTTT	72777	112836	117362	846	545	17.6782979447	0.00744181136855	0.00462228705675	0.00281952431181
TTNTTNTT	51918	68007	70786	624	450	8.4738702728	0.00909210123705	0.00631703071481	0.00277507052224
TNTNTTNT	77481	112549	117068	923	631	15.372395585	0.00813416525663	0.00536113305975	0.00277303219687
TNNTTTNT	73082	113321	118067	957	667	14.804234926	0.00837431526628	0.00561759900281	0.00275671626347
TTTTNNTT	48215	62774	65921	548	394	7.96216783305	0.00865418022172	0.00594134057151	0.00271283965021
NNTTTTNT	74271	119503	125074	1061	769	14.0352416742	0.00880030523208	0.00611078884006	0.00268951639201
NTNTTTNT	77955	117689	122263	1007	713	14.3064156962	0.00848385792276	0.00579787926099	0.00268597866177
TNTNTNTT	80450	111487	115418	852	579	14.2837536228	0.00758418714783	0.00499150840108	0.00259267874675
TNTTNTNT	76328	112368	116420	867	595	14.0056696939	0.00765664326401	0.0050848181857	0.00257182507831
TTNTNTNT	77414	110949	114475	833	564	13.9739660883	0.00745200479505	0.00490268517633	0.00254931961872
NNNNTTTT	120201	249365	260012	1751	1159	32.7181909582	0.00697287309451	0.00443770556455	0.00253516752995
NCNNTTTT	11020	38502	39901	210	117	7.17516337128	0.00542467451953	0.00292368434205	0.00250099017748
NTTTNTNT	76784	116764	120662	905	634	13.2048856878	0.00769106561626	0.00522688299697	0.0024641826193
NTNTTTTN	74665	116378	122076	1389	1151	8.37884652345	0.0117944755322	0.00934048544556	0.00245399008664
TCNNNTTT	10130	36658	37615	172	85	7.57308804549	0.00467010589194	0.00225464190981	0.00241546398212
TNTTTTNN	74665	116855	122333	1293	1053	8.74628630867	0.0109439008701	0.00853419350656	0.00240970736354
TTNNNTTT	68750	113564	118280	790	535	13.8582330025	0.00690837224758	0.00450279846821	0.00240557377938
NTTNTTNT	78338	127929	132568	954	669	14.0154406607	0.00740206233561	0.00502112776481	0.0023809345708
TNTTTNNT	72980	111976	116341	867	621	11.7997906864	0.00768324131758	0.00530941673364	0.00237382458394
NNTTNTTT	74076	118077	122725	938	680	12.0382880553	0.0078813594925	0.00551031157571	0.00237104791679
TTTNNTNT	71300	113563	117852	781	533	13.08132396	0.00683026656405	0.0045022595768	0.00232800698725
TNTNTTTN	78341	113371	117489	1231	999	7.93970834547	0.0107415228356	0.00843123354264	0.00231028929292
NNNTNTTT	124205	239668	247323	1532	1007	28.2098854635	0.00635157545605	0.00405508798776	0.00229648746829
NTTNNTTT	72455	117832	122479	819	568	12.907303156	0.00690259669114	0.00461612229473	0.0022864743964
TTTTNTNN	74271	120229	125075	1142	900	9.25115018213	0.00940916693444	0.00714427465767	0.00226489227677
TTTTNNNT	69781	113354	117524	782	542	12.2386655138	0.00685147543282	0.00459065268579	0.00226082274703
NTTNTNTT	73256	117422	121552	806	558	12.5608275914	0.00681733599486	0.00456965031529	0.00224768567957
TNNNNTTT	112735	227829	235616	1337	849	28.2750734803	0.0058341987904	0.00359038335483	0.00224381543557
TTNNTTNT	71891	116155	120439	850	609	11.4506194409	0.00726464680997	0.00503106205803	0.00223358475194
TNCNNTTT	11240	38269	39271	161	79	7.22601833093	0.00418943533698	0.00200762388818	0.00218181144879
NTTTTTNN	73396	119455	125225	1362	1149	7.14236552926	0.0112732479701	0.00909206007565	0.00218118789442
NTTTTNNT	72629	120814	126326	890	660	10.6072893468	0.00731282455794	0.00519742333801	0.00211540121994
TTTNTNNT	71002	114625	118326	793	568	10.5009902319	0.00687067875028	0.00477736471142	0.00209331403886
NNTTTNTT	74459	119770	124972	900	675	10.0035480643	0.00745835750394	0.00537219352631	0.00208616397763
ANNTNTTT	35717	68047	69813	353	216	8.69111710412	0.00516081871345	0.00308443644776	0.00207638226569
NTNNNTTT	119642	235726	244180	1331	871	25.4571712917	0.00561468338838	0.00355436215318	0.0020603212352
TNNTTNTT	76463	124672	129072	862	631	10.3972144332	0.00686666560454	0.00486496071795	0.00200170488659
NTNTTNTT	78317	125758	130438	889	658	10.2320318805	0.00701951092406	0.00501922255446	0.0020002883696
TTNNTNTT	73722	122889	126882	782	551	11.1790729633	0.00632322856611	0.00432384076338	0.00199938780273
NNATNTTT	35527	71553	72914	339	199	9.24756298547	0.004715406443	0.00272181417805	0.00199359226494
NNNTTTNT	123569	242509	250619	1596	1145	20.3917266352	0.00653817004977	0.00454790994741	0.00199026010236
NTNTNTNT	188926	242161	246148	1443	973	22.4616650503	0.0059235480534	0.00393734243549	0.00198620561791
ATNNNTTT	35909	68070	69866	314	183	9.00392394147	0.00459171736079	0.00261245699439	0.0019792603664
TNNNTTNT	119909	229713	236758	1363	943	20.3796411167	0.00589849227094	0.00396716883816	0.00193132343278
NNTNNTTT	119375	241720	249690	1365	925	22.5016301995	0.00561531974412	0.00369092033597	0.00192439940815
NGNNNTTT	13424	54669	56784	203	101	9.018259801	0.0036995188803	0.00177551199789	0.00192400688241
TTNTNNTT	73342	120130	123216	736	518	10.2702957691	0.00608938824814	0.00418639985776	0.00190298839038
ANNNTTTT	30929	70531	72836	389	262	7.02428405591	0.0054850535815	0.00358422939068	0.00190082419082
TNNTNTNT	129099	225446	230941	1278	868	20.1196534613	0.00563680951289	0.00374446203556	0.00189234747733
NTNTATNT	90316	67837	66869	295	164	8.44979279708	0.00432983032936	0.00244655617382	0.00188327415554
NNCTNTTN	18490	73604	74694	367	234	7.55231022095	0.00496140379338	0.00312299807816	0.00183840571522
TTTNNNTT	68820	113718	117902	664	470	9.59619052049	0.0058051091955	0.00397053357213	0.00183457562337
NNATATNT	91590	67693	67237	309	183	7.5447588806	0.00454398400047	0.00271432809255	0.00182965590792
NNNATTTT	30004	69188	71170	314	192	7.88804155661	0.00451785560128	0.00269050755304	0.00182734804824
TNTNNTNT	127711	226879	232248	1225	826	19.8422795267	0.00537035738084	0.00354393883488	0.00182641854597
TNNANTTT	24152	53873	55324	209	113	7.4814352805	0.00386450205244	0.00203834983856	0.00182615221388
NTATNTNT	92751	70649	70075	327	197	7.49859190552	0.00460719116321	0.00280339253188	0.00180379863133
TNNNTNTT	126926	242930	249436	1284	866	21.0369073609	0.00525768383467	0.00345982053679	0.00179786329788
TNTTNNTT	72537	116757	121111	724	532	8.76637388314	0.00616269864914	0.00437345346629	0.00178924518285
NNCTNTNT	17086	61985	62718	240	130	8.10363380792	0.00385697067095	0.00206848268839	0.00178848798256
NNTNTNTT	129572	238279	245232	1334	931	19.0865559003	0.00556731062171	0.00378204685513	0.00178526376658
TTNTTNNT	75207	123387	126951	828	623	8.38986158556	0.00666586161092	0.00488344019941	0.0017824214115
NNTNTTNT	131360	253217	260330	1520	1094	18.6405841412	0.00596693845024	0.0041847726299	0.00178216582034
ATNTNTNT	93283	80301	80480	391	248	7.75488664597	0.00484558568383	0.003072044396	0.00177354128784
ANATNTNT	86546	69917	69872	333	208	6.96784774103	0.00474021352313	0.00296803652968	0.00177217699345
NNCNNTTT	21820	83645	85809	308	166	10.8161252228	0.00366871940252	0.00193079383542	0.00173792556711
NTTTNNTT	72170	116504	120693	738	553	8.02531069896	0.00629467255762	0.00456097520743	0.00173369735019
TNNNTTTN	119642	234762	242954	1808	1448	12.3678166001	0.00764255822801	0.00592466510094	0.00171789312707
NTNTNTTN	129572	237892	243942	1846	1472	12.1390292088	0.00770007257923	0.00599802782237	0.00170204475686
NCNNTTNT	21324	78927	80324	319	188	8.60241514602	0.00402543976983	0.00233505564388	0.00169038412595
NNNTATTT	33429	59283	60002	205	106	7.8096495294	0.00344607315761	0.00176349238038	0.00168258077723
NNTTNTNT	126785	237690	243718	1379	1002	15.970082449	0.0057682091781	0.00409447531873	0.00167373385937
TNNATNTT	34909	64411	65400	250	145	7.11834219147	0.00386631818252	0.00221222061179	0.00165409757073
NTNNTTNT	129022	256240	262538	1436	1035	17.2129649805	0.00557288998587	0.00392680585644	0.00164608412943
NCNNNTTT	21542	83102	85010	331	198	8.68064064168	0.00396725516283	0.00232372547179	0.00164352969104
NTNNTNTT	123909	251077	258212	1270	886	18.178365154	0.00503275251935	0.00341955553497	0.00161319698438
TNTNNNTT	121717	227223	233266	1078	731	17.3898821639	0.00472183652284	0.00312397167485	0.00159786484799
NTNNTTTN	119375	240503	248094	1853	1516	10.5868789895	0.00764577728631	0.00607347462041	0.0015723026659
ANCNNNTT	14062	61410	61844	169	73	9.12576448976	0.00274444209877	0.00117899769046	0.00156544440831
TTNNNTNT	118501	225105	231228	1145	812	15.1946242931	0.00506077348066	0.00349939665575	0.00156137682491
TCNNNTNT	20423	75556	76156	273	158	7.58215270763	0.00360020572604	0.00207039337474	0.0015298123513
TNTNTNNT	131939	226763	231335	1240	909	13.4072546264	0.00543852493169	0.00391398701366	0.00152453791803
NNNTCTNT	17285	64519	64744	201	103	7.6362960077	0.00310568603214	0.00158835412587	0.00151733190627
NNNTTTTN	120201	248272	258274	2220	1916	8.59279653532	0.0088625584849	0.0073638494946	0.0014987089903
TNCNNTTN	22562	84725	85671	346	221	7.00966882164	0.00406719093463	0.00257299864947	0.00149419228516
ANNNNTTT	67342	162764	166777	658	426	12.8831343066	0.00402638567635	0.00254780117582	0.00147858450053
NTNTNNTT	126696	240045	245406	1155	815	15.3021946602	0.00478855721393	0.00331003448122	0.00147852273271
NTTNNTNT	125502	246359	252660	1252	908	14.7303677968	0.00505631817649	0.00358089348814	0.00147542468836
NNCTNNTT	17101	71157	72041	225	121	7.78274929955	0.00315205513995	0.00167678279427	0.00147527234568
TNNTTTNN	119375	240789	248154	1802	1489	9.47648243079	0.00742814036794	0.00596451733075	0.0014636230372
TNTNTTNN	129572	238455	244060	1730	1412	9.48784452858	0.0072027811895	0.00575218354843	0.00145059764107
NCNTNTNT	26935	87930	88580	330	204	7.38595726865	0.00373895309313	0.00229771129933	0.0014412417938
NTNTTTNN	124205	238928	245405	1907	1604	8.35612916673	0.00791828430253	0.0064936905133	0.00142459378923
NNNTTNTT	125319	257051	265581	1370	1036	13.4375459747	0.00530142674163	0.00388572371604	0.00141570302559
NNANNTTT	62455	158463	162287	625	409	11.7739606117	0.00392864326662	0.0025138909377	0.00141475232892
NNNNCTTT	19485	77718	79367	222	114	8.76776298102	0.00284834488068	0.00143430505404	0.00141403982664
NNTNTTTN	124205	238639	245716	1995	1702	7.84433831408	0.00829059900097	0.0068790467953	0.00141155220567
NNTTTTNN	120201	248811	257958	2096	1805	8.04717598464	0.00835369280251	0.00694864164642	0.00140505115609
TNTTNNNT	119203	230030	235710	1133	830	12.6754192918	0.00490130340928	0.00350892026719	0.0013923831421
TTTNNNNT	111308	226841	232194	1060	760	13.1675153912	0.004651142382	0.00326244666329	0.00138869571871
ANNTNTNT	130927	169952	171124	715	481	11.1138622093	0.00418944494249	0.00280294863203	0.00138649631046
NNATNTNT	139387	176648	177790	700	457	12.2596207931	0.00394704197397	0.00256385801725	0.00138318395673
NNNCTNTT	18490	73708	75163	224	124	7.37858691509	0.00302981117784	0.00164703069587	0.00138278048197
NNTTTNNT	118304	240906	249370	1324	1026	11.4304725176	0.00546587953598	0.00409750954488	0.0013683699911
TNNTTNNT	120188	239732	245681	1236	931	11.8585885777	0.00512931177584	0.00377516098162	0.00135415079421
TNTNNTTN	126696	239867	244603	1619	1316	8.935865059	0.00670432240378	0.00535135552763	0.00135296687615
TTNNNNTT	112352	234806	240807	1004	702	14.1914743474	0.00425766506934	0.00290672397302	0.00135094109632
NNNTATNT	138337	157419	156923	564	349	11.6676375243	0.00357000436756	0.00221908540618	0.00135091896138
TNNTNNTT	119857	247196	252987	1118	807	13.3924798116	0.00450236394243	0.00317974420199	0.00132261974044
NNNANTTT	53723	143853	147166	495	314	10.5132907029	0.00342921273589	0.00212910225115	0.00130011048474
NTTTNTNN	123569	243994	249794	1741	1462	7.56671136532	0.00708486784544	0.00581876651702	0.00126610132842
NNNCNTTT	25685	97603	100036	287	167	8.2844924897	0.00293186229441	0.00166661676796	0.00126524552645
NTCNNNTT	21015	85397	86800	234	128	7.8396842459	0.00273265523	0.00147248297442	0.00126017225558
TNNTNTTN	123909	250959	257104	1748	1463	7.86954174526	0.00691710162362	0.00565810795655	0.00125899366707
NTTNNNTT	112556	230395	237173	1000	729	11.8524376998	0.0043216145552	0.00306428697531	0.00125732757989
TTNTNNNT	123344	236647	241097	1116	832	11.0086981508	0.00469374965827	0.00343902549922	0.00125472415906
TTTNNTNN	118304	242267	248695	1486	1211	8.54529388525	0.00609633522459	0.00484582202908	0.00125051319551
NNTTNNTT	116375	237683	245027	1108	837	10.9205160273	0.00464004087256	0.00340432108808	0.00123571978448
TNTTNTNN	131360	254559	260013	1714	1429	7.77687910357	0.00668818018285	0.00546583945961	0.00122234072324
NTTTNNNT	118030	236023	242774	1160	894	10.0168646743	0.00489073837501	0.00366892657222	0.00122181180279
TTNTNTNN	126785	238631	243244	1558	1288	7.51152499785	0.00648655850185	0.00526720429228	0.00121935420957
NTTNTNNT	124372	253982	259500	1228	940	10.5343051514	0.00481172367854	0.00360927660882	0.00120244706972
NNTCNNTT	20505	79750	81477	205	113	6.91011525736	0.0025639422175	0.00138497364873	0.00117896856877
TTNNNTTN	112556	230048	236178	1458	1218	6.90171841107	0.00629789292718	0.00513066774503	0.00116722518215
TTTTNNNN	120201	250825	258025	1548	1292	7.47982401208	0.00613377817754	0.00498231893783	0.00115145923971
NNNATNTT	74528	170214	172474	550	360	9.96769351294	0.00322081937645	0.00208292349885	0.0011378958776
TTNNTNNT	118440	248075	253228	1137	873	9.5673152302	0.00456238062373	0.00343564173301	0.00112673889071
NANNNTTT	62372	164487	168391	674	499	7.35338571951	0.0040808665484	0.00295458582509	0.0011262807233
TNNANNTT	58590	136235	138109	398	249	8.66530394491	0.00291291269313	0.00179967909337	0.00111323359976
NTNTTNNT	128640	257257	264062	1287	1032	8.41426611722	0.00497787610619	0.00389295872408	0.00108491738212
NNNNATTT	63826	157614	160651	412	252	9.83646126075	0.00260716590941	0.00156616097897	0.00104100493043
ATNNNNTT	69485	155525	158643	464	309	8.19900800133	0.00297456871959	0.00194398308923	0.00103058563035
ATNNNTNT	136518	181780	182656	655	470	7.56349880826	0.00359031983994	0.00256653888579	0.00102378095415
NTNNATNT	127759	165109	165893	518	352	7.81078978716	0.00312750940366	0.00211735691299	0.00101015249067
ANNTNNTT	67017	159281	162457	482	335	7.1360523529	0.00301696888516	0.00205784068013	0.000959128205029
