#Sequence	Occurrence	Forward Match	Backward Match	Forward Mismatch	Backward Mismatch	Strand Bias Score	FER (Forward Error Rate)	RER (Reverse Error Rate), ERD (Error rate Difference)
GGGT	2770	21255	22639	671	333	29.9113483748	0.0306029371522	0.014495908062	0.0161070290903
AGGT	5246	67665	68169	1606	833	54.6472452527	0.0231843051205	0.0120721138518	0.0111121912687
CGGT	803	9765	9916	173	64	11.8729716329	0.0174079291608	0.0064128256513	0.0109951035095
NGGT	14691	168101	172987	3832	2087	122.082550126	0.0222877516242	0.0119206735438	0.0103670780804
AGCC	905	9194	8966	198	98	7.40467375529	0.0210817717206	0.0108120035305	0.0102697681902
AAGT	9137	91738	96894	2032	1167	61.7726724088	0.021670043724	0.0119007556521	0.00976928807191
AACC	5234	47955	47087	992	528	29.5250059773	0.0202668192126	0.0110889425601	0.0091778766525
CGGA	926	10483	10539	183	91	7.43293901911	0.0171573223326	0.00856067732832	0.00859664500433
GTAA	11120	109777	112788	1322	427	105.18216466	0.0118992970234	0.00377158503732	0.00812771198606
CTAA	8154	90519	90462	1098	366	79.9018427852	0.0119846753332	0.0040295943982	0.00795508093498
AAAC	12859	104847	108410	1512	700	71.2239526967	0.0142160042874	0.00641554394648	0.00780046034089
TGGT	5872	69416	72263	1382	857	32.0943949965	0.0195203254329	0.0117204595186	0.00779986591432
CGAA	3246	33213	33857	398	143	27.8957808585	0.011841361459	0.00420588235294	0.0076354791061
TTAA	31912	233538	237573	2508	746	213.679176594	0.0106250476602	0.00313025818336	0.00749478947684
CNAA	32817	320363	322980	3746	1325	254.707862899	0.0115578401093	0.00408566010391	0.00747218000543
ANCC	13627	129590	126681	2337	1313	57.8333048997	0.0177143420225	0.0102582933575	0.00745604866498
CAAA	16745	144770	147746	1638	570	117.320750022	0.0111879132288	0.0038431457159	0.00734476751288
CGGN	2488	30023	30147	456	232	16.7481161636	0.0149611207717	0.007636854406	0.00732426636567
ATCC	4718	49514	49025	835	459	23.6116081545	0.0165842419909	0.00927572548703	0.00730851650388
TTCC	6939	67424	65606	1089	580	31.4294924243	0.0158947936888	0.00876318254616	0.00713161114263
NTAA	112831	855425	875662	8955	2888	9223372036854775807	0.01036002684	0.003287234648	0.00707279219205
CCAA	4672	51861	50915	612	246	33.1956700611	0.011663141044	0.00480835011044	0.00685479093353
TCAA	10375	92922	94882	969	335	70.496955578	0.0103204780011	0.00351827929886	0.00680219870222
NGCC	3139	35416	35393	591	348	14.3298676403	0.0164134751576	0.00973671693573	0.00667675822188
NTCC	15492	162520	158421	2563	1416	66.0066920542	0.0155255235245	0.00885902513185	0.00666649839268
GTCC	1606	20139	19256	328	183	8.24901774735	0.0160257976254	0.00941406450949	0.00661173311595
ATAA	61645	421591	434839	4027	1349	9223372036854775807	0.00946153593128	0.00309270314635	0.00636883278493
TGAA	16088	138122	141296	1408	531	91.1030902066	0.0100910198524	0.00374399796936	0.006347021883
TNAA	105917	769099	796393	7491	2685	9223372036854775807	0.00964601655957	0.00336012254123	0.00628589401835
AANC	29156	257740	261322	3730	2213	88.9786707212	0.01426549891	0.0083973665737	0.00586813233631
NCAA	35555	329136	334185	3287	1377	176.365257252	0.0098880041393	0.00410356357394	0.00578444056536
GGGN	6777	63122	65480	1165	827	16.0029601985	0.018121859785	0.0124722879937	0.0056495717913
CCGT	949	11162	11190	146	82	4.5149584781	0.0129112133003	0.00727466288148	0.00563655041884
NNAA	376991	2756120	2863727	25141	9835	9223372036854775807	0.00903942492272	0.00342258145117	0.00561684347155
GNAA	40720	366512	378323	3553	1546	185.79384143	0.00960101603772	0.00406982407093	0.00553119196679
CGNA	7555	79378	80446	960	526	29.56332327	0.0119495133063	0.00649607271649	0.00545344058979
TGCC	1373	15648	15210	231	140	4.9116210871	0.0145475155866	0.00912052117264	0.00542699441399
GGGA	2139	20769	21718	295	192	6.43775920902	0.0140049373338	0.00876312186216	0.00524181547168
TAAA	47542	304517	322642	2606	1073	159.138138154	0.00848519974082	0.00331464405418	0.00517055568664
NGAA	43332	381899	390811	3578	1620	170.365841064	0.00928200644915	0.00412811424174	0.00515389220741
ACAA	17132	150849	154067	1386	627	66.4138541027	0.00910434525569	0.0040531630186	0.00505118223709
CGCN	2292	26100	27131	345	223	7.44430574629	0.0130459444129	0.00815237259633	0.0048935718166
ANAA	197537	1300146	1366031	10351	4279	9223372036854775807	0.00789853009965	0.00312265107895	0.0047758790207
GNGT	11404	109819	111529	1885	1366	20.4953081881	0.0168749552388	0.0120997386952	0.0047752165436
NNCC	40099	436352	426717	6963	4746	80.9581536342	0.0157066645613	0.0109997844543	0.00470688010703
NAAA	185273	1189660	1263069	9321	3950	9223372036854775807	0.00777410150786	0.00311755388041	0.00465654762746
TNCC	15190	162169	157154	2575	1748	29.6518277446	0.0156303112708	0.0110004908686	0.00462982040223
GAAA	19285	158048	162779	1320	602	63.7279194537	0.00828271673109	0.00368463897271	0.00459807775838
GCAA	3376	33504	34321	320	169	11.667392737	0.00946073793756	0.00489997100609	0.00456076693147
NAAC	33091	316859	319002	3533	2107	80.9558608131	0.0110271167819	0.00656163483428	0.00446548194766
NGGN	40099	425175	438362	6480	4675	76.2930103874	0.015011988741	0.0105521660719	0.0044598226691
AGGN	15688	162763	165542	2554	1861	26.9571248056	0.0154491068674	0.0111168855994	0.00433222126799
CTCC	2229	25443	24534	311	194	5.6485204636	0.0120757940514	0.00784535748949	0.00423043656192
CGAN	7510	82295	82189	846	493	20.916046789	0.0101754850194	0.0059626037106	0.00421288130882
NAGT	22244	247590	256461	4315	3379	33.041962738	0.0171294734126	0.0130041564039	0.00412531700866
AAGC	2950	28047	28575	393	281	5.14873173582	0.0138185654008	0.00973800942612	0.00408055597473
GTNA	29595	312896	319626	3296	2052	69.3858776671	0.0104240461492	0.00637904985731	0.00404499629186
AGAA	17059	145381	147223	1181	598	43.9389871702	0.00805802322567	0.00404543332815	0.00401258989752
GAAC	5235	48340	48235	618	419	8.9221057638	0.0126230646677	0.00861183047643	0.00401123419125
ATGG	6332	66720	69992	797	550	13.3465520958	0.0118044344387	0.00779677355334	0.00400766088539
CTNA	23803	252664	250245	2653	1618	53.0701240816	0.0103910041243	0.0064241274026	0.00396687672169
ATCG	2471	26423	26618	354	249	4.76879362158	0.0132203010046	0.0092678750884	0.0039524259162
GGAA	6939	65183	68435	591	348	17.1548082192	0.0089853133457	0.00505938967477	0.00392592367092
AAAA	101701	582325	629902	3757	1705	204.976542309	0.00641036578499	0.00269946343217	0.00371090235283
TTGA	10375	93620	93565	868	518	19.9703776685	0.00918635170604	0.00550577681409	0.00368057489195
ANAC	35675	330885	331093	3462	2229	58.8984399419	0.0103545119292	0.00668722736573	0.00366728456349
CAAN	35555	329489	335066	3237	2052	62.7894786077	0.0097287257383	0.0060868894571	0.00364183628119
CNNA	91351	911799	903962	9942	6512	148.995704894	0.010786110198	0.00715231846269	0.00363379173529
TGGN	15146	169267	177193	2305	1755	22.8928803967	0.0134345930571	0.00980731832711	0.00362727473003
CGNT	7191	76837	77098	799	522	13.6042213174	0.0102916172909	0.00672507085803	0.00356654643292
CTCA	3322	34631	33982	496	365	4.43444826174	0.0141201924446	0.0106268378607	0.0034933545839
CNCC	6774	81847	81291	1125	829	10.0491521346	0.0135587909174	0.0100949829518	0.00346380796564
GTGA	4730	54848	55821	584	398	9.11555362671	0.0105354307981	0.00707945712304	0.00345597367506
CAAC	4812	51776	52801	495	320	9.66693963166	0.0094698781351	0.00602398298225	0.00344589515286
AAGG	6738	64658	68087	796	600	9.12022430906	0.0121612124545	0.00873527741785	0.0034259350367
ANGT	37512	373115	382662	6176	4998	34.470497605	0.0162830122518	0.0128927410618	0.00339027119005
ANGG	16967	162859	169575	1933	1433	21.6288562985	0.0117299383465	0.00837972492515	0.00335021342137
CANA	47796	439603	436679	4918	3411	57.7395872397	0.0110635942959	0.0077506873594	0.00331290693648
CGNN	20644	228301	229627	2411	1653	32.4804294442	0.0104502583307	0.00714718090626	0.00330307742447
NACC	14691	172562	169241	2982	2352	14.3536430664	0.0169871940938	0.0137068528436	0.00328034125014
CNGT	7065	80044	78039	1006	721	9.45105389607	0.0124120913017	0.00915439309294	0.00325769820873
ANNC	82139	778645	773828	8964	6444	86.6153728625	0.0113812818289	0.00825865851908	0.00312262330985
CNGA	8081	83016	83322	827	572	11.0733772239	0.00986367377122	0.00681812763726	0.00304554613396
NTNA	301509	2452057	2463442	22894	15439	9223372036854775807	0.00925028414704	0.00622821345599	0.00302207069105
CCNA	12197	140154	136592	1411	957	17.2751532831	0.00996715289796	0.00695752059266	0.0030096323053
AAGN	36376	345478	357901	4298	3358	33.5725225292	0.0122878642331	0.00929527015244	0.00299259408067
TCGA	2388	26078	26335	214	137	4.44848623702	0.00813935797961	0.00517527954065	0.00296407843897
CNGG	3856	41690	41954	467	349	4.50746223858	0.0110776383519	0.00825000590975	0.00282763244213
ATNA	142194	1102305	1116411	9676	6626	132.919139566	0.00870158752713	0.00590007274916	0.00280151477796
TTGG	4672	50503	52266	568	439	5.28284957191	0.0111217716512	0.00832938051418	0.00279239113705
NNGT	91044	928216	940732	13308	10935	58.103764879	0.0141345308245	0.0114903637512	0.00264416707331
ATAC	14136	130237	126434	1206	832	13.4092055821	0.00917507969234	0.0065374884101	0.00263759128224
TTNA	105917	784192	777160	7269	5143	75.6765356101	0.0091842807163	0.0065741790585	0.0026101016578
NCCC	6777	65854	63662	827	630	5.09496166532	0.0124023334983	0.00979904187146	0.00260329162684
CAGN	8783	93136	93113	1038	791	7.968997004	0.0110221504874	0.00842349633668	0.00259865415071
CNGN	22542	246766	245277	2622	1970	20.0907250379	0.0105137376297	0.00796774076126	0.00254599686845
CNAN	81865	854666	848050	7507	5264	82.5045697568	0.00870706923089	0.00616888976391	0.00253817946698
NTGG	15146	170266	177630	1816	1437	14.2075068106	0.0105531084018	0.00802492921644	0.00252817918537
NCGT	8354	89754	90076	987	762	7.18737135902	0.0108771117797	0.00838855985381	0.00248855192587
ATNC	34745	325697	319852	3395	2545	24.0222530733	0.010316264145	0.00789399405081	0.00242227009417
ANCG	7191	76751	76646	952	764	5.08786807566	0.0122517792106	0.00986952590105	0.00238225330954
CATT	16815	158297	149122	1412	971	13.2975339579	0.00884107971373	0.00646932235347	0.00237175736026
GTAN	33498	331286	337955	2764	2040	27.8169125585	0.00827421044754	0.00600008823659	0.00227412221095
NANC	86905	887784	882923	10386	8284	49.6306098288	0.0115635124754	0.00929525912611	0.00226825334926
NAGG	15688	163747	166643	1799	1455	10.0407212731	0.0108670701799	0.00865566514771	0.00221140503218
GNGA	11808	125278	127275	1292	1028	8.21573524625	0.0102077901556	0.00801228342284	0.00219550673281
GNNA	93176	916820	938541	8607	6750	59.4404983643	0.00930057151996	0.00714065827348	0.00215991324647
NTGA	37923	361408	367629	3145	2404	25.2011049917	0.00862700348098	0.0064967178603	0.00213028562068
TNGG	12197	137301	140857	1387	1125	8.23610812342	0.0100008652515	0.00792353960361	0.00207732564789
CANN	109495	1085048	1067751	11378	9016	52.2068943241	0.010377353328	0.00837321351787	0.00200413981012
NNGG	40099	428072	440253	4579	3810	21.1995324034	0.0105835881577	0.00857986366799	0.00200372448967
TAAC	10185	111896	109556	908	668	7.6218752203	0.00804935995177	0.0060603861228	0.00198897382897
TGNA	43732	397142	404972	3570	2839	22.2117640517	0.00890914172772	0.00696155817278	0.00194758355494
TCGN	7510	81602	83069	661	509	5.59010303406	0.00803520416226	0.00609011940941	0.00194508475285
NNAC	91043	946259	938169	8295	6408	49.971747427	0.00868992220451	0.00678398902366	0.00190593318085
GTGN	15103	171343	174024	1799	1490	8.14789751023	0.0103903154636	0.00848935127682	0.00190096418679
GNGN	34114	365321	371434	4440	3815	13.4599120217	0.0120077563615	0.0101665827224	0.00184117363914
TGAN	37923	361423	368318	3028	2403	19.1640353133	0.00830838713572	0.00648196352513	0.00182642361059
TCNA	26826	261081	260374	2286	1799	13.1551172001	0.00867990294912	0.00686188127687	0.00181802167225
CTAN	23654	264592	260895	2085	1589	13.9113710132	0.00781844703518	0.0060537023209	0.00176474471427
NGNA	102993	983261	1004608	8842	7243	43.2364618677	0.00891238107334	0.00715816854458	0.00175421252876
GNAC	13142	138051	138594	1378	1137	5.93448854307	0.00988316634273	0.00813706335745	0.00174610298528
CANC	15705	177349	176323	1784	1464	7.19352380505	0.00995908068307	0.00823457283153	0.00172450785153
ANGN	110472	1069661	1095936	12462	10838	34.6843987227	0.0115162509253	0.00979242374685	0.00172382717841
ATCA	14953	151843	148197	1909	1603	4.96753993409	0.0124160986524	0.0107009345794	0.00171516407294
NCGN	20644	228882	229027	2118	1744	8.69521557102	0.00916883116883	0.00755727539422	0.00161155577461
NGAN	94004	913855	930630	7736	6358	35.8452652759	0.00839417919663	0.00678557249399	0.00160860670264
GNAN	102993	984433	1007124	8167	6712	39.4096569639	0.00822788635906	0.00662040014361	0.00160748621544
TNGA	26826	259184	261777	2257	1853	10.3253485723	0.00863292291569	0.00702879035011	0.00160413256557
NTCA	37923	365826	360950	4341	3697	10.1949390331	0.0117271393722	0.0101385723727	0.0015885669995
NGGA	15492	157960	163812	1676	1479	5.14643763461	0.0104988849633	0.00894785560012	0.00155102936317
NAAN	376992	2756013	2868048	22204	18654	101.903752963	0.00799217627709	0.00646204561468	0.0015301306624
GAAN	43332	382082	391223	3171	2645	14.0601211453	0.00823095472326	0.006715447815	0.00151550690826
AAAN	185273	1186067	1265402	9360	8073	43.6252928204	0.00782983820844	0.00633934706217	0.00149049114627
NAGN	78755	803187	819191	9348	8288	19.5863745925	0.0115047351806	0.0100159641514	0.00148877102928
NCNA	81865	854027	843709	7683	6339	25.4257494957	0.00891599261933	0.00745722594489	0.00145876667444
AGNT	24116	257856	260684	3090	2741	6.1204477663	0.0118415304316	0.0104052386827	0.00143629174885
ANNA	413282	3151712	3235519	24417	20421	102.473475721	0.00768766004152	0.00627192147275	0.00141573856876
NTAC	33498	339044	332750	2726	2200	10.9743041097	0.00797612429412	0.00656814449918	0.00140797979494
NTNC	102993	1002024	986928	9937	8434	22.8479857511	0.00981954838181	0.00847329916151	0.00134624922029
GANA	40612	365279	373685	3122	2700	9.6973478531	0.00847446125282	0.00717350585172	0.0013009554011
CATN	50054	486074	469626	4590	3824	10.7782401893	0.00935467040582	0.00807688245855	0.00127778794727
CATA	20493	186923	182146	1901	1619	4.10659826994	0.0100675761556	0.00881016515659	0.00125741099899
TNGN	81865	843433	852895	8574	7615	15.6191609422	0.010063297602	0.00884940326086	0.00121389434116
CNTA	36857	364640	357783	3395	2890	7.62096886477	0.0092246661323	0.00801279829652	0.00121186783578
ATAN	204641	1314682	1312388	10867	9249	28.5569551689	0.00819811263107	0.0069981394286	0.00119997320247
ANAN	468748	3240033	3315360	25700	22331	70.3212690594	0.00786959619785	0.00669055343949	0.00117904275836
ATCN	31379	318500	312921	3934	3491	4.85164436798	0.0122009465503	0.0110330834482	0.00116786310214
TNGT	35063	365238	368502	4241	3850	5.605822985	0.0114783248845	0.0103396785837	0.00113864630079
NGNT	86906	879051	888009	9252	8341	13.1815752504	0.0104153650275	0.00930551681821	0.00110984820927
NTAN	374624	2779525	2775235	21184	18088	52.855384434	0.00756379902375	0.0064754416156	0.00108835740815
CNTT	43026	399809	384445	2852	2326	8.35533642959	0.00708288113326	0.00601389452674	0.00106898660653
AGNA	36516	349742	355933	2857	2535	6.23424037151	0.00810268889021	0.00707176093821	0.001030927952
TTNC	40720	373394	369685	3821	3402	5.11153388313	0.010129501743	0.00911851659264	0.00101098515039
TNNA	357306	2544176	2544712	23307	20773	32.6317705035	0.00907776215071	0.00809710444614	0.000980657704575
NNGA	94004	914059	929144	7795	7002	13.11766506	0.00845578584027	0.00747960254063	0.000976183299645
TTGN	35555	331821	330167	2823	2485	5.01720090747	0.0084358303152	0.00747026923031	0.000965561084894
AGAN	33079	311945	316266	2431	2177	4.53274156458	0.00773277858361	0.00683638830183	0.000896390281776
GTNN	91043	932142	940355	8146	7361	11.0221496548	0.00866330315818	0.00776709478367	0.000896208374512
CNNC	40613	474742	464822	4002	3546	4.77299550159	0.0083593736945	0.00757096983568	0.000788403858816
TAAN	112832	858375	876357	6436	5884	8.95641227212	0.00744208850257	0.00666937945527	0.000772709047301
AGNN	78755	804390	817739	7713	7223	6.20591485846	0.00949756373268	0.00875555480131	0.000742008931367
NTGN	109495	1067937	1078962	10152	9531	6.50638098668	0.00941666226072	0.00875614266697	0.000660519593751
NANA	468748	3235162	3310975	26854	25435	17.9212029201	0.00823233239812	0.00762346354315	0.000608868854975
TNAN	301509	2457651	2471795	17061	15706	14.8096923873	0.00689413556002	0.00631396731097	0.000580168249049
CTNN	78755	820272	802670	6551	5956	4.35198164094	0.00792309841405	0.00736558062689	0.000557517787159
AANA	199509	1328519	1398405	8632	8332	7.71387565024	0.00645551624312	0.00592292660249	0.000532589640632
AANN	376993	2749730	2870203	23423	22901	11.6141950464	0.00844634248453	0.00791571958699	0.000530622897539
ATNN	408326	3030230	3013178	25290	23575	11.9082497945	0.00827682358486	0.00776322605098	0.000513597533874
