#Sequence	Occurrence	Forward Match	Backward Match	Forward Mismatch	Backward Mismatch	Strand Bias Score	FER (Forward Error Rate)	RER (Reverse Error Rate), ERD (Error rate Difference)
AGGT	10009	546368	558858	7780	1756	9223372036854775807	0.0140395706562	0.00313227996447	0.0109072906917
GGGT	3424	209495	223607	2991	851	289.073529158	0.0140762214922	0.00379135517558	0.0102848663167
AAGT	22807	1240380	1250093	14921	3350	9223372036854775807	0.011886392188	0.00267263848456	0.00921375370345
NGGT	27745	1579302	1599285	18018	3841	9223372036854775807	0.0112801442416	0.00239594392456	0.00888420031705
CGGT	1571	86089	84818	859	156	104.013250511	0.00987946818788	0.0018358556735	0.00804361251438
TGGT	12741	737350	732002	6388	1078	9223372036854775807	0.00858904614259	0.00147050799367	0.00711853814892
NAGT	51619	2879000	2874573	25844	5827	9223372036854775807	0.00889686330832	0.00202298291904	0.00687388038928
GAGT	5376	301819	299505	2300	499	248.847009785	0.00756282902416	0.00166331115585	0.00589951786831
ANGT	90674	4880969	4889874	36349	8758	9223372036854775807	0.00739203769209	0.00178784607621	0.00560419161588
GNGT	23061	1276938	1276089	9263	2312	9223372036854775807	0.00720182926308	0.00180850922363	0.00539332003945
TAGT	18065	1040198	1026116	6795	1491	9223372036854775807	0.00649001473744	0.00145094379466	0.00503907094278
NNGT	213364	11914569	11829591	74026	17772	9223372036854775807	0.00617470187291	0.00150008065086	0.00467462122205
CAGT	5371	296603	298859	1828	487	171.523525858	0.00612536901327	0.00162687993158	0.00449848908169
GCGT	1396	74030	71223	482	145	37.4011105154	0.00646875671033	0.00203172290102	0.00443703380931
ACGT	6370	341429	341531	2037	546	187.596892818	0.00593071803323	0.00159613186505	0.00433458616818
GTGT	12865	691594	681754	3490	817	9223372036854775807	0.00502097588205	0.00119694507971	0.00382403080235
TNGT	82669	4806684	4714804	23708	5426	9223372036854775807	0.00490809027507	0.00114952025643	0.00375857001865
NCGT	17194	964359	963293	4801	1315	9223372036854775807	0.00495377440258	0.0013632480759	0.00359052632667
CNGT	16960	949978	948824	4706	1276	9223372036854775807	0.00492937977383	0.00134301652458	0.00358636324925
CCGT	1938	106227	107862	534	156	47.1034083742	0.00500182650968	0.00144420374382	0.00355762276586
GGGN	11572	644217	670729	4527	2415	159.241805655	0.00697809921941	0.0035876424658	0.00339045675361
AGGN	34106	1919582	1971562	11874	5775	9223372036854775807	0.00614769376056	0.00292059471906	0.0032270990415
ATGT	51488	2752792	2739392	11611	3106	9223372036854775807	0.00420018354777	0.00113254412583	0.00306763942194
NGGN	84966	4802427	4890413	27497	12991	9223372036854775807	0.00569305024261	0.00264938397897	0.00304366626365
TTTC	57916	3335512	3283226	34741	24298	9223372036854775807	0.0103081282028	0.00734628078285	0.00296184741999
TCGT	7490	442673	442677	1748	468	161.431279021	0.00393320747669	0.00105608773652	0.00287711974017
NTGT	116806	6491908	6392440	25363	6789	9223372036854775807	0.00389165956119	0.00106090905639	0.0028307505048
TGGN	34808	1992361	2000418	9876	4259	9223372036854775807	0.00493248301774	0.00212453178243	0.00280795123532
CGGN	4480	246267	247704	1220	542	58.4481002018	0.00492955185525	0.00218331816021	0.00274623369504
TTGT	44373	2586463	2514009	8777	2389	9223372036854775807	0.00338196082058	0.000949372873448	0.00243258794713
TTTG	45528	2636863	2546473	23520	16608	208.822695395	0.00884083231625	0.00647970157791	0.00236113073834
AAAC	32030	1776484	1825281	15857	12122	131.791735597	0.00884708880732	0.00659735507126	0.00224973373606
CTGT	8080	461059	457285	1485	477	111.660001055	0.00321050537895	0.00104202620576	0.00216847917319
AAGN	98588	5574842	5584659	22641	10717	9223372036854775807	0.00404485373158	0.0019153315166	0.00212952221498
AGNT	61696	3525301	3509225	15177	7601	9223372036854775807	0.00428670930874	0.00216132387556	0.00212538543318
GGNT	28010	1658710	1675233	6502	3329	230.059184148	0.00390460794181	0.00198324518248	0.00192136275933
TTNC	112637	6409751	6318597	46032	33401	9223372036854775807	0.00713035119055	0.00525834548437	0.00187200570619
NAGN	199803	11382600	11378171	40054	20131	9223372036854775807	0.00350654059906	0.00176614025493	0.00174040034413
GNGN	69389	3891012	3878550	15163	8587	9223372036854775807	0.00388180253061	0.00220908087366	0.00167272165695
ANGN	283232	16057071	16112956	57108	30959	9223372036854775807	0.00354395963952	0.0019176884913	0.00162627114822
TNGN	202808	11738299	11591482	39276	20308	9223372036854775807	0.00333481213238	0.0017489120971	0.00158590003528
GGCT	2187	116763	117174	366	183	14.2065136631	0.00312475988013	0.00155934456402	0.00156541531611
CCGN	4480	247923	249111	789	406	27.9971029448	0.00317234391585	0.00162714364152	0.00154520027434
TAGN	56707	3261667	3240817	10319	5258	9223372036854775807	0.00315374210036	0.00161980237672	0.00153393972365
TNTC	115757	6758220	6712259	44991	34659	275.898134187	0.00661320073712	0.00513701218838	0.00147618854874
NGNT	213704	12547977	12399489	39228	20551	9223372036854775807	0.00311649806291	0.00165466455825	0.00146183350467
GCGN	3786	203135	197305	735	428	16.5914756767	0.00360523863246	0.00216453500427	0.00144070362819
CCTG	3494	209481	202257	2511	2130	4.88346576265	0.0118447865957	0.0104214064495	0.00142338014619
GTGN	30774	1716427	1693168	5945	3494	132.060423116	0.00345163530294	0.00205933768777	0.00139229761518
TTNG	83490	4856917	4752951	29790	22667	178.451079015	0.00609612976591	0.00474640140815	0.00134972835776
ANAC	89412	4805322	4864833	32194	26269	147.296460672	0.00665506842768	0.00537077329403	0.00128429513365
NCGN	42064	2390155	2389153	7100	4041	183.123762699	0.0029617208015	0.00168853841352	0.00127318238798
GAGN	23257	1327233	1317348	3956	2250	100.165328974	0.00297177936416	0.00170506472426	0.00126671463991
ACGN	17194	962259	963286	2951	1738	69.4892699168	0.0030573657546	0.00180099147793	0.00125637427667
TTGN	94689	5507433	5370796	16456	9322	9223372036854775807	0.00297906058576	0.00173267575172	0.00124638483404
TCGN	16604	976838	979451	2625	1469	72.636841971	0.00268003998109	0.00149757370632	0.00118246627478
CGNT	15720	916312	910495	2336	1266	68.6342422296	0.00254286734418	0.0013885217727	0.00115434557148
NTTC	124857	7208719	7197474	51605	43203	159.304010292	0.00710780951374	0.00596670725679	0.00114110225694
TTAC	27579	1526166	1517637	7178	5420	52.1682330304	0.00468127178246	0.00355863240837	0.00112263937408
NAAC	79227	4451961	4533745	29224	24728	100.899108289	0.00652148929357	0.00542462355267	0.0010968657409
CNGN	51462	2944409	2958352	7993	4802	177.161370217	0.00270728715128	0.00162057051372	0.00108671663756
NTGN	280058	16055609	15883603	44889	27493	9223372036854775807	0.00278805040689	0.00172791365221	0.00106013675468
AGAC	6226	353213	351882	1594	1215	11.6477133644	0.00449258329176	0.00344098080697	0.00105160248479
TGNT	108278	6447654	6304536	15213	8355	9223372036854775807	0.00235390887666	0.00132348237915	0.00103042649751
CAGN	21251	1218858	1235347	3138	1906	70.0893580166	0.00256792984592	0.00154050949967	0.00102742034625
AANC	73527	4163339	4253321	22882	19083	94.2777051564	0.0054660277133	0.00446657198149	0.000999455731812
GGAT	12657	744567	746221	2438	1695	30.3695910256	0.0032636997075	0.00226629728472	0.000997402422777
ATGN	133344	7600388	7593449	19642	12729	9223372036854775807	0.00257768014037	0.00167350803518	0.000904172105188
TNNC	240360	13748684	13668830	69647	57315	245.196678364	0.00504018900691	0.00417560793653	0.000864581070374
TATT	187747	10134876	9922747	20819	11870	9223372036854775807	0.00204998279291	0.00119481203956	0.000855170753348
ATAC	38291	1998098	1998030	12275	10637	26.3747691426	0.0061058321018	0.00529555172659	0.000810280375211
CGAT	5751	346653	344756	927	644	11.5857989011	0.00266701191093	0.00186450492183	0.000802506989097
NNAC	213363	11770429	11894102	61306	52947	153.206691235	0.00518148859825	0.00443180571202	0.000749682886227
NTAC	85108	4593858	4596084	23313	19850	61.6998170247	0.0050491957088	0.00430032145174	0.000748874257064
AGAT	26906	1598928	1581474	5268	4049	32.8247732898	0.00328388800371	0.00255373148166	0.000730156522048
CTTC	18016	1067020	1089855	4281	3572	18.2993482464	0.00399607579943	0.00326679330216	0.000729282497266
NTNC	274870	15488696	15436587	83577	71936	181.419708691	0.00536703922414	0.00463848169165	0.000728557532491
CTGN	21251	1231361	1226190	2846	1948	36.768662542	0.00230593409371	0.00158614097113	0.000719793122585
GNNT	209413	11850426	11723918	32078	23585	262.911510825	0.00269959934371	0.00200766069181	0.000691938651899
TCAC	10022	579522	592046	1512	1143	13.8133259532	0.00260225735499	0.00192687322253	0.00067538413246
GAAC	12354	716237	724189	3790	3348	7.85074243333	0.00526369150046	0.00460182781082	0.000661863689638
GTNT	89412	4921280	4851983	11753	8380	113.70348848	0.0023825099082	0.00172415105621	0.000658358851997
NTTG	94690	5484290	5350745	34346	29953	44.7553661778	0.00622363931957	0.00556674989007	0.000656889429501
TACC	10963	616105	610826	1473	1104	11.6646355639	0.00238512382242	0.00180412792313	0.000580995899287
NGCT	20425	1135395	1127766	2401	1739	23.023847069	0.00211022010976	0.00153961248512	0.000570607624641
TGGA	15238	885796	892792	2744	2261	11.8456568572	0.00308821212326	0.00252610739252	0.000562104730735
TGCT	9821	553464	544285	984	661	13.5102389748	0.00177473811791	0.00121296422031	0.000561773897604
NNTC	252670	14736380	14799975	71617	64255	94.6028716145	0.00483637321104	0.0043227937135	0.000513579497544
ANNT	1058446	54228266	54215355	172550	144560	9223372036854775807	0.00317182742259	0.00265931247317	0.000512514949418
TNAC	68673	3844370	3854740	17088	15165	27.0391766626	0.00442527149072	0.00391870084666	0.000506570644055
CAAC	10991	635468	653474	2582	2324	5.45626191418	0.0040467048037	0.00354377414997	0.000502930653732
TTCC	18835	1086361	1064979	2710	2120	14.1256155655	0.0024883593448	0.00198669476778	0.000501664577022
AACC	9742	584644	582889	1370	1077	8.23655169709	0.0023378281065	0.00184428545498	0.000493542651521
NGAT	86304	5243047	5174412	13363	10643	60.5032912481	0.0025422293923	0.00205263010711	0.000489599285198
ATNT	595953	29213562	28826651	55498	40603	9223372036854775807	0.00189613195641	0.00140654182071	0.000489590135699
TANT	364354	19970404	19651463	53815	43445	206.262317424	0.00268749557723	0.00220590012403	0.000481595453199
ATAT	353454	15865632	15794801	35593	27967	192.481382605	0.00223838100524	0.00176751627781	0.000470864727428
GCNT	22689	1238332	1228438	2637	2052	15.7859518018	0.00212495235578	0.00166762834318	0.0004573240126
GTAT	38291	2023826	2012366	3432	2492	32.306163611	0.0016929270966	0.00123681172569	0.000456115370911
TTGG	11678	673059	666656	1532	1214	8.16027884063	0.00227100569086	0.00181771901717	0.000453286673682
AANT	310123	16584232	16961821	89189	83470	74.8164575749	0.00534917219448	0.0048969536513	0.000452218543172
NACC	27746	1597245	1594464	3535	2816	18.3753580723	0.0022082984545	0.00176299709506	0.000445301359442
NATT	365272	20208311	19949013	33473	24493	278.629863582	0.00165365859057	0.00122627444576	0.000427384144809
TCTC	10406	592919	604833	1759	1542	4.81704437223	0.00295790326866	0.0025429808287	0.000414922439965
NANC	213701	12332499	12476869	49797	45290	59.5470499328	0.00402162894507	0.00361678844678	0.000404840498283
AGNN	199803	11397269	11389798	28650	24122	84.8828372654	0.00250745694941	0.00211338435875	0.000394072590667
NGGA	39437	2255373	2296331	6413	5630	15.2705329669	0.00283536992448	0.00244574082706	0.000389629097416
ANNC	209413	11643875	11769667	52831	48856	44.6975251482	0.00451674172199	0.0041338498897	0.000382891832283
NANT	833781	45812294	45822797	164785	147409	211.721879923	0.00358406848769	0.00320662039235	0.000377448095344
TNCC	37480	2126750	2090515	4906	4047	15.7871278482	0.00230149705206	0.00193214619572	0.000369350856337
NCAC	30774	1685926	1719025	4931	4407	9.64756277337	0.00291627263571	0.00255710698188	0.000359165653828
TCNC	26724	1524602	1543347	3850	3341	10.0985737578	0.00251888839165	0.00216009951587	0.000358788875785
TTTN	544591	29408539	28347420	129874	115008	96.3320522837	0.00439678326659	0.00404069533351	0.000356087933078
TNNT	1180947	65479051	64163434	117502	92325	9223372036854775807	0.00179128314867	0.00143683619082	0.000354446957851
NTNT	1354129	70621904	69301376	111117	85092	9223372036854775807	0.00157093530616	0.0012263486304	0.000344586675758
CTNC	34022	1978153	2007612	6285	5690	9.32484147152	0.00316714354392	0.00282620292435	0.000340940619565
TTNN	1087676	59733529	58381022	193484	169176	244.124274084	0.00322866083781	0.00288941806824	0.000339242769573
NTAT	599080	29141340	28920164	54366	44985	178.352910663	0.00186212314921	0.0015530733158	0.000309049833408
TNTT	583221	31624897	30694979	39116	28620	289.776785062	0.00123534562723	0.000931531491477	0.00030381413575
AGGA	17293	988252	1010960	2350	2096	5.26406643045	0.00237229482678	0.00206898730179	0.000303307524994
GANT	69302	4032104	3968264	11186	9824	15.7000754244	0.00276655891613	0.00246952807479	0.000297030841336
TNTG	125625	6993172	6869400	40962	38208	12.3851913532	0.00582331812274	0.00553129245319	0.000292025669552
TNGG	26068	1483283	1494017	2930	2523	8.07259286942	0.00197145362071	0.00168588878346	0.000285564837252
NTNG	202811	11713763	11560182	50767	46820	25.2868077396	0.00431525951313	0.0040337720283	0.000281487484832
CNTC	42254	2540062	2581306	7151	6562	8.58888986567	0.00280738202891	0.00253567801758	0.000271704011327
NTCC	39438	2292808	2265448	4864	4191	10.0503523396	0.00211692530527	0.00184654916487	0.000270376140398
ANCC	28010	1668320	1658241	3588	3119	7.32450148374	0.00214605109851	0.00187737757018	0.000268673528322
TTGA	30331	1786199	1737376	4744	4156	6.03896407892	0.00264888385616	0.00238640461387	0.00026247924229
TGTT	44726	2603941	2526288	3111	2361	18.6538501807	0.00119330185973	0.000933700169537	0.000259601690188
NGTT	79230	4590233	4498026	5446	4328	24.1085386509	0.00118502619526	0.000961274924184	0.000223751271075
NNCC	84966	4886609	4837411	10257	9083	13.9462660155	0.00209460499838	0.00187413829461	0.00022046670377
GGNN	84966	4825184	4902477	12211	11347	11.0835385814	0.00252429251694	0.00230919951549	0.000215093001454
TTNT	578464	31353946	30483276	37911	30290	142.59147132	0.00120766987439	0.000992673226066	0.000214996648322
GNAT	98350	5468873	5437501	14303	13053	11.8003090291	0.00260852469445	0.0023948024366	0.000213722257851
TNGA	75621	4428988	4371345	9976	8915	10.9947520268	0.00224737123347	0.0020352673129	0.000212103920569
TTAN	323541	17564587	17403201	32574	28664	47.8164143064	0.00185109404864	0.00164434499694	0.000206749051701
TTAA	95616	5129849	5134542	8568	7548	15.1834794125	0.00166743960251	0.00146788562627	0.000199553976235
AAGA	50126	2923311	2895192	4011	3418	9.94513568355	0.00137019432778	0.00117918588565	0.000191008442136
NAGA	93653	5457483	5405890	7615	6679	12.3736910391	0.00139338763916	0.00123397964996	0.000159407989201
TGAT	40990	2552899	2501961	4730	4255	4.27569526588	0.00184936908363	0.00169777864318	0.00015159044045
AGAN	93653	5446027	5406579	10906	10030	7.4600669639	0.00199855853096	0.0018517120213	0.000146846509652
ANAT	595953	28792840	29066192	112853	109952	16.1946139496	0.00390417901415	0.00376855831257	0.000135620701576
NNTT	1087680	59999481	58595125	69608	60054	108.997737332	0.0011587989956	0.00102384820955	0.000134950786053
NTAN	1064436	54428184	54334462	112879	106699	36.6157632276	0.00206961496148	0.00195989574873	0.00010971921275
ATAN	599080	28979453	29020895	66269	63768	12.1642332439	0.00228154080659	0.00219249574939	8.90450572025e-05
TTAT	182009	9825794	9676554	13344	12309	6.76347264942	0.00135621636773	0.00127042770653	8.57886612019e-05
AANN	1087680	58295989	59758579	184080	183560	16.1861238293	0.00314773910407	0.00306228644927	8.54526547991e-05
CNNT	236040	13616907	13597875	23803	22905	4.19077055411	0.00174499714458	0.00168162175734	6.33753872325e-05
AAAA	300622	15296640	16028571	13632	13276	8.69416831707	0.000890382613712	0.000827585501844	6.27971118679e-05
