#Sequence	Occurrence	Forward Match	Backward Match	Forward Mismatch	Backward Mismatch	Strand Bias Score	FER (Forward Error Rate)	RER (Reverse Error Rate), ERD (Error rate Difference)
GGGT	2770	21652	22692	463	99	55.2996886939	0.0209360162785	0.00434381992892	0.0165921963496
AGGT	5246	57011	58525	1161	241	135.954299818	0.0199580554219	0.00410101078855	0.0158570446333
NGGT	14691	160053	163661	2626	605	282.94911226	0.0161422187252	0.00368305066173	0.0124591680635
AAGT	9137	104522	105054	1618	462	140.665156303	0.0152440173356	0.00437848288411	0.0108655344515
TGGT	5872	71601	72476	887	227	87.1322250565	0.0122365081117	0.00312229206498	0.00911421604671
NAGT	22244	257374	258314	2999	900	246.574509679	0.0115180913536	0.00347203468948	0.00804605666407
ANGT	37512	431240	435065	4841	1415	9223372036854775807	0.0111011486398	0.00324184384164	0.00785930479817
CGGT	803	9789	9968	115	38	9.33585561066	0.0116114701131	0.00379772136718	0.00781374874591
GNGT	11404	123588	125897	1333	410	110.333911035	0.0106707439102	0.00324605920495	0.0074246847052
GAGT	2311	27468	27760	296	103	21.4457592339	0.0106612879988	0.00369665865126	0.00696462934759
NNGT	91044	1060318	1071881	9808	3132	9223372036854775807	0.00916527586471	0.00291345313964	0.00625182272507
TAGT	8598	98995	99099	852	228	79.1317054755	0.00853305557503	0.00229544836751	0.00623760720752
GGGN	6777	69396	70698	711	289	41.1532887499	0.010141640635	0.00407116796033	0.0060704726747
AGGN	15688	171542	173112	1658	693	88.5564282029	0.0095727482679	0.00398722706481	0.00558552120308
AAAC	12859	147463	145765	1844	1031	48.5862539685	0.012350392145	0.00702335213494	0.00532704001011
GTGT	5601	65817	66631	500	168	37.5325359664	0.00753954491307	0.0025150077097	0.00502453720337
ATGT	19907	231916	233681	1740	579	128.764671486	0.00744684493443	0.00247161273798	0.00497523219645
ACGT	3222	37791	37805	322	133	17.8284775514	0.0084485608585	0.00350571985872	0.00494284099978
TNGT	35063	418742	424281	3023	1027	219.680619124	0.00716749848849	0.00241472062599	0.0047527778625
CAGT	2198	26389	26401	233	107	10.8637335888	0.00875215986778	0.0040365172778	0.00471564258998
CCGT	949	11837	11829	84	29	6.38616268422	0.00704638872578	0.00244560634171	0.00460078238407
NGGN	40099	457227	461263	3919	1817	171.624690548	0.00849839313363	0.00392372808154	0.00457466505209
NCGT	8354	101401	101734	725	318	35.630864743	0.00709907369328	0.00311605847999	0.00398301521329
NTGT	45755	541490	548172	3458	1309	216.591421028	0.00634555957633	0.00238224797582	0.00396331160051
CNGT	7065	86748	86638	611	280	27.4567812461	0.00699412768003	0.0032214270922	0.00377270058783
TGGN	15146	185689	186511	1362	700	47.6550376624	0.00728143661354	0.00373909652745	0.0035423400861
GGNT	13627	141823	144875	956	459	41.1197308957	0.0066956625274	0.00315824239338	0.00353742013402
AANC	29156	335367	330113	2815	1603	68.8909114367	0.00832392025596	0.004832447033	0.00349147322295
AGNT	24116	282629	285288	2024	1069	66.8325568561	0.00711041162398	0.00373310238618	0.00337730923779
AAGN	36376	432506	430644	2763	1393	97.6045991711	0.00634779871757	0.00322426088506	0.00312353783251
ANAC	35675	414632	411049	3617	2310	60.9446201891	0.00864795851275	0.00558836265813	0.00305959585463
TCGT	3461	43122	43286	245	116	10.8558931786	0.00564945696036	0.00267268789457	0.00297676906579
TACC	4739	56596	56692	287	119	15.9464331954	0.00504544415731	0.00209466476563	0.00295077939168
TTGT	17132	205024	209420	1039	456	53.0223520855	0.00504214730447	0.00217271150584	0.00286943579862
ANGN	110472	1303042	1301938	7735	4093	243.234790385	0.00590108004642	0.00313392254855	0.00276715749787
ATCC	4718	58014	57733	247	88	17.0059860417	0.00423954274729	0.00152193839608	0.00271760435121
TTCC	6939	83460	85368	456	236	17.1176816363	0.00543400543401	0.0027568805196	0.0026771249144
AACC	5234	52236	51138	235	93	13.4661906041	0.0044786644051	0.00181530713826	0.00266335726684
NAAC	33091	382795	379602	3262	2247	39.6522082793	0.00844952947363	0.00588452503477	0.00256500443886
TNCC	15190	182215	185129	905	449	35.8630954206	0.00494211446046	0.00241946782485	0.00252264663561
ANCC	13627	144029	141942	632	265	32.3621881919	0.00436883472394	0.00186348070067	0.00250535402327
NAGN	78755	927609	926759	5130	2796	149.536503257	0.00549993084882	0.00300789087251	0.00249203997631
ATAC	14136	165644	164420	1262	849	17.7429827315	0.0075611421998	0.0051370795491	0.0024240626507
NACC	14691	163252	162051	716	320	33.156204387	0.00436670569867	0.00197079527748	0.00239591042119
NTCC	15492	188094	189660	877	427	35.4659532891	0.00464092373962	0.00224633983387	0.00239458390576
GNGN	34114	402098	404825	2312	1351	57.1027977597	0.00571697040133	0.00332614433152	0.0023908260698
NGNT	86906	1022796	1033607	5408	3056	148.132995868	0.00525965664401	0.00294792039457	0.00231173624944
TAGN	23654	269730	269615	1374	769	37.9788192102	0.00506816572238	0.00284410320137	0.00222406252101
NNCC	40099	460271	460090	2000	988	75.3193653974	0.0043264665099	0.00214280447126	0.00218366203864
TNGN	81865	976154	983713	5098	3110	108.802592042	0.00519540342338	0.00315152768024	0.00204387574314
ANNC	82139	955162	946248	6283	4318	76.0166321818	0.00653495519765	0.0045425567504	0.00199239844725
ATGN	50054	597263	596765	2801	1683	61.3145373772	0.00466783543089	0.00281227441649	0.0018555610144
CTGT	3115	38733	38440	179	106	4.5600378977	0.00460012335526	0.00274996108546	0.00185016226981
NANC	86905	1027750	1019822	6074	4136	77.5666077219	0.00587527470827	0.00403922817147	0.0018360465368
ACGN	8354	101731	101417	513	324	9.92311917687	0.00501740933453	0.00318455686498	0.00183285246955
CACC	2673	33394	33548	118	58	5.11022540092	0.00352112676056	0.00172588228293	0.00179524447764
TTAC	11120	129027	129675	756	525	10.0941184015	0.005825108065	0.00403225806452	0.00179285000048
GTGN	15103	182659	183425	926	600	16.2905326417	0.00504398507503	0.00326042657248	0.00178355850256
NNAC	91043	1066809	1063347	6903	4989	66.4545551641	0.00642909830569	0.00466987913915	0.00175921916654
NTAC	33498	392533	392476	2413	1729	25.4322104704	0.00610969600907	0.00438604279499	0.00172365321408
AATC	8113	100051	98306	503	324	8.50403781593	0.0050022873282	0.00328500456251	0.0017172827657
NTGN	109495	1311151	1317898	6143	3972	104.563409517	0.00466334774166	0.00300483406084	0.00165851368082
GNCC	4508	49732	49080	193	110	5.35094057501	0.00386579869805	0.00223622687538	0.00162957182267
GAGN	9942	121594	122387	545	349	10.4058085176	0.00446212921344	0.00284350149915	0.00161862771428
CAGN	8783	103779	104113	448	285	8.74869653012	0.00429831041861	0.00272993735512	0.00156837306348
TGNT	41972	509851	514130	2048	1266	42.5034791112	0.00400078921819	0.00245636365047	0.00154442556771
NCCC	6777	70601	70074	257	150	6.63312338492	0.00362697225437	0.00213602187286	0.0014909503815
TTGN	35555	427252	433676	1990	1375	27.3994421884	0.00463607941441	0.00316054899311	0.0014755304213
ACNC	11404	125323	124050	602	422	7.22292505737	0.00478062338694	0.0033903207147	0.00139030267224
AAGG	6738	80070	79431	357	243	5.18107984358	0.00443880786303	0.00304992845847	0.00138887940456
NCGN	20644	254615	254375	1162	809	14.5279736569	0.00454301989624	0.0031702614584	0.00137275843784
CNGN	22542	269308	269819	1209	840	15.4644184896	0.00446922004902	0.00310353618391	0.00136568386511
CGNT	7191	88493	89314	380	262	5.6401600282	0.00427576429287	0.0029248905957	0.00135087369717
TTAA	31912	371502	372516	1363	869	24.9890654151	0.0036554785244	0.00232735648192	0.00132812204248
ATNC	34745	415008	413201	2513	1971	14.5949569598	0.00601885893165	0.00474742998083	0.00127142895082
TNAC	29595	343501	343603	1952	1519	12.6145398722	0.00565055159457	0.00440134213409	0.00124920946049
CNCC	6774	84295	83939	270	164	6.21807888741	0.00319281026429	0.00194998989335	0.00124282037095
GNNT	82139	950982	962777	4017	2918	41.8359216212	0.004206287127	0.0030216579769	0.0011846291501
GTNT	35675	414170	418836	1468	988	22.504415305	0.00353191960312	0.00235336712527	0.00117855247784
TANC	30453	362000	359996	1915	1480	12.4432841945	0.00526221782559	0.00409432438115	0.00116789344444
NATC	31379	387122	384105	1636	1176	16.4723652568	0.00420827352749	0.00305231765906	0.00115595586843
TCGN	7510	93483	93911	372	266	4.58782242055	0.00396356081189	0.00282446881935	0.00113909199254
CTGN	8783	103977	104032	426	314	4.34691374876	0.00408034251889	0.003009219328	0.00107112319089
TATC	13242	161461	160072	730	551	5.81920170668	0.00450086626262	0.00343039290762	0.001070473355
GANC	11591	135177	134569	688	542	4.28325259937	0.00506385014536	0.00401151645684	0.00105233368853
TCAA	10375	125818	125085	395	262	6.39626717369	0.0031296300698	0.00209019761143	0.00103943245837
TTNC	40720	481946	487701	3783	3314	8.794062597	0.00778829347229	0.00674928464507	0.00103900882721
TNAA	105917	1236777	1232809	3771	2558	50.7090012942	0.00303978564312	0.00207063973702	0.000969145906102
TNNC	93176	1108408	1113641	6844	5789	21.1599457428	0.00613672963599	0.00517138186398	0.000965347772008
NTNC	102993	1225638	1232261	7768	6611	22.5304224253	0.0062980073066	0.00533630592991	0.000961701376686
ANGG	16967	193241	191589	696	509	6.70290588866	0.00358879429918	0.00264968922113	0.000939105078053
ATNT	202894	2253940	2260883	8259	6222	64.6559721164	0.00365087244756	0.00274446926808	0.000906403179486
NCAC	15103	182972	182718	721	557	5.22253557442	0.00392502708323	0.00303914882008	0.000885878263152
GGNN	40099	460014	462380	1949	1559	10.7016747306	0.0042189526001	0.00336035556399	0.000858597036114
TATT	62780	728831	732330	2184	1568	23.5858940976	0.00298762679288	0.00213653668493	0.000851090107949
AGNN	78755	929385	927937	3949	3190	18.2069502165	0.00423106840638	0.00342595585779	0.000805112548586
TGAA	16088	189928	189706	612	458	5.48228187478	0.00321192400546	0.00240844744536	0.000803476560095
TAAA	47542	549529	545502	1401	969	17.3448778935	0.00254297279146	0.00177319564991	0.000769777141555
NCNC	34114	404199	403016	1477	1167	8.50344454207	0.00364083652964	0.00288730599753	0.000753530532114
CANC	15705	195206	195144	656	511	4.5803326003	0.00334929695398	0.00261174005264	0.000737556901334
NAGG	15688	172378	173065	563	439	4.09413730644	0.00325544549875	0.00253020103283	0.000725244465925
NATT	122252	1440811	1448925	4110	3120	31.6941660125	0.00284444616695	0.00214869373883	0.000695752428123
ATAT	119282	1271635	1271796	5006	4136	18.9577272061	0.00392122765915	0.00324155205763	0.000679675601513
AAAA	101701	1181364	1165284	2796	1980	28.9227591045	0.00236116740981	0.00169627436467	0.000664893045141
NAAA	185273	2169756	2143975	5221	3773	48.0368677661	0.00240048515456	0.00175672378696	0.000643761367594
GNNC	33064	383940	384349	1912	1674	4.16209753319	0.0049552678229	0.00433652917054	0.000618738652354
AATT	34544	409093	410643	1263	1013	6.94130645458	0.00307781536032	0.00246079250636	0.000617022853957
NTAA	112831	1311612	1303774	4001	3178	20.4064955675	0.00304116788144	0.00243161187251	0.000609556008927
NGTT	33092	382001	386377	966	742	7.73166336906	0.00252241054712	0.00191672328147	0.000605687265651
ATAN	204641	2275509	2266772	8856	7475	25.2202661477	0.00387678851672	0.00328680218112	0.000589986335604
NNAA	376991	4441755	4398194	11758	9149	66.35880245	0.00264016294552	0.00207585386479	0.000564309080733
ANNT	369824	4204821	4212248	20070	17711	33.9101247666	0.00475041841316	0.00418703821952	0.000563380193642
GNTT	29156	332223	339356	810	638	6.00273868947	0.00243219140446	0.00187650370301	0.000555687701449
TGTT	17477	208953	211539	470	358	4.25449915263	0.00224426161405	0.00168950008731	0.000554761526747
NTNT	468748	5347948	5403246	15921	13118	66.2988081022	0.0029681932948	0.00242191994482	0.000546273349984
CNNC	40613	503545	504781	1621	1349	6.31398263394	0.00320884620105	0.00266532313832	0.000543523062727
NNTC	94004	1134240	1135806	6458	5942	5.56100297659	0.00566144588664	0.0052043007739	0.00045714511274
TNTT	199509	2306448	2342507	5181	4220	25.7244543691	0.00224127660624	0.00179824922115	0.000443027385088
ANAA	197537	2323907	2295553	5763	4682	22.5071284551	0.0024737409161	0.00203544420461	0.000438296711482
NTAN	374624	4242846	4242744	14892	13172	23.8923306594	0.00349763184113	0.00309498589728	0.000402645943854
NNTT	376993	4391244	4446293	10051	8424	36.763966523	0.00228364606326	0.0018910292169	0.000392616846366
ANTT	105302	1233461	1242308	2983	2581	7.75963682001	0.00241256377159	0.00207327721588	0.00033928655571
TNNT	413282	4843523	4891484	14334	13040	17.1670172564	0.00295068380975	0.00265876973994	0.000291914069816
TTAN	112831	1300599	1310123	4086	3758	4.21522841131	0.00313179043217	0.00286022858996	0.000271561842217
NTAT	204641	2269079	2277233	7431	6911	5.25262607541	0.00326420705378	0.00302564111545	0.000238565938333
AANA	199509	2338037	2313530	5796	5182	6.91815611307	0.00247287242734	0.00223486142307	0.000238011004279
AANN	376993	4422290	4388939	20020	19033	4.63533666585	0.00450666432554	0.00431785864339	0.000188805682157
NTTT	185273	2136007	2174623	4043	3705	5.40154957585	0.00188920819607	0.00170084578631	0.000188362409761
TTNT	197537	2284620	2326916	5280	4942	4.68158981835	0.00230577754487	0.00211934002842	0.000186437516447
ATNN	408326	4699790	4694032	17624	16775	5.0668280609	0.00373594515978	0.00356096099883	0.000174984160958
