#Sequence	Occurrence	Forward Match	Backward Match	Forward Mismatch	Backward Mismatch	Strand Bias Score	FER (Forward Error Rate)	RER (Reverse Error Rate), ERD (Error rate Difference)
GGGT	1444	122720	128851	1781	645	127.941966266	0.0143051059831	0.00498084882931	0.00932425715378
AGGT	4153	289369	289516	3051	1236	167.190114767	0.0104336228712	0.0042510455646	0.00618257730661
AAGT	7548	549791	553385	5143	1715	9223372036854775807	0.00926776877971	0.0030895334174	0.00617823536231
NGGT	10288	758446	769125	7252	2799	9223372036854775807	0.0094710969599	0.00362600463258	0.00584509232732
CGGT	493	37133	37180	348	153	17.2959504392	0.00928470425015	0.00409825087724	0.00518645337291
TTTG	12642	948774	978780	12705	8073	255.470308589	0.0132140171548	0.00818054968673	0.00503346746809
GAGT	1683	126175	126810	1000	408	55.5093624698	0.00786318065658	0.00320709333585	0.00465608732073
TTTC	15538	1184204	1207038	16883	11878	209.474213903	0.0140564338803	0.00974472400067	0.00431170987964
GNGT	7775	588946	595555	4217	1674	244.801133844	0.00710934431177	0.00280294493402	0.00430639937775
NAGT	17677	1263252	1269074	8778	3323	9223372036854775807	0.00690078064197	0.00261160628326	0.00428917435871
TGGT	4198	309224	313578	2072	765	135.432639422	0.00665604440789	0.00243364732156	0.00422239708634
ANGT	29759	2168554	2164227	12957	4834	9223372036854775807	0.00593946122665	0.00222861413303	0.00371084709362
GGGN	4309	341030	345220	2711	1537	74.3901538317	0.00788675194405	0.00443249883924	0.00345425310481
ACGT	2356	166851	166493	917	353	55.0252456139	0.00546588145534	0.00211572348153	0.00335015797381
CAGT	1691	122744	124881	631	226	43.9845332446	0.00511448834853	0.00180645367565	0.00330803467288
NNGT	68846	5074061	5101913	25867	10641	9223372036854775807	0.00507203238948	0.00208134720924	0.00299068518023
CCTG	1212	99136	101320	2318	2089	4.40770529558	0.0228477930885	0.0202013364407	0.00264645664776
GGGA	1610	125749	123732	800	467	18.7128623694	0.00632166196493	0.00376009468675	0.00256156727818
GTGT	4164	305212	305517	1313	528	73.8113311414	0.00428350053014	0.00172523648483	0.00255826404531
CGGN	1538	113508	113598	583	298	20.9345165191	0.00510995608768	0.00261642199902	0.00249353408867
TTNG	25068	1861435	1902236	15103	10949	164.400811191	0.00804833155524	0.00572291754326	0.00232541401198
AGGN	11664	876567	873263	5369	3307	105.554297511	0.00608774332831	0.00377265934267	0.00231508398565
TTNC	32295	2410594	2444226	21653	16222	185.906496768	0.00890246755367	0.00659310824695	0.00230935930671
NGGN	28393	2154794	2161520	12342	7364	276.727051308	0.00569507405165	0.00339529453857	0.00229977951308
NTTG	26730	2015614	2049567	17818	13451	149.073028309	0.00876252562171	0.00652005944689	0.00224246617482
NCGT	5807	426610	427568	1850	890	74.4812716608	0.00431778929188	0.00207721643662	0.00224057285527
TAGT	6755	464542	463998	2004	974	78.0731112149	0.00429539638106	0.00209474979139	0.00220064658968
CGGA	634	48012	47428	203	101	7.8630022804	0.00421030799544	0.00212501840981	0.00208528958562
CNGT	5179	394051	396380	1573	754	64.6366622615	0.00397599741168	0.00189860349403	0.00207739391765
TNTC	31640	2436357	2446968	21313	16276	151.662723287	0.00867203489484	0.00660754679601	0.00206448809883
TTGA	8043	628911	634532	2389	1115	104.053273926	0.0037842547125	0.00175411824487	0.00203013646762
ATGT	15702	1162543	1154833	3846	1530	214.241792233	0.00329735619935	0.00132311393568	0.00197424226367
TNGT	26133	1922510	1945751	7120	3379	9223372036854775807	0.00368982654706	0.00173359396243	0.00195623258462
AAGN	29645	2236056	2239477	8847	4677	281.263527263	0.00394092751446	0.00208408157372	0.00185684594074
TGGN	10882	823689	829439	3679	2222	81.3221600265	0.00444663076164	0.00267176169136	0.00177486907028
TCGT	2358	179241	181197	626	324	22.4673249594	0.00348034936926	0.00178491744757	0.00169543192169
GNGN	23486	1776676	1774078	7323	4304	170.142132258	0.00410482292871	0.00242017744219	0.00168464548652
NTGT	35074	2625753	2636146	7987	3629	9223372036854775807	0.0030325696538	0.00137473837732	0.00165783127648
NTTC	34584	2658389	2687575	26121	22093	83.5459857477	0.0097302673486	0.00815339739038	0.00157686995822
GAGA	3095	240014	240339	622	249	35.7482238036	0.00258481690188	0.00103496433737	0.0015498525645
ANGN	86193	6525658	6491444	23095	13381	9223372036854775807	0.00352662560338	0.00205708839208	0.0014695372113
AAAC	9764	751176	748275	7369	6232	20.5623275783	0.00971465107541	0.00825969805449	0.00145495302092
GAGN	7281	557730	558276	1953	1140	47.5985303643	0.00348947529226	0.00203783946115	0.00145163583111
ATAC	10856	791082	781629	5595	4396	29.1238773213	0.00702292146001	0.00559269743329	0.00143022402673
GNGA	8618	666193	658570	2199	1229	58.2454941666	0.00328998551748	0.00186268848543	0.00142729703205
GCGA	483	35120	33684	93	41	4.49891469584	0.00264107005935	0.0012157153447	0.00142535471465
ATCC	3646	286039	285890	823	416	29.9430729859	0.00286897532611	0.00145299085594	0.00141598447018
NAGN	62053	4662468	4656847	15401	8781	9223372036854775807	0.00329231109294	0.00188206175032	0.00141024934262
CTTA	7930	563833	561188	3359	2554	23.9177427535	0.00592215687104	0.00453044123021	0.00139171564083
ACCC	1444	128368	123132	586	394	7.27361977761	0.00454425609132	0.00318961190357	0.00135464418775
TTCC	5264	395977	405743	1373	860	29.3556524371	0.00345539197181	0.00211508523056	0.00134030674126
ACGN	5807	428523	424818	1332	775	31.9209159872	0.00309871933559	0.00182098859709	0.0012777307385
AANC	21757	1690671	1682580	10836	8665	51.1906691794	0.00636847218378	0.00512344456303	0.00124502762075
AACC	3320	270805	265343	679	337	24.4424519776	0.00250106820291	0.00126844323999	0.00123262496293
TTGN	26730	2031986	2061484	5962	3542	142.557425416	0.0029254917201	0.00171523264114	0.00121025907896
CTCG	477	36759	37215	83	39	4.12118243146	0.00225286357961	0.00104686745048	0.00120599612914
GTGN	10583	784750	779766	2420	1463	50.9523369744	0.00307430415285	0.00187269033792	0.00120161381494
TNGN	61348	4608071	4634906	14073	8631	290.998612441	0.00304469094862	0.00185871244269	0.00118597850592
ANCC	9033	730097	719373	2163	1277	47.7955403135	0.0029538688444	0.00177201137862	0.00118185746578
TNGA	20740	1622611	1619426	4623	2699	110.053100745	0.00284101733371	0.00166386684133	0.00117715049237
TTAA	27318	2039296	2047686	4760	2401	171.960475559	0.0023287033232	0.00117116980889	0.00115753351431
TTGT	12822	969503	986978	2418	1316	76.0599195939	0.00248785652332	0.00133158756402	0.00115626895929
TNCC	11442	858130	866443	2417	1460	54.3849300663	0.00280867866601	0.00168221563931	0.00112646302671
NGGA	11799	912151	904003	3358	2334	39.0594958872	0.00366790495779	0.00257520105656	0.00109270390123
NTCC	11799	899021	910048	2532	1578	51.7097686118	0.00280848713276	0.00173097300867	0.00107751412409
TGCC	917	68497	68502	145	71	6.15976813778	0.00211240931208	0.00103539293891	0.00107701637317
AATC	6381	499365	499584	2025	1486	18.9506974032	0.00403877221325	0.00296565350151	0.00107311871174
NCCC	4309	344781	342282	998	628	18.6213853104	0.00288623658464	0.00183138432825	0.00105485225639
NTGN	82863	6307610	6303430	16927	10357	9223372036854775807	0.00267640145041	0.00164037842898	0.00103602302143
TNNC	71589	5360947	5375051	31831	26294	118.505324089	0.00590252370856	0.00486804675502	0.00103447695354
TNTG	36518	2726465	2739562	20406	17643	47.4010720946	0.00742881627859	0.00639887132078	0.00102994495782
TACC	3651	270365	266598	679	399	15.8334298597	0.00250512831865	0.00149439881347	0.00101072950518
CTTG	2844	221386	222548	1036	818	6.56477066482	0.00465781262645	0.00366215090927	0.000995661717179
CCCC	933	69174	70067	155	87	4.97123858679	0.00223571665537	0.00124012885937	0.000995587796001
NCGN	13740	1024558	1021016	2855	1831	48.8909326089	0.00277882409508	0.00179010154989	0.000988722545192
TCGN	5082	388921	391043	983	606	20.808336591	0.0025211334072	0.00154730383583	0.000973829571365
ATGN	39077	2984512	2953886	7547	4622	147.303774776	0.00252234330941	0.00156227395701	0.000960069352399
GGNT	9033	726696	736727	2800	2132	22.6522930005	0.00383826641956	0.00288553025679	0.000952736162768
NTNC	80752	6059464	6089077	40192	34528	100.111232811	0.00658922404804	0.00563850868892	0.000950715359127
NNCC	28393	2156649	2158237	5526	3472	103.265673359	0.00255575982518	0.00160613662616	0.000949623199016
NTGA	28946	2278575	2264789	5635	3449	112.496026992	0.00246693605229	0.00152056353875	0.000946372513543
ANAC	27109	2006076	1990668	14557	12561	29.5846420459	0.00720417809667	0.00627037647718	0.000933801619488
NACC	10288	767806	759883	1725	1017	39.1627416452	0.00224162509373	0.00133657510842	0.000905049985302
AAGC	2292	169325	169378	763	610	4.38296865595	0.00448591317436	0.0035884885992	0.000897424575162
CAGN	6473	505207	506154	1152	703	24.7538618933	0.00227506571425	0.0013869789704	0.000888086743846
AGNT	19710	1479903	1483728	5275	3989	40.5344196525	0.003551762819	0.00268128951944	0.000870473299557
NTNG	61348	4583644	4618377	24285	20439	79.2205734371	0.00527026349581	0.00440608120693	0.000864182288885
TAGN	18654	1363475	1352940	3449	2261	52.7813619247	0.00252318343961	0.00166838719865	0.000854796240954
NNTC	72591	5593243	5612509	34878	30271	75.1292019629	0.00619709490965	0.00536455435087	0.000832540558781
TTTN	150742	11367627	11541450	64209	55500	168.420328803	0.00561668309447	0.00478574107847	0.000830942016001
CNGN	16022	1239025	1242385	3034	2017	46.1434483008	0.00244271809954	0.00162085885429	0.00082185924525
CTGT	2386	188495	188818	410	255	8.67436251593	0.00217040311268	0.00134868542838	0.000821717684296
AGGA	5157	393169	388728	1162	838	11.467150876	0.0029467629986	0.00215111175	0.000795651248599
NNGA	72590	5667198	5631688	13006	8435	206.523121683	0.00228970649646	0.0014955347605	0.000794171735956
TCGA	1720	135847	134964	280	172	6.15040751151	0.00205690274523	0.00127279185413	0.000784110891098
CTGA	2190	178764	178243	384	244	7.4333471092	0.00214347913457	0.00136704633951	0.000776432795061
CTNA	19304	1422353	1414237	4939	3814	31.0394957792	0.00346039913346	0.00268960707337	0.000770792060094
GTGA	3430	265310	260815	684	472	8.46341964189	0.00257148657489	0.0018064427239	0.000765043850984
TGGA	4398	345221	344115	1193	928	7.79398281008	0.00344385619519	0.00268951985695	0.000754336338243
TCCC	1610	123291	125600	220	130	6.07934122254	0.00178121786723	0.00103396166388	0.000747256203352
CATA	15956	1198552	1187541	2589	1704	38.9288854478	0.00215545052579	0.00143284184504	0.000722608680756
CNTA	29298	2152585	2137363	9720	8134	29.2014351591	0.00449520303565	0.00379119616574	0.000704006869913
TATT	50240	3766704	3753612	8290	5632	109.360245723	0.00219602998045	0.00149817356894	0.000697856411504
CTNG	5824	439077	443016	1522	1229	8.15869195569	0.00345438823057	0.00276649146304	0.000687896767524
ACTC	1683	126711	127083	273	187	4.18159523556	0.00214987714988	0.00146931719965	0.000680559950223
ANNC	62068	4703356	4672942	25381	22054	47.0945575261	0.00536739514166	0.00469734159518	0.000670053546483
AATA	50240	3760825	3769155	7322	4861	110.320339541	0.00194313013797	0.00128801785684	0.00065511228113
TTNA	87430	6612612	6645153	40676	36634	51.2648839032	0.00611366891077	0.00548266504155	0.000631003869218
NAGA	26763	2082327	2074587	3295	2017	66.8891295539	0.00157986442414	0.000971297368203	0.000608567055935
NGNT	65384	5020770	5039113	13634	10638	83.8287710233	0.00270816565377	0.00210663852535	0.000601527128424
CNGA	5920	474475	470981	920	649	10.5756938636	0.0019352328064	0.00137607870577	0.000559154100638
ATNC	27472	2064718	2051900	11334	10114	14.3710630805	0.00545940082426	0.0049049133517	0.000554487472553
TTNN	303795	22904333	23174116	90391	78686	207.785114451	0.00393094520291	0.00338393626712	0.000547008935787
TNAA	87430	6668969	6675236	9966	6322	179.013252788	0.00149215406348	0.000946186503208	0.000545967560277
CTGN	6473	506362	508294	998	730	10.0853965581	0.00196704509618	0.00143411705538	0.0005329280408
TAGA	6579	512632	505815	761	484	13.4663608493	0.00148229523971	0.000955956855534	0.000526338384175
CCNC	4406	326590	331527	703	542	5.78823574443	0.00214792250369	0.00163219090008	0.000515731603605
TTCA	12796	1007793	1014786	3600	3110	9.36587954182	0.00355944721785	0.00305532195824	0.000504125259612
AAGA	14514	1122730	1123802	1668	1124	24.1304820509	0.00148346048285	0.000999176834743	0.000484283648111
ANGA	37312	2903919	2882711	5264	3858	45.9685951949	0.00180944271983	0.00133653482733	0.000472907892496
AAAA	83289	6366429	6370267	7749	4752	157.682917521	0.00121568616377	0.000745409543093	0.000470276620676
AANA	161642	12288008	12287527	18025	12477	220.330889302	0.0014647287229	0.00101438991402	0.000450338808876
ATGA	15283	1205590	1191199	2178	1618	17.4647768044	0.00180332646667	0.00135645283392	0.000446873632751
TCAA	8043	638248	632838	808	538	12.1319897852	0.00126436493828	0.000849416460365	0.000414948477919
CAGA	2575	206951	204631	244	160	4.22432534051	0.00117763459543	0.000781284333784	0.000396350261645
NTAC	26408	1921493	1915695	9672	8902	7.23316748705	0.00500837577317	0.00462538391154	0.000382991861632
TGNT	31712	2439882	2443248	4740	3817	22.9140485234	0.00193895007081	0.0015598277937	0.000379122277105
NAAA	150742	11555099	11546369	12961	8709	181.775003659	0.00112041258431	0.000753694609418	0.000366717974888
CNNA	70237	5301302	5253329	14345	12454	26.4044575546	0.00269863668524	0.00236508036886	0.000333556316378
CTAA	6691	489662	485671	642	482	5.37989983855	0.00130939172432	0.00099145742184	0.000317934302478
CANA	36518	2798017	2769091	4292	3457	18.6886820436	0.0015315941247	0.00124686750238	0.000284726622318
NNAA	303795	23215931	23145462	30999	24360	169.82712291	0.0013334663975	0.00105136759359	0.000282098803911
NCNC	23486	1770218	1773393	4613	4122	6.98388641777	0.00259912070501	0.00231896777242	0.00028015293259
CAAA	12642	992054	977628	864	599	10.4437154916	0.00087016249076	0.000612332311416	0.000257830179343
TAAA	39273	2974920	2983037	3190	2430	23.8003617739	0.00107114915164	0.000813943011261	0.000257206140382
TNTN	376578	27711818	27776022	107353	100438	54.5858409344	0.00385895755125	0.00360296823915	0.000255989312099
NATT	98271	7450803	7459157	13040	11177	32.6733040721	0.00174708926755	0.00149618477567	0.000250904491879
CNAA	25068	1926855	1902047	1999	1498	15.1477100388	0.00103636667161	0.000786952764447	0.000249413907162
TGAA	12796	1016505	1011675	1208	953	7.05666533873	0.00118697510988	0.0009411155923	0.000245859517578
ATNT	164648	11769129	11748386	21823	18932	44.5758938591	0.00185082595536	0.0016088627842	0.000241963171164
NANA	376578	27946837	27817103	47051	40352	106.071991617	0.00168075974298	0.00144851710251	0.00023224264047
NTTN	303795	22942993	23162919	101393	96969	32.6049871873	0.00439990026204	0.004168936669	0.000230963593044
ATAT	97102	6631359	6618539	15392	13830	18.4741558845	0.00231571785975	0.00208522776703	0.000230490092717
GANA	31640	2489785	2475553	3221	2634	12.9794382369	0.00129201453988	0.00106287378636	0.000229140753516
NGAA	34584	2713695	2700530	2951	2341	15.5855222975	0.00108626593233	0.000866116066953	0.000220149865377
AATN	98271	7432355	7445962	16469	14887	18.9671824255	0.00221095303098	0.00199534932285	0.00021560370813
NANC	65383	4999867	4966072	21963	20785	6.19872037911	0.00437350527597	0.00416795588885	0.000205549387116
NTAA	91739	6870820	6848134	12772	11333	18.6360516461	0.00185542664353	0.00165216918457	0.000203257458958
NATA	163999	11658346	11577110	27194	24714	23.1384079362	0.00232714962252	0.00213018228858	0.000196967333947
GNAA	32295	2477872	2458018	2721	2226	10.7921919994	0.00109691513279	0.00090478830555	0.000192126827243
GAAA	15538	1221696	1215437	1158	928	6.00640356016	0.000946965050611	0.000762928890588	0.000184036160023
NNTG	82863	6264229	6267712	34104	33027	4.59977513482	0.00541476609763	0.0052417660849	0.000173000012734
TTCN	34584	2682778	2712763	6460	6082	4.16922647695	0.00240216745413	0.00223697930555	0.000165188148576
ANAA	159002	12142235	12110161	16313	14314	28.2832053757	0.00134168981362	0.00118058720068	0.000161102612936
NCAA	26730	2076317	2050429	2315	1977	5.65009164924	0.00111371324987	0.000963259705926	0.000150453543943
TNTT	161642	12221169	12328339	14756	13192	23.1407629578	0.00120595704861	0.00106891114239	0.000137045906223
ATAN	163999	11643172	11591098	29456	27959	7.91972649816	0.00252351055821	0.00240630543425	0.000117205123952
TNNA	289076	21233813	21161445	72246	69509	10.4244943557	0.00339086641974	0.00327394614486	0.000116920274875
AANN	303796	23044395	23087373	85962	83554	9.29884674215	0.00371641475313	0.00360598434409	0.000110430409044
NTNA	241371	18222231	18208622	71472	69672	5.45617668494	0.00390691813462	0.00381173428986	9.5183844754e-05
NATN	325356	23976414	23857823	57680	55841	5.40420118925	0.00239992404124	0.00233510849697	6.48155442727e-05
ANNA	329147	24993086	24937960	45606	43918	6.94383072374	0.00182142102311	0.00175799433493	6.34266881774e-05
NTAN	300800	21781145	21763019	48823	47549	4.13803019629	0.00223651266919	0.00218008994539	5.64227238015e-05
