#Sequence	Occurrence	Forward Match	Backward Match	Forward Mismatch	Backward Mismatch	Strand Bias Score	FER (Forward Error Rate)	RER (Reverse Error Rate), ERD (Error rate Difference)
GCNANNNA	1398	6205	6331	169	78	8.24633318137	0.0265139629746	0.0121703853955	0.014343577579
NCNANNGA	1171	5344	5431	144	66	7.12074780253	0.0262390670554	0.0120065490267	0.0142325180287
NCCNNCAN	1823	7916	7581	199	85	9.48479246117	0.0245224892175	0.0110879206888	0.0134345685287
GNNNGNGA	1443	6279	6578	148	69	7.64443734615	0.0230278512525	0.0103806228374	0.0126472284152
ANCNNCCN	1536	6617	6611	160	75	7.23352016663	0.0236092666372	0.0112174693389	0.0123917972982
NCNATCNN	1555	7129	6917	167	75	7.58721012374	0.022889254386	0.0107265446224	0.0121627097635
GCCNNNNA	1565	7038	6999	146	62	7.85100596048	0.0203229398664	0.00878062597366	0.0115423138927
NCCGCNNN	1561	6924	6929	144	65	7.07818783008	0.0203735144312	0.0092936802974	0.0110798341338
GNNNNCAG	1658	7617	7437	163	75	7.20560228375	0.0209511568123	0.00998402555911	0.0109671312532
NCNAGCNN	1770	7963	7767	163	75	7.19146990279	0.020059069653	0.00956388676358	0.0104951828894
NGNNGNGA	1473	6562	6806	115	47	7.32923363724	0.017223303879	0.0068583102291	0.0103649936499
NCCANNAN	1840	8119	8188	158	73	7.54661188076	0.0190890419234	0.00883670257838	0.010252339345
NCCANCNN	2189	10065	9728	178	76	8.78000947939	0.0173777213707	0.0077519379845	0.0096257833862
GCCANNNN	2102	9258	9330	159	74	7.4866112086	0.0168843580758	0.00786899191833	0.00901536615749
