#Sequence	Occurrence	Forward Match	Backward Match	Forward Mismatch	Backward Mismatch	Strand Bias Score	FER (Forward Error Rate)	RER (Reverse Error Rate), ERD (Error rate Difference)
GGGT	1444	14636	15180	303	67	35.0765506658	0.0202824820938	0.0043943070768	0.015888175017
AGGT	4153	46454	47074	888	182	103.173977833	0.0187571289764	0.00385136278991	0.0149057661865
NGGT	10288	118109	120295	1877	456	193.073109839	0.0156434917407	0.00377636624127	0.0118671254994
AAGT	7548	90881	92020	1413	385	130.389885775	0.0153097709494	0.00416644120989	0.0111433297395
TGGT	4198	50907	51912	614	171	56.8137873387	0.011917470546	0.00328322101261	0.00863424953338
ANGT	29759	358143	359684	4029	1136	9223372036854775807	0.011124548557	0.00314838423591	0.00797616432113
NAGT	17677	208871	210755	2447	764	194.709690105	0.0115797045211	0.00361196866475	0.00796773585639
GNGT	7775	91838	93194	989	306	81.0018406123	0.010654227757	0.00327272727273	0.00738150048428
ACGT	2356	28223	28358	297	101	21.8941923227	0.0104137447405	0.00354896517798	0.00686477956256
GAGT	1683	20815	21152	213	73	16.079187694	0.0101293513411	0.00343934040047	0.0066900109406
NNGT	68846	832799	841235	7677	2509	9223372036854775807	0.00913410971878	0.00297365077559	0.00616045894319
GTGT	4164	50455	50967	428	151	30.1747332088	0.00841145372718	0.00295394968504	0.00545750404214
TAGT	6755	76657	76848	648	237	42.4683253108	0.00838238147597	0.00307452811831	0.00530785335766
AGGN	11664	138769	138862	1284	553	64.013218788	0.00916795784453	0.00396657461536	0.00520138322917
CAGT	1691	20518	20735	173	69	10.6305846586	0.00836112319366	0.00331666987118	0.00504445332248
ATGT	15702	192585	192232	1431	468	106.363335311	0.00737568035626	0.00242864556305	0.00494703479321
NCGT	5807	72076	72637	554	222	32.2294159632	0.00762770205149	0.00304698115538	0.00458072089611
NGGN	28393	344040	344826	2917	1432	111.452030327	0.00840738189459	0.0041356445194	0.00427173737518
TNGT	26133	317373	322301	2212	866	133.023293943	0.00692147628956	0.00267972905649	0.00424174723307
GGGN	4309	50631	50336	479	261	14.4455145242	0.00937194286832	0.0051584086013	0.00421353426702
NTGT	35074	433743	437548	2799	1067	172.388567987	0.00641175419547	0.00243265734186	0.00397909685361
CNGT	5179	65445	66056	447	201	21.6004433654	0.00678382808232	0.00303364172842	0.0037501863539
ATCC	3646	47611	47735	243	68	22.2648144102	0.00507794541731	0.00142250486371	0.0036554405536
AACC	3320	38410	37856	212	71	15.56451956	0.00548909947698	0.00187201729639	0.0036170821806
TGGN	10882	135848	136640	1018	533	34.4140838968	0.00743793199188	0.00388560430989	0.00355232768199
ANCC	9033	108743	108222	570	189	42.0114569665	0.00521438438246	0.00174336552564	0.00347101885682
TACC	3651	44425	44211	231	79	16.7922350141	0.00517287710498	0.00178369835177	0.00338917875321
AAAC	9764	120235	119503	1348	936	16.4016303079	0.0110870763182	0.00777156901004	0.0033155073082
AGNT	19710	243332	244388	1616	807	60.2942763974	0.00659731861456	0.00329125797834	0.00330606063622
ATAC	10856	132386	131908	1115	672	24.3529277565	0.00835199736332	0.00506863780359	0.00328335955973
AAGN	29645	371274	371732	2458	1245	87.4336632023	0.00657690537604	0.00333800743746	0.00323889793859
TTCC	5264	66032	66851	393	193	16.1706915903	0.00591644712081	0.00287870652109	0.00303774059972
TNCC	11442	142140	143176	759	328	38.693975194	0.00531144374698	0.0022856505742	0.00302579317278
ANAC	27109	330205	328285	2947	1945	44.1480816304	0.00884581212179	0.00588983435787	0.00295597776392
NTCC	11799	149682	151142	765	328	39.7759663567	0.00508484715548	0.0021654453027	0.00291940185278
ACCC	1444	15133	14864	61	17	5.7634514162	0.00401474266158	0.00114239634433	0.00287234631725
ACAC	4164	50632	50322	350	203	9.02729260232	0.00686516809854	0.00401781296388	0.00284735513467
ANGN	86193	1077019	1074471	6621	3531	203.144233272	0.00610996271825	0.00327550412708	0.00283445859117
TCGT	2358	30201	30612	167	83	7.04394703012	0.00549920969442	0.00270402345659	0.00279518623783
NACC	10288	119981	119424	550	217	31.9492373297	0.00456314143249	0.00181375949716	0.00274938193533
NNCC	28393	344113	345877	1637	694	84.8218567744	0.00473463485177	0.00200247568319	0.00273215916858
CTGT	2386	31095	31420	157	73	7.52257696515	0.00502367848458	0.00231797542311	0.00270570306147
AANC	21757	270249	268863	2190	1445	33.210894819	0.008038496691	0.00534575373278	0.00269274295822
TTGT	12822	159608	162929	783	375	33.9837830539	0.00488182005225	0.00229633076961	0.00258548928264
GTGN	10583	128955	129412	758	428	21.0639175767	0.00584367025664	0.00329636475662	0.00254730550002
ACGN	5807	72561	72156	430	246	11.4354099896	0.0058911372635	0.00339769619624	0.00249344106726
GNGN	23486	288524	288312	1750	1046	39.3073571988	0.00602878659473	0.00361489919062	0.00241388740411
NAGN	62053	767465	766350	4275	2425	111.191725919	0.00553943037811	0.00315436896361	0.0023850614145
TCCC	1610	20399	20770	84	36	4.93100041204	0.00410096177318	0.00173027011439	0.00237069165879
NCCC	4309	50269	50927	203	85	11.5751621737	0.00402203201775	0.00166627460205	0.0023557574157
NGCC	1997	24181	24384	119	64	4.27292232411	0.00489711934156	0.00261780104712	0.00227931829444
GGNT	9033	108458	109309	649	404	13.6211018686	0.005948289294	0.00368233481903	0.00226595447497
ACNC	7775	92764	92043	498	300	11.127630283	0.00533979541507	0.00324875735031	0.00209103806475
TNGN	61348	757239	763101	3940	2427	81.5689229916	0.00517618063557	0.00317036084898	0.00200581978658
NGNT	65384	816563	821217	4083	2448	91.8486707161	0.00497534868872	0.00297208209648	0.00200326659223
ANNC	62068	766890	763321	5357	3804	56.505381074	0.0069368997225	0.00495877464559	0.00197812507691
GNCC	3452	38539	38747	154	79	5.97751213523	0.00398004807071	0.00203471900273	0.00194532906798
NCGN	13740	171725	171656	869	537	17.8708756572	0.00503493748334	0.00311859367106	0.00191634381229
ATGN	39077	494415	491721	2449	1487	50.8980259416	0.00492891414955	0.00301495515077	0.00191395899878
NAAC	25137	308186	305732	2559	1979	15.9646753665	0.00823504802973	0.00643135929492	0.00180368873481
NTGN	82863	1040052	1043851	5084	3219	93.3955500003	0.00486443869506	0.00307429302721	0.00179014566785
TAGN	18654	221352	220018	1055	659	20.2530761612	0.00474355573341	0.00298626499363	0.00175729073977
TCGN	5082	64678	65295	282	171	6.84148325579	0.00434113300493	0.00261204289249	0.00172909011243
NCAC	10583	128943	128809	648	425	10.8184225061	0.00500034724634	0.00328860826098	0.00171173898535
NTAC	26408	319829	320075	2064	1536	17.7928787371	0.00641206860665	0.00477595604628	0.00163611256037
ATNC	27472	344092	343274	2333	1771	17.3070960468	0.00673450241755	0.00513266385544	0.00160183856211
TTTC	15538	196436	198722	2236	1938	6.11761333371	0.0112547314166	0.00965812817702	0.00159660323959
TTGN	26730	335361	341148	1585	1064	25.1704825529	0.00470401785449	0.00310918378081	0.00159483407368
NNAC	68845	836977	834615	5667	4310	40.1865694889	0.00672526001491	0.00513752719254	0.00158773282237
NANC	65383	816725	813525	4863	3553	44.1285062389	0.00591902510747	0.00434842206007	0.0015706030474
AATC	6381	82842	82701	428	300	5.52861090079	0.00513990632881	0.00361441428417	0.00152549204464
GAGN	7281	93453	93214	433	292	6.59547424347	0.00461197622649	0.00312279425919	0.0014891819673
TCNC	8618	108692	110004	465	306	8.29919035179	0.00425991919895	0.00277400054392	0.00148591865503
AAGG	5291	65741	65486	345	246	4.15224475642	0.00522047029628	0.00374246942129	0.00147800087499
TTAA	27318	336544	337276	1221	728	28.2731043507	0.00361493938093	0.00215382066484	0.00146111871609
TTNC	32295	400091	403591	3385	2826	12.8494389863	0.00838959442445	0.00695344928977	0.00143614513468
NCNC	23486	287732	288723	1279	867	18.3904412942	0.00442543709409	0.00299388791049	0.0014315491836
TANC	23603	292426	290940	1599	1186	13.7113088902	0.00543831306862	0.00405989196443	0.00137842110419
TNNC	71589	888543	892561	5945	4748	31.2226877131	0.00664626020696	0.0052913767721	0.00135488343485
TNTC	31640	403980	406620	3285	2780	10.6816457212	0.00806600125226	0.00679042501221	0.00127557624004
TGNT	31712	402216	404914	1549	1046	22.8551438639	0.00383638997932	0.00257660853286	0.00125978144646
CAGN	6473	81386	81386	329	229	4.54240727781	0.00402618858227	0.00280585676653	0.00122033181574
ANGG	12418	153984	153107	672	480	7.46989965576	0.00434512725016	0.00312526450806	0.00121986274209
NTNC	80752	1005758	1009953	7007	5876	23.5216166229	0.00691868301136	0.00578443812886	0.0011342448825
CTAA	6691	76014	75823	239	152	4.8041436424	0.00313430291267	0.00200065811122	0.00113364480145
CNGN	16022	200500	200799	834	609	8.47734597863	0.0041423703895	0.00302371306006	0.00111865732944
TNAA	87430	1094053	1091523	3249	2061	58.1937516198	0.00296089864048	0.00188462888996	0.00107626975052
TATC	10101	131454	130807	656	511	4.4247835656	0.00496555900386	0.00389131726039	0.00107424174347
NATC	24009	314518	314087	1363	1023	11.2639467363	0.00431491606016	0.00324648535432	0.00106843070584
GTAA	9070	109938	109527	345	227	5.88840213356	0.00312831533419	0.002068261749	0.00106005358518
TCAA	8043	105895	104364	316	205	5.47318452533	0.00297520972404	0.00196042804273	0.00101478168131
GTNT	27109	331008	333620	1156	839	12.3463884918	0.00348020857167	0.00250852869858	0.000971679873085
TNAC	23021	276513	276549	1560	1298	5.95880569825	0.00561003765198	0.00467163582835	0.000938401823632
TAAA	39273	486546	485345	1203	751	23.4256076185	0.00246643252985	0.00154496231197	0.000921470217875
TATT	50240	618238	620700	1844	1280	23.5736114209	0.00297380023932	0.00205794398534	0.000915856253986
NTGG	10882	136175	136604	458	343	4.32113829727	0.00335204525993	0.00250461857507	0.000847426684861
AGNN	62053	768821	767293	3284	2626	16.5483570129	0.00425330751646	0.0034107484034	0.000842559113061
ATNT	164648	1952622	1955194	7088	5546	42.3624339568	0.00361686167851	0.00282852392464	0.000788337753873
TGAA	12796	165068	164538	509	377	4.86057302295	0.0030740984557	0.00228602613468	0.000788072321028
NTAA	91739	1129002	1123912	3533	2627	29.0700474818	0.00311955038917	0.00233192104312	0.000787629346047
GNAA	32295	407078	405060	1130	809	12.0588358565	0.00276819660565	0.00199325398096	0.000774942624688
CNAA	25068	311546	308159	797	551	9.99542123286	0.00255168196502	0.0017848466198	0.000766835345214
GAAA	15538	200649	199655	521	366	6.4487189404	0.00258984938112	0.00182980787017	0.000760041510947
NAAA	150742	1879987	1872902	4495	3049	60.1209152235	0.00238527085958	0.00162530897662	0.000759961882958
NNTC	72591	927680	930605	5890	5230	9.7976565924	0.00630911447454	0.00558859200607	0.000720522468475
AAAA	83289	1030649	1028216	2416	1670	30.2220042931	0.00233867181639	0.00162153869457	0.000717133121817
NNAA	303795	3797333	3778301	10152	7391	92.5034623235	0.00266632698487	0.00195235111573	0.000713975869146
GNNT	62068	768037	773047	3106	2594	11.5944522238	0.00402778732349	0.00334433068907	0.000683456634424
NATT	98271	1225238	1230977	3456	2680	23.0992767116	0.00281274263568	0.00217240286401	0.000640339771671
NNGG	28393	344959	344676	1149	927	5.85254042181	0.00331977301883	0.00268226838309	0.00063750463574
NGAA	34584	445721	444149	1207	964	6.48096212741	0.00270065871908	0.00216574218232	0.000534916536756
ANAA	159002	1984656	1973559	4976	3970	24.3725285746	0.00250096500257	0.00200755589425	0.000493409108323
NTNT	376578	4575507	4606824	13590	11442	44.3626651903	0.00296136690944	0.0024775532635	0.00048381364594
ATAN	163999	1937806	1931034	7593	6635	14.2080028138	0.00390305536294	0.0034242174489	0.000478837914032
TNTT	161642	1994719	2012950	4443	3568	23.5330577198	0.00222243119867	0.00176938663578	0.000453044562897
ATTT	44355	553649	555759	1067	852	6.16107658386	0.00192350680348	0.00153069199135	0.000392814812127
NNTT	303796	3772049	3801799	8483	7065	31.6243868932	0.00224386409109	0.00185488376587	0.000388980325217
AANA	161642	2008731	2000886	5147	4385	13.5101605435	0.0025557655429	0.00218673685502	0.000369028687879
ANTT	86237	1071148	1076308	2496	2115	8.05733792051	0.00232479294813	0.0019611970442	0.000363595903926
ATAT	97102	1108404	1108373	4334	3949	4.59301895014	0.00389489709168	0.0035502309583	0.000344666133377
NTAN	300800	3603632	3602897	12840	11668	13.0344601377	0.00355042151578	0.00322805095496	0.00032237056082
ANNT	300354	3622942	3629329	17327	16310	7.89099543641	0.00475981307975	0.00447383846837	0.000285974611375
NTTT	150742	1865556	1884947	3498	3029	9.26250641268	0.00187153501183	0.00160436361479	0.000267171397038
ATNN	325356	3970472	3966102	15669	14635	8.2486058098	0.00393086948003	0.00367645488763	0.000254414592406
NANA	376578	4603546	4578818	13450	12365	9.54086187675	0.00291314958904	0.00269320565092	0.000219943938122
