#Sequence	Occurrence	Forward Match	Backward Match	Forward Mismatch	Backward Mismatch	Strand Bias Score	FER (Forward Error Rate)	RER (Reverse Error Rate), ERD (Error rate Difference)
TNCTCTTTTT	391	1245	1416	28	0	9.16198461414	0.0219952867243	0.0	0.0219952867243
NNCTCTTTTT	688	2347	2565	39	1	10.9557771869	0.0163453478625	0.000389711613406	0.0159556362491
NTCTCTNTTT	557	1746	1862	28	0	8.77452398548	0.0157835400225	0.0	0.0157835400225
TATATNTTTT	8507	6575	7017	123	19	18.5915650435	0.0183636906539	0.00270039795338	0.0156632927005
TNCNCTTTTT	835	2689	2977	46	5	9.66711635047	0.0168190127971	0.00167672702884	0.0151422857682
TNCTCTNTTT	584	1974	2168	31	1	8.55808595999	0.0154613466334	0.000461041954818	0.0150003046786
TCNATNTTTT	784	3021	2994	48	5	9.16445054755	0.0156402737048	0.00166722240747	0.0139730512973
ATTATNTTTT	2382	3108	3469	49	7	9.35867965039	0.0155210643016	0.00201380897583	0.0135072553257
NTATATTTTT	5379	5053	5355	75	14	10.4046944722	0.0146255850234	0.0026075619296	0.0120180230938
ATNTATTTTT	5251	4612	4891	72	18	8.78379564144	0.0153714773698	0.00366673456916	0.0117047428006
NATATTTTTT	4146	4726	5302	70	18	8.58879277717	0.0145954962469	0.00338345864662	0.0112120376003
ATATATNTTT	9913	5192	5256	70	14	8.79079580684	0.0133029266439	0.00265654648956	0.0106463801543
TATANNTTTT	6757	6892	7395	95	22	11.6258048236	0.0135966795477	0.00296615882432	0.0106305207234
ANTATNTTTT	5154	7295	8027	100	24	12.3601512345	0.0135226504395	0.00298099614955	0.0105416542899
TTTTTTTTTT	202333	120199	155457	3660	3034	71.896891211	0.0295497299348	0.0191430428226	0.0104066871122
TNTATATTTT	3904	3696	3800	43	5	8.26709883618	0.0115004011768	0.00131406044678	0.01018634073
NATATNTTTT	23290	25773	27448	348	89	37.6335862238	0.0133226139887	0.00323201510695	0.0100905988818
TANNTTTTTT	4991	6264	6670	93	31	8.18079393315	0.0146295422369	0.00462617519773	0.0100033670392
TANATNTTTT	6814	7558	7995	99	25	11.1085210529	0.0129293456967	0.00311720698254	0.0098121387142
TATATNTTTN	18172	14403	14575	212	70	16.552359737	0.0145056448854	0.00477978832366	0.00972585656173
GGNTTNGGGT	640	4834	5952	59	15	8.43507540789	0.012058042101	0.00251382604324	0.00954421605772
GGTTNAGNGT	974	7625	8447	95	25	11.1022559735	0.0123056994819	0.00295089707271	0.00935480240916
TTTTTTTTNT	289204	202044	252817	5320	4203	108.715503767	0.0256553693023	0.0163528130107	0.00930255629163
GGTTNAGGGT	971	7615	8433	94	25	10.8935922167	0.0121935400182	0.00295578150863	0.00923775850953
NGTTNAGGGT	989	7738	8550	95	25	11.0593805739	0.012128175667	0.00291545189504	0.00921272377201
GGTNNAGGGT	973	7645	8461	94	25	10.8835473018	0.0121462721282	0.00294602875324	0.00920024337494
GGTTNNGGGT	977	7675	8501	94	25	10.8973005909	0.0120993692882	0.0029322073657	0.00916716192249
ATTANNTTTT	3799	6141	6563	72	16	9.12487353042	0.0115886045389	0.00243198054416	0.00915662399471
TNTTTTTTTT	236404	156249	193489	4149	3295	79.5378841221	0.0258669060711	0.0167442474998	0.00912265857135
GGNTNAGGGT	985	7749	8616	94	25	10.9627680716	0.0119852097412	0.0028931836593	0.00909202608187
ANNTATTTTT	13168	15853	17003	196	54	20.4248581635	0.0122125989158	0.00316585566043	0.00904674325539
NNTATATTTT	13011	14236	15105	168	40	19.4577485121	0.0116634268259	0.00264113568835	0.00902229113754
GNTTNAGGGT	998	7743	8672	94	26	10.7410683868	0.0119943856067	0.00298919291791	0.00900519268883
GGTTNANGGT	985	7734	8556	94	26	10.535729932	0.0120081757793	0.00302959683058	0.00897857894868
TATATNTTNT	10064	7321	7758	86	22	9.64411212582	0.0116106385851	0.00282776349614	0.00878287508898
NTATATNTTT	15411	11175	11659	127	29	14.9201017742	0.0112369492125	0.00248117727584	0.00875577193669
GGTTNAGGGN	980	7732	8500	94	29	9.46148303076	0.0120112445694	0.00340016414586	0.00861108042353
GGTTNAGGNT	1061	8518	9550	99	28	11.1017282566	0.0114889172566	0.00292336604719	0.00856555120939
TTNTTTTTTT	225577	154763	191903	4038	3304	68.9376384246	0.0254280514606	0.0169256225443	0.00850242891636
TATNTNTTTT	53619	50650	54164	644	232	48.9828302461	0.0125550746676	0.00426501948673	0.00829005518088
TATATNNTTT	17340	16006	16599	177	45	18.7766849411	0.0109374034481	0.00270367700072	0.00823372644734
NTATNTTTTT	22762	25656	27798	349	149	21.8290371196	0.0134204960585	0.00533152037786	0.00808897568059
ATNTATNTTT	24550	18863	19381	201	48	22.0107789786	0.0105434326479	0.00247053373823	0.0080728989097
NTTTTTTTTT	238146	161968	200218	4139	3434	65.5080200461	0.0249176735478	0.0168620980889	0.00805557545888
TTTTTTTNTT	200017	137914	170088	3368	2732	58.3799035217	0.0238388471284	0.0158083555144	0.00803049161403
NTATANTTTT	8008	8896	9270	100	29	9.73664097101	0.0111160515785	0.00311861490483	0.00799743667365
TNTATNTTTT	34210	40021	42064	467	156	37.8809077143	0.0115342817625	0.00369493131217	0.00783935045032
NNTATTTTTT	9639	12693	13795	158	62	11.5837943736	0.0122947630535	0.00447427293065	0.00782049012281
TTTNTTTTTT	200715	138979	171359	3485	2904	53.5688961969	0.0244623203055	0.0166644669264	0.00779785337905
ATNTANTTTT	7658	8403	8806	97	32	8.38517508958	0.0114117647059	0.00362072867165	0.00779103603424
NATNTTTTTT	28132	36043	39130	500	232	27.0997145047	0.0136825110144	0.00589400945074	0.00778850156368
TTTTTTNTTT	199117	138034	169648	3327	2724	54.5167200865	0.023535487157	0.0158030306546	0.00773245650236
ATTATNTNTT	5261	6639	7079	60	9	9.44764796902	0.0089565606807	0.001269751693	0.0076868089877
NNATATTTTT	9171	12218	12853	127	34	13.3580318108	0.0102875658161	0.00263831768449	0.00764924813163
TTNTTTNTAT	4018	6059	6522	56	10	8.24421503934	0.00915780866721	0.00153092467851	0.00762688398871
ATATANNTTT	12695	8633	8854	91	25	9.11208348062	0.0104309949564	0.00281563239104	0.00761536256541
ATNNATTTTT	7924	9994	10547	118	43	9.11240212289	0.0116693037975	0.00406043437205	0.00760886942542
TTTTNTTTTT	202399	144311	176337	3439	2824	54.0285965423	0.0232758037225	0.0157623589955	0.00751344472696
TNTTTTTTNT	377513	313365	371978	6836	5227	125.564335869	0.0213490901028	0.0138571864106	0.00749190369221
TTTTTNTTTT	201559	143466	175162	3372	2767	52.9632850263	0.0229640828668	0.0155511468057	0.00741293606108
NNAATTTTTT	5504	9876	10525	114	43	8.60898643171	0.0114114114114	0.00406888720666	0.00734252420475
TNTNTTTTTT	359893	289446	344212	6350	4939	109.74912803	0.0214674978702	0.0141457421001	0.00732175577003
NTTATNTTTT	8031	11689	12597	133	50	10.228276383	0.0112502114701	0.0039535067605	0.00729670470964
ANATATNTTT	13873	10734	11016	104	26	11.2241995094	0.00959586639601	0.00235464589748	0.00724122049853
TTTTTTTTTN	102691	65487	81288	1886	1723	19.0533105021	0.0279934098229	0.0207562853116	0.00723712451134
TNNTTTTTTT	276466	222240	263838	4830	3777	81.2207281266	0.0212709737085	0.014113558657	0.00715741505152
ANAAANATAT	6225	5861	6005	46	4	8.36425221945	0.00778737091586	0.00066566816442	0.00712170275144
ANATNTTTTT	9893	11744	12595	136	55	9.38636004635	0.0114478114478	0.00434782608696	0.00709998536085
NTNTTTTTTT	280160	223365	266018	4924	3917	78.0509975986	0.0215691513827	0.0145109007724	0.00705825061027
NTNTATTTTT	20544	24836	26493	271	100	20.3346210362	0.0107938025252	0.00376038807205	0.00703341445314
NATANTTTTT	6527	9346	10014	99	35	8.24033756651	0.0104817363684	0.00348293362524	0.00699880274321
NTTTTTTTNT	350032	290254	345965	6195	4878	102.841799719	0.0208973550257	0.0139036549112	0.00699370011448
TTTTTTTNNT	309011	261261	312225	5272	4068	96.6655200843	0.0197799146822	0.0128614923504	0.00691842233179
TTNTTTTTNT	292694	249661	295242	5172	4016	87.9524490565	0.0202956445986	0.0134198584499	0.00687578614872
NNTTTTTTTT	293679	233097	276129	4982	3945	78.5078924411	0.0209258271414	0.0140855631012	0.00684026404023
NATATTNTTT	7322	9710	10357	91	26	9.38514520628	0.00928476686052	0.00250409322932	0.00678067363121
TTTTTTNTNT	307132	255857	305741	5160	4024	90.584715626	0.0197688273178	0.0129904927929	0.00677833452484
TATNNTTTTT	12946	14286	15295	175	82	9.41708837784	0.0121015144181	0.00533263965663	0.00676887476146
NTATATATNT	55818	10760	10443	98	24	9.88292456194	0.00902560324185	0.00229292060762	0.00673268263423
TNNATATTTT	6029	8786	9055	71	12	10.0621522692	0.00801625832675	0.00132348075438	0.00669277757236
NTATATTTNT	13197	10571	11086	96	27	9.74565261215	0.00899971875879	0.00242958697022	0.00657013178857
TTTNTTTTNT	265195	222504	262320	4510	3540	72.3035100902	0.0198666161558	0.0133152787181	0.00655133743771
TTNTNTTTTT	290791	244988	289254	4979	3929	78.4358781193	0.0199186292591	0.0134011862898	0.00651744296927
NTNTATATAT	53409	9778	9339	82	17	9.21890759314	0.00831643002028	0.00181701581873	0.00649941420156
ATNTNTTTTT	27582	30331	32880	361	174	18.4186856407	0.0117620226769	0.0052641132692	0.00649790940772
TNTTNTTTTT	277363	228249	268458	4594	3609	72.5152824793	0.019730032683	0.013265114843	0.00646491783993
TNNATTTTTT	9806	14459	15384	175	85	8.691604762	0.0119584529179	0.00549486068912	0.00646359222874
NATATTTTNT	7848	10083	10829	95	32	8.40885452108	0.00933385733936	0.0029463217015	0.00638753563786
TTTTNTTTNT	297427	249695	295319	4907	3862	78.9261023039	0.0192732185922	0.0129085737396	0.00636464485251
TNTTTNTTTT	277541	227106	266447	4429	3480	69.0669746066	0.0191288574082	0.012892374605	0.00623648280318
NTTNTTTTTT	274877	224781	266665	4670	3825	63.5243257037	0.0203529293836	0.0141410033643	0.00621192601935
ATTATNNTTT	5242	8418	8813	65	13	8.60948210456	0.00766238359071	0.00147292091548	0.00618946267523
TNTNTATTTT	17286	21568	22206	178	45	18.7823532377	0.00818541340936	0.00202238101658	0.00616303239278
TTNNTTTTTT	262647	220309	261126	4566	3755	60.6280235514	0.0203046136743	0.0141761772268	0.00612843644751
ATATNTNTTT	16990	12688	13176	125	48	8.72230654843	0.00975571685007	0.00362976406534	0.00612595278474
TNTTTTNTTT	278617	224378	263507	4324	3430	64.9715925866	0.0189066995479	0.0128494738459	0.00605722570199
TTTTTNTTNT	239425	204250	239290	3871	3046	59.7052346255	0.0185997568722	0.0125693252344	0.00603043163782
NTATATTNTT	9942	9927	10124	83	23	8.21990405064	0.00829170829171	0.00226667980684	0.00602502848487
TNTTTTTNTT	249222	203931	239632	3902	3098	58.6720557403	0.0187746892938	0.0127631524739	0.00601153681987
TTTTTTTTNN	185654	142991	171019	3382	2980	32.8197668174	0.0231053541295	0.01712653521	0.00597881891955
ANNTATATAT	53462	9882	9481	78	18	8.19265016468	0.0078313253012	0.00189493630909	0.00593638899212
ANATATATNT	56172	11748	11395	95	24	9.34523156733	0.00802161614456	0.00210176022419	0.00591985592037
NTTTNTTTTT	277856	232728	274323	4584	3727	62.494739862	0.0193163430421	0.0134040640173	0.00591227902481
NTTTTTTNTT	243345	200079	235319	3864	3129	53.2523008141	0.0189464703373	0.0131223579145	0.00582411242279
ATNTATATNT	120382	24985	23838	213	63	16.935952565	0.00845305182951	0.00263587297603	0.00581717885348
ATATANATNT	53389	10803	10397	85	22	8.13186730851	0.00780675973549	0.00211152701795	0.00569523271754
TTNTTTTNTT	267755	223286	262721	4238	3446	57.3083992393	0.0186266064239	0.0129467589897	0.00567984743428
TTTNTNTTTT	233880	199714	233730	3765	3059	49.7622292606	0.018503137916	0.0129186744317	0.00558446348429
ATATNTATNT	67292	14069	13357	124	43	8.28048710519	0.00873670119073	0.00320895522388	0.00552774596685
TNTTTTTTTN	71024	51640	60380	1270	1137	10.0010743543	0.024003024003	0.0184826958402	0.00552032816285
TTTTTTNNTT	230382	193550	227696	3496	2822	49.1239179082	0.0177420500797	0.0122419941176	0.00550005596208
ATANATATNT	139795	27790	26810	231	75	16.8137535489	0.00824381713715	0.00278965966152	0.00545415747563
TTNTTTNTTT	219851	176100	206155	3260	2657	42.6394680826	0.01817573595	0.0127243645001	0.00545137144992
TTTTTNTNTT	232832	197179	230965	3554	2867	48.9428330427	0.017705110769	0.0122609394779	0.00544417129112
TTTNNTTTTT	235531	204833	240006	3853	3168	48.2923113724	0.0184631455872	0.0130277085544	0.00543543703278
NTTTTTNTTT	179218	144539	167893	2638	2140	34.0176243893	0.0179239962766	0.0125857921698	0.00533820410684
TTNTTNTTTT	214862	181393	210874	3340	2722	42.0336264294	0.0180801481056	0.0127436843387	0.00533646376699
NTTTTNTTTT	183003	149362	172755	2711	2186	35.1595602514	0.0178269646814	0.0124956413877	0.00533132329377
TTTTNTTNTT	193939	167417	194756	2945	2374	39.398482611	0.0172867188692	0.0120428143864	0.00524390448279
TTTTNTNTTT	170093	140098	162525	2485	2016	31.8748673804	0.0174284451863	0.0122522653928	0.00517617979349
TTTNTTTNTT	221689	178288	208928	3225	2670	39.2272647551	0.0177673224507	0.0126182667133	0.00514905573744
TTTNTTNTTT	169509	137481	160234	2494	2059	30.0431732364	0.0178174674049	0.0126869304283	0.00513053697659
TTTTTNNTTT	169756	142140	164808	2438	1963	32.3919742596	0.0168628698696	0.0117706315846	0.00509223828492
ATATATNTNT	240682	50202	48861	401	147	24.8933975892	0.00792443135782	0.00299951028404	0.00492492107379
TTNTTTTTTN	69760	52186	60846	1195	1083	8.54228358719	0.0223862422959	0.0174877682507	0.00489847404521
TTTTNNTTTT	215282	189359	219111	3245	2657	38.9093177407	0.0168480405391	0.0119809891418	0.00486705139733
TTTTTTTNTN	70495	52369	61104	1097	983	8.57295992286	0.0205177121909	0.015832621966	0.00468509022497
