#Sequence	Occurrence	Forward Match	Backward Match	Forward Mismatch	Backward Mismatch	Strand Bias Score	FER (Forward Error Rate)	RER (Reverse Error Rate), ERD (Error rate Difference)
GGGT	195368	14540747	16236517	1373897	240791	9223372036854775807	0.086329106702	0.0146134914757	0.0717156152263
AGGT	215400	16828554	18180125	1248772	300455	9223372036854775807	0.0690794645181	0.0162578771878	0.0528215873303
CGGT	449190	33555523	36340926	2363054	594704	9223372036854775807	0.0657891875839	0.0161010926306	0.0496880949533
NGGT	1342044	101502197	110300637	7163350	1854897	9223372036854775807	0.0659210780028	0.016538613244	0.0493824647588
TGGT	430740	33229924	35927885	1869976	603726	9223372036854775807	0.0532758212986	0.0165261258257	0.036749695473
GGGA	199836	15443530	16502232	777538	189077	9223372036854775807	0.0479338351827	0.0113278712892	0.0366059638936
GAGT	174744	13716004	14434650	703442	242601	9223372036854775807	0.0487842598114	0.0165290489343	0.0322552108771
GNGT	942352	74784754	78288799	3619544	1268183	9223372036854775807	0.0461651222233	0.0159405619484	0.0302245602749
GGGN	856908	65230448	69479042	2866668	870886	9223372036854775807	0.0420967607498	0.0123793445816	0.0297174161682
NGGA	1009314	79632541	83447737	3004985	996907	9223372036854775807	0.0363634434071	0.0118054497334	0.0245579936736
CGGA	305496	23846879	24864254	918507	329270	9223372036854775807	0.0370883377307	0.0130696285283	0.0240187092024
CNGT	1442925	113609376	116610621	4759288	1997936	9223372036854775807	0.0402073305482	0.0168447880198	0.0233625425284
NNGT	4607649	364787631	377385328	14944333	6483511	9223372036854775807	0.039354951431	0.0168899122338	0.0224650391972
TGGA	303534	24089623	25367212	844133	297957	9223372036854775807	0.0338550276982	0.0116093917013	0.0222456359969
NGGN	4873599	375996281	397737463	12895673	4905529	9223372036854775807	0.033160040642	0.0121833214472	0.0209767191948
CGGN	1564218	118717835	125489560	4077704	1580312	9223372036854775807	0.0332072649642	0.0124365593128	0.0207707056514
ANGT	994950	79915753	82442830	3123786	1436194	9223372036854775807	0.037618055659	0.0171222068583	0.0204958488007
AGGN	909009	71970453	74979243	2355827	906954	9223372036854775807	0.031695747453	0.0119515015359	0.0197442459171
GCGT	417248	33587162	34334371	1258374	596756	9223372036854775807	0.0361129184525	0.0170837889084	0.0190291295441
NAGT	896130	71502638	73511844	2634567	1276324	9223372036854775807	0.0355363680085	0.0170658545881	0.0184705134204
AAGT	208248	16945745	17527137	628498	316940	9223372036854775807	0.0357624507639	0.0177616359759	0.018000814788
AGGA	200448	16252509	16714039	464807	180603	9223372036854775807	0.0278039249841	0.0106899572066	0.0171139677776
TGGN	1543464	120077545	127789618	3595474	1547377	9223372036854775807	0.0290724203959	0.011963916434	0.017108503962
TNGT	1109628	88510488	91764865	2985246	1523893	9223372036854775807	0.0326271605188	0.0163352265875	0.0162919339312
GNGA	1209933	96505890	99231531	2966561	1364144	9223372036854775807	0.029822940625	0.0135606625235	0.0162622781015
CAGT	367902	29527934	29977112	959376	507108	9223372036854775807	0.0314680435893	0.0166350984214	0.0148329451679
GGGC	279360	21348386	22354745	516211	221929	9223372036854775807	0.0236094449854	0.00983001304798	0.0137794319374
NCGT	1170648	96026813	96708275	2963593	1643012	9223372036854775807	0.0299381841105	0.0167055465171	0.0132326375933
GAGA	209763	17043833	17388224	399565	173463	9223372036854775807	0.0229063740906	0.0098773540378	0.0130290200528
GCGA	457749	36350709	36852684	1099529	618538	9223372036854775807	0.029359733308	0.0165070143696	0.0128527189384
CCGT	289944	23765679	23343552	726491	415451	9223372036854775807	0.0296621736661	0.0174860451846	0.0121761284815
CCGA	223601	19529492	18983836	599275	347615	9223372036854775807	0.0297720670124	0.0179818369557	0.0117902300566
GAGN	766584	61814724	63029172	1430974	706257	9223372036854775807	0.0226256337625	0.0110810739189	0.0115445598436
ACGT	261666	21503743	21689814	621382	371554	9223372036854775807	0.0280849034751	0.0168418386385	0.0112430648366
TNGA	1031526	83713583	85289743	2069641	1114056	9223372036854775807	0.0241264072798	0.0128935997363	0.0112328075435
AAAC	453762	36850222	37303649	563147	147236	9223372036854775807	0.0150520259215	0.00393144247459	0.0111205834469
TAGT	119205	9524256	9735765	258557	151811	9223372036854775807	0.0264297191411	0.0153537125783	0.0110760065628
GTGA	342585	27667818	28488391	689929	383066	9223372036854775807	0.0243294715903	0.0132679829771	0.0110614886132
NCGA	997752	87007700	86841813	2575649	1567136	9223372036854775807	0.0287514256695	0.0177259883499	0.0110254373196
CNGA	1423521	115351443	116006326	3013491	1719574	9223372036854775807	0.0254593222685	0.0146065903934	0.0108527318751
NNGA	4807494	389458300	395024186	9746472	5432064	9223372036854775807	0.0244147181687	0.013564687778	0.0108500303907
CTGA	342818	30107595	30396170	842893	517439	9223372036854775807	0.0272335932151	0.0167382268437	0.0104953663714
NGGC	1665342	126619921	134533007	2481687	1187140	9223372036854775807	0.0192227427562	0.00874696960062	0.0104757731556
GNGN	4890357	384972723	396762278	9030808	5024613	9223372036854775807	0.0229206270743	0.0125056668412	0.0104149602331
AGGC	302499	23797449	24751543	444820	201690	9223372036854775807	0.018348942502	0.00808272018299	0.010266222319
CCCA	161838	14713096	14409463	493432	330867	9223372036854775807	0.032448695718	0.0224463767093	0.0100023190087
TGGC	566433	43061042	46354664	812615	412575	9223372036854775807	0.0185217065448	0.00882188063315	0.00969982591162
CGGC	517050	38413044	41072055	708041	350946	9223372036854775807	0.0180987055957	0.00847224951181	0.00962645608391
TAAC	315117	25789015	25871145	360961	113948	9223372036854775807	0.0138034925921	0.0043851295818	0.00941836301032
GTGT	196209	15773153	16218887	419229	272256	9223372036854775807	0.0258905082649	0.0165092255885	0.00938128267639
TCGA	216118	19107903	19124081	523776	338571	9223372036854775807	0.0266801428446	0.0173959335038	0.00928420934081
GCNA	1135854	91971151	90513508	2823265	1895194	9223372036854775807	0.0297830306798	0.020508826106	0.00927420457377
TAGC	190854	15438526	15495658	238156	95986	9223372036854775807	0.0151917350878	0.00615624625601	0.00903548883181
CCNA	565668	46773919	45505634	1447376	975350	9223372036854775807	0.0300152868147	0.0209838500837	0.00903143673095
GCCA	440559	38232797	36054428	1235019	821517	9223372036854775807	0.0312917998807	0.0222778562014	0.00901394367931
NAAC	1485495	122004755	122980459	1639931	557351	9223372036854775807	0.0132632550015	0.00451158232447	0.00875167267704
GGNA	1213408	99484152	102938488	2377319	1528865	9223372036854775807	0.0233387460112	0.0146348591794	0.00870388683183
CTGT	299646	24241668	24457448	611317	397398	9223372036854775807	0.0245973270414	0.0159887532596	0.00860857378177
NTGA	1172178	102872135	104440306	2507146	1618746	9223372036854775807	0.0237916407875	0.0152626859233	0.00852895486422
TTTC	492723	40317404	40230999	561826	211260	9223372036854775807	0.0137435563243	0.00522374380719	0.00851981251713
NCCA	1028976	85167419	81547308	2799245	1950955	9223372036854775807	0.0318216568949	0.0233652165914	0.00845644030354
CGNA	1062390	92286050	93007650	2461387	1667067	9223372036854775807	0.0259784019276	0.017608365283	0.00837003664465
CGCA	304788	24807838	24607868	794836	571495	9223372036854775807	0.0310450384987	0.0226969602051	0.00834807829364
ATAC	238446	19564646	19611802	250310	84476	9223372036854775807	0.0126323772811	0.00428893215256	0.00834344512852
CTCA	142164	11753509	11756447	348468	245561	9223372036854775807	0.0287943036084	0.0204599930278	0.00833431058058
TTGA	271061	23816693	24144817	539361	339534	9223372036854775807	0.0221448433314	0.0138673881942	0.00827745513716
AAGC	356445	29069054	29197939	426358	184403	9223372036854775807	0.0144550616889	0.00627598031498	0.00817908137394
ANAC	1076940	88244476	88668970	1113206	386837	9223372036854775807	0.0124578656819	0.00434375941369	0.00811410626819
GAAC	323127	26664732	27176382	350700	135552	9223372036854775807	0.012981469258	0.00496310513931	0.0080183641187
CNCA	763662	62914148	62154147	1946384	1399696	9223372036854775807	0.0300087578683	0.0220237822597	0.00798497560863
GNCA	1087026	87724120	86829368	2609399	1853933	9223372036854775807	0.0288862764219	0.0209050968908	0.00798117953114
GGNT	1231884	95841239	100883468	2491863	1783132	9223372036854775807	0.0253410392769	0.0173681801092	0.00797285916768
GGCA	385252	32289706	33562215	870279	627534	9223372036854775807	0.0262448550565	0.018354448873	0.00789040618351
TCCA	202356	16886115	16478941	546961	397116	9223372036854775807	0.0313748990712	0.0235313260675	0.00784357300371
CTAC	167049	13742756	13773950	175495	66186	9223372036854775807	0.0126089837006	0.00478217844102	0.00782680525959
TNGN	4693437	376732555	386007302	7203067	4421460	9223372036854775807	0.0187611323025	0.0113246267446	0.00743650555796
NAGC	1449702	117708136	117036404	1668569	774586	9223372036854775807	0.0139773417268	0.00657481954782	0.00740252217894
AANC	1553112	127170322	127411638	1588694	642847	9223372036854775807	0.0123385068429	0.00502010530908	0.00731840153381
CNGN	6865002	547566839	551321186	10679423	6624727	9223372036854775807	0.019130308122	0.0118734215013	0.00725688662063
NCNA	3128958	257795169	253138531	7263041	5228144	9223372036854775807	0.0274016828228	0.0202353651066	0.00716631771622
CNNA	2986752	245503639	244485322	6518369	4663275	9223372036854775807	0.0258642848366	0.0187168423027	0.00714744253384
NGNA	4030082	350592771	356183817	8331549	5858069	9223372036854775807	0.0232125507684	0.0161806388336	0.00703191193477
GNNA	3790548	307035411	310090334	7845759	5649004	9223372036854775807	0.0249165709083	0.0178913531516	0.00702521775675
NGCA	1146822	93239342	93972662	2645653	1976113	9223372036854775807	0.0275919396982	0.0205955000468	0.00699643965141
GAGC	236574	19231617	19267269	278994	143742	9223372036854775807	0.0142996034312	0.00740517843197	0.00689442499921
NTAC	947043	77979546	78287609	905166	362437	9223372036854775807	0.0114745427479	0.00460822362393	0.00686631912398
CGNT	1803852	145143258	146128979	3691948	2673480	9223372036854775807	0.0248056095008	0.0179666385755	0.00683897092524
NTTC	1504944	124403489	124389326	1539989	678313	9223372036854775807	0.0122276200757	0.0054235692416	0.00680405083413
TGNA	1023372	89814002	91369156	2068312	1461081	9223372036854775807	0.0225104474404	0.0157392790024	0.00677116843803
CAGA	259848	21538624	21544130	520573	370095	9223372036854775807	0.0235989097881	0.0168883453556	0.00671056443247
CAGC	665829	53968939	53075538	725061	350455	9223372036854775807	0.0132566826343	0.00655963474558	0.00669704788871
TANC	1177839	96737233	96585467	1148649	493831	9223372036854775807	0.011734572714	0.0050868826843	0.00664769002967
CTNA	752444	66045767	66270421	1600085	1148081	9223372036854775807	0.0236538524195	0.0170291680465	0.00662468437303
CTTC	377010	31505508	31432339	375995	164546	9223372036854775807	0.0117935155065	0.00520766524928	0.00658585025719
ATGC	390501	32094128	32467208	406939	195336	9223372036854775807	0.0125207889329	0.00598042822384	0.00654036070903
GTGC	324810	26254530	26718948	356951	185158	9223372036854775807	0.0134134210719	0.00688214653927	0.00653127453264
TTAC	325008	26709533	26795635	290719	117312	9223372036854775807	0.0107672698759	0.0043589429281	0.00640832694775
NTGC	1720233	140208815	140700040	1782398	873940	9223372036854775807	0.012552875367	0.00617302699267	0.00637984837434
TNGC	1703781	135734624	138862412	1848639	989504	9223372036854775807	0.0134365108058	0.00707536963598	0.00636114116984
ACGA	173148	14548664	14362210	361910	262183	9223372036854775807	0.0242720367439	0.0179277868148	0.00634424992905
CTCG	188046	15038943	15363599	250859	156403	9223372036854775807	0.0164069488931	0.0100775115879	0.00632943730518
NAGA	784210	69048152	69620445	1401810	958418	9223372036854775807	0.0198979525354	0.0135793913257	0.00631856120975
TTGC	488745	39793105	40139699	492191	238538	9223372036854775807	0.0122176339476	0.00590758828822	0.00631004565942
CTGC	516177	42067052	41374185	526317	254908	9223372036854775807	0.0123567825781	0.00612331380845	0.00623346876961
ATTC	312084	25680370	25781479	296873	135041	9223372036854775807	0.0114281950552	0.00521061469673	0.00621758035846
TGCA	236976	19689786	19779646	539089	413151	9223372036854775807	0.0266494800131	0.0204603156264	0.00618916438669
NAGN	4263111	345997676	348864315	6100089	3935950	9223372036854775807	0.0173249864281	0.0111563124818	0.00616867394634
ANGC	1518849	123494285	124589078	1593118	825906	9223372036854775807	0.0127360386561	0.00658538536352	0.00615065329258
CAAC	393489	32700786	32629283	365123	160615	9223372036854775807	0.0110422792248	0.00489830739943	0.00614397182537
TAGN	485802	39255818	39666174	645927	403445	9223372036854775807	0.0161879386478	0.0100686008519	0.00611933779586
NNGC	6906906	551902556	555589581	7331797	3970724	9223372036854775807	0.0131104195597	0.00709615025319	0.00601426930646
TTNC	1667511	136875171	136951930	1569453	735117	9223372036854775807	0.0113363231786	0.00533904253172	0.00599728064685
ANGN	4746843	385763605	391701169	6810131	4513052	9223372036854775807	0.017347393306	0.0113904341662	0.00595695913984
TCNA	687684	57140383	56556865	1531372	1164536	9223372036854775807	0.0261006680301	0.0201751166781	0.005925551352
ANGA	888622	78552884	79127611	1625740	1154640	9223372036854775807	0.0202764766829	0.0143822574183	0.00589421926459
GNGC	1471932	116856585	118129661	1634957	944693	9223372036854775807	0.0137980903312	0.00793363951401	0.00586445081719
NANC	5833323	480082911	478210219	5486848	2615900	9223372036854775807	0.0112998140809	0.00544042824762	0.00585938583327
TAGA	67746	5502865	5555678	106424	73980	9223372036854775807	0.0189728145581	0.0131411179862	0.00583169657193
TNAC	1315296	108424334	108491684	1145494	504290	9223372036854775807	0.0104544656217	0.00462668465167	0.00582778097001
TATC	362979	29838527	29959211	321842	146018	9223372036854775807	0.0106710232889	0.00485025375492	0.00582076953395
NNAC	4607658	379401300	379118744	4095198	1873507	9223372036854775807	0.0106785799124	0.00491744122113	0.00576113869122
CCAA	135630	10920357	10596743	282434	210203	9223372036854775807	0.0252110389277	0.0194507310391	0.00576030788862
CNGC	2212344	175817062	174008430	2255083	1210621	9223372036854775807	0.0126638728365	0.00690918591952	0.00575468691697
CTNC	1232469	101544172	100638109	1164852	568499	9223372036854775807	0.0113412819501	0.0056172122674	0.00572406968266
TNTC	1301661	106831641	107163102	1190690	573134	9223372036854775807	0.0110226282749	0.00531978859926	0.00570283967563
ATNC	1268613	104701604	104635164	1170218	565248	9223372036854775807	0.0110531582237	0.00537305880513	0.00568009941859
NTNC	5181534	426482058	426037700	4846039	2401211	9223372036854775807	0.011235157259	0.00560455863917	0.00563059861979
GTNA	876864	71645839	72680526	1691556	1291033	9223372036854775807	0.0230653952189	0.0174530997785	0.00561229544038
TCGT	259722	21279297	21488856	497211	377630	9223372036854775807	0.0228324486185	0.0172698073207	0.00556264129782
GCGN	2071629	162160417	165400817	3166241	2278597	9223372036854775807	0.0191514244484	0.0135890086066	0.00556241584181
AATC	375588	30875952	31020878	320183	146844	9223372036854775807	0.0102635470708	0.00471141265955	0.00555213441127
AGNT	710736	59039013	59689220	1213119	884223	9223372036854775807	0.0201340427257	0.0145975357551	0.00553650697059
GCAA	271525	21362830	21303026	518839	397058	9223372036854775807	0.0237111255088	0.0182975328575	0.00541359265128
NCAA	767415	61080832	60466027	1451687	1106514	9223372036854775807	0.0232149131878	0.0179709003726	0.00524401281519
GANC	1148769	94882037	95366865	1076148	573251	9223372036854775807	0.0112147598457	0.0059750917958	0.00523966804985
GTAC	216540	17962611	18106222	188642	94463	9223372036854775807	0.0103927811485	0.00519007938437	0.00520270176412
ACAA	166645	13281668	13172935	295858	222740	9223372036854775807	0.0217902731322	0.0166277548537	0.00516251827852
AAGN	1142442	93227120	94415549	1571671	1091702	9223372036854775807	0.0165790194518	0.0114305666697	0.00514845278209
AGAC	188523	15512333	15520843	162171	81434	9223372036854775807	0.0103461647016	0.00521936637838	0.00512679832323
ANNC	4860117	398616262	397108936	4335295	2262659	9223372036854775807	0.010758849109	0.00566554814696	0.00509330096204
NGNT	5833323	468447832	477953970	11080241	8779432	9223372036854775807	0.0231065533467	0.0180374553378	0.00506909800885
CTAG	15930	1296029	1304191	15496	8889	9223372036854775807	0.0118152532357	0.00676957991897	0.00504567331677
GTTC	323127	26900207	26944509	305295	167466	9223372036854775807	0.011221810941	0.00617682776707	0.00504498317397
GGNC	899532	70880876	72754884	982745	635285	9223372036854775807	0.0136751389135	0.0086562683893	0.00501887052417
NNCA	3882186	320499010	316424735	8591652	6816817	9223372036854775807	0.0261072494363	0.0210889254733	0.00501832396303
TGAC	332586	27273329	27485465	278691	143612	9223372036854775807	0.0101150841209	0.00519785731532	0.00491722680555
GTNC	1012941	83361111	83812497	941516	532347	9223372036854775807	0.0111682877925	0.00631155355507	0.00485673423743
GNAC	1012941	83232779	84132882	876524	480046	9223372036854775807	0.0104212491215	0.0056734356244	0.00474781349712
TNNC	5685822	463904414	465234849	5015459	2801190	9223372036854775807	0.0106957697653	0.00598498783552	0.00471078192982
TCAA	193615	15515977	15393323	354556	276513	9223372036854775807	0.0223405225269	0.0176461961695	0.00469432635737
NTGT	1052496	85547966	86583777	1781602	1387804	9223372036854775807	0.0204009024756	0.0157755946207	0.00462530785483
CAGN	1868283	151700014	151753420	2451517	1734546	9223372036854775807	0.0159032932342	0.0113008598993	0.0046024333349
CANC	1953603	161293319	158846249	1673357	905971	9223372036854775807	0.0102680930916	0.00567110115903	0.00459699193259
GGAC	131968	10921651	11275700	125210	76527	9223372036854775807	0.0113344415214	0.00674114427064	0.00459329725081
CTTG	154464	12757363	12992371	186583	129074	9223372036854775807	0.0144146923975	0.00983687391137	0.00457781848614
NATC	1556082	129123918	129157758	1239611	645061	9223372036854775807	0.00950887882147	0.00496954538406	0.0045393334374
TNCA	877176	72931668	72417523	1917546	1560389	9223372036854775807	0.025618786057	0.021092633704	0.00452615235303
AGNC	978246	79199446	78411128	924881	557040	9223372036854775807	0.0115430735537	0.00705398154862	0.00448909200506
ANTC	1032444	85055107	85316655	828381	442205	9223372036854775807	0.00964540471388	0.00515637684549	0.00448902786839
CNAC	1202481	99499711	97825208	959974	502334	9223372036854775807	0.00955581335936	0.00510878223723	0.00444703112213
TNNA	3201492	260572064	261354865	5981212	4790982	9223372036854775807	0.0224390864361	0.0180013404455	0.00443774599065
GNNT	1620039	129761353	130811395	1413948	836513	9223372036854775807	0.0107790718925	0.00635416857517	0.00442490331734
TGNC	1630539	130130145	132776706	1570957	1004647	9223372036854775807	0.0119281993555	0.00750961907225	0.00441858028329
GTGN	1195236	95767134	98853247	1566925	1168873	9223372036854775807	0.0160984244991	0.0116861450247	0.00441227947435
GATC	343728	28692738	28857156	282432	157394	9223372036854775807	0.00974738025696	0.00542465762867	0.00432272262829
NGAC	979884	80190958	80376971	797760	446885	9223372036854775807	0.00985026087214	0.00552912249077	0.00432113838137
ACCA	287160	24227076	23305552	656754	526526	9223372036854775807	0.0263928020727	0.0220931636763	0.00429963839639
GTCA	221724	18196339	18263578	476669	396299	9223372036854775807	0.0255271673423	0.0212380285251	0.00428913881724
ACAC	174408	15016040	14916096	135324	71623	9223372036854775807	0.00893147310038	0.0047787792125	0.00415269388788
NNTC	4807494	396693049	397517909	3889635	2233450	9223372036854775807	0.00970994292904	0.00558709795406	0.00412284497498
AGNA	756504	62538120	62564578	1338265	1075237	9223372036854775807	0.0209508568777	0.0168956650801	0.00405519179759
CGAA	193000	15198921	15420321	322306	262747	9223372036854775807	0.02076549747	0.0167535459261	0.00401195154392
CACA	129060	10884601	10672906	261992	212225	9223372036854775807	0.0235042223216	0.0194967795978	0.00400744272378
CNNT	1783710	143560290	143645757	1595736	1014260	9223372036854775807	0.0109932466738	0.00701133610402	0.00398191056974
NGNC	5290452	421906226	424559419	4939766	3261788	9223372036854775807	0.0115727126237	0.007624184932	0.00394852769171
NANA	574493	39773528	39988662	801887	645533	9223372036854775807	0.0197628785805	0.0158864473629	0.00387643121767
CGAC	241353	21363550	21013021	220072	134042	9223372036854775807	0.0101962497305	0.00633856342131	0.00385768630915
CCCG	259984	21125283	20585917	278587	190448	9223372036854775807	0.0130157303329	0.00916656980179	0.00384916053109
GCNT	506283	40655513	40669258	452644	293705	9223372036854775807	0.0110110506778	0.0071700135559	0.00384103712195
TTCA	206824	17451676	17343725	460414	388218	9223372036854775807	0.0257040914823	0.0218937089974	0.00381038248497
TANA	95336	6450656	6477641	119038	94277	9223372036854775807	0.018119260958	0.0143454315772	0.00377382938076
ACNA	739752	61909716	60562524	1461028	1193064	9223372036854775807	0.0230552445463	0.0193191262303	0.00373611831596
TGTC	236196	19224777	19560244	192539	122225	9223372036854775807	0.0099158400677	0.00620984084873	0.00370599921897
AACC	367317	30375094	29889172	279006	164364	9223372036854775807	0.0091017514786	0.00546904031526	0.00363271116334
ATGA	250152	20713107	20890834	419094	346241	9223372036854775807	0.01983200898	0.016303610549	0.00352839843104
CCCN	571266	51386271	50059313	1016753	807740	9223372036854775807	0.0194025634856	0.015879433786	0.0035231296997
GNNC	4533174	367719657	369732556	3935230	2633021	9223372036854775807	0.0105883983708	0.00707106446631	0.00351733390447
CNNC	6116553	498300484	489226383	4908246	3081231	9223372036854775807	0.00975389675771	0.00625875146428	0.00349514529343
AAGA	204744	16850952	17063456	295085	238018	9223372036854775807	0.0172100993367	0.0137570937598	0.0034530055769
GGTA	205926	16614280	17189711	325214	275604	9223372036854775807	0.0191985663798	0.0157800761109	0.00341849026899
NTCA	669816	56550021	56232632	1473054	1265232	9223372036854775807	0.0253873825198	0.022004852215	0.00338253030477
NTNA	3660264	298166608	298780188	6563388	5525631	9223372036854775807	0.021538371956	0.0181581509619	0.00338022099406
TACC	308889	25671165	25259453	227690	137879	9223372036854775807	0.00879150835047	0.00542887733247	0.003362631018
GACA	131220	10919933	10804913	231188	191481	9223372036854775807	0.0207322653929	0.017413071958	0.00331919343492
NCGN	6235650	500607678	499518718	8030552	6314761	9223372036854775807	0.0157883374201	0.012483873176	0.00330446424412
TGNT	1154322	96008147	97338274	1581887	1273724	9223372036854775807	0.0162095137706	0.0129165215778	0.00329299219281
TAAA	44629	3000911	3012544	45512	35521	273.875447031	0.0149394880488	0.0116536228722	0.00328586517655
AGCA	274842	22951238	22616073	539205	454156	9223372036854775807	0.0229542286623	0.0196858037257	0.00326842493661
GTAA	180560	14232274	14304907	267237	220847	9223372036854775807	0.0184307594925	0.0152038234986	0.00322693599392
CNTC	1324620	110102425	109442851	957347	598195	9223372036854775807	0.00862010593719	0.00543610790468	0.00318399803251
GGNN	4873608	382819740	397379546	6316046	5276641	9223372036854775807	0.016230956461	0.0131045819495	0.00312637451158
NACC	1192928	93003789	90971056	868473	560990	9223372036854775807	0.00925164666853	0.00612889173263	0.0031227549359
ATGT	256680	21056134	21295083	391554	327424	9223372036854775807	0.0182562334924	0.0151427399237	0.00311349356866
GNTC	1148769	94703876	95595301	913217	619916	9223372036854775807	0.00955077142954	0.00644301410244	0.0031077573271
CNAA	646370	51228307	51079726	1087842	920902	9223372036854775807	0.0207936176648	0.0177094399706	0.00308417769418
TTGT	99987	8093932	8077354	73628	48426	9223372036854775807	0.00901468737297	0.00595955096003	0.00305513641294
GGTC	218080	18189347	18669974	203303	151461	9223372036854775807	0.0110534914762	0.00804726100853	0.00300623046769
GGAA	200575	15714375	16111649	301993	260187	9223372036854775807	0.0188552735552	0.0158923531851	0.00296292037009
CTGN	1868283	151228935	152483654	2223244	1778805	9223372036854775807	0.0144881878803	0.0115310297238	0.00295715815651
CATC	473787	39716701	39320513	315154	194805	9223372036854775807	0.00787258047373	0.00492986036453	0.0029427201092
CAAA	97056	7290054	7321362	129246	107698	9223372036854775807	0.0174202418018	0.0144968542454	0.00292338755643
TCAC	342585	28652457	28339439	215123	129418	9223372036854775807	0.0074520621403	0.00454594998317	0.00290611215713
CGNN	6235659	500789367	500493800	8230569	6733100	9223372036854775807	0.0161694433123	0.0132743354108	0.0028951079015
CTTA	118824	9664427	9661617	210578	181613	9223372036854775807	0.0213243436332	0.0184505492608	0.00287379437248
TTNA	1064616	86002100	85937389	1873547	1615121	9223372036854775807	0.021320434773	0.0184474551329	0.00287297964009
GANT	344148	27695880	27873464	253906	174519	9223372036854775807	0.00908436293573	0.00622215864863	0.0028622042871
GANA	433887	33839175	34139584	740576	645713	9223372036854775807	0.0214164642192	0.0185628140533	0.00285365016588
NTGN	5823279	472434087	479671439	6697115	5427612	9223372036854775807	0.0139776223549	0.0111886675284	0.00278895482645
NCAC	929628	83408833	81631085	724286	477895	9223372036854775807	0.00860880956999	0.00582025254729	0.0027885570227
TCCG	101832	9660257	9415818	122335	93295	9223372036854775807	0.0125053768981	0.00981111487475	0.00269426202331
ATCC	291184	22889141	22340128	198525	132738	9223372036854775807	0.00859874705395	0.00590658975139	0.00269215730255
CGNC	1782135	141695759	140616701	1461183	1064816	9223372036854775807	0.0102068609429	0.00751556041004	0.00269130053282
GAAA	54747	3809507	3862051	60657	50856	215.791613211	0.0156729792329	0.0129969866393	0.00267599259358
NAAA	218600	14885413	15021144	239344	200327	9223372036854775807	0.0158246509349	0.0131608173744	0.00266383356054
AGTC	151136	12808816	12907867	118603	84731	9223372036854775807	0.0091745305076	0.00652148246255	0.00265304804504
CCGN	1564218	125920055	121594552	1926958	1531064	9223372036854775807	0.0150723740413	0.0124349753507	0.00263739869061
TTGN	1381347	112731808	113887116	1501841	1209732	9223372036854775807	0.01314709819	0.0105105571614	0.00263654102856
NGAA	836080	66008964	67004033	1257838	1096466	9223372036854775807	0.0186992388905	0.0161007043429	0.00259853454767
GCAC	180450	15029648	14942440	148840	108511	9223372036854775807	0.00980598331006	0.00720957765393	0.00259640565613
TGAA	258530	20537817	20861990	386714	336924	9223372036854775807	0.0184813700245	0.0158934556742	0.0025879143503
CTAA	75100	5886774	5861630	111417	95581	245.852296912	0.0185751003928	0.0160445886506	0.00253051174214
TTTA	89258	7100697	7110610	194203	175658	203.868397127	0.0266217494414	0.0241080893538	0.00251366008755
NGTC	979884	79814220	80720779	725919	535403	9223372036854775807	0.00901313319064	0.00658907404731	0.00242405914333
GTTA	105039	8125166	8251705	192227	174529	245.735249791	0.0231114485032	0.0207125745618	0.00239887394138
GCCT	100833	8138290	8079820	85647	65371	9223372036854775807	0.0104143550711	0.00802571726065	0.00238863781041
ACCG	249550	20098075	19643103	200250	148233	9223372036854775807	0.00986534603225	0.00748979250314	0.0023755535291
ANAA	184878	12593019	12647710	191911	162340	9223372036854775807	0.015010719652	0.0126728623229	0.00233785732902
GNAA	926395	72639311	73313225	1437486	1276814	9223372036854775807	0.0194053476691	0.0171177548251	0.00228759284398
CACC	373776	29227729	28219630	248280	174810	9223372036854775807	0.00842312132555	0.00615648697421	0.00226663435134
TTTG	242640	19894753	19890386	195791	150103	9223372036854775807	0.0097454304871	0.00748998689603	0.00225544359107
GGCT	105732	8266597	8473094	74665	57360	9223372036854775807	0.00895128339093	0.00672414387323	0.0022271395177
CANA	865512	71841511	71131879	1443769	1265712	9223372036854775807	0.0197006684016	0.0174827916581	0.00221787674354
GTCC	49488	3852664	3799308	39272	30241	227.677020832	0.010090607862	0.00789675233298	0.00219385552902
TTCC	320920	25118621	24873020	205848	148553	9223372036854775807	0.0081284231468	0.00593699684668	0.00219142630012
GACC	163560	13693089	13502078	144366	112254	9223372036854775807	0.010432987858	0.00824528151657	0.00218770634139
GCGC	490924	41838884	41696428	461306	367010	9223372036854775807	0.0109055302116	0.00872515461052	0.00218037560105
CCAC	257936	23164099	21941175	182951	125355	9223372036854775807	0.00783615060575	0.00568077536432	0.00215537524143
NNCC	1624536	126037653	122455999	1262709	959070	9223372036854775807	0.00991913125903	0.00777109317177	0.00214803808726
ANCC	1095008	85059189	82010378	738007	533495	9223372036854775807	0.00860176129765	0.00646316898651	0.00213859231114
CCCT	54579	4397027	4411979	49379	39972	221.374131756	0.0111053736433	0.00897853547804	0.0021268381653
ACGC	365092	32309173	31985941	301754	229996	9223372036854775807	0.00925315615836	0.00713919945895	0.00211395669941
ACGN	1316979	107859822	107858955	1477528	1244194	9223372036854775807	0.0135134791542	0.0114038321662	0.00210964698799
CCTA	16472	1371174	1317774	39360	34899	26.5059499899	0.0279043255958	0.0258000270575	0.0021042985383
TCCN	224292	18682280	18026902	409363	355625	9223372036854775807	0.0214419995178	0.0193458168183	0.00209618269947
CGTC	182400	16565663	16579760	138428	103578	9223372036854775807	0.00828707171195	0.00620846979184	0.00207860192012
ACNC	824558	73459609	72543507	623561	469449	9223372036854775807	0.00841703992958	0.00642966708539	0.00198737284419
TCGC	356027	31348695	30869923	292681	226857	9223372036854775807	0.00924994538796	0.00729519262123	0.00195475276673
NCCG	521406	48610485	46413559	616124	496070	9223372036854775807	0.0125160764171	0.0105750143537	0.00194106206346
AGAA	110385	8441731	8507263	131486	116188	229.921862921	0.0153368333031	0.0134734922249	0.0018633410782
NTCC	897168	70124047	68988932	567914	428699	9223372036854775807	0.00803364331625	0.00617565010249	0.00185799321375
TCGN	1282824	104667384	104664394	1459825	1260906	9223372036854775807	0.0137554262828	0.0119037283822	0.00185169790064
TNAA	887180	69181077	69274324	1294385	1165758	9223372036854775807	0.0183664634934	0.0165496400189	0.00181682347448
TCNC	941059	83984110	82865337	695424	534290	9223372036854775807	0.00821242119731	0.00640638356812	0.00180603762919
NCNC	2716865	224034741	219143893	2038091	1599989	9223372036854775807	0.00901519648323	0.0072481691701	0.00176702731313
AGCC	105732	8165938	7589713	87086	67279	281.381425714	0.0105520109962	0.00878660967649	0.00176540131972
NCGC	1611267	140109070	136457521	1337485	1062129	9223372036854775807	0.00945576228421	0.00772347079127	0.00173229149294
NACA	467776	39509148	39203658	832077	755522	9223372036854775807	0.0206259725628	0.0189073449455	0.00171862761729
CTCC	57411	4479378	4417859	37680	29487	193.193074998	0.00834171268113	0.00663024644361	0.00171146623752
TACA	85072	7127783	7168596	148400	136546	121.345632534	0.020395308914	0.0186917653346	0.00170354357942
ANCA	769548	65520152	64287422	1543053	1400425	9223372036854775807	0.0230089361223	0.0213193926115	0.00168954351073
GCNC	654192	53653106	53348021	523368	429714	9223372036854775807	0.00966042935906	0.0079905559429	0.00166987341616
ATAA	88116	6345781	6304978	94533	83119	143.148421602	0.0146783215849	0.0130115431873	0.00166677839767
TTAA	127134	9322324	9300367	145522	129217	200.478215153	0.015370127482	0.0137033616753	0.00166676580667
ACCC	73263	5694192	5576036	47371	37100	226.342093074	0.00825054083705	0.00660949601079	0.00164104482626
CCGC	228128	18707534	17411843	166898	126465	9223372036854775807	0.00884254424186	0.00721078681022	0.00163175743164
TGNN	5823279	472128838	479420198	6896229	6201269	9223372036854775807	0.0143963843963	0.0127697587965	0.00162662559979
ATNA	178972	12436610	12413969	254895	233651	190.120663614	0.0200839065186	0.0184739105065	0.00160999601209
CATA	26604	1880760	1855342	35727	32187	30.9021204432	0.0186419213905	0.0170524532338	0.00158946815671
CTNG	219876	13106045	13115726	57511	36623	9223372036854775807	0.00436895623037	0.00278452160903	0.00158443462134
NTAA	687840	53114222	52912857	941397	853064	9223372036854775807	0.0174153402998	0.01586625848	0.0015490818198
CCNC	510376	42355286	40238900	343471	263274	9223372036854775807	0.00804405149311	0.00650024366593	0.00154380782718
ANNT	1585644	128059315	128570453	1128783	931907	9223372036854775807	0.00873751543273	0.00719606190961	0.00154145352312
TNNT	1237248	74811116	74496872	367058	251507	9223372036854775807	0.0048825075214	0.0033647151064	0.001517792415
NNAA	3384335	264077681	264526471	5067545	4660050	9223372036854775807	0.018828292351	0.0173116023146	0.0015166900364
ACTC	116496	10090787	10048358	61553	46108	9223372036854775807	0.00606293721447	0.00456765122593	0.00149528598855
ACCN	447348	39814522	38388500	734151	648921	9223372036854775807	0.0181054260395	0.0166230499704	0.00148237606903
CGTA	56856	4456133	4396942	108441	100308	47.3820964193	0.0237570910232	0.0223042970704	0.00145279395274
CTNT	238616	14545013	14427021	68654	47032	9223372036854775807	0.00469793105317	0.00324940084163	0.00144853021154
CTCN	425880	39745591	39666393	616979	557804	9223372036854775807	0.0152859196032	0.0138673744065	0.00141854519673
TCTC	163149	14610861	14587147	108908	88158	9223372036854775807	0.00739875741257	0.00600723460262	0.00139152280995
TNCC	910056	76039335	74235486	726961	604989	9223372036854775807	0.00946979387933	0.00808371405981	0.00138607981953
GGAT	109194	8726171	8863955	68314	56938	264.468591194	0.00776782267523	0.00638254488648	0.00138527778875
GCTA	42412	3355501	3409888	90850	87361	29.9090059704	0.0263612150939	0.0249799199314	0.00138129516253
TCCC	22204	1600579	1581480	12946	10591	46.0986300204	0.0080234269689	0.00665234150989	0.00137108545901
CANT	460992	37039416	37180822	314700	264289	9223372036854775807	0.00842477439434	0.0070580375633	0.00136673683104
NCNT	1582281	128049474	127852961	1122084	946516	9223372036854775807	0.0086867729814	0.00734875654813	0.00133801643327
ATGN	1378413	112706210	114447422	1405105	1270202	9223372036854775807	0.0123134590115	0.0109767376489	0.00133672136261
ACCT	26925	3306877	3298161	40663	36134	56.0704579543	0.0121471289365	0.0108370735043	0.00131005543218
GCCN	925190	77195651	72314873	1559118	1363844	9223372036854775807	0.0197971249208	0.0185106914932	0.0012864334276
CCNT	363510	29386753	29251821	271808	232877	9223372036854775807	0.00916457140318	0.00789823250013	0.00126633890305
CGCT	160107	12882231	12718508	123032	105115	257.142500741	0.00946017008653	0.00819698146148	0.00126318862505
CCAG	203898	15358492	14499148	149124	122239	290.411815045	0.00961617827008	0.00836028757053	0.00125589069955
NCCN	3249066	294861040	284467251	5099301	4551589	9223372036854775807	0.0169999173324	0.0157484162624	0.00125150106999
AACA	43620	3103269	3100901	64713	60646	28.5652630039	0.020427199397	0.0191823812836	0.00124481811337
CNCC	459036	35599287	33951580	328259	270085	9223372036854775807	0.00913669416776	0.0078922226607	0.00124447150705
NTTA	275136	22169162	22283600	539932	514337	162.763649363	0.0237760255869	0.0225606816968	0.00121534389016
NCCT	303003	24589578	24535489	225895	195274	9223372036854775807	0.00910298989667	0.00789599576851	0.00120699412816
GNTA	392613	30285828	30838058	665572	639288	237.803704674	0.0215037768889	0.020309463193	0.00119431369594
NCTC	255528	21560816	21545585	157448	131330	9223372036854775807	0.00724956653994	0.00605851893593	0.00119104760401
CNTA	249216	19732754	19342533	462701	429476	142.197649168	0.0229111451067	0.0217214143489	0.00118973075772
ANNA	1855872	145172304	144056952	3295660	3091389	9223372036854775807	0.0221977853754	0.0210086568356	0.00118912853981
AANA	190276	12956699	13027122	230953	217558	103.018036607	0.0175128218427	0.0164260669189	0.00108675492379
NTTG	460449	37211853	37149722	219767	179307	9223372036854775807	0.00587115919642	0.00480341988001	0.00106773931641
CCNN	1083020	88631739	83431376	1695232	1504592	9223372036854775807	0.0187677277477	0.0177144269434	0.00105330080431
ATTG	41926	5097498	5121670	37311	32407	80.8346677872	0.00726628780155	0.006287643743	0.00097864405855
NGTA	315681	24672615	24824701	544853	523904	118.245643502	0.0216061739426	0.020667961807	0.000938212135631
GCNN	2302302	181071089	180635762	3478819	3301189	9223372036854775807	0.0188502884542	0.0179473943765	0.000902894077765
ACNT	331650	26948126	26988197	220137	196202	9223372036854775807	0.00810272633182	0.00721744850787	0.000885277823949
AGNN	4263111	347489804	348041405	4970326	4662738	9223372036854775807	0.0141018106076	0.0132199694632	0.00088184114444
TNTG	144252	17649223	17698577	115970	100592	246.630722426	0.00652793358338	0.00565149979755	0.000876433785837
CCTC	32334	2773192	2760786	18263	15732	39.4489957635	0.0065424662049	0.00566608968499	0.000876376519906
GATA	40331	2850275	2866606	50376	48128	14.8607198251	0.0173671358602	0.0165119698744	0.000855165985753
AANT	297790	17860457	18024131	94549	80149	287.293700022	0.00526588517988	0.00442707470278	0.000838810477099
NCCC	95212	6741576	6644586	56725	50283	65.9622699208	0.00834399653678	0.00751067720668	0.000833319330103
CTNN	4263111	348542232	348747282	4468407	4183652	9223372036854775807	0.0126579952736	0.0118540246744	0.000803970599207
CTAN	161934	12413028	12374575	166728	156204	68.013629986	0.0132536751905	0.0124656256407	0.000788049549848
GCTC	26286	2637917	2662440	16138	14171	32.7851107014	0.00608050699778	0.00529438158926	0.000786125408527
NANT	1595064	128366085	128787613	1001632	907741	9223372036854775807	0.00774251894698	0.00699902480701	0.000743494139969
TCTG	43308	5332848	5334212	32177	28272	55.9574265768	0.00599754893966	0.00527218356269	0.000725365376968
GNCC	299844	22952473	22642144	225455	206422	130.479948776	0.00972714213281	0.00903435252786	0.000692789604952
CACG	65676	5446079	5359861	75464	70459	22.7502725973	0.0136671941158	0.0129751101224	0.000692083993424
TGCC	110072	8352469	8150520	84718	77107	43.3665323574	0.0100410243367	0.00937171799354	0.00066930634313
GNCT	326082	26110719	26234769	209442	192797	167.436244707	0.00795747412031	0.00729529915846	0.000662174961852
CGAT	97126	5887839	5827185	23408	19568	67.185801014	0.00395990896675	0.00334681489025	0.000613094076507
TTTN	218600	26776093	26669233	218286	202155	121.26132196	0.00808635012496	0.00752305761057	0.000563292514394
GTNT	239320	14474556	14448375	48195	39962	164.73873498	0.00331858612738	0.00275821855883	0.000560367568549
ACAG	33294	2814125	2819226	31966	30499	8.86179295552	0.011231545302	0.0107024362	0.000529109101976
CNCN	1086744	88401670	85083854	1811940	1699723	124.568348112	0.0200849960444	0.0195857679386	0.00049922810583
CTTN	253876	15505475	15391229	55848	48487	102.324283592	0.00358889793625	0.0031404075049	0.000448490431344
CCTG	98840	10256857	10034308	83301	77372	24.3888635003	0.00805606645469	0.0076517453084	0.000404321146295
NGCT	483234	38774528	38715824	321619	305864	81.5171918265	0.00822636051578	0.00783830776362	0.000388052752161
CNCG	713190	56648960	56065954	545848	518254	100.068390143	0.00954366347379	0.00915898654975	0.000384676924044
CANN	3235155	268521134	265207937	3803465	3654126	9223372036854775807	0.013966659692	0.0135910807171	0.000375578974921
GTAN	105227	7498186	7542871	98290	96058	9.60949592852	0.0129388942978	0.0125747994254	0.000364094872413
TNTA	95336	7874390	7851450	193631	190121	5.59266172173	0.023999813585	0.0236422708946	0.000357542690437
CNCT	120445	14634408	14556688	174317	168185	18.120566033	0.0117712362138	0.0114218302596	0.000349405954197
NGCC	370076	27845030	26630659	277427	255974	38.09067823	0.00986496307915	0.00952049295276	0.000344470126389
ATAG	37254	2229159	2250501	6254	5563	11.1507919644	0.00279769331215	0.00246579884259	0.000331894469567
CNTG	264096	15896265	15801293	47713	42960	49.207623554	0.00299254050652	0.00271139320989	0.000281147296625
CCNG	198468	16457531	15687608	211605	198134	7.86388598051	0.0126944191949	0.0124724422693	0.000221976925552
NGAT	345796	20856263	20881365	80102	75618	30.2644828427	0.00382597456626	0.00360824838194	0.000217726184328
NTNT	1148986	69771451	69318847	222475	208016	87.1309177225	0.00317849008784	0.00299187955596	0.000186610531876
ACTG	40878	4971281	4980372	25095	24215	4.48009543725	0.00502264040977	0.00483856110404	0.000184079305726
CNAG	109938	6600791	6592259	16346	15351	7.32574093008	0.00247025261832	0.00232323033593	0.000147022282384
ACNN	511961	43513249	42721034	786794	767197	4.6308356028	0.0177605696681	0.017641485578	0.000119084090052
