#Sequence	Occurrence	Forward Match	Backward Match	Forward Mismatch	Backward Mismatch	Strand Bias Score	FER (Forward Error Rate)	RER (Reverse Error Rate), ERD (Error rate Difference)
CCCC	933	159477	166344	1798	1117	41.8374407044	0.0111486591226	0.00667020978019	0.00447844934243
GCCC	322	57725	58571	442	193	22.8062768358	0.007598810322	0.00328432373562	0.00431448658638
GGGT	1444	270917	281431	1778	963	60.4781537762	0.00652010487908	0.00341012911039	0.00310997576869
TTTT	83289	5517128	5839017	46513	32046	9223372036854775807	0.00836017277175	0.00545829605303	0.00290187671872
NCCC	4309	770586	768666	5832	3794	93.3404975098	0.00751141781875	0.0049115811822	0.00259983663656
CCTG	1212	257569	258466	2269	1699	19.0734099001	0.00873236401142	0.00653047104722	0.0022018929642
TCCC	1610	273147	272137	1630	1036	29.1865033594	0.00593208310739	0.00379246850897	0.00213961459843
GCGC	156	26609	26657	87	36	5.19423296221	0.00325891519329	0.00134866819016	0.00191024700313
CCCT	1637	301205	295495	2242	1647	18.2519385678	0.00738844015594	0.0055428044504	0.00184563570554
NTTT	150742	11846433	12295755	65777	45415	9223372036854775807	0.00552181333271	0.00367995903144	0.00184185430127
CCCN	4309	775789	771678	5390	4041	41.2870724711	0.00689982705628	0.0052093606061	0.00169046645019
ACCC	1444	280237	271614	1962	1448	14.3782864445	0.00695254058306	0.00530282499945	0.00164971558361
TTNT	159002	11983735	12370569	66834	49426	9223372036854775807	0.00554612815378	0.00397955071641	0.00156657743738
TTGG	3442	573190	586632	2775	1935	37.882974064	0.00481800109382	0.00328764609637	0.00153035499745
TNTT	161642	12278788	12672569	59090	41786	9223372036854775807	0.00478931628275	0.00328652141615	0.0015027948666
CTGC	966	203864	200619	780	468	16.7490031055	0.00381149703876	0.00232735084814	0.00148414619062
CTTT	13334	1641954	1679306	4645	2531	146.835821241	0.00282096612472	0.00150490208028	0.00131606404444
TTTN	150742	11778725	12211335	85491	73428	9223372036854775807	0.00720578586904	0.00597716048735	0.00122862538169
ACGG	609	103320	106359	291	177	7.49759442159	0.00280858210036	0.00166141022753	0.00114717187283
TGCG	593	95726	96394	267	160	6.69045536035	0.00278145281427	0.00165710379684	0.00112434901743
TTCG	2293	381343	381120	1459	1036	16.424312552	0.00381136984655	0.00271093480149	0.00110043504506
NTNT	376578	28615094	29159644	115684	86998	9223372036854775807	0.00402648337612	0.00297463209622	0.0010518512799
ATTT	44355	3503944	3555900	9864	6307	182.509670522	0.00280721086639	0.00177053158337	0.00103667928302
CCTN	11664	1973243	1953767	8683	6563	60.5593992025	0.00438109192775	0.00334790570975	0.001033186218
GGCA	917	170068	168077	533	358	7.78471013129	0.00312424897861	0.00212544898626	0.000998799992355
TTCC	5264	762130	752050	3020	2228	24.6916002667	0.00394693850879	0.00295381808829	0.000993120420498
NNTT	303796	27650337	28271804	93662	67908	9223372036854775807	0.00337593726124	0.00239621348304	0.000979723778199
TCTT	14514	1875856	1883795	3744	1916	131.033127446	0.00199191317302	0.00101606237647	0.000975850796543
NCCT	11664	1956739	1947435	7979	6028	58.0533282454	0.0040611426169	0.00308580198345	0.000975340633453
CCNC	4406	837009	827370	3599	2760	22.9395682466	0.00428142487342	0.00332478045607	0.000956644417352
ATCT	7489	1029587	1030663	3052	2080	41.2476476494	0.00295553431548	0.00201405383527	0.000941480480205
GNGT	7775	1151501	1178293	3612	2625	40.0787364617	0.00312696679892	0.00222284697159	0.000904119827326
ACCT	4153	727383	729576	2435	1782	23.3612322692	0.00333644826518	0.00243656321528	0.000899885049905
CTGG	931	184098	187010	438	282	8.65503375777	0.00237352061386	0.00150567029024	0.000867850323622
CCTA	3506	594249	574429	3611	2988	9.42129815272	0.00603987555615	0.00517476970716	0.000865105848989
TTGT	12822	1503484	1529391	4551	3312	48.1919132056	0.00301783446671	0.002160888313	0.000856946153707
CTGT	2386	409196	413874	1020	677	16.8250887119	0.00248649491975	0.0016330921889	0.000853402730851
NTGG	10882	1779216	1821924	6070	4671	48.1734043221	0.00340001545971	0.00255721711709	0.000842798342613
CCTT	5291	792310	798871	1713	1070	34.4551257417	0.00215736823744	0.0013375986479	0.000819769589544
TGGT	4198	679054	697004	1916	1393	22.0079289906	0.0028136334934	0.00199456755971	0.000819065933687
CCTC	1655	329115	322001	1090	806	8.74535767333	0.00330097969443	0.00249684796179	0.000804131732647
TCCT	5157	800545	793483	2869	2213	18.0897634832	0.00357101071179	0.00278121292554	0.000789797786248
CTNT	25819	3343746	3386337	8875	6320	101.576840578	0.00264718260728	0.00186284673045	0.000784335876826
ATNT	164648	10167222	10231036	30330	22488	264.490533429	0.00297424323014	0.00219319718762	0.000781046042519
NGGT	10288	1763760	1801340	6109	4825	39.9394453448	0.0034516678918	0.00267140599004	0.000780261901765
CNCT	7523	1267623	1252906	4693	3656	26.4015833745	0.00368854907114	0.00290952615152	0.000779022919628
TTNN	303795	27561806	28070254	135964	116649	9223372036854775807	0.00490884284186	0.00413841137496	0.000770431466904
NCTT	29645	4125255	4140441	7524	4397	181.80119706	0.00182056674214	0.00106083760089	0.000759729141246
ANTT	86237	7949537	8044751	18734	12853	254.269382671	0.00235107465597	0.00159513920019	0.000755935455781
AAAT	44355	3466560	3501075	18830	16355	44.3163246638	0.00540255179478	0.00464970162875	0.000752850166032
TNNT	329147	29111303	29601176	104610	84182	9223372036854775807	0.00358058295149	0.00283580881861	0.000744774132879
TTAA	27318	2334639	2329200	6072	4378	59.8891109313	0.00259408359255	0.00187608899295	0.000717994599595
GTGC	1361	239109	240895	761	593	5.51845794712	0.00317255179889	0.00245560856026	0.000716943238631
TTCN	34584	4612119	4590262	16306	13013	78.0342840518	0.0035230126879	0.00282690041329	0.000696112274609
CNCC	4466	862903	849779	3104	2464	14.8309940801	0.00358426663988	0.00289119417819	0.000693072461691
CCNG	2580	539329	539267	3060	2683	6.11611688659	0.00564170733551	0.00495064120306	0.000691066132447
TTCA	12796	1694165	1679536	5927	4749	27.0628159761	0.00348628191886	0.00281959407107	0.000666687847786
ANCT	19710	3015827	3017934	8487	6475	60.1687856344	0.00280625622869	0.00214091414223	0.000665342086451
NTGT	35074	4082777	4142254	11054	8478	83.2212917386	0.00270016031439	0.00204253129328	0.00065762902111
GAGC	848	162838	162500	403	295	4.23172958592	0.00246874253404	0.00181209496606	0.000656647567983
TNCC	11442	1768108	1752366	6258	5051	26.6894901696	0.00352689354958	0.0028741044385	0.000652789111081
NTTN	303795	27582329	28111276	131777	116030	287.472224156	0.00475487103932	0.00411055876179	0.000644312277529
ACTC	1683	282344	274699	828	628	5.55461622876	0.00292401791138	0.00228092413748	0.000643093773895
GGGN	4309	761992	771193	4309	3865	7.24431086211	0.00562311676482	0.00498672357424	0.000636393190586
NTCT	26763	3620351	3622456	11207	8903	58.7126978822	0.00308600330767	0.00245169921233	0.000634304095338
ACNC	7775	1182089	1154280	4764	3926	14.3986322201	0.00401397645707	0.00338972514389	0.000624251313181
AATT	28412	2511726	2542860	5842	4353	52.4087145107	0.00232049342858	0.00170892657976	0.000611566848823
ATAT	97102	3992867	3983841	13123	10665	55.0424687423	0.00327584442298	0.00266991713118	0.000605927291797
CNTT	34160	4428062	4472602	8545	5964	106.580411135	0.00192602139428	0.0013316762553	0.000594345138976
ACTG	1691	281801	279736	804	631	4.95664043558	0.00284496028025	0.00225062150681	0.000594338773439
GTAG	3010	508829	517013	1542	1259	8.0310773736	0.00302133154117	0.00242922635219	0.000592105188987
GTCT	2325	386150	385351	1032	801	6.98733691914	0.00266541316487	0.00207431270588	0.000591100458991
ATCC	3646	583783	571291	1561	1189	10.0956895217	0.00266680789416	0.00207692845165	0.000589879442512
GAAG	5537	932199	955771	3348	2873	11.5403692233	0.00357865505421	0.00299694151322	0.000581713540988
NCTG	6473	1218547	1213738	4542	3820	13.8342676352	0.00371354823729	0.00313742753939	0.000576120697905
NCCN	28393	4862688	4792658	19611	16550	48.0969221817	0.00401675522126	0.00344131507724	0.000575440144016
AANT	86237	7896196	7973246	29424	25157	82.785129725	0.003712517128	0.0031452528711	0.000567264256893
TTTC	15538	1844154	1867756	13828	12939	9.93654858462	0.00744248329639	0.00687990343995	0.000562579856442
ACTT	7548	1083276	1080826	1602	994	31.6600185414	0.00147666373546	0.000918821985173	0.000557841750288
CNGG	2580	537697	541379	1329	1036	9.14791056625	0.00246555824765	0.00190997667837	0.000555581569281
GACT	1399	245970	248766	603	473	4.40933879887	0.00244552323247	0.00189777683268	0.000547746399792
NNCT	62053	9208146	9197426	27771	22690	110.920642383	0.00300684815595	0.00246092348513	0.000545924670827
ATGT	15702	1640824	1660632	4291	3436	23.8406282596	0.00260832829316	0.00206481946651	0.000543508826647
GNAG	11106	1951156	1995807	6383	5443	22.167261187	0.00326072686164	0.00271980012492	0.000540926736714
TNGT	26133	3498738	3560612	8974	7228	48.8881532506	0.00255836283024	0.0020258755998	0.000532487230441
ATGG	4881	722376	739943	2227	1889	8.74618650338	0.00307340709326	0.00254639864552	0.000527008447748
GTTG	3586	585092	595131	1943	1663	6.58231671827	0.00330985375659	0.00278655616511	0.000523297591481
GNCT	5064	872235	876467	2319	1871	11.7591216243	0.00265163729169	0.00213015946025	0.00052147783144
NTCC	11799	1921594	1882911	5601	4502	22.3341141476	0.00290629645677	0.00238527550674	0.000521020950029
TTNG	25068	3476086	3560239	17417	15974	23.0527553655	0.00498554030153	0.00446673618154	0.000518804119984
ANNT	300354	24894019	25039016	74194	61586	271.241962451	0.00297153825146	0.00245356665151	0.000517971599947
TTCT	14231	1774481	1777556	5900	5000	17.4327086948	0.00331389741859	0.00280496096616	0.000508936452423
NNCC	28393	4880451	4798333	16265	13545	45.4219588477	0.00332161391431	0.00281490927243	0.000506704641875
GNGC	2687	486845	488392	1465	1221	5.72239965093	0.00300014335156	0.00249380633276	0.000506337018803
CACT	2729	451597	444331	1044	805	6.65606449979	0.00230646362128	0.00180843607347	0.000498027547811
GGNT	9033	1525152	1573611	4408	3766	16.6980356899	0.00288187452601	0.00238750786908	0.000494366656931
CTTN	29645	4128147	4135097	11136	9145	44.2735412219	0.00269032100487	0.00220667615453	0.00048364485034
CCNN	28393	4882714	4815690	18277	15697	36.2072416373	0.00372924577907	0.0032489634964	0.000480282282664
GGTG	1759	331397	340652	832	691	4.4223994993	0.00250429673508	0.00202435673208	0.000479940002999
NCNC	23486	3927237	3857710	14522	12414	29.1451451618	0.00368414202898	0.0032076491606	0.000476492868382
TTGN	26730	3549210	3594766	11727	10161	29.9008539521	0.00329323433692	0.00281864237473	0.00047459196219
GTNG	8836	1511786	1537090	4417	3760	14.8857167291	0.00291319829864	0.00244021157154	0.00047298672711
CTCT	2718	430133	428886	1223	1022	4.47220323596	0.00283524513395	0.00237725280758	0.000457992326372
ACCN	10288	1804086	1773895	6116	5203	13.7394130217	0.00337862846246	0.00292451568154	0.000454112780917
ANCC	9033	1576582	1529491	5246	4392	12.188450567	0.00331641619696	0.00286332138762	0.000453094809341
NNGT	68846	9305623	9447122	24337	20431	88.5128876366	0.00260847849294	0.0021580021786	0.000450476314342
GGCN	1997	371192	370142	948	779	4.16000183774	0.00254742838717	0.00210017766586	0.000447250721302
NTCN	72591	10497104	10375843	29937	24978	86.2704345862	0.00284381907508	0.00240154118603	0.000442277889057
CCNT	12418	1942419	1927164	5989	5086	15.4195369248	0.00307379152621	0.00263216457498	0.000441626951233
NCTN	62053	9288530	9207363	22990	18844	82.660154984	0.00246898465557	0.00204244279366	0.000426541861903
CTTC	5537	954970	936786	3329	2884	5.9467370693	0.00347386358537	0.00306916257835	0.000404701007022
TNTN	376578	28683638	29099045	122840	113008	123.308323104	0.00426431860223	0.00386854015361	0.000395778448612
TNCG	5426	862091	856322	2974	2618	5.14517332341	0.00343789195032	0.00304794281323	0.000389949137081
TTNC	32295	4107888	4120042	21444	19893	14.5688993145	0.00519309176399	0.00480514790691	0.000387943857083
NTAT	163999	9065533	9099179	27646	24202	53.5971731469	0.00304030086728	0.00265274463491	0.000387556232365
TNCT	29756	4052461	4050119	12272	10688	24.5535436941	0.00301914049459	0.00263198915881	0.000387151335786
ANAT	164648	10155132	10160268	37163	33324	46.9043702638	0.00364618567261	0.00326911259544	0.000377073077166
ACTN	17677	2602325	2563827	4890	3859	24.1806084992	0.00187556453917	0.00150290962368	0.000372654915489
CNCN	23486	3934863	3870165	12163	10513	21.4722551919	0.00308156064845	0.00270906269471	0.000372497953733
TNGG	8989	1513112	1548316	5627	5178	7.41016882913	0.00370504741104	0.00333313163746	0.000371915773586
CNGT	5179	881861	892154	1941	1644	6.90243877464	0.00219619326501	0.00183934177521	0.000356851489796
NCTC	7281	1260043	1232521	3755	3236	6.853219018	0.00297120267638	0.00261863780662	0.000352564869753
NTCG	5082	886643	881254	2499	2173	5.25073401645	0.00281057468886	0.00245973917483	0.00035083551403
TCTN	26763	3650748	3628589	7720	6413	25.5885774555	0.00211017289204	0.00176423561803	0.000345937274014
CNTG	9458	1596873	1596612	5877	5320	6.7862164261	0.00366682264857	0.00332098990469	0.000345832743883
ATCN	24009	3440156	3380089	8193	6889	20.7541508505	0.00237591960675	0.00203396656252	0.000341953044222
CNNT	68482	9413995	9427092	21737	18532	57.5140176602	0.00230368984621	0.0019619667266	0.000341723119612
ACAA	12822	1546378	1519816	2155	1606	16.3487099826	0.00139163970028	0.00105559141382	0.000336048286462
ATAN	163999	9128509	9064140	25046	21814	44.6775091607	0.00273620467676	0.00240084860654	0.000335356070221
CTAA	6691	1024437	993696	1646	1263	9.40684244549	0.0016041587279	0.00126939904056	0.000334759687337
AACT	5922	854377	850729	2152	1858	5.13959164237	0.00251246601107	0.00217924974226	0.00033321626882
NTNG	61348	8848356	8985425	33429	30951	30.8519835838	0.0037637704583	0.00343275391355	0.000331016544757
TTAN	91739	7621752	7673891	22440	20047	33.9908455696	0.0029355620581	0.00260555777808	0.000330004280011
GTNT	27109	3120391	3171702	9645	8764	13.4663201281	0.00308143420715	0.00275557103896	0.000325863168186
TCCN	11799	1913254	1878256	6606	5875	7.40625932706	0.0034408758972	0.00311814836654	0.000322727530659
NAAT	98271	8202083	8243380	30961	28551	24.919463044	0.00376057749722	0.00345155200158	0.000309025495635
TCNT	37312	5020215	4997091	11231	9676	24.6185737603	0.00223216148996	0.00193258444022	0.000299577049739
GTAT	10856	1021561	1026462	2666	2379	4.55707331766	0.00260293860638	0.00231231064858	0.000290627957799
AGTT	5922	850591	865165	1426	1199	5.8925034861	0.00167367552525	0.00138394485459	0.000289730670666
TNCN	80752	10998069	10911498	32311	28908	36.5300415607	0.00292927351551	0.00264231510238	0.000286958413126
NGCT	5949	1054490	1062912	2622	2339	4.72620087404	0.00248034266946	0.00219572664095	0.00028461602851
CNTC	13277	2374602	2314406	7396	6547	7.81415597253	0.00310495642734	0.0028208240322	0.000284132395138
TTAT	48660	3188642	3224605	9870	9068	10.335166169	0.0030858099016	0.00280424149257	0.000281568409035
NTAA	91739	7720744	7631830	14648	12334	38.5886424401	0.00189363383265	0.00161351849594	0.000280115336709
TATT	50240	3240371	3273449	6536	5693	15.5038755823	0.00201299267272	0.00173612487657	0.000276867796151
ATTN	98271	8246520	8282872	23556	21403	25.5312347448	0.0028483414179	0.00257734720972	0.000270994208182
NATT	98271	8240164	8325444	15179	13158	37.0967218756	0.00183868798668	0.00157796234908	0.000260725637593
ANGT	29759	3773523	3816063	9810	8934	12.0608477859	0.0025929517703	0.00233568810642	0.000257263663882
NTCA	28947	4068516	3989222	10630	9400	12.4842103295	0.00260593761537	0.00235080985399	0.000255127761379
NANT	231896	21561102	21720893	57497	52437	60.1576380497	0.00265960805323	0.0024083132897	0.000251294763533
ATNG	21620	2799438	2827388	8807	8202	6.86782100825	0.00313612238248	0.00289251972253	0.000243602659958
NTAN	300800	22568521	22516457	60165	54812	52.6022368885	0.00265879335636	0.00242839691468	0.000230396441682
CTNN	62053	9288238	9228854	22321	20096	23.3752223019	0.00239738559199	0.00217278718125	0.000224598410745
CNTN	86193	11878876	11801150	30774	28031	25.0562229183	0.00258395502807	0.00236964841437	0.000214306613691
GNNG	28922	5156165	5258745	15157	14344	9.83847646917	0.0029309720029	0.00272022717614	0.000210744826765
ATNN	325356	25593072	25520646	68601	63086	47.9457190455	0.00267328634419	0.00246586385442	0.00020742248977
NTTG	26730	3550640	3619506	16760	16332	4.35619001727	0.00469809945619	0.00449194931127	0.000206150144914
NACT	17677	2576566	2564623	5963	5420	5.85798796738	0.00230897697567	0.00210891413101	0.000200062844661
NCNT	86193	11842702	11781021	26642	24141	25.0368288859	0.0022446059361	0.00204495287739	0.000199653058705
ANCN	65384	9782514	9630090	25339	23087	16.6880920285	0.00258354198416	0.00239164784816	0.000191894135999
NTTC	34584	4582499	4570995	24205	23259	4.29666876365	0.00525429895214	0.00506262823083	0.000191670721307
GGNN	28393	4790318	4853700	13276	12586	7.017980517	0.00276376396506	0.00258636668704	0.000177397278026
GNNT	62068	8237321	8390007	20552	19461	12.4684984837	0.00248877646823	0.00231417730587	0.000174599162361
TANT	101121	7828907	7879864	17782	16536	12.5848097054	0.00226617876661	0.00209411883896	0.000172059927646
GNGN	23486	3848306	3892299	11291	10751	5.10253705124	0.00292543496121	0.00275451249664	0.000170922464578
NCAA	26730	3657883	3581793	4746	4053	9.77379207021	0.00129579053734	0.00113027720655	0.000165513330793
ATAA	48660	3243932	3201208	5582	5024	5.63177555905	0.00171779533801	0.00156694836805	0.000150846969957
NGNT	65384	9637740	9795733	21270	20185	11.5055500635	0.00220208903397	0.0020563537715	0.000145735262473
NTNC	80752	10964626	10886222	43811	42226	4.84473162358	0.00397976570153	0.00386386063236	0.000115905069165
NNAT	325356	25492532	25540939	75323	72732	11.8594634553	0.0029460038787	0.00283957734914	0.000106426529556
ACNN	68846	9488291	9353820	20756	19475	6.11831980233	0.00218276342519	0.00207771119974	0.000105052225445
NTGN	82863	11175137	11247691	30101	29213	5.01422142322	0.00268633294536	0.0025905159785	9.5816966861e-05
