#Sequence	Occurrence	Forward Match	Backward Match	Forward Mismatch	Backward Mismatch	Strand Bias Score	FER (Forward Error Rate)	RER (Reverse Error Rate), ERD (Error rate Difference)
GGGT	3504	37833	38916	723	162	80.8810189808	0.0187519452225	0.00414555504376	0.0146063901788
AGGT	10003	122746	123373	2085	543	197.409551299	0.0167025818907	0.00438200071016	0.0123205811806
AAGT	21314	255377	256638	3887	1106	9223372036854775807	0.0149924401382	0.00429107952076	0.0107013606175
NGGT	26293	313219	318353	4535	1189	9223372036854775807	0.0142720469294	0.00372095061056	0.0105510963188
CGGT	1410	16998	17149	202	59	17.9680317216	0.0117441860465	0.00342863784286	0.00831554820365
TGGT	11376	135642	138915	1525	425	140.767780509	0.0111178344646	0.00305009329697	0.00806774116759
NAGT	48848	589330	593328	6749	2051	9223372036854775807	0.0113223247254	0.00344486453167	0.00787746019375
GAGT	5068	61085	61711	691	216	55.7404510929	0.0111855736856	0.00348797778029	0.00769759590528
ANGT	82975	976363	981758	10601	3271	9223372036854775807	0.0107410199359	0.00332071441551	0.00742030552037
GNGT	21686	251963	255685	2619	821	209.783344933	0.0102874515873	0.00320070485681	0.0070867467305
NNGT	195291	2312130	2335058	20413	6829	9223372036854775807	0.00875139279319	0.00291602455627	0.00583536823692
TAGT	17691	215194	215823	1755	557	136.103624245	0.0080894588129	0.00257417506239	0.00551528375051
ACGT	6144	72819	72923	624	245	36.8160929909	0.0084963849516	0.00334845834244	0.00514792660915
GTGT	11801	137420	139356	1069	384	72.9960680509	0.00771902461567	0.00274796049807	0.00497106411761
ATGT	45514	525421	528824	4005	1377	282.354518729	0.00756479659102	0.00259712825891	0.00496766833212
GCGT	1313	15625	15702	136	59	7.32076728344	0.0086288941057	0.00374341729586	0.00488547680985
GGGN	11068	126667	127184	1205	624	41.3971424642	0.00942348598599	0.00488232348523	0.00454116250076
CAGT	4775	57674	59156	416	172	24.1665873075	0.00716130142882	0.00289913700108	0.00426216442774
AGGN	31518	379127	377270	3092	1482	121.939648519	0.00808960308096	0.00391285062521	0.00417675245574
TNGT	75417	899778	911355	5995	2237	9223372036854775807	0.0066186561092	0.0024485766075	0.0041700795017
NCGT	16071	193642	194812	1356	586	68.1422495375	0.00695391747608	0.00299900715463	0.00395491032145
NTGT	104079	1215939	1228565	7773	3003	9223372036854775807	0.00635198478073	0.0024383550076	0.00391362977313
CNGT	15213	184026	186260	1198	500	65.0083462962	0.00646784433983	0.00267723281217	0.00379061152766
AACC	8776	102998	102582	582	193	42.925210331	0.00561884533694	0.00187788859158	0.00374095674535
NGGN	78175	932527	934271	7235	3752	241.249059555	0.00769875777058	0.00399990192138	0.0036988558492
CCGT	1733	20914	20848	143	67	6.55961709028	0.00679109084865	0.00320344250538	0.00358764834327
AAAC	28424	332139	333067	3835	2670	46.7516401395	0.0114145737468	0.00795265341622	0.00346192033056
TACC	9882	117643	116734	616	220	40.9545626561	0.00520890587609	0.00188108145083	0.00332782442526
ANCC	25393	299911	299225	1571	569	102.248923854	0.00521092469866	0.00189796993936	0.0033129547593
ACCC	3504	38765	38284	190	62	14.5137981765	0.00487742266718	0.00161685703854	0.00326056562864
TGGN	31165	373126	376209	2585	1421	76.3767748962	0.0068802883067	0.00376294256283	0.00311734574388
ATCC	11180	134975	135311	653	238	43.0991885582	0.00481464004483	0.00175582261765	0.00305881742718
NACC	26293	317190	315961	1558	580	97.2237818031	0.00488787380627	0.00183230608357	0.00305556772269
AAGN	88814	1073900	1069482	6652	3338	236.146639362	0.00615611280161	0.00311142596148	0.00304468684012
AGCC	1933	23173	23048	146	76	5.33135680756	0.00626098889318	0.00328662861097	0.00297436028221
TCGT	6881	84284	85339	453	215	19.9023304688	0.00534595277152	0.00251303270449	0.00283292006703
AANC	65360	774983	774983	6379	4158	102.311117205	0.00816394961618	0.00533664638365	0.00282730323254
CTGT	7295	88440	89107	437	202	19.9955666178	0.0049169076364	0.00226181011992	0.00265509751648
NNCC	78175	931994	936415	4497	2017	208.283370321	0.00480196819831	0.00214932994612	0.00265263825218
TTGT	39469	464658	471278	2262	1040	102.906328181	0.00484451297867	0.00220190634276	0.00264260663591
TNCC	33230	393128	396294	1968	935	82.5595179446	0.00498106789236	0.002353805991	0.00262726190136
ANGN	254831	3055486	3046030	17577	9684	9223372036854775807	0.00571970050728	0.00316914475635	0.00255055575093
GGCT	1933	23173	23343	127	68	4.56486139007	0.00545064377682	0.00290461748751	0.00254602628932
GGNT	25393	299843	301852	1742	984	47.8065338792	0.0057761493443	0.00324928344054	0.00252686590376
NTCC	34947	418224	423417	1974	929	85.4544545197	0.00469778532977	0.00218925122424	0.00250853410554
ANAC	80130	937774	931997	8037	5646	88.2373287728	0.00849746936756	0.00602148152335	0.00247598784421
TTCC	16265	192508	195805	977	512	34.1982489248	0.00504948704034	0.00260802681378	0.00244146022656
NAGN	181287	2195244	2189358	11883	6477	9223372036854775807	0.00538392217575	0.00294967518051	0.00243424699524
GNGN	64479	767283	768386	4642	2773	103.711957908	0.00601353758461	0.00359588619208	0.00241765139253
CGGN	4424	53607	53608	353	225	6.86114858091	0.0065418828762	0.0041795924433	0.00236229043291
TGCC	2657	31356	31200	153	78	5.84696893501	0.00485575549843	0.00249376558603	0.00236198991239
NCCC	11068	127043	127464	591	293	22.9086413666	0.004630427629	0.00229341640771	0.00233701122129
NGCC	5867	69537	69573	374	215	10.1027804131	0.00534965885197	0.00308075886972	0.00226889998225
AGNT	56423	688567	689479	4074	2547	77.8170476727	0.00588183488994	0.00368049755356	0.00220133733638
GAGN	21336	258638	258053	1345	776	33.8064766061	0.00517341518484	0.00299811844886	0.00217529673598
ACAC	11801	138601	136926	780	479	15.6932857575	0.00559617164463	0.00348604490375	0.00211012674088
CACC	4531	55067	55315	221	107	9.44411509118	0.00399725075966	0.00193064126159	0.00206660949807
AATC	20797	251680	251264	1427	906	25.9969024578	0.00563793178379	0.00359281437126	0.00204511741253
CTCC	4383	52769	53752	193	88	9.66833725557	0.00364412220082	0.00163447251114	0.00200964968968
TAGN	52140	631434	629971	3018	1758	72.52264657	0.00475686103913	0.00278283884387	0.00197402219526
ACGN	16071	194834	193627	996	605	21.1091798286	0.00508604401777	0.0031148317476	0.00197121227017
GTGN	28441	338543	340004	1870	1202	33.1139417035	0.00549332722311	0.00352279854399	0.00197052867912
TNGN	182458	2186008	2200009	11102	6835	226.955569397	0.0050530014428	0.00309718312667	0.00195581831613
ACNC	21686	254663	252356	1277	769	27.3255334975	0.0049894506525	0.00303802469136	0.00195142596114
CNCC	11679	139716	141234	560	290	20.1393628005	0.00399212980125	0.00204912241033	0.00194300739092
ATAC	33715	389285	384615	2905	2119	25.5866238631	0.00740712409801	0.00547921827406	0.00192790582395
NAAC	71681	854445	852158	7239	5562	47.5960150399	0.00840099154679	0.00648463367999	0.0019163578668
TCCC	4426	51621	52555	222	125	6.96417277558	0.00428215959725	0.00237281700835	0.00190934258889
GACC	3104	41482	41330	139	60	7.41216026668	0.00333966026765	0.00144962551341	0.00189003475424
GAAC	11056	132490	132408	986	737	8.55123500163	0.00738709580749	0.00553531863758	0.00185177716991
ANNC	187596	2222817	2213525	15172	10993	141.769227921	0.00677930052382	0.00494174468357	0.00183755584025
ATGN	118428	1407625	1405651	6837	4259	130.155580009	0.00483363992811	0.00302076019037	0.00181287973775
GNCC	7873	99239	99662	398	223	11.6672728359	0.00399450003513	0.00223256745257	0.00176193258256
AGAC	6190	77749	77389	517	378	5.22966111044	0.00660567807222	0.00486067355048	0.00174500452174
NGNT	192983	2329923	2338180	10924	6854	206.174599096	0.00466668688727	0.00292277212185	0.00174391476541
NTGN	249594	2970805	2981510	14326	9269	239.899735893	0.00479911936863	0.00309919255151	0.00169992681712
AAGC	7363	88166	88070	535	389	5.67232634523	0.00603149908118	0.00439751749398	0.0016339815872
TTGN	83728	992588	1004210	4710	3128	74.3804370656	0.00472276089995	0.00310521394011	0.00161754695984
NANC	192983	2324452	2319317	14033	10247	127.137926109	0.00600089374103	0.00439867717736	0.00160221656367
AAGG	15745	189100	187518	881	575	14.2695457379	0.00463730583585	0.00305699839973	0.00158030743612
NNAC	195291	2323006	2315523	15739	12045	104.837503536	0.00672967766901	0.00517492936834	0.00155474830067
NCGN	39554	480887	480177	2229	1479	33.6761616425	0.00461379875641	0.00307065623599	0.00154314252042
CGNT	14521	177616	177599	747	486	12.832670898	0.00418808833671	0.00272903388831	0.00145905444839
TTAA	83520	982304	984732	3521	2089	81.1859804796	0.00357162782441	0.00211689860674	0.00145472921767
TTAC	25996	308461	308571	1806	1363	14.3514101817	0.00582079305888	0.0043977104803	0.00142308257859
NTAC	77095	906817	902902	5655	4338	37.4185748334	0.00619745044231	0.00478153520568	0.00141591523664
TCGN	15425	188860	189619	789	528	12.2986002892	0.0041603172176	0.00277679900288	0.00138351821472
NCAC	28441	338965	338056	1534	1078	17.9300762808	0.00450515273173	0.00317868453178	0.00132646819995
TGNT	96646	1163897	1169250	4361	2837	72.6381421881	0.00373290831306	0.00242046878773	0.00131243952533
GANC	23521	289210	289186	1562	1197	11.3180727124	0.00537190651094	0.00412214213642	0.00124976437452
AGNC	14164	174533	173321	1064	838	6.22691535745	0.00605932903182	0.00481169506026	0.00124763397156
GNAC	27034	323437	323094	2065	1673	9.651132925	0.00634404704119	0.0051513854548	0.00119266158638
CNGN	46842	570686	570891	2352	1685	24.9480913644	0.00410443984518	0.00294284077572	0.00116159906945
ATNC	86386	1018638	1012865	6452	5228	27.3104748892	0.00629408149528	0.00513509080212	0.00115899069317
CAGN	18997	231272	231852	868	605	11.1729958985	0.00373912294305	0.00260263188461	0.00113649105844
NCNC	64479	766860	768194	3241	2394	28.9533894884	0.00420853887997	0.00310671850587	0.0011018203741
TNAC	64627	775682	774204	4485	3629	20.1861090724	0.00574876917378	0.00466552589052	0.00108324328326
TANC	71021	853551	848144	4550	3594	24.0219088781	0.00530240612702	0.00421960743797	0.00108279868905
NGAC	18074	222779	222407	1311	1067	6.08299003283	0.00585032799322	0.004774604652	0.00107572334122
TNAA	271222	3189106	3183569	9292	5878	166.601436726	0.00290520441796	0.00184295271249	0.00106225170547
NATC	76780	933236	932171	4175	3204	28.4916916937	0.00445375614325	0.00342536415876	0.00102839198449
ANGC	20589	244580	242798	1391	1130	6.20066363995	0.00565513820735	0.00463251451248	0.00102262369487
CTGN	18997	232049	231645	909	680	7.85838653526	0.00390199091682	0.00292693425159	0.00097505666523
GTNT	80130	940182	947459	3034	2173	33.3980300449	0.00321665450968	0.00228825481871	0.000928399690969
TAAA	120976	1401310	1395996	3443	2130	67.2020251961	0.00245096468917	0.00152346784195	0.000927496847212
TCAA	26434	320206	318838	911	612	13.3394064049	0.00283697219394	0.00191579276882	0.000921179425114
TTGA	26434	317453	318829	1493	1211	7.43164639333	0.00468104318599	0.00378390201225	0.000897141173745
NAGG	31518	380149	376979	1398	1052	10.8358942143	0.00366403090576	0.00278284056069	0.000881190345065
TAAC	22274	269220	266988	1795	1544	4.33373763977	0.00662324963563	0.00574978028689	0.000873469348736
ANGG	35744	425304	423590	1612	1247	10.6464594408	0.00377591844766	0.00293524339923	0.000840675048424
CGAN	15425	190095	189177	663	504	5.24032594567	0.0034756078382	0.00265709269774	0.000818515140463
TNNC	215308	2562335	2572648	16715	14701	30.7791630896	0.00648106861053	0.00568187747382	0.000799191136719
ATNT	513524	5655162	5666788	19971	15517	124.416583188	0.00351903647016	0.00273075802865	0.000788278441506
TTNC	99028	1167937	1179857	9642	8811	10.8996983645	0.00818798568928	0.00741249869602	0.000775486993263
NTAA	283278	3324268	3310874	10137	7521	82.9852014712	0.00304012260058	0.00226645712762	0.000773665472966
GNNT	187596	2227021	2240581	8715	7025	42.7084882887	0.00389804520748	0.00312554780509	0.000772497402397
TCNC	24342	291065	293664	1136	918	6.19827808811	0.00388773481268	0.00311628001711	0.000771454795571
TGAA	40292	485286	484003	1417	1047	12.730920654	0.00291142647569	0.00215854035666	0.00075288611903
NAAA	468326	5428389	5394916	12718	8608	167.656693129	0.00233739200497	0.00159303447158	0.000744357533394
TATC	33274	399333	397784	1850	1545	6.45353983337	0.00461136189719	0.00386899023111	0.000742371666076
TATT	161066	1851895	1858389	5208	3850	46.3311384116	0.00280436787836	0.002067403808	0.00073696407036
NNAA	943541	11068450	11005979	28967	20827	279.991686208	0.00261024705118	0.00188876089776	0.000721486153422
NTNC	243267	2886709	2897011	19277	17237	27.3038450018	0.00663354881957	0.00591473340635	0.000718815413221
AAAA	257870	2953701	2934683	6735	4582	87.1008664879	0.00227500273608	0.00155889312464	0.000716109611442
ANTC	61484	740552	739505	4173	3648	8.30088218516	0.00560341065494	0.00490881420111	0.000694596453826
AGNN	181286	2199433	2192118	8772	7350	27.224532599	0.00397245726733	0.00334171717888	0.000630740088447
CAAA	40071	479639	474333	1095	787	11.067120276	0.00227776691476	0.00165642364034	0.000621343274416
CTAA	17416	215153	214577	585	450	4.41593359003	0.00271162243091	0.00209276044404	0.000618861986874
NCAA	83728	1008412	998875	2634	1994	18.8822483501	0.00260522270995	0.00199226871848	0.000612953991462
CNAA	75074	909361	900831	2250	1678	17.8865741446	0.00246815801916	0.00185926123728	0.000608896781871
NATT	314724	3680104	3692878	10144	7937	61.2891828293	0.00274886674283	0.0021446627297	0.000604204013135
CANC	33081	406708	407004	1542	1298	5.31423762951	0.00377709736681	0.00317901945129	0.000598077915521
ANAA	498217	5779664	5739960	14376	10848	103.089113921	0.00248117030604	0.00188634362337	0.000594826682673
NGAA	108209	1307381	1301314	3478	2704	21.2539304926	0.00265322204753	0.00207359100871	0.000579631038815
AATT	91016	1070414	1075119	3206	2619	14.3280943477	0.00298615897617	0.00243008968785	0.000556069288328
GAAA	49409	593739	589904	1445	1109	9.97454587706	0.00242782064034	0.00187643926614	0.000551381374198
GGNN	78175	937797	936462	3872	3363	8.44037108802	0.00411184821843	0.00357832575213	0.000533522466294
GGAN	34947	423409	420538	1525	1292	4.54217155247	0.0035887926125	0.00306284522201	0.000525947390491
ACAA	39469	472106	467607	1177	923	6.9258683484	0.00248688416867	0.00196999124923	0.000516892919442
TNGA	66087	798441	797595	3145	2730	7.05757317811	0.00392347171732	0.00341111423484	0.000512357482478
GNAA	99028	1190319	1181619	3049	2423	15.5048640667	0.00255495371084	0.00204638011152	0.000508573599326
ATAN	516529	5687427	5666205	21470	18518	46.0237709287	0.00376079652514	0.00325750260831	0.000503293916837
ATAA	156346	1815198	1800977	5172	4258	18.6793226991	0.0028411806391	0.00235869568228	0.000482484956821
TGAN	91336	1108120	1107110	3637	3116	9.47248094238	0.00327139833615	0.00280663576605	0.000464762570096
TGTT	40101	476466	479283	1075	859	6.27186344666	0.00225111561102	0.0017890540715	0.000462061539512
NTNT	1171626	13263900	13369091	38038	32231	115.527208411	0.00285958331786	0.00240506123202	0.000454522085841
ATAT	303826	3213628	3212830	12103	10639	21.3739741825	0.0037520177597	0.00330048156194	0.000451536197751
NGAN	224399	2726232	2717822	9241	8030	18.6065188573	0.00337820917991	0.00294586793414	0.000432341245776
AATN	314724	3683128	3679560	12369	10882	21.3347547717	0.00334704641893	0.002948698286	0.000398348132921
TNTT	503429	5781267	5847054	12462	10267	52.7249904595	0.00215094630764	0.00175284912676	0.000398097180878
AANA	503429	5833417	5798602	14521	12156	43.617237319	0.00248309746102	0.00209198180341	0.000391115657613
NNGG	78174	934416	933394	3139	2769	5.69400241167	0.00334807024655	0.00295781824319	0.000390252003355
AGAA	44532	538659	536693	1292	1085	4.44324224168	0.00239280971792	0.00201756114977	0.000375248568151
NGTT	71681	858687	862829	2034	1731	6.38636175564	0.00236313509256	0.00200217451652	0.000360960576039
ANTT	269116	3156171	3173060	7429	6331	21.3269915431	0.00234827411809	0.00199126184857	0.000357012269519
NNTT	943546	10988058	11082295	24180	20461	75.5302563467	0.00219573895878	0.00184287576886	0.000352863189921
NTAN	929042	10534786	10533651	36411	32794	42.0460337027	0.00344435923387	0.00310359823006	0.000340761003812
CNNC	79965	978039	983327	3545	3236	4.1169237436	0.00361150956006	0.00328007435916	0.000331435200894
GNTT	65360	780474	784316	1629	1407	4.46334258114	0.00208284586557	0.00179070741215	0.000292138453416
ANNT	922038	10475146	10490274	47470	44696	19.9859997649	0.00451123560909	0.00424263192017	0.000268603688925
ATTT	140427	1628004	1636955	3113	2713	7.2535307528	0.00190850809599	0.00165460324895	0.000253904847035
AATA	161066	1859411	1852386	5262	4788	5.21355337473	0.00282194250681	0.00257811061322	0.000243831893587
NTTT	468327	5375123	5443263	9795	8715	17.7880751016	0.0018189692025	0.00159850241509	0.000220466787415
TTTT	257870	2915097	2965794	5161	4602	10.0776868528	0.00176730960073	0.00154928837771	0.000218021223016
ATNN	1026459	11704733	11691961	44188	41911	13.4698668847	0.0037610262253	0.00357179624935	0.000189229975948
TTAN	283278	3302840	3320783	10305	9757	4.64907113426	0.00311033776065	0.00292955496706	0.000180782793585
NANA	1171625	13360310	13272342	37521	35041	15.9892025985	0.0028005279362	0.0026331999312	0.000167328005005
AANN	943546	11018322	10981402	49827	47882	7.87555403084	0.00450183675699	0.00434135162355	0.000160485133436
TTNT	498217	5713459	5790895	12783	12288	4.53765246261	0.00223235413383	0.00211745864296	0.000114895490873
TNNT	1028427	11985951	12074945	33357	32539	4.43378792606	0.00277528456713	0.00268751129467	8.77732724645e-05
