#Sequence	Occurrence	Forward Match	Backward Match	Forward Mismatch	Backward Mismatch	Strand Bias Score	FER (Forward Error Rate)	RER (Reverse Error Rate), ERD (Error rate Difference)
GGGT	1093	13813	15670	217	83	17.6304059754	0.0154668567356	0.00526883768171	0.0101980190539
TGGT	2866	35045	36258	385	131	29.7961037932	0.0108664973187	0.00359998900767	0.00726650831099
NGGT	8170	109527	113719	1206	434	85.9126170429	0.010891062285	0.00380191497376	0.00708914731119
AGGT	3810	55759	56915	537	190	38.2942552332	0.00953886599403	0.00332720427283	0.0062116617212
GGGN	2953	36567	37624	336	161	15.2448881329	0.00910495081701	0.00426095011248	0.00484400070453
AAGT	5577	73430	73348	582	248	29.9293177101	0.00786358968816	0.00336974835589	0.00449384133227
GGGA	1040	12531	12069	106	48	4.86008977489	0.008388066788	0.00396137657836	0.00442669020964
GNGT	5602	64886	66151	473	234	19.3772751171	0.00723695282976	0.00352489267154	0.00371206015822
AGGN	9228	122833	124356	865	410	37.3539652097	0.0069928373943	0.00328615167594	0.00370668571836
ACGT	1776	22019	21920	152	70	7.14942104204	0.00685580262505	0.00318326512051	0.00367253750454
NAGT	13475	182738	181503	1220	542	56.5275484561	0.00663194859696	0.00297728583592	0.00365466276104
ANGT	21861	265943	266673	1786	830	77.2717824061	0.00667092470371	0.00310276894091	0.0035681557628
TTTC	9962	109292	112032	843	462	27.103655414	0.00765424252054	0.00410688570057	0.00354735681997
NGGN	20820	264461	268885	1914	992	67.7274675915	0.00718535898639	0.00367574858176	0.00350961040463
NNGT	49641	598722	604050	3850	1871	153.132574704	0.0063892779618	0.00308786128885	0.00330141667296
TAGT	5402	77147	76310	459	203	21.732333431	0.00591449114759	0.00265314391019	0.00326134723741
GAGT	1280	16634	16364	93	41	4.77170831428	0.0055598732588	0.00249923803718	0.00306063522162
TNGT	18509	223378	226028	1335	653	53.4748504063	0.00594091129574	0.00288070019102	0.00306021110472
TGGN	7464	90733	92670	580	318	18.6637093878	0.0063517790457	0.00341979610272	0.00293198294298
CCTA	3377	51269	50475	391	250	6.97283143471	0.00756871854433	0.00492853622474	0.00264018231959
ACGN	4246	52019	51353	261	134	9.24783752884	0.00499234889059	0.00260259871424	0.00238975017635
CNGT	3669	44515	45198	256	154	6.53882035637	0.00571798708986	0.00339566061034	0.00232232647952
AGGA	3699	46020	45800	239	139	6.32046627113	0.00516656218249	0.00302575154009	0.00214081064241
CAGA	1689	21338	20840	74	28	4.82906621499	0.00345600597796	0.00134176729921	0.00211423867874
NCGT	4246	51560	51755	282	181	5.53665643441	0.00543960495351	0.00348505853358	0.00195454641993
TTNC	21740	250231	253750	1136	676	27.7091153962	0.00451928853032	0.00265696115963	0.00186232737069
GNGA	6057	77785	74975	364	211	8.40693629306	0.00465776913332	0.00280637352699	0.00185139560634
GNGN	16664	206100	203038	931	546	21.4649530626	0.00449691109061	0.00268193964162	0.00181497144899
CCNA	7228	98520	96528	577	389	7.88420586445	0.00582257787824	0.00401374371885	0.00180883415939
CAGN	4494	57454	57478	202	100	8.19847458587	0.00350353822672	0.00173677446247	0.00176676376426
NGGA	8182	100203	99999	564	388	7.7362577699	0.0055970704695	0.00386504228635	0.00173202818315
ANGN	60801	747170	741299	3253	1943	70.494493458	0.00433488845624	0.0026142225547	0.00172066590154
NTGT	23750	254897	257073	1142	714	23.1529873849	0.00446025800757	0.00276972849678	0.00169052951079
TTGT	8567	90827	92705	404	256	8.63607159873	0.00442831932128	0.00275384300943	0.00167447631185
ATGT	10698	114735	114490	515	322	10.3667481948	0.00446854663774	0.0028045848866	0.00166396175115
GAGN	5157	65520	63324	222	109	8.28046659929	0.00337683672538	0.00171834849369	0.00165848823169
CAAA	8337	91387	90931	263	111	14.0423461147	0.00286961265685	0.00121921750401	0.00165039515284
CNGA	4169	54371	53033	249	155	4.90276897815	0.00455876968144	0.00291419117094	0.00164457851049
ACAA	8567	92793	91338	285	134	12.0877074711	0.00306194804358	0.00146492915865	0.00159701888493
NAGN	45140	582774	573893	2225	1273	54.1532238685	0.003803425305	0.00221327408087	0.00159015122413
NTTC	22446	258186	266335	1318	936	17.6506794199	0.00507891978544	0.00350206344871	0.00157685633673
TAGN	14370	193512	191215	666	355	20.6716940582	0.00342984272163	0.0018531085243	0.00157673419733
TNTC	20922	239097	244000	1119	758	17.603475942	0.00465830752323	0.00309693656591	0.00156137095732
AAGN	21119	266288	261876	1135	709	20.770310149	0.00424421235271	0.00270007806996	0.00154413428276
AAAA	55360	473064	482477	1388	680	56.7417263123	0.00292548034364	0.00140741001372	0.00151807032992
TNGN	43365	530104	533298	2182	1382	41.0441603244	0.00409930000038	0.00258472357298	0.0015145764274
TCAA	5130	59942	59918	196	107	6.34446110448	0.00325917057435	0.00178259058726	0.00147657998709
AGAA	8995	105569	100541	283	121	13.2436034222	0.00267354419378	0.00120204247879	0.00147150171499
NCAA	17741	201656	199297	632	333	20.2590430196	0.00312425848295	0.00166808595902	0.00145617252393
CNGN	11338	143372	143389	587	380	10.4302911314	0.00407754985795	0.00264312890818	0.00143442094977
CTTC	3852	50843	53625	143	75	6.07914948859	0.00280469148394	0.00139664804469	0.00140804343924
NAAA	98787	904273	913038	2483	1223	96.7583814903	0.00273833313482	0.0013376924095	0.00140064072533
TAGA	4275	49429	47484	143	71	5.28217965555	0.00288469297184	0.00149300809589	0.00139168487595
GAAA	9962	111914	110495	288	130	13.3335648171	0.00256679916579	0.00117514124294	0.00139165792285
TTTG	8337	89962	91560	556	438	4.15738521391	0.00614242471111	0.00476097306463	0.00138145164648
ANAA	105153	967158	969354	2694	1383	93.2669973532	0.00277774340827	0.00142469072468	0.0013530526836
NGAA	22446	265882	259282	776	412	23.204369225	0.00291009457807	0.00158648255254	0.00132361202553
NCGN	10274	126690	125957	571	401	6.98372766921	0.00448684200187	0.00317352284778	0.00131331915409
NNAA	201479	2013621	2013298	5568	3045	161.459915477	0.00275754275603	0.00151015972977	0.00124738302626
CNAA	18232	226111	224973	628	346	18.3134727356	0.00276970437375	0.00153560063732	0.00123410373643
TGAA	8198	97787	96745	315	193	6.79647775519	0.00321094371165	0.00199096329613	0.00121998041552
NNGA	49691	619928	605867	2353	1600	28.4981400576	0.00378124994978	0.00263388793136	0.00114736201842
AGNT	15035	199114	199332	862	635	8.31162188861	0.00431051726207	0.00317552396145	0.00113499330062
GNAA	21740	253060	251633	665	376	17.9641335843	0.00262094787664	0.00149201020598	0.00112893767065
TNAA	56354	567292	567338	1581	940	36.4195142003	0.00277917918411	0.00165411999057	0.00112505919354
NAGA	18271	226517	218246	740	473	11.5345825767	0.00325622533079	0.00216259218449	0.0010936331463
AANA	107594	1002857	1007866	2818	1726	59.2490618032	0.00280209809332	0.00170960150239	0.00109249659093
TAAA	25128	227908	229135	544	302	16.1881133468	0.00238124420009	0.00131626546721	0.00106497873289
CANA	24662	267446	267273	794	509	14.3683088996	0.00296003578885	0.0019007999044	0.00105923588445
ANGA	25745	325198	317097	1117	760	13.7308590445	0.00342307279776	0.00239101231057	0.00103206048719
TTAA	17898	181655	181540	526	338	9.65264876583	0.00288723851554	0.00185838859015	0.00102884992539
AATA	32810	293605	295572	738	439	17.832533643	0.00250727892289	0.00148305299465	0.00102422592824
TTGN	17741	198874	201628	743	547	7.83800717338	0.00372212787488	0.00270557685174	0.00101655102314
AGNA	20173	247933	241182	747	484	11.5146210383	0.00300386038282	0.00200276414556	0.00100109623727
NTGN	55934	652821	652289	2243	1585	25.424363415	0.00342409291306	0.00242401441256	0.0010000785005
CNNA	51620	632047	630976	2238	1610	22.9915664252	0.00352838235178	0.00254510849118	0.000983273860604
ATAA	32231	295732	294998	738	448	16.1312784982	0.00248929065335	0.00151635154986	0.000972939103494
ATGN	26208	306030	303714	992	690	12.1364209392	0.00323103881807	0.00226672448457	0.000964314333499
NANA	249441	2257659	2253288	6494	4300	97.0210658652	0.00286818072807	0.0019046876578	0.000963493070268
GANA	20922	243862	240153	635	394	12.3110597629	0.00259716888142	0.00163793354313	0.000959235338285
NTAA	62505	641810	641681	1677	1077	29.3619894111	0.00260611325481	0.00167559174682	0.000930521507997
ANCC	6557	84221	80065	182	99	5.09696859728	0.00215632145777	0.00123496831495	0.000921353142814
NTGA	19448	245128	240986	809	577	8.38537727236	0.00328946030894	0.00238861083858	0.00090084947036
ATGA	10190	128670	126269	364	244	5.35027940935	0.00282096191701	0.00192865555318	0.00089230636383
TNGA	13720	162574	160762	623	474	4.71978866968	0.0038174721349	0.00293979012131	0.000877682013592
TNNC	50267	609330	615613	1824	1305	20.8248487547	0.00298451781384	0.0021153540665	0.000869163747336
NTNC	54409	630068	638637	2093	1572	18.5892108472	0.00331086542827	0.00245544814272	0.000855417285553
CNTA	22235	271243	271581	1063	831	6.99737788501	0.00390369657665	0.00305052640853	0.000853170168117
AGNN	45140	583131	574087	1932	1419	16.2777628907	0.00330220848011	0.0024656563094	0.000836552170708
GNNA	50267	614564	610139	1885	1382	16.9655589866	0.00305783609025	0.0022599387429	0.000797897347347
TNCC	7817	93139	92966	181	108	4.60462261497	0.00193956279468	0.00116036701979	0.000779195774894
TANA	96263	743494	737996	2247	1671	18.4181783534	0.00301311044987	0.00225912471423	0.000753985735645
NGNT	46850	583649	589627	2243	1820	11.3859365569	0.00382835061752	0.00307719880226	0.00075115181526
ANNA	220440	2232391	2225901	6378	4740	52.4675793369	0.00284888704462	0.00212494973418	0.000723937310442
NATA	108633	869103	866603	2571	1939	19.8000355893	0.0029494971744	0.00223247695563	0.000717020218769
CTNA	15768	218101	220210	675	527	4.96706307942	0.00308534757012	0.00238745656596	0.000697891004159
NNTC	49691	606956	621510	1958	1587	11.3150388102	0.00321556081811	0.00254695496849	0.000668605849624
GTNA	17620	230611	229679	722	570	4.42585021864	0.00312104196116	0.00247558078428	0.000645461176874
NACC	8169	114153	110863	195	119	4.14526263278	0.00170532060027	0.00107224594979	0.000633074650479
GGNN	20819	265381	269884	871	716	4.56350995643	0.00327133692892	0.00264597191426	0.00062536501466
NCNA	43365	533603	530336	2070	1727	7.05906092094	0.00386429780855	0.00324585622379	0.000618441584758
TATA	57890	377038	373356	1319	1074	5.67085583019	0.00348612553752	0.00286835990706	0.000617765630463
NNCC	20819	269687	266424	480	318	7.47809245965	0.001776678869	0.00119216321389	0.000584515655104
NGNA	54409	637710	630252	2202	1810	8.15599018356	0.003441098151	0.00286364312362	0.000577455027378
TTNA	56354	565780	565261	3022	2711	4.28901556071	0.00531292084064	0.00477312261872	0.000539798221923
TNNA	188794	1719741	1714431	6821	5877	15.5435592176	0.00395062557846	0.00341624871825	0.000534376860209
NTNA	163906	1769771	1767571	6556	5772	11.5015876539	0.00369076189238	0.00325486947534	0.000435892417041
NNAC	49640	604894	602488	1511	1273	4.92862466943	0.00249173407211	0.00210845019801	0.000383283874105
NNTA	204017	1911389	1910064	7277	6695	5.94215578409	0.00379273933035	0.00349287521279	0.000299864117553
