#Sequence	Occurrence	Forward Match	Backward Match	Forward Mismatch	Backward Mismatch	Strand Bias Score	FER (Forward Error Rate)	RER (Reverse Error Rate), ERD (Error rate Difference)
TTTTTTTC	1022	8578	8807	482	118	49.3935507057	0.0532008830022	0.0132212885154	0.0399795944868
AAAAAAGT	226	2032	2082	92	15	14.214163163	0.0433145009416	0.0071530758226	0.036161425119
TTTTTTTG	697	5262	5526	266	72	26.3624512519	0.0481186685962	0.0128617363344	0.0352569322618
TTTTTTTA	1719	12023	12333	587	242	33.0216176722	0.0465503568596	0.0192445328032	0.0273058240565
AAANGGGT	89	1006	1140	31	3	7.07549404737	0.029893924783	0.00262467191601	0.027269252867
TTTNTTTC	1528	13556	13995	525	145	49.3119953853	0.0372842837867	0.0102545968883	0.0270296868984
TTTTTNTC	1520	13995	14593	522	132	53.9236867898	0.0359578425294	0.00896434634975	0.0269934961797
TTTTTTNC	1601	14093	14377	529	134	52.6498329512	0.0361783613733	0.00923437392323	0.02694398745
TTNTTTTC	1669	15610	16262	547	131	58.9902458227	0.0338552949186	0.00799121576283	0.0258640791558
TTTTNTTC	1689	16035	16808	527	127	57.2099627386	0.0318198285231	0.00749926188367	0.0243205666395
AAAANAGT	428	4126	4177	135	31	16.1422816914	0.0316827035907	0.00736692015209	0.0243157834386
NTTTTTTC	1578	14015	14639	505	160	42.2480364781	0.0347796143251	0.0108115413204	0.0239680730047
AAAAAAAC	365	3301	3122	161	73	6.79888522053	0.0465049104564	0.022848200313	0.0236567101434
AAANAAGT	428	4089	4369	128	31	15.6826566714	0.0303533317524	0.00704545454545	0.023307877207
AAATNGGT	119	1480	1647	39	5	7.78856465381	0.0256747860434	0.00302663438257	0.0226481516609
TTTTTTNG	1067	8745	9366	288	88	26.5463587642	0.0318830953172	0.00930822932092	0.0225748659962
AAANAGGT	162	1659	1820	43	5	8.78982325027	0.0252643948296	0.0027397260274	0.0225246688022
TTTTNTTG	1072	8988	9356	314	108	24.0308716511	0.0337561814664	0.0114116652578	0.0223445162085
TNTTTTTC	1710	15526	16242	508	154	44.7473152247	0.0316826743171	0.00939253476458	0.0222901395525
NAAAAGGT	217	1986	2090	52	7	9.39048550331	0.0255152109912	0.00333810205055	0.0221771089406
AANNGGGT	146	1681	1900	42	5	8.65925331326	0.0243760882182	0.00262467191601	0.0217514163022
AANAAAGT	401	3952	4073	108	20	15.5970166396	0.0266009852217	0.00488639139995	0.0217145938217
TNTTTTTG	1131	9578	9996	317	109	24.4117390076	0.0320363820111	0.010786739238	0.0212496427731
TTTTNGGT	178	1806	1932	44	5	8.68158648127	0.0237837837838	0.00258131130614	0.0212024724776
TTNTTTTG	1157	9794	10022	290	79	27.6582188258	0.0287584291948	0.00782100782101	0.0209374213738
TTTTTNTG	1220	10134	10338	304	92	25.9806634937	0.0291243533244	0.00882070949185	0.0203036438325
NAAAAAGT	464	4273	4368	123	34	12.7213990959	0.0279799818016	0.0077237619264	0.0202562198752
ANANGGGT	152	1613	1849	39	7	6.89696094197	0.023607748184	0.00377155172414	0.0198361964599
TTTNTTTG	1191	10463	10886	303	92	26.7459561921	0.028144157533	0.00838039715795	0.019763760375
NTTTTTTG	1100	9730	10173	294	102	22.5650615456	0.0293296089385	0.00992700729927	0.0194026016393
AAANNGGT	432	4955	5285	113	17	17.2725390557	0.0222967640095	0.00320633723123	0.0190904267782
NAANGGGT	167	1877	2061	39	3	9.19835900942	0.0203549060543	0.00145348837209	0.0189014176822
NNAGAGGT	124	1818	1647	37	2	7.95749242288	0.0199460916442	0.00121285627653	0.0187332353677
AAAANGGT	246	2661	2817	60	11	9.3203513583	0.0220507166483	0.00388967468175	0.0181610419665
NAANAGGT	387	4215	4292	90	13	14.7595669086	0.0209059233449	0.00301974448316	0.0178861788618
TTTTTNNC	2566	24026	24960	597	163	57.649279052	0.0242456240101	0.00648807865303	0.017757545357
AAAAANGT	730	7181	7258	170	40	18.306236513	0.0231261052918	0.00548095368594	0.0176451516059
TTTNTTNC	2621	24599	25290	591	171	53.0771514926	0.0234616911473	0.00671615411806	0.0167455370292
AAAAANAC	725	6963	6616	207	82	10.9518904881	0.028870292887	0.012242460436	0.0166278324511
TTNTTTNC	2729	26609	27069	603	151	60.7484913274	0.022159341467	0.00554739162381	0.0166119498432
ANAAAAGT	486	5049	4889	114	27	11.6003573402	0.0220801859384	0.00549227013832	0.0165879158001
TTTTTGGN	255	2491	2832	52	11	7.94104348365	0.0204482894219	0.0038691523039	0.016579137118
TTTNTNTC	2512	24309	25258	575	172	50.9128489513	0.0231072174891	0.00676366496264	0.0163435525265
TTTNNTTC	2625	25878	26983	590	167	55.5141161814	0.02229106846	0.00615101289134	0.0161400555687
TTTTNTNC	2787	26869	28152	587	150	61.0413660733	0.0213796620047	0.00529997880008	0.0160796832046
TTTTTTNA	3395	26670	27127	778	341	38.9472401148	0.0283445059749	0.0124144459007	0.0159300600742
TTTTTNTA	3374	25658	26046	719	301	38.8644447373	0.0272585965045	0.0114244506016	0.0158341459029
TTTTNNTC	2662	27509	28831	591	155	60.1500371576	0.0210320284698	0.00534740909405	0.0156846193757
NTTNTTTC	2526	23866	24721	577	198	43.5464283947	0.023605940351	0.00794574421124	0.0156601961398
NTTTTNTC	2519	24284	25598	558	182	46.2698309856	0.0224619595846	0.00705973622964	0.0154022233549
AAAAAANC	684	6513	6227	201	92	8.33335256332	0.0299374441466	0.0145592657066	0.01537817844
NAAAAAAC	625	6135	5945	183	83	8.05157683915	0.0289648622982	0.0137690776377	0.0151957846605
NTTTTTNC	2677	24894	25674	569	190	44.0544190255	0.0223461493147	0.00734611815651	0.0150000311582
TTNNTTTC	2785	28943	29716	624	184	54.8921128071	0.0211046098691	0.00615384615385	0.0149507637153
AAANNAGT	856	8936	9236	187	52	18.1138464595	0.0204976433191	0.00559862187769	0.0148990214414
TTNTNTTC	3003	31234	32649	607	145	66.4646561145	0.0190634716246	0.00442154052571	0.0146419310989
TTNTTNTC	2826	29613	30656	605	166	57.9592796115	0.0200211794295	0.00538576341574	0.0146354160137
NAAANAGT	857	8603	8726	183	56	15.6289529397	0.0208285909401	0.00637667957185	0.0144519113683
AANANAGT	829	8872	8871	173	43	17.5670710799	0.0191265892758	0.00482387256002	0.0143027167158
TNTNTTTC	2797	26402	27534	565	190	44.3621246781	0.0209515333556	0.00685326792671	0.0140982654289
TTTTNTTA	3141	24492	25186	703	354	27.6148424929	0.0279023615797	0.0138606108066	0.0140417507731
ANAANGGT	484	5491	5698	98	20	12.3825378895	0.0175344426552	0.00349772647779	0.0140367161774
TNTTTTNC	2869	27048	27853	565	186	44.4146474228	0.0204613768877	0.00663361746139	0.0138277594263
AAAANNGT	1378	14150	14425	276	77	25.7728730978	0.0191321225565	0.00530961246725	0.0138225100892
TNTTTNTC	2695	26543	27877	555	189	43.543393126	0.0204812163259	0.00673412670135	0.0137470896246
NTNTTTTC	2808	27360	28475	577	199	43.76805755	0.0206536134875	0.00694008509451	0.013713528393
TNNTTTTC	2914	29617	31102	596	198	48.0900436445	0.0197266077516	0.00632587859425	0.0134007291574
NAATNGGT	231	2766	2996	46	9	7.12292553138	0.0163584637269	0.00299500831947	0.0133634554074
NAAANGGT	508	5434	5653	97	24	10.7576301048	0.0175375158199	0.00422758499207	0.0133099308279
AAAAAAGN	1203	10980	11168	183	36	22.5620748584	0.016393442623	0.00321313816494	0.013180304458
TTNTTTNG	1840	16744	17543	317	96	28.5496582414	0.0185803880195	0.00544248540167	0.0131379026178
NTTTNTTC	2855	28311	29472	566	195	43.055723556	0.0196003740001	0.00657295985438	0.0130274141457
NTTTTTTA	2996	23335	24071	666	361	22.280691053	0.0277488437982	0.0147757039948	0.0129731398034
AANNAAGT	808	8851	9146	162	46	15.4849172798	0.0179740375014	0.0050043516101	0.0129696858913
AANNAGGT	357	3816	4035	65	16	8.11236581165	0.0167482607575	0.00394964206369	0.0127986186938
AAAAAAAT	2335	16526	18288	635	454	11.6592787255	0.0370025056815	0.0242236687653	0.0127788369161
TNTTNTTC	3172	32454	33986	603	190	51.39302788	0.0182412197114	0.00555945692884	0.0126817627826
NAANAAGT	948	9665	10038	186	63	14.8337041824	0.0188813318445	0.00623700623701	0.0126443256075
TNTTTTNG	1865	17043	17608	346	129	23.6864412446	0.0198976364368	0.00727293228844	0.0126247041484
NANAAGGT	447	4442	4741	76	20	9.05964945053	0.016821602479	0.00420079815165	0.0126208043273
NNAAAGGT	433	4553	4684	81	23	8.38233249635	0.0174794993526	0.00488633949437	0.0125931598582
TTTTNTNG	1867	16734	17346	344	132	22.7882942271	0.0201428738728	0.00755235152763	0.0125905223452
TNTTTTTA	3311	25447	25342	683	352	23.2068036902	0.0261385380788	0.0136996964272	0.0124388416517
TTTNNTTG	1869	17463	18029	364	146	22.3720647471	0.0204184663712	0.00803301237964	0.0123854539916
AAANANGT	1468	14385	14996	248	70	23.8896693025	0.0169479942596	0.00464622328422	0.0123017709753
TTTTNGGN	471	5039	5305	85	23	8.98894110133	0.0165886026542	0.00431681681682	0.0122717858374
TTNTNTTG	1943	18029	18434	346	122	24.9760191368	0.0188299319728	0.00657469282173	0.0122552391511
NNTTTTTC	2830	27299	28681	550	219	35.1313374109	0.0197493626342	0.00757785467128	0.0121715079629
TTTTTNNG	1997	17537	18156	362	152	20.8589202219	0.0202245935527	0.00830238147258	0.0119222120801
NTTTTTNG	1793	16701	17724	322	125	22.1090484107	0.018915584797	0.00700319345622	0.0119123913408
TTTNTTNG	1908	17561	18332	343	138	21.5566608171	0.0191577301162	0.00747157552788	0.0116861545883
NANAAAGT	867	8693	8760	154	51	12.0184738549	0.0174070306319	0.00578821927137	0.0116188113605
NTTTNTTG	1824	17357	18122	348	149	19.843673272	0.019655464558	0.00815499972634	0.0115004648317
AAAAAANT	3637	27827	29561	841	538	19.2342013535	0.0293358448444	0.017874347985	0.0114614968594
TTTTNNTG	2034	18516	18935	354	140	21.808282985	0.018759936407	0.00733944954128	0.0114204868657
AANANGGT	462	5078	5311	81	23	8.14979992205	0.0157007171933	0.00431196100487	0.0113887561884
TTTNTTTA	3637	26044	25612	716	401	18.7213031343	0.0267563527653	0.0154153692385	0.0113409835269
TNNTTTTG	2067	19784	20204	354	129	24.4253963625	0.0175787069222	0.00634436630109	0.0112343406211
AANAANGT	1312	13285	13509	211	61	19.1464529587	0.0156342620036	0.00449521002211	0.0111390519814
ANAANAGT	1034	11127	11119	182	56	15.0943638684	0.0160933769564	0.00501118568233	0.0110821912741
TTNNTTTG	2022	19135	19599	333	121	23.2515874549	0.0171049928087	0.00613590263692	0.0109690901718
NAAAANGT	1539	15462	15733	255	84	20.0240831093	0.0162244703188	0.00531074160713	0.0109137287116
TNTTNGGT	435	4935	5202	65	11	9.48747436687	0.013	0.00211010934203	0.010889890658
ANNAAAGT	911	10311	10329	153	40	15.0322894783	0.014621559633	0.00385765261838	0.0107639070146
NNAAAAGT	1098	12152	11773	196	61	15.1271350631	0.015873015873	0.00515463917526	0.0107183766978
AANNTGGT	384	4720	4894	65	15	8.23066144528	0.0135841170324	0.00305561214097	0.0105285048914
TNTTNTTG	2014	19101	20034	375	178	17.9962066444	0.0192544670364	0.00880664951514	0.0104478175212
NTTNTTTG	2013	19588	20285	341	139	20.6800413911	0.0171107431381	0.00680571876224	0.0103050243759
NTTTTNTG	2130	20010	20439	336	128	21.8705893713	0.0165143025656	0.00622356201682	0.0102907405488
TNTNTTTG	2177	20828	21427	370	156	20.8993636474	0.0174544768374	0.00722791085577	0.0102265659817
NTNTTTTG	2076	19500	20371	344	146	19.961850978	0.0173352146745	0.00711605010479	0.0102191645697
TTNTTGGN	469	4981	5395	64	14	8.39010098628	0.012685827552	0.0025882787946	0.0100975487574
AAAAANNC	1440	14389	13988	279	126	12.2772970658	0.0190209980911	0.00892730622077	0.0100936918703
TTNTNGTC	279	3548	3473	42	6	6.97017186458	0.0116991643454	0.00172463351538	0.00997453083003
ANANAAGT	1037	11364	11499	170	56	13.4195113443	0.0147390324259	0.00484638684552	0.00989264558035
TNTTTNTG	2234	20498	20750	366	160	18.7282407483	0.0175421779141	0.00765184122429	0.00989033668982
NAAAANAC	1381	14004	13334	247	100	12.6615622347	0.0173321170444	0.00744379931517	0.00988831772925
TTNTTNTG	2274	21323	21448	332	118	23.0355573096	0.0153313322558	0.0054715756283	0.00985975662753
ANANTGGT	417	5172	5358	70	19	7.28128426956	0.0133536818008	0.00353356890459	0.00982011289625
TTTNTNTG	2443	22228	22491	367	148	21.4509214218	0.0162425315335	0.00653739122753	0.009705140306
NNTTTTTG	1948	18686	19203	354	173	15.2519341618	0.0185924369748	0.00892857142857	0.00966386554622
TTTTTNNA	6910	58018	58816	1022	455	49.4543574761	0.017310298103	0.00767660407282	0.00963369403016
TTTTTNGT	855	7366	7823	109	39	8.73082446806	0.0145819397993	0.00496056982956	0.00962136996977
TTNTNGGT	398	4432	4530	57	14	6.88939021856	0.0126977055023	0.00308098591549	0.00961671958685
TTTTTTGT	581	4841	4925	65	18	6.96497192765	0.0132490827558	0.00364151325106	0.00960756950475
ANAAANGT	1526	16055	15754	232	75	17.4639532668	0.0142444894701	0.00473813885906	0.00950635061107
AAAAAGGN	499	4834	5313	57	12	7.85583404579	0.0116540584747	0.00225352112676	0.00940053734799
TTNTTTTA	3327	25489	25012	739	479	11.6154524673	0.0281759951197	0.018790945824	0.0093850492957
TTTTGTNA	646	6092	6265	86	29	7.04783731924	0.0139203625769	0.00460756275818	0.0093127998187
AAAANAGN	1923	19278	19212	241	59	24.5133710035	0.0123469440033	0.00306159514296	0.00928534886032
NAAAAANC	1233	12569	12211	230	107	9.63315406224	0.0179701539183	0.00868647507712	0.00928367884115
TNAAAGGN	442	4373	4476	49	10	6.9009922972	0.0110809588422	0.00222915737851	0.00885180146364
NAAAAGGN	972	10093	10530	115	26	13.652950043	0.0112656739812	0.00246305418719	0.008802619794
TTTTNTNA	6604	56326	57400	981	490	38.218168432	0.017118327604	0.00846432889964	0.00865399870432
AAAANNAC	1498	15108	14532	251	113	10.889639814	0.0163422097793	0.00771594400819	0.00862626577109
AAANAAGN	2064	20716	20796	230	60	22.4756345027	0.0109806168242	0.00287686996548	0.00810374685874
TTTTNNTA	6342	53548	54614	894	460	32.7367908613	0.0164211454392	0.00835239859099	0.0080687468482
AAAAAAGA	663	6140	6000	62	12	7.61864995222	0.0099967752338	0.00199600798403	0.00800076724976
AAANTNGT	848	9495	9743	115	39	9.18918614399	0.0119667013528	0.00398691474136	0.0079797866114
AAAAANGN	2896	29351	30035	322	87	31.2181574891	0.0108516159472	0.00288825443198	0.00796336151518
ANAAAGGN	833	8870	9262	89	19	11.114488913	0.00993414443576	0.00204719319039	0.00788695124537
AAANAANC	1372	13362	13414	222	117	7.78947236854	0.0163427561837	0.00864681102653	0.00769594515721
AAANAGGN	791	8533	9093	84	19	10.4190349883	0.00974817221771	0.00208516242318	0.00766300979453
NAANAAAC	1287	12816	12882	210	110	7.53197359567	0.016121602948	0.00846674876847	0.00765485417948
ANNAAGGT	626	8933	9027	100	31	8.64794981153	0.0110705192074	0.00342238904836	0.007648130159
TNTTTTNA	6578	55558	55784	918	487	29.7558379826	0.0162546922587	0.00865454674699	0.00760014551167
TTTNTTNA	6746	55655	55937	964	534	27.9369921104	0.0170260866494	0.00945618104868	0.00756990560068
NAAAAAGN	2357	23095	23123	248	73	21.4724763346	0.0106241699867	0.00314709432661	0.00747707566011
NTTTTTNA	6126	52445	53214	909	514	25.7466298793	0.0170371481051	0.00956670637284	0.00747044173227
TTTTNNGT	1640	15113	15694	174	62	13.151836961	0.0113822201871	0.0039350088855	0.00744721130158
AANAAAGN	2003	20008	19983	209	58	19.1998655528	0.0103378344957	0.00289406716232	0.0074437673334
ANANAGGT	926	14645	15177	138	29	16.9636287755	0.00933504701346	0.00190714191766	0.0074279050958
TTTTTNGN	1793	16796	17727	224	103	11.8774518778	0.013160987074	0.00577678070667	0.00738420636736
TTTTTTTN	17847	126946	119171	1663	668	79.6427733963	0.0129306658165	0.00557414531163	0.00735652050492
AAAANAAT	3909	30603	33089	753	562	10.3590639051	0.0240145426713	0.0167008409854	0.00731370168585
ANAAANAC	1547	15197	14763	236	119	8.3070893152	0.0152919069526	0.00799623706491	0.00729566988772
TTTTNNGA	1142	11829	11800	150	62	8.51925024146	0.0125219133484	0.00522677457427	0.00729513877409
TTTTTTGN	1100	9919	10213	130	58	7.06329279244	0.012936610608	0.00564696718917	0.00728964341885
AAAANANC	1439	14409	13903	233	121	7.49326300423	0.015913126622	0.00862806617228	0.00728506044977
NTTTTNTA	6359	52088	53468	851	480	25.3057835965	0.0160751053099	0.00889745681026	0.00717764849962
TTTNTNGA	1014	10571	10554	113	39	8.41182794736	0.010576563085	0.00368167657887	0.00689488650611
TTTTNTGT	1086	9701	9896	97	30	8.56896710797	0.00989997958767	0.00302236550474	0.00687761408294
NCANAGGT	350	6014	6263	51	10	6.85784109899	0.00840890354493	0.00159413358839	0.00681476995654
TNTTTNTA	7362	58743	58226	895	484	26.5254576303	0.015007210168	0.00824391074774	0.00676329942027
TTTNTNTA	7690	58544	58348	929	528	24.3816968254	0.0156205336876	0.00896800054352	0.00665253314404
TTNTTTNA	6252	51754	51639	993	638	17.2969215894	0.0188257152066	0.012204219829	0.00662149537756
ACANAGGN	390	6533	6841	53	10	7.32696171391	0.00804737321591	0.00145964092833	0.00658773228758
ATANNGGT	672	9959	10173	86	21	9.47051361123	0.00856147336984	0.00206003531489	0.00650143805494
TTTNNTTA	6044	47850	47850	874	554	16.2726399074	0.0179377719399	0.0114453350963	0.00649243684363
AAAANGGN	999	10635	11399	111	45	7.71807000977	0.0103294249023	0.00393219154142	0.00639723336087
ANAAAAGN	2267	22946	22308	243	93	14.3528484677	0.0104791064729	0.00415160037498	0.00632750609791
TTTTTTNN	23521	175237	168520	2050	887	90.9002544818	0.0115631715805	0.00523591114889	0.00632726043165
TNTTTTGT	1075	9555	9984	87	28	7.73892137367	0.00902302426882	0.00279664402717	0.00622638024166
AANATNGT	932	10438	10674	105	40	7.25030757361	0.00995921464479	0.00373343289154	0.00622578175324
AAATNNGT	1003	9904	10581	94	34	7.60233593376	0.00940188037608	0.00320301460198	0.0061988657741
TTTNTNGT	1520	14125	14789	149	63	9.11188908469	0.0104385596189	0.0042418529491	0.00619670666979
NTTTNTTA	5790	49016	50343	835	540	16.2254699994	0.0167499147459	0.0106125818053	0.00613733294062
AANAAAAT	4079	31565	33915	809	653	7.10078146813	0.0249891888553	0.0188903031706	0.00609888568469
AAAAANAT	4507	33690	36214	756	584	8.54293650331	0.0219473959241	0.0158704277406	0.00607696818342
ANATNGGT	870	14158	14808	115	30	12.3125834838	0.00805717088209	0.00202183582693	0.00603533505515
AANAAGGN	831	8581	9149	72	21	7.37401695696	0.00832081359066	0.00229007633588	0.00603073725478
AAAAANNT	7209	58590	60949	1079	746	16.9112734807	0.0180830917227	0.0120917416322	0.00599135009045
AAAANANT	6747	56180	58438	1016	698	16.3897149892	0.0177634799636	0.0118033008658	0.00596017909783
TTTTTNTN	23589	176965	170327	1905	815	86.6214965949	0.0106501928775	0.00476212735623	0.00588806552128
TTNTTNTA	6900	55731	55753	934	601	16.4373430281	0.0164828377305	0.01066472655	0.0058181111805
TNTTTNGT	1649	15395	16370	145	58	9.96512015583	0.00933075933076	0.00353055758461	0.00580020174615
AAAANAGA	943	9478	9023	71	17	7.19513850447	0.00743533354278	0.00188053097345	0.00555480256933
TTTTNTTN	23597	178166	171415	1893	868	74.9220080934	0.0105132206666	0.00503822199521	0.00547499867135
TTTTGNNA	1350	13507	13915	121	48	7.95786233901	0.00887877898444	0.00343765666404	0.0054411223204
NTTTTNGT	1582	15139	15580	153	72	7.4904536213	0.0100052314936	0.00460005111168	0.00540518038191
TTTTNTGN	2130	20160	20502	195	86	10.2714685318	0.00957995578482	0.00417719059646	0.00540276518836
NTTNTTTA	6185	49513	49640	858	585	12.0830046563	0.0170336106093	0.0116475858636	0.00538602474567
ATNNAGGT	800	12701	12903	107	39	7.72882051867	0.00835415365397	0.00301344459898	0.00534070905499
NNTTTTTA	5886	49599	50188	824	561	12.2506959014	0.0163417488051	0.0110544050129	0.0052873437922
TTNTTNGT	1667	16252	16725	149	65	8.3464492759	0.00908481190171	0.00387135199524	0.00521345990648
TTTNTTGN	1824	17534	18180	160	70	9.03819184089	0.00904261331525	0.00383561643836	0.00520699687689
GTNAANGT	555	8984	8967	58	12	7.07911818026	0.00641451006415	0.00133645172068	0.00507805834346
TNTTTTTN	23813	178257	170293	1859	899	64.0792820834	0.0103211263852	0.00525141361746	0.00506971276776
AAANAANT	7140	57103	59824	1036	773	11.8922201688	0.0178193639381	0.0127564070829	0.00506295685529
TTTNTTTN	24157	179680	170921	1910	939	62.4491565945	0.0105182003414	0.0054637495636	0.00505445077783
AAAAAANN	23521	166301	180369	1842	1073	59.4237587137	0.0109549609559	0.00591373551879	0.00504122543706
TNTTGTNA	1364	13723	14337	117	50	7.11487858964	0.00845375722543	0.00347535969973	0.0049783975257
AANAAANT	6543	54326	56382	1051	801	10.1856808748	0.0189789985012	0.0140076596191	0.00497133888207
TTTTGTNN	2053	20273	20534	162	61	10.8997854427	0.00792757523856	0.00296188395242	0.00496569128615
ANATAGGT	653	11535	11970	77	20	8.32531514423	0.00663107130555	0.00166805671393	0.00496301459162
NAAAAAGA	1262	12622	12112	86	22	8.27270151675	0.00676739062008	0.00181308719301	0.00495430342707
TTNTTTTN	23636	178228	169899	1927	983	57.7938810945	0.0106963448142	0.00575250757833	0.00494383723586
AAAAAAAN	17847	117771	130597	1389	887	37.4685795146	0.0116565961732	0.00674606796264	0.00491052821057
AAAAANGA	1499	15291	15446	111	36	9.10941487974	0.00720685625243	0.00232528097145	0.00488157528098
AAANAAGA	1095	11431	10803	73	17	7.47118909215	0.00634561891516	0.00157116451017	0.00477445440499
NTTTTTTN	23521	175968	168614	1811	925	55.1288457544	0.0101868049657	0.0054559717823	0.00473083318341
TTNTTNAC	961	9856	9990	58	12	7.23713686552	0.00585031268913	0.00119976004799	0.00465055264114
TTNTNTTA	6434	52677	52658	911	659	9.47183817729	0.0170000746436	0.0123600352608	0.00464003938278
TTTNNTGT	1810	16664	17443	121	45	8.97843343617	0.00720881739648	0.00257319304666	0.00463562434982
ANAAAANT	6510	55151	56742	956	717	9.67567215768	0.017038872155	0.012478462904	0.00456040925101
NNATAGGT	831	13726	14060	92	30	7.77685783313	0.00665798234187	0.00212916962385	0.00452881271803
ACNNAGGT	966	18052	18264	115	36	9.82479076067	0.00633015907965	0.00196721311475	0.0043629459649
TNNTTTTA	6227	51849	51179	907	668	7.90984375398	0.0171923572674	0.012884062723	0.00430829454441
TTNTTTGN	2013	19810	20309	166	82	7.29650643101	0.00830997196636	0.00402138198225	0.00428858998411
TNTTTTGN	2076	19682	20440	165	83	7.23607027091	0.0083135990326	0.00404424304439	0.00426935598821
TNTTNTGT	2142	19984	20352	138	54	8.97910879108	0.00685816519233	0.00264628050573	0.00421188468659
ANNTAGGT	1334	23371	23840	149	51	11.5440184264	0.00633503401361	0.00213469507346	0.00420033894015
ANATAGGN	854	13791	14213	82	25	7.56673978295	0.00591076191163	0.00175586458772	0.0041548973239
TNTNTTTA	7617	58690	56478	910	635	9.18129158554	0.0152684563758	0.0111183093166	0.00415014705922
TTNTNTGT	2366	21992	22199	154	64	8.9247819309	0.00695385171137	0.00287472487985	0.00407912683152
TTTTTANA	2222	18742	18651	123	47	7.94001286497	0.00652001060164	0.00251363782223	0.00400637277942
TNTTNTTA	7703	68668	69292	911	639	11.659752105	0.0130930309432	0.00913757847021	0.00395545247304
NCNTAGGT	745	13622	13944	75	22	7.14066084067	0.00547565160254	0.00157525418874	0.0039003974138
TTTTTNAA	2207	18821	19319	127	56	7.02785907792	0.0067025543593	0.00289032258065	0.00381223177865
AAAAANAN	23813	168704	182385	1638	1068	37.484139273	0.00961594909065	0.00582165459273	0.00379429449792
NAAANAGA	1827	19160	18308	106	32	8.5387933141	0.00550192048168	0.00174482006543	0.00375710041625
ANAAANGA	2653	28452	28000	182	73	10.446045775	0.0063560801844	0.00260036333844	0.00375571684596
ANAANAGA	1761	18614	17521	118	45	6.80336710222	0.00629938073884	0.00256176704998	0.00373761368886
AAAANAAN	23636	168513	182555	1588	1059	33.9520764362	0.00933563000805	0.00576753406603	0.00356809594202
TNNTTTGT	2018	19526	20147	118	50	7.0819257322	0.00600692323356	0.00247561519037	0.00353130804318
AAANAAAN	24157	169464	183502	1636	1154	28.2476572086	0.00956165984804	0.00624945845247	0.00331220139557
AAAANNGA	2292	24332	24177	149	68	7.10729855324	0.00608635268167	0.00280470200041	0.00328165068126
AAANNAGA	1707	18840	17736	93	29	7.08900531448	0.00491205831089	0.00163242330425	0.00327963500664
AAANANGA	2596	28502	28302	148	54	10.0425257895	0.00516579406632	0.00190435886585	0.00326143520047
AAAANNAT	7848	66040	68942	941	757	6.92315301032	0.0140487600961	0.0108609879625	0.00318777213362
NAANAAGA	2325	26373	24751	126	39	9.47221355725	0.00475489641119	0.00157321500605	0.00318168140513
ANATANGT	2759	29149	29656	172	81	8.13399588286	0.00586610279322	0.00272387934223	0.00314222345099
NAAAANGA	2863	30534	30156	158	61	9.7613167148	0.00514792128242	0.00201873117781	0.00312919010461
AANAAAAN	23597	169595	182309	1666	1213	24.2715187041	0.00972784229918	0.00660956179641	0.00311828050277
NNAAAAGA	2400	25702	24658	145	62	7.15477439317	0.00560993538902	0.00250809061489	0.00310184477413
ANAAAAAN	23589	168695	181124	1566	1132	23.4724280034	0.00919764361774	0.00621104380651	0.00298659981123
NAAAAAAN	23521	167024	179876	1579	1163	22.0888243483	0.0093651951626	0.00642403018134	0.00294116498126
AANAANGA	2572	28463	28203	143	62	7.44913878339	0.00499895126896	0.00219352556165	0.00280542570732
NNGACCTA	1102	20780	20358	81	24	7.06345026646	0.00388284358372	0.00117750956727	0.00270533401646
ACNTANGT	1636	29082	28975	122	44	8.5555360492	0.00417750993015	0.00151624797546	0.00266126195468
TTTTNANA	4885	43959	43944	216	101	9.77489726303	0.0048896434635	0.00229310932001	0.00259653414348
AAAAAANA	17661	117904	129850	530	263	26.45519545	0.00447506628164	0.0020213199296	0.00245374635204
TTTTNNAA	5010	44932	45455	202	93	9.74291875527	0.00447556166083	0.00204180205497	0.00243375960586
TTTNTANA	5444	44309	44373	212	104	8.76144697946	0.00476179780328	0.00233828720462	0.00242351059866
ANGNCCTA	1348	25054	24930	87	26	7.69756181123	0.00346048287658	0.00104183362718	0.00241864924939
TTTNTNAA	4325	38421	39576	172	81	8.3989973996	0.00445676677118	0.00204251456237	0.0024142522088
AAAAANNA	23045	166502	178951	719	364	32.0903360402	0.00429969920046	0.00202994729945	0.00226975190101
NNGAAAAA	2830	28862	28150	96	30	7.7809514464	0.00331514607362	0.00106458481192	0.0022505612617
ANGANAAA	2783	30054	29365	98	30	8.13927786307	0.00325019899178	0.00102058173159	0.00222961726019
AAAANANA	24049	170567	183192	679	324	34.0312523774	0.0039650561181	0.00176551363369	0.00219954248441
AAAAAAAA	14409	92117	102999	372	197	17.1934875364	0.0040220999254	0.00190898872049	0.0021131112049
AAANAANA	23376	168270	180447	655	329	29.6104162069	0.00387746041143	0.00181993184936	0.00205752856206
AANGNAAA	2714	27713	28518	83	28	6.86833039839	0.002986041157	0.000980872976949	0.00200516818005
NAAAAANA	23813	170197	182608	667	348	27.8658713238	0.00390368948403	0.00190209667898	0.00200159280505
NAANGAAA	2840	29182	29846	87	30	6.92137360323	0.00297242816632	0.00100415048869	0.00196827767763
AANAAANA	23928	170332	183140	648	337	27.4470771815	0.00378991694935	0.00183674247998	0.00195317446937
ANAAAANA	23655	169200	180544	655	346	26.2320120519	0.00385623031409	0.00191276466361	0.00194346565048
AANAAAAA	17475	118794	129473	437	225	19.8656263732	0.00366515419648	0.001734799303	0.00193035489348
NAAAAAAA	17847	119271	130926	443	233	19.6353118219	0.00370048615868	0.00177646978095	0.00192401637773
AAAAANAA	17483	118177	129514	428	222	19.4655060244	0.0036086168374	0.00171116729358	0.00189744954382
AAAANAAA	17801	119919	131800	423	215	20.203195133	0.00351498230044	0.00162860281029	0.00188637949016
AAANAAAA	17695	119522	130880	442	236	18.8473526733	0.00368443866493	0.00179993288386	0.00188450578107
NNATAAAA	6625	56323	56389	155	49	12.7128142496	0.00274443146004	0.000868209362486	0.00187622209755
TTNTNAAA	4174	37934	39187	115	45	7.80749998927	0.00302241846041	0.0011470228385	0.00187539562191
AAANAATN	6847	59562	61383	273	167	6.96535321654	0.00456254700426	0.00271324126726	0.001849305737
ANAAAAAA	17458	117253	128214	423	226	17.9721493314	0.00359461572453	0.00175957645593	0.0018350392686
NANAAAAA	23589	170275	181484	585	290	26.8106953983	0.00342385578836	0.00159538767921	0.00182846810916
TNNTAAAA	4447	41230	41637	110	35	9.24545028021	0.00266086115143	0.000839892493761	0.00182096865767
TNTNAATA	4461	37833	38254	113	46	6.93216472707	0.00297791598587	0.00120104438642	0.00177687159945
TTTNNAAA	4526	41190	41512	130	57	6.96547689687	0.00314617618587	0.00137121412591	0.00177496205996
AANNAAAA	22730	165332	176857	557	281	24.9140281319	0.00335766687363	0.00158633381883	0.0017713330548
AAANNAAA	23119	166963	180398	550	274	25.9231275557	0.00328332726415	0.00151656039674	0.00176676686741
AANANAAA	23247	169380	181084	544	263	26.4555008116	0.00320143122808	0.0014502583445	0.00175117288358
NAANAAAA	23597	171285	182862	578	296	24.8969005273	0.0033631438995	0.00161609102524	0.00174705287427
ANNAAAAA	22712	164951	175765	547	275	24.3990019826	0.00330517589336	0.00156214496705	0.00174303092631
NAAANAAA	24157	171135	183915	543	268	25.7159192947	0.00316289798343	0.00145507457257	0.00170782341086
AAAANNAA	22988	167609	180386	533	267	24.6162485106	0.00316993969383	0.00147797158088	0.00169196811295
AAANTANA	6324	50251	51552	139	56	8.82590745187	0.00275848382616	0.00108510308479	0.00167338074136
AANAANAA	24145	184111	193967	583	289	25.9129462002	0.00315657249288	0.0014877275348	0.00166884495808
NANTAAAA	5379	46233	46500	127	50	8.03710827621	0.00273943054357	0.00107411385607	0.0016653166875
ANAANAAA	23351	169286	180701	531	266	23.9968411499	0.00312689542272	0.00146988124907	0.00165701417365
ANANAAAA	23347	168018	178839	548	286	22.5163590843	0.00325095214931	0.00159665038381	0.0016543017655
NAAAANAA	23636	170161	182723	545	288	22.3439054628	0.00319262357504	0.00157367589926	0.00161894767577
NNAAAAAA	23521	168603	180176	580	327	20.0962622416	0.00342824042605	0.00181160423926	0.00161663618678
AAANNATA	7561	59981	62521	201	111	7.17368167463	0.00333986906384	0.00177225699323	0.00156761207061
ANAAANAA	23539	168522	179989	542	297	20.1409015899	0.00320588652818	0.00164738249226	0.00155850403592
AAANANAA	22971	166270	178049	533	298	19.0344516409	0.00319538617411	0.0016708999871	0.00152448618701
NAATNAAA	5641	49479	50697	128	56	7.16266422781	0.00258028100873	0.00110338305125	0.00147689795748
TAANNAAA	6044	48363	48691	119	48	7.31158550494	0.002454519203	0.000984837604383	0.00146968159862
ANAATANA	8503	65349	65292	177	81	8.44341639683	0.00270121783719	0.00123904364187	0.00146217419532
NNTAATAA	5510	54345	54199	127	48	8.37017643118	0.00233147305037	0.000884841558059	0.00144663149232
ANNATAAA	6479	55997	56831	128	49	8.58895703701	0.00228062360802	0.000861462728551	0.00141916087947
NATAANAA	7977	74765	73851	172	68	10.2345526819	0.00229526135287	0.000919925864798	0.00137533548807
NANATAAA	8181	63766	65035	136	50	9.70208104432	0.00212825889644	0.000768226165783	0.00136003273065
AATAANNA	7690	68123	69273	180	90	7.54040047976	0.00263531616474	0.00129752173349	0.00133779443125
NATANAAA	7501	62721	62550	145	62	7.85786896145	0.00230649317596	0.000990225515876	0.00131626766009
NAANAATA	8441	74224	76006	193	98	7.94049502727	0.0025934934222	0.00128771155261	0.00130578186959
NATNAAAA	6247	56870	57254	126	52	7.45023788097	0.00221068145133	0.000907409346316	0.00130327210501
ANTAANAA	6248	59360	58676	137	59	7.21109705171	0.00230263710775	0.00100451179024	0.00129812531751
TANANAAA	7690	59100	59240	137	61	7.03674869452	0.00231274372436	0.00102865044434	0.00128409328002
ATNANAAA	6240	56184	56353	126	54	6.95488364704	0.00223761321257	0.000957327991207	0.00128028522137
AATNANAA	6801	65733	66078	146	62	8.14759868512	0.00221618421652	0.000937405503477	0.00127877871304
NATNATAA	6492	66022	66342	145	61	8.21199410693	0.00219142472834	0.000918633194283	0.00127279153406
TANNAATA	6696	60783	61170	139	62	7.17884673593	0.00228160598798	0.00101254246146	0.00126906352653
AATANNAA	6979	65969	65643	143	60	7.96103755293	0.00216299612778	0.000913200310488	0.0012497958173
NNAATAAA	6669	53482	55029	106	43	6.8179587392	0.00197805478839	0.000780796048809	0.00119725873958
NAATAANA	7697	69334	70009	156	74	7.20030513795	0.00224492732767	0.00105589087225	0.00118903645542
