#Sequence	Occurrence	Forward Match	Backward Match	Forward Mismatch	Backward Mismatch	Strand Bias Score	FER (Forward Error Rate)	RER (Reverse Error Rate), ERD (Error rate Difference)
TATNTTTT	9764	14704	15570	148	61	9.64445291742	0.00996498788042	0.00390250143945	0.00606248644097
ANTTTTTT	8027	15149	16443	186	102	7.57924862195	0.0121291164004	0.00616500453309	0.0059641118673
TNTTTTTT	36621	39890	44985	686	508	12.0864119117	0.0169065457413	0.0111665530961	0.00573999264524
TANTTTTT	7305	12777	13692	129	61	6.98466038665	0.00999535099954	0.00443539591362	0.00555995508592
ATNTTTTT	9877	16906	18193	195	109	7.40408065222	0.0114028419391	0.00595563326412	0.00544720867494
NATTTTTT	8479	16916	18187	187	101	7.6760708599	0.0109337543121	0.00552274715661	0.0054110071555
NCTNTTTT	4465	14828	15711	132	56	8.30836039606	0.00882352941176	0.00355172195091	0.00527180746085
NNTTTTTT	49704	70575	77702	1012	715	18.950953946	0.0141366449216	0.009117920859	0.00501872406257
NTTTTTTT	36995	40760	45860	697	552	9.03104514744	0.0168126010083	0.0118934758252	0.00491912518306
ANNTTTTT	16211	35199	37748	346	189	13.290774105	0.00973413982276	0.00498194374885	0.00475219607391
TTTTTTNT	36158	40097	44911	636	496	8.71909737491	0.0156138757273	0.0109234259035	0.0046904498238
NANTTTTT	14272	33454	35744	296	157	12.1181592563	0.00877037037037	0.00437313723852	0.00439723313185
TNTTTTNT	49865	68486	74681	858	601	16.0536604508	0.0123730964467	0.00798331606493	0.00438978038177
TANNTTTT	15010	28971	30327	220	100	11.7273986566	0.0075365694906	0.0032865547047	0.00425001478589
ANTNTTTT	15029	32290	34015	276	147	10.7967200307	0.00847509672665	0.00430302675487	0.00417206997177
NATNTTTT	18113	37819	39944	304	155	13.107718249	0.0079741888099	0.00386543305319	0.00410875575671
TATNTNTT	24517	32720	33914	231	101	12.8285130609	0.00701040939577	0.00296927825959	0.00404113113618
ANTTTTNT	14828	33502	35569	272	144	11.0374981637	0.00805353230295	0.00403214515723	0.00402138714573
NCTTTTNT	5299	18953	19431	137	62	7.19399826904	0.00717653221582	0.00318062894372	0.0039959032721
TNNTTTTT	48665	70535	77042	869	635	13.8170281734	0.0121701865442	0.00817487802052	0.00399530852365
NTNTTTTT	50160	69491	76060	914	691	12.591970007	0.0129820325261	0.00900314002423	0.00397889250186
TNTNTTTT	50648	68996	75012	816	586	13.6928317085	0.0116885349224	0.0077515278182	0.00393700710417
NTTTTTNT	49753	71170	77628	883	653	13.2334249999	0.0122548679444	0.00834174320716	0.00391312473727
NNNTTTTT	73935	137565	148037	1469	996	28.8092749476	0.010565760893	0.00668308361235	0.00388267728066
AAANATAT	10311	12880	13042	68	18	7.0140863139	0.00525177633611	0.00137825421133	0.00387352212478
ATNNTTTT	17547	38023	39545	295	154	11.6022650143	0.00769873166658	0.00387919091161	0.00381954075497
TANTTTNT	14111	26342	27598	184	88	9.05588119583	0.00693659051497	0.00317850176985	0.00375808874512
NNTNTTTT	75207	134253	143768	1315	877	26.9329801188	0.00969992918683	0.00606312005254	0.00363680913429
ATNTNTTT	22695	36840	38594	270	141	10.8842728052	0.00727566693614	0.00364011875565	0.00363554818049
TATNNTTT	17115	30873	31747	195	85	10.7785909471	0.00627655465431	0.00267026891179	0.00360628574252
NNNAAAAG	10864	43094	44352	454	306	7.93234635025	0.0104252778543	0.0068520757759	0.00357320207842
TANTNTTT	13852	26205	27218	171	81	8.42416702755	0.00648316651501	0.00296714165354	0.00351602486147
NNTTTTNT	74713	138119	146915	1339	901	25.7884965466	0.00960145706951	0.0060954159225	0.00350604114701
TNTTNTTT	49594	70098	75671	771	567	11.347771454	0.0108792278711	0.00743723602403	0.00344199184711
ATNTTTNT	20173	37184	39155	276	155	9.52634839675	0.00736785904965	0.00394301704401	0.00342484200564
ANTTNTTT	15794	31784	33128	227	123	8.38138913933	0.00709131236138	0.00369913686806	0.00339217549331
TATNTTNT	20728	31669	32862	213	111	8.51753098468	0.00668088576626	0.00336639068329	0.00331449508298
NANTCTNT	4022	15858	16156	59	7	9.65756193357	0.0037067286549	0.000433087916847	0.00327364073805
ANNNTTTT	31940	83620	87152	576	313	20.1848202861	0.00684118010357	0.00357857428686	0.00326260581671
NANNTTTT	31254	81645	85609	535	282	20.5648763295	0.00651009978097	0.00328323107194	0.00322686870903
TNTTTNTT	50732	69871	75565	731	545	10.2494834958	0.0103538143395	0.0071606884772	0.00319312586233
TTTTNTNT	49188	69382	74635	741	557	9.7193158064	0.0105671463001	0.00740770294712	0.00315944335295
NCTNTTNT	8983	34621	35854	195	89	10.1325196146	0.00560087316176	0.00247614278163	0.00312473038014
ATANNTTT	15141	25900	26768	144	65	7.72619756863	0.00552910459223	0.00242239034025	0.00310671425198
NATTTTNT	16460	36805	38270	264	155	7.8210967325	0.00712185384014	0.00403383214053	0.0030880216996
TTNTTTNT	49991	68675	74080	769	597	8.70785246368	0.0110736708715	0.00799442934237	0.00307924152913
NTTNTTTT	49669	71618	77474	809	632	8.98010302836	0.0111698675908	0.00809156786931	0.00307829972151
NTATATNT	66227	32332	32611	177	78	9.2295676657	0.005444646098	0.00238612377252	0.00305852232548
NTTTNTTT	50886	70954	76402	780	602	9.00344854734	0.0108735048931	0.00781777569996	0.00305572919311
NATTNTTT	15801	34577	35878	225	124	7.88166486623	0.00646514568128	0.00344425309705	0.00302089258423
ANNTNTTT	36888	78885	82243	482	255	18.142908889	0.00607305303212	0.00309098402386	0.00298206900826
NTATNTTT	19754	32351	33485	200	107	7.51940667434	0.00614420447913	0.00318528221005	0.00295892226908
NNTTNTTT	74490	132843	140584	1159	805	19.4066064362	0.00864912463993	0.00569351222514	0.00295561241479
ATTNNTTT	16337	32858	33935	193	99	7.93642039683	0.00583946022813	0.00290885585003	0.0029306043781
NCTNNTTT	8277	34179	35253	171	73	9.92419807096	0.00497816593886	0.00206646662515	0.00291169931372
NANATTTT	11886	27759	29090	148	70	7.54719923195	0.00530332891389	0.00240054869684	0.00290278021705
TNNNTTTT	72035	133780	141856	1132	784	19.371387652	0.00839065464896	0.00549635445878	0.00289430019018
ANATNTTT	16433	29962	31168	173	89	7.26392247975	0.00574083291853	0.00284736219087	0.00289347072766
TTTTTNNT	47764	70614	76335	723	557	8.65872570577	0.0101349930611	0.00724392654632	0.00289106651478
ANNTTTNT	33214	77879	81330	498	283	15.780653472	0.00635390484453	0.00346758482105	0.00288632002349
TNNTTTNT	74104	131289	139016	1131	792	18.3812820424	0.00854100589035	0.00566491187915	0.0028760940112
NNNNTTTT	122241	290681	305529	2149	1373	46.9041499624	0.00733872895537	0.00447374080325	0.00286498815211
NTNTTTNT	78377	133317	141313	1194	860	17.2427128926	0.008876597453	0.0060489685102	0.0028276289428
NCNNTTTT	11271	44668	45935	279	156	9.04704929054	0.00620731083276	0.00338460870886	0.0028227021239
ATNTTNTT	19261	39221	40665	236	129	8.38900679629	0.0059811947183	0.00316222973967	0.00281896497863
TNTTNTNT	77207	127985	134956	1041	719	17.6215896939	0.00806814130485	0.00529942878202	0.00276871252284
NTNTNTTT	78853	129977	137502	1102	781	16.977463248	0.00840714378352	0.00564783812905	0.00275930565447
TNTNTTNT	78285	129215	136315	1073	753	17.0263932445	0.0082356011298	0.00549362360288	0.00274197752692
ATNNNTTT	37282	81360	83726	423	205	18.6539506664	0.00517222405634	0.0024424825154	0.00272974154094
TANNNTTT	28140	62946	64952	350	183	13.31882126	0.00552957532861	0.00280954939741	0.00272002593121
NTTTTNTT	49708	73553	79284	756	596	7.87422159124	0.0101737340026	0.00746119178768	0.00271254221493
NANNCTTT	5441	22648	22898	72	11	10.4731279109	0.00316901408451	0.000480160635558	0.00268885344895
NAANATAT	20340	29150	28973	136	57	7.57607548992	0.0046438571331	0.00196348604891	0.00268037108419
TTNTNTTT	48459	68675	73941	702	555	7.19207014288	0.0101186272107	0.00745006443299	0.00266856277776
NTNNTTTT	73407	138145	146419	1182	857	16.5766969273	0.00848363920848	0.00581900649121	0.00266463271727
NCTNTNTT	8161	32035	33342	159	76	7.78499056383	0.00493880847363	0.00227422347238	0.00266458500125
ATATNTNT	66992	38417	38833	208	106	8.13509480882	0.00538511326861	0.00272220652816	0.00266290674045
ANATATNT	66270	35507	35581	170	75	8.73471942982	0.00476497463352	0.00210343280233	0.00266154183118
NANTNTTT	28984	71763	74630	400	216	14.3601076114	0.00554300680404	0.00288592576758	0.00265708103646
NCTTNTNT	9655	37445	38062	184	87	8.58583166081	0.00488984559781	0.00228053159978	0.00260931399803
ANTTNTNT	32524	71310	73994	391	212	13.8232646054	0.00545320148952	0.00285691184001	0.00259628964951
NNTTTNTT	74690	135564	143358	1110	797	16.1262652532	0.00812151543088	0.00552877111443	0.00259274431645
TNNTNTTT	71812	129370	137062	1030	732	15.8476339929	0.00789877300613	0.00531227774794	0.00258649525819
NATNTNTT	43307	85115	87856	448	234	16.9245991118	0.00523590804436	0.00265637416279	0.00257953388158
NANTTTNT	28142	71640	74494	419	242	12.6451273048	0.00581467963752	0.00323806465425	0.00257661498327
ANTNNTTT	29348	70965	73089	367	189	14.3447891016	0.00514495598049	0.00257921886514	0.00256573711534
NNATCTNT	5136	22178	22267	74	17	8.39550153331	0.00332554377135	0.000762879195836	0.00256266457551
NTTTNTNT	77370	133810	140941	1082	775	15.5977316181	0.00802123180026	0.00546868384657	0.00255254795369
NNNCTTTT	10864	44001	44782	209	98	9.86859673556	0.0047274372314	0.00218360071301	0.00254383651838
NNNTNTTT	126362	274460	287311	1848	1198	37.8531495553	0.00668818854322	0.00415238346117	0.00253580508205
NNNTTTNT	125669	280928	293549	1998	1336	36.1290801143	0.00706191725045	0.00453057971752	0.00253133753293
NNANCTTT	5198	24035	24086	76	15	9.50858133892	0.00315208825847	0.000622380814074	0.0025297074444
NNATATAT	68502	32688	32425	148	65	7.54508291951	0.00450724814228	0.00200061557402	0.00250663256826
TNTNTNTT	81734	130441	137473	971	675	16.0302289759	0.00738897513165	0.00488606422098	0.00250291091067
TANNTTNT	31965	63219	64995	325	171	12.1089330612	0.00511456628478	0.0026240677654	0.00249049851938
TCTNTNNT	7808	29496	29836	123	50	7.52227349301	0.0041527397954	0.00167302415847	0.00247971563693
NATNNTTT	33986	83926	86283	411	208	16.531078811	0.0048733059037	0.00240487449561	0.00246843140808
TNTTTNNT	73632	128244	135256	986	705	14.4866219292	0.00762980732028	0.00518531049345	0.00244449682683
ANANATAT	66992	38173	37891	173	79	8.15218739442	0.00451155270432	0.00208058993943	0.0024309627649
TNTNNTTT	73238	131118	137855	964	679	14.9032380347	0.00729849638861	0.00490132386273	0.00239717252587
TTNTNTNT	78327	126828	133269	975	703	13.5538149518	0.00762892889838	0.00524736512107	0.00238156377731
NNANTTTT	27658	76589	79871	436	263	11.7339966817	0.00566049983772	0.00328200264557	0.00237849719215
TANNTNTT	36849	70150	71762	336	173	12.9435763034	0.00476690406606	0.00240494891221	0.00236195515384
TANTNTNT	33386	59453	61221	290	154	10.6919033602	0.00485412516948	0.00250916496945	0.00234496020003
NNTTNTNT	129109	271462	281791	1727	1131	32.967796932	0.00632163081237	0.00399756823435	0.00232406257801
TATNNNTT	38623	68254	69683	304	148	13.1908396	0.00443420169783	0.0021194025576	0.00231479914023
TATNNTNT	41188	67852	69375	320	166	12.132548933	0.00469400927067	0.00238708100257	0.00230692826809
ANTNTTNT	35511	80587	83387	424	245	12.5713840526	0.00523385713051	0.0029295006696	0.00230435646091
NTTTTNNT	72505	138870	146630	1050	772	13.6218158388	0.00750428816467	0.00523737805457	0.00226691011009
ATNTNTNT	94057	93524	96130	485	279	14.1438396715	0.00515908051357	0.00289392069205	0.00226515982152
NATNCTNT	5619	21922	22399	66	17	7.08399415514	0.00300163725669	0.000758386866524	0.00224325039016
NATNTTNT	39355	86572	88764	459	272	12.229176016	0.0052739828337	0.00305494406757	0.00221903876613
NTANNTTT	30715	67418	69123	327	181	10.6887662605	0.00482692449627	0.0026116818654	0.00221524263087
NNTNTTNT	134780	290644	302133	1850	1247	31.7553914333	0.00632491606665	0.00411035664843	0.00221455941823
NCNTNTTT	12237	46603	47932	236	136	7.16102714914	0.00503853626252	0.00282932512274	0.00220921113977
NNTNNTTT	121133	278323	289185	1627	1047	33.2940240126	0.00581175209859	0.0036074588605	0.00220429323809
TNNTCTNT	8888	35108	35464	124	47	8.3622446327	0.00351952770209	0.00132353355298	0.00219599414911
TNTTTTNN	75207	134498	143077	1517	1295	8.12594630305	0.0111531816344	0.00896988335688	0.00218329827749
NTTNTTNT	79259	143552	150621	1094	815	12.83479131	0.00756329245192	0.00538181145831	0.00218148099361
ANNTTNTT	32373	80346	83252	406	238	11.6493025322	0.00502773925104	0.0028506407953	0.00217709845574
NNTCTNTT	8793	34894	35430	126	51	7.81084631191	0.00359794403198	0.00143738902511	0.00216055500687
ANTNTNTT	30438	68156	70565	342	201	9.8109070776	0.00499284650647	0.00284034705932	0.00215249944715
ATNNTNTT	36340	83942	86003	383	206	13.3064660937	0.00454195078565	0.00238954169518	0.00215240909047
NANNCTNT	10720	46791	47647	144	44	12.6619367941	0.00306807286673	0.000922605942421	0.00214546692431
NATTNTNT	34973	74840	76765	367	211	10.7999222104	0.00487986490619	0.00274111411349	0.0021387507927
NTNTNTNT	191436	280901	290488	1702	1138	29.5365680343	0.00602258291667	0.00390225837202	0.00212032454465
NNTNTNTT	131888	275039	286672	1613	1068	30.1482388841	0.00583042956494	0.00371168415931	0.00211874540563
TNNTNTNT	132494	263164	273033	1558	1039	27.7919695993	0.00588541942113	0.0037909746344	0.00209444478673
TNTNNAAT	22715	49972	50053	185	80	9.78935506129	0.00368841836633	0.00159575529093	0.0020926630754
NTATNTNT	93861	83271	84799	397	226	11.6691401931	0.00474494430368	0.00265804175243	0.00208690255125
NNNAANAG	18898	82425	83556	594	428	7.0858740737	0.00715498861706	0.00509620880168	0.00205877981539
TTTTNNNT	70016	131192	137536	906	664	11.5884863868	0.006858544414	0.00480463096961	0.00205391344439
ANNNNTTT	70111	192916	198064	854	468	27.6569776807	0.00440728698973	0.00235730260109	0.00204998438864
NNATNTTT	36649	83982	86997	411	247	10.9636992014	0.00487007216238	0.00283114025033	0.00203893191205
ANTTTNNT	26970	71013	73785	342	207	9.12923088079	0.00479293672483	0.00279759974051	0.00199533698431
NNATATNT	92429	79335	80287	324	167	12.0973078906	0.00406733702407	0.00207572028737	0.0019916167367
NANTTNTT	29962	74489	76789	356	213	9.53821647669	0.00475649675997	0.00276616191787	0.0019903348421
ANNTNTNT	133267	199870	205081	891	505	26.3083231217	0.00443811298011	0.00245639294504	0.00198172003507
ANANNTTT	28268	68443	70288	299	168	9.5061894724	0.00434959704402	0.00238446690133	0.00196513014269
ATNNTTNT	42781	92486	94643	451	275	10.9578299383	0.00485274971217	0.00289723761563	0.00195551209654
AANTNTNT	24927	55097	56570	220	115	8.47895668178	0.00397707757109	0.00202875540266	0.00194832216843
ANATNTNT	87423	82380	83759	361	203	10.9699202185	0.00436301229137	0.00241776041543	0.00194525187594
NNTTTNNT	119688	277551	287542	1643	1139	24.8100002444	0.00588479695122	0.00394553157291	0.00193926537831
TNNNCTTT	9559	38794	39196	124	49	7.8896775604	0.00318618634051	0.00124856669639	0.00193761964412
NNANATAT	92429	79603	78987	320	164	11.4353610829	0.0040038537092	0.00207198898308	0.00193186472611
GNNNNTTT	16819	74851	77137	285	144	11.7829422091	0.00379312180579	0.00186332992585	0.00192979187994
TNNNNTTT	113960	263556	273622	1488	1012	24.6708059416	0.00561416217685	0.0036849042726	0.00192925790425
NTNTATNT	91391	79841	81181	327	175	11.3304659018	0.0040789342381	0.00215103987413	0.00192789436397
NCTNTNNT	16603	72884	74415	293	155	10.629521739	0.00400399032483	0.00207858388092	0.00192540644391
NNNANAAG	21125	92627	94319	633	461	7.30611286254	0.0067874758739	0.00486389533657	0.00192358053733
NNNTCTTT	9928	40220	40469	120	43	8.66740503652	0.00297471492315	0.00106141390205	0.0019133010211
NNNTCTNT	17842	75780	76168	232	87	15.2580122069	0.00305214966058	0.00114090879287	0.00191124086771
NTTNNTTT	72477	134479	141123	942	716	10.0647558601	0.00695608509758	0.00504797693159	0.00190810816599
NTNTTNTT	79768	144228	151892	1039	803	10.2918532427	0.00715234705749	0.00525884934019	0.0018934977173
TNTTTNAN	28406	67933	70058	338	215	7.51788568023	0.00495085761158	0.00305949653494	0.00189136107664
NANTNTNT	71849	164953	169602	700	397	20.9431762293	0.00422570071173	0.00233530785475	0.00189039285698
TNTNNTNT	129771	259008	267847	1433	972	23.616397801	0.00550220587388	0.00361581584635	0.00188639002753
TNNNTTNT	122033	263425	273057	1549	1086	22.3757074667	0.00584585657461	0.00396143618476	0.00188442038984
NCNNNTTT	22078	98336	100137	415	233	12.6363767311	0.00420248908872	0.00232141078011	0.0018810783086
TNNTTNTT	77707	139592	146578	968	739	10.1221489817	0.00688673875925	0.00501639322006	0.00187034553919
NANNNTTT	64755	191806	197280	859	512	22.1591699088	0.00445851607713	0.00258857790002	0.00186993817711
TATNTNNT	46895	74356	75957	370	235	7.91771204889	0.00495142253031	0.00308431331373	0.00186710921658
ATNTNNTT	40099	82596	84603	343	194	10.5460646482	0.00413556951494	0.00228781678597	0.00184775272897
NCTNNTNT	18034	81672	82958	305	156	11.7502746851	0.00372055576564	0.00187694010636	0.00184361565928
ANANATNT	87423	82696	82797	318	165	11.3434557689	0.00383067916255	0.00198886237072	0.00184181679183
NNNATTTT	30887	81921	84727	349	204	10.1222021991	0.00424212957336	0.00240194981809	0.00184017975527
NTNNNTTT	121014	273339	283151	1514	1044	23.4479243647	0.00550839903512	0.00367353401714	0.00183486501798
ANANANAT	94057	93726	93312	534	359	8.03073155315	0.00566518141311	0.00383256290634	0.00183261850677
TTNNTTNT	71932	130172	136183	941	734	8.54405614673	0.00717701524639	0.00536091208542	0.00181610316097
NNNNCTTT	19873	90832	91227	250	85	18.6133226099	0.00274477942953	0.000930874364815	0.00181390506471
ANNTATNT	84748	72263	72979	275	145	9.76959446539	0.00379111638038	0.00198293309994	0.00180818328044
NTANATNT	81957	66241	66477	261	142	8.45157760017	0.00392469399417	0.00213152403969	0.00179316995448
TANNNTNT	71308	147419	150302	618	360	16.748571892	0.00417463201767	0.00238945454063	0.00178517747704
NNNTTNTT	128147	290423	302086	1691	1215	22.1642946612	0.00578883586545	0.00400592151031	0.00178291435513
TNTTNNTT	73001	133941	140363	851	639	9.67879439134	0.00631343106416	0.00453185061205	0.00178158045211
TTTNNTNT	71272	128284	134025	872	670	8.60282494015	0.00675152528725	0.00497420097257	0.00177732431468
NATNNTNT	83433	198045	201398	786	443	22.9688477291	0.00395310590401	0.00219479689459	0.00175830900942
NTTNTNTT	73462	133768	140635	912	709	8.72792552189	0.00677160677161	0.00501613085805	0.00175547591356
NANNTNTT	75883	199053	203694	790	450	22.8951715994	0.003953103186	0.00220432635787	0.00174877682814
ATTNNTNT	38839	80608	82801	345	210	8.68960355537	0.00426173211617	0.00252978520919	0.00173194690698
NTNNTTNT	131468	288284	297787	1663	1201	20.5110490315	0.00573553097635	0.00401688362075	0.0017186473556
NTTTNNTT	71975	133132	139392	877	676	8.61059162723	0.00654433657441	0.00482622726104	0.00171810931336
NAATNTNT	29214	60353	61986	223	122	7.72940551363	0.00368132593767	0.0019643202164	0.00171700572127
NANATNTT	34351	73242	74398	279	155	8.86179115347	0.00379483412902	0.00207905785146	0.00171577627756
TNNTNTAT	41316	65069	66435	271	162	7.170226038	0.00414753596572	0.0024325420064	0.00171499395932
NANNTTNT	68952	186752	191557	806	496	18.6736880466	0.00429733735698	0.00258262042249	0.00171471693449
ANNNTTNT	75912	199148	204242	882	552	19.2467213317	0.00440933859921	0.00269539146655	0.00171394713266
TNNNCTNT	17113	73852	74489	235	110	10.8235152171	0.00317194649534	0.00147455059719	0.00169739589814
ANNNTNTT	70047	190148	194869	754	442	20.2745805442	0.00394967051157	0.00226305738028	0.00168661313129
NGNNNTTT	14269	65026	67307	231	125	8.39468533631	0.00353985013102	0.00185371930241	0.00168613082861
NCNNTTNT	22125	93903	95429	408	253	9.21063998385	0.00432611254255	0.002644175498	0.00168193704454
ANTTNNTT	27577	68611	70355	277	165	7.50694530162	0.00402101962606	0.00233976176971	0.00168125785635
ATTNNNTT	29375	67189	68436	254	143	7.91046944761	0.00376614326172	0.00208518642733	0.00168095683439
TNTNTNNT	135050	264264	272727	1450	1034	19.0125064784	0.00545699511505	0.00377701717922	0.00167997793583
NNNTATAT	90685	68860	69404	274	159	7.54799214044	0.00396331761507	0.00228569785662	0.00167761975845
ATANNTNT	84195	75190	75709	308	183	7.82734325774	0.00407957826697	0.00241132135139	0.00166825691558
NNNCTNTT	18898	83559	84970	273	136	11.2406524087	0.00325651302605	0.00159800719103	0.00165850583502
NNTNNTGT	20676	83663	84800	263	126	11.6554440529	0.00313371303291	0.0014836445847	0.00165006844821
TTNTTNNT	76737	140256	146502	931	728	8.25852410948	0.00659409152401	0.00494464443388	0.00164944709013
ANTNNTNT	72652	182205	185982	720	429	18.2120415698	0.00393603936039	0.00230136633568	0.00163467302472
NATTTNNT	31951	78275	79659	350	226	6.99738496895	0.00445151033386	0.0028290667835	0.00162244355036
TTNNNTTT	68513	129870	136285	854	675	7.37186442443	0.00653284783207	0.00492844626168	0.00160440157039
NCNTNTNT	27907	106202	107421	416	248	10.4375587016	0.00390178018721	0.00230335565483	0.00159842453238
TTTNTNNT	71217	131239	137362	862	681	7.33039269234	0.00652531017933	0.00493324543802	0.00159206474132
NNANNTTT	64447	187494	192442	744	456	17.5668121102	0.00395244318363	0.00236394363861	0.00158849954502
TNTTNNNT	121284	264554	272265	1331	936	18.4131994197	0.00500592361359	0.00342604895297	0.00157987466062
NNATNTNT	142311	208541	212750	829	509	18.9334661752	0.00395949754024	0.00238676913987	0.00157272840037
NNTATNTT	39965	75769	78026	280	165	7.93645420111	0.00368183671054	0.00211021728843	0.00157161942211
CNNNTTNT	23292	101099	102187	443	287	8.36283720016	0.00436272675346	0.00280071042411	0.00156201632935
NGNNTNTT	15347	64111	65495	217	119	7.3726335778	0.00337333664967	0.0018136373335	0.00155969931617
NTNTNTAT	89668	79837	81201	319	197	7.44592473861	0.00397973950796	0.00242020688469	0.00155953262327
TNNNTNTT	130450	281783	290875	1410	1001	18.9271982907	0.00497893662626	0.00342953857117	0.00154939805508
ATNTTNNT	38370	90915	93301	387	253	7.60775501066	0.00423868042321	0.00270432049939	0.00153435992382
NTTNNTNT	128112	280257	288541	1445	1045	17.4961005416	0.00512953404662	0.00360859986325	0.00152093418336
NNCTNTNT	18152	77410	79066	277	162	7.80698952815	0.00356559012447	0.00204473166052	0.00152085846395
TTNNNNGT	15601	64021	64786	215	119	6.93574051539	0.00334703281649	0.00183344888683	0.00151358392965
NNANCTNT	11875	59522	60203	171	82	7.71149944294	0.00286465749753	0.00136020568964	0.00150445180789
ANNNATAT	87810	85013	84864	324	195	7.64367934394	0.00379671186004	0.00229252636405	0.00150418549598
NNCNNTTT	22508	99240	100277	365	218	9.14681384255	0.00366447467497	0.00216926215235	0.00149521252262
NTTTNNNT	119139	273385	282104	1404	1024	16.5259987833	0.00510937482941	0.00361673871888	0.00149263611053
NNTTNNTT	117536	270941	279554	1334	957	17.0509078671	0.00489945826829	0.00341163091643	0.00148782735186
NNTTNNCT	17245	82769	82917	319	196	7.14658646593	0.00383930290776	0.0023582351738	0.00148106773396
NTANNTNT	126723	175708	178063	682	426	14.4503693156	0.00386643233743	0.00238670170151	0.00147973063593
TANNNNTT	65302	154193	156723	558	334	13.8618363901	0.00360579253123	0.00212661645135	0.00147917607988
NNTTTTNN	122241	290121	302645	2581	2239	9.6781047121	0.00881784203729	0.00734377664948	0.00147406538781
NATNNNTT	74762	187250	190483	626	355	18.163822989	0.00333198492623	0.00186021651872	0.00147176840751
TTTNNNAT	28839	70477	72021	243	142	6.94115871808	0.00343608597285	0.00196776741543	0.00146831855742
NNNTNTGT	25854	89377	91122	276	147	9.85143195391	0.00307853613376	0.0016106235414	0.00146791259236
GNANNTNT	19759	76955	79149	260	151	7.6818429708	0.00336722139481	0.00190416141236	0.00146305998245
NNNCTTNT	21125	94028	94915	320	184	9.00311489961	0.00339169881715	0.0019348258131	0.00145687300405
TNNTTNNT	123434	272657	280733	1403	1034	15.4666982525	0.0051193169379	0.0036696987227	0.00144961821519
NTNNTNTT	127456	290233	300779	1442	1058	16.8546461029	0.00494385874689	0.00350520313944	0.00143865560745
TNNNNTGT	19688	73592	74917	224	120	7.95293970173	0.00303457245042	0.00159921105588	0.00143536139454
ATNNNTNT	140365	215746	218767	821	517	16.8150877518	0.00379097461755	0.00235767315445	0.00143330146311
NNNTATNT	141902	188502	191813	631	367	17.0571548894	0.00333627658843	0.00190966801956	0.00142660856887
TCTNNNNT	16196	74427	74626	237	131	7.40128446146	0.00317422050788	0.00175234426208	0.0014218762458
NNANATNT	134464	197447	198896	677	398	17.0496931421	0.00341705194727	0.00199704958504	0.00142000236223
TNTNNNTT	123651	264195	272475	1204	852	16.4437390535	0.00453656569919	0.00311714539727	0.00141942030192
TTNNNTNT	119735	256645	263950	1295	954	14.2723644822	0.00502054741413	0.00360130462356	0.00141924279057
NCTNNNTT	16498	83567	85210	245	129	9.05097986755	0.002923209087	0.00151161836909	0.00141159071791
NNNCNTTT	26114	115188	115736	339	177	12.0093892967	0.00293437897634	0.00152700732446	0.00140737165188
NNANANAT	142311	209514	209004	1018	720	11.7741909641	0.00483536944502	0.00343308348115	0.00140228596388
NNTNNTCT	19086	88227	88102	317	193	7.23098931721	0.00358014094687	0.00218585423863	0.00139428670824
TNTNNTCN	24406	103250	101873	390	243	7.73274663862	0.00376302585874	0.00237964667633	0.00138337918241
NNNTATTT	34580	67657	69265	200	109	6.98526964718	0.00294737462605	0.00157119381901	0.00137618080704
ANANANNT	133267	201361	201736	879	601	12.2927853451	0.00434632120253	0.00297029213639	0.00137602906615
ANNTNNTT	69551	184488	188054	626	378	15.2167762495	0.00338169992545	0.00200602870001	0.00137567122544
ATNNNNTT	72409	182266	185119	590	345	15.6436548445	0.00322658266614	0.00186019928396	0.00136638338218
TATNNNNT	84559	161150	163130	587	370	12.0952351403	0.00362934888121	0.0022629969419	0.00136635193931
NTNTTNNT	132061	298780	308446	1542	1167	14.895268416	0.00513448898183	0.00376922157661	0.00136526740521
NTNTNNTT	129305	275951	284779	1333	984	14.8059210359	0.00480734553743	0.0034434128981	0.00136393263933
ANTNNNTT	57386	157110	159863	511	304	13.0443758761	0.00324195380057	0.00189801894273	0.00134393485784
NNTNNAAT	50051	130294	130017	444	268	10.1559049332	0.00339610518747	0.00205702882143	0.00133907636604
ANANNTNT	127922	195420	197828	695	439	14.096446272	0.00354383907401	0.00221418592101	0.00132965315301
NNNTNTAT	136798	175886	178764	627	399	12.658333077	0.00355214630084	0.00222702232046	0.00132512398038
NNTNCTNT	19935	88547	89025	232	115	9.4455977059	0.00261323060634	0.0012901054521	0.00132312515424
NTTNTNNT	126839	288581	297276	1416	1062	14.2574019848	0.00488280913251	0.00355972085353	0.00132308827898
NATNTNNT	87952	201040	203844	794	534	12.6951663218	0.0039339258995	0.00261280568359	0.00132112021592
TNTNTTNN	131888	275648	285216	1993	1682	9.05206886709	0.00717833461196	0.0058627107892	0.00131562382276
TTTNNNNT	112363	259613	267278	1206	888	13.4571749198	0.00462389626523	0.00331138175608	0.00131251450915
CNTNNTNT	25578	107849	108474	366	228	7.8800408073	0.00338215589336	0.00209747750731	0.00128467838605
ANNCNNTT	14347	63180	63503	151	70	7.21130336895	0.00238429836889	0.00110109637739	0.00128320199149
NNNNAAAT	65861	182853	184182	956	727	7.90392759965	0.00520105109108	0.00393166368322	0.00126938740786
TTNTNNNT	126016	269824	277243	1289	970	12.6076932004	0.00475447507128	0.00348653729337	0.00126793777791
NNAAANNT	64447	186581	189304	905	678	8.5875072899	0.00482702708469	0.0035687591456	0.00125826793909
ANNNATNT	128924	196502	197623	628	382	14.1721024955	0.0031857150104	0.001929244211	0.00125647079939
NNNANTTT	55528	170785	174715	539	332	12.563169414	0.00314608577899	0.00189663347558	0.00124945230341
ANTTNNNT	57981	164626	167989	563	364	10.9856842005	0.00340821725418	0.00216212363308	0.0012460936211
NANTTNNT	57773	168986	171708	613	408	10.4735069734	0.00361440810382	0.00237049431779	0.00124391378604
NNNAAANT	55528	170063	172454	900	697	6.98705841187	0.00526429695314	0.00402538824494	0.0012389087082
ANNTTNNT	65704	190358	194517	695	468	11.5462137424	0.00363773403192	0.00240018462959	0.00123754940233
ANTNTNNT	68723	173686	177079	625	419	10.525428515	0.00358554537579	0.00236058997848	0.00122495539732
NNNATNTT	77925	204481	208318	632	388	14.5404650256	0.00308122839605	0.00185907448756	0.0012221539085
TNTTNTNN	134780	292865	301290	1970	1654	8.88819253464	0.00668170332559	0.00545975493821	0.00122194838738
NAANNTNT	62610	166124	169384	545	349	10.9907487912	0.00326995422064	0.00205617057378	0.00121378364686
TNTANNNT	71188	141785	143593	470	302	9.18802845795	0.00330392604829	0.00209875256263	0.00120517348566
AANNNTNT	63344	169233	171945	550	352	10.947982972	0.00323942915368	0.00204298391731	0.00119644523638
NNNNATAT	144244	195848	195951	685	451	11.3199732449	0.00348541975139	0.0022963106282	0.00118910912319
NANNANAT	87952	200179	201129	916	681	8.54035281993	0.0045550610408	0.0033744611268	0.001180599914
NAANANNT	75883	197797	200732	847	622	9.01633961388	0.00426390930509	0.00308908688181	0.00117482242328
NTTTNTNN	125669	283044	291698	2082	1800	7.24986184214	0.00730203488984	0.00613292083762	0.00116911405222
NNANTTNT	63485	173400	177557	665	474	8.75856965734	0.00382041191509	0.00266245766187	0.00115795425322
NANANTNT	65772	162482	164437	527	342	9.83579151202	0.0032329503279	0.00207550719448	0.00115744313341
NANNNTAT	75775	147701	148498	480	310	8.92068650533	0.00323928168929	0.00208322133219	0.0011560603571
NANTNNTT	59335	166210	169272	524	340	10.0544352713	0.00314273033694	0.00200457514798	0.00113815518896
NANNATNT	78861	187555	189345	565	354	11.7867412288	0.00300340208378	0.00186611421252	0.00113728787126
NATTNNNT	64301	165245	167091	535	350	9.64403666019	0.00322716853661	0.00209028851954	0.00113688001708
TNTTTNNN	126362	275258	285211	1939	1682	6.95162144742	0.00699502519869	0.00586281296511	0.00113221223357
NNNAANAT	77925	203829	204709	983	754	7.54039952883	0.00479952346542	0.00366976049216	0.00112976297327
NNTTNTAN	65229	152817	155974	578	414	7.39242330632	0.00376804980606	0.00264726193826	0.0011207878678
NANNCNTT	15515	66385	66858	134	60	6.90447053388	0.0020144620334	0.000896619743567	0.00111784228984
TNNTNNTT	122313	280121	288358	1229	942	10.982986553	0.00436822463124	0.00325613549948	0.00111208913176
NATANNNT	75775	149107	149765	509	344	7.8487681594	0.00340204256229	0.00229166805455	0.00111037450775
NNTCNTNT	26500	114818	114668	311	183	7.90434308183	0.00270131765237	0.00159336879958	0.0011079488528
TANNTNNT	74436	166735	168531	589	408	8.33734096556	0.00352011665989	0.00241507289613	0.00110504376376
NNTCNNTT	20832	94440	94963	218	116	7.59875388662	0.00230302774198	0.0012200380736	0.00108298966837
TANTNNNT	62394	141459	142753	443	292	7.79193294435	0.00312187284182	0.00204131566989	0.00108055717193
NNTNANAT	64894	154687	154800	524	357	7.6575160552	0.00337604937794	0.00230089522226	0.00107515415568
ATNTNNNT	136017	217894	220956	749	521	10.412153714	0.00342567564477	0.00235238873562	0.00107328690915
NNTNATNT	76905	187494	189700	525	328	11.2045555437	0.00279227099389	0.00172606142253	0.00106620957136
NTANANNT	114488	153473	152713	524	359	7.26703224368	0.00340266368825	0.00234530155744	0.00105736213082
NNTAANNT	46949	130425	130688	382	245	7.29759298461	0.0029203330097	0.00187118602644	0.00104914698326
NNANTNTT	66768	183871	188132	616	432	8.74633966577	0.00333898865503	0.0022909993424	0.00104798931263
TTTTNNNN	122241	292750	301822	1828	1565	7.10827584726	0.00620548717148	0.00515842801438	0.00104705915709
NTTNNNTT	113317	265717	273743	1129	877	9.4129536521	0.00423090471658	0.00319350375064	0.00103740096594
TNANNTNT	65084	157744	160128	514	355	7.60213323489	0.00324786108759	0.00221207230672	0.00103578878087
NTNNATNT	130064	193147	194920	579	382	9.96913137102	0.00298875731704	0.00195594515161	0.00103281216542
ANANNNTT	63344	170705	173602	493	322	9.21470075191	0.00287970653863	0.00185138336285	0.00102832317578
AAANNNNT	70111	190779	194651	726	540	7.53896672599	0.00379102373306	0.00276652099738	0.00102450273568
NTANNNTT	66601	162375	165256	493	332	8.21949477619	0.00302699118304	0.00200497620601	0.00102201497704
NNTNTANT	66153	136575	139081	391	257	7.29748868366	0.00285472306996	0.00184443583229	0.00101028723767
TNTNANNT	61366	152628	154227	401	249	8.83677836522	0.00262041835208	0.00161190087781	0.00100851747427
NANANNTT	62610	168447	170415	497	331	8.42387540371	0.00294180320106	0.00193855200122	0.00100325119984
AATNNNNT	52720	142688	143551	427	285	7.07474297383	0.00298361457569	0.00198142328763	0.00100219128806
ANNNANAT	136017	217716	217323	908	690	7.13352159912	0.00415324941452	0.0031649488792	0.000988300535325
NATNANNT	60427	154992	155530	434	283	7.77359497761	0.00279232560833	0.00181627977126	0.000976045837064
NNTANTNT	71182	159374	161983	479	328	7.430432254	0.00299650303717	0.00202081189815	0.000975691139019
TNNNATNT	77247	170031	171941	476	314	8.38251539659	0.00279167424211	0.00182287887144	0.000968795370673
NNANNTAT	128418	167318	167875	527	366	7.1679925492	0.00313980160267	0.00217545069276	0.000964350909913
TNNTNNAT	74310	171019	171657	560	397	6.90503777194	0.00326380267982	0.00230741511386	0.000956387565956
NNATANNT	128418	168205	168407	537	376	6.95074897887	0.00318237309028	0.00222771250659	0.000954660583689
NNTANNTT	64123	164872	167238	423	269	8.69788911809	0.00255906107263	0.00160590303689	0.00095315803574
NNNATTNT	75185	191728	195315	605	430	7.91949210339	0.00314558604088	0.0021967355488	0.000948850492076
TTNNTNNT	121240	281859	288730	1255	1010	7.89359035282	0.00443284330694	0.00348588389591	0.00094695941103
NNANATAN	141902	190391	187751	586	400	7.83278776679	0.00306843232431	0.00212595202789	0.000942480296419
TNTNNANT	63825	147702	148984	406	269	7.03365217695	0.00274124287682	0.00180230883131	0.000938934045506
NAANNNTT	51716	165793	168903	453	304	7.74065760152	0.00272487759104	0.00179661597924	0.000928261611795
TTNNNNTT	113672	268465	276800	1067	847	7.83302451326	0.00395871362213	0.00305063623954	0.000908077382589
ATNNTNNT	91614	234320	236516	750	545	8.25278931613	0.00319053898839	0.00229898633685	0.000891552651536
ANATNNNT	128924	196542	197826	601	431	7.07559635952	0.00304854851554	0.00217394593886	0.000874602576687
NNNNATTT	65861	183782	186839	420	283	7.03910638104	0.00228010553631	0.00151238229604	0.000767723240271
