#Sequence	Occurrence	Forward Match	Backward Match	Forward Mismatch	Backward Mismatch	Strand Bias Score	FER (Forward Error Rate)	RER (Reverse Error Rate), ERD (Error rate Difference)
TTTT	122241	290681	305529	2149	1373	46.9041499624	0.00733872895537	0.00447374080325	0.00286498815211
AAAG	19873	88711	90740	646	490	6.16137816939	0.00722942802467	0.005371040228	0.00185838779667
NTTT	222116	628507	647875	3019	1914	62.2736627379	0.00478048409725	0.00294557156246	0.00183491253479
CTTT	19873	90832	91227	250	85	18.6133226099	0.00274477942953	0.000930874364815	0.00181390506471
TTNT	238195	635492	653660	3131	2116	50.0698233242	0.00490273604302	0.00322671156004	0.00167602448297
TNTT	240507	646802	665552	2785	1862	46.7576865215	0.00428733949417	0.00278987255287	0.0014974669413
CTNT	39298	190859	192530	539	261	22.4082775172	0.00281612138058	0.00135379763578	0.0014623237448
GNGT	11832	66668	67305	226	138	5.4670439068	0.0033784793853	0.0020461723233	0.001332307062
NTNT	562171	1515996	1543073	5665	3769	91.2377506237	0.00372290543032	0.00243657723284	0.00128632819748
AAAT	65861	182853	184182	956	727	7.90392759965	0.00520105109108	0.00393166368322	0.00126938740786
TTGT	19733	81666	83204	246	147	6.52035191378	0.00300322297099	0.00176362611126	0.00123959685973
NTGT	52611	217961	221771	630	371	16.4218535481	0.00288209487124	0.00167010290715	0.00121199196409
ATAT	144244	195848	195951	685	451	11.3199732449	0.00348541975139	0.0022963106282	0.00118910912319
NCCT	16798	112925	112095	422	290	5.80676526818	0.00372308045206	0.00258041553588	0.00114266491618
TTCT	20493	92442	92333	295	198	4.7766696505	0.00318103885181	0.00213982341053	0.00104121544127
ATNT	244552	519623	524317	1505	986	25.4818255188	0.0028879661043	0.00187701193406	0.00101095417023
NTCT	39912	201357	200956	626	421	9.42603877938	0.00309927073071	0.00209060617647	0.00100866455423
ATGT	22853	83749	85436	225	144	4.86902455818	0.0026794007669	0.00168263612994	0.000996764636967
ANAG	39298	189242	190560	975	792	5.09666113636	0.00512572483006	0.00413896902044	0.000986755809619
NNTT	451380	1480277	1506530	4433	3091	58.3141402775	0.00298576826451	0.00204753378497	0.00093823447954
NAAG	42832	220868	225140	1073	891	5.16550838385	0.00483461820934	0.00394193716791	0.000892681041433
ANAT	244552	520199	520624	1983	1518	14.3906311396	0.00379752653289	0.00290725511451	0.000890271418386
TNNT	496658	1561545	1583368	5107	3871	41.8275756427	0.00325981775149	0.00243882616292	0.00082099158857
AANG	51468	242418	246338	1208	1033	4.28322364005	0.00495841987308	0.00417591391068	0.000782505962399
CNTT	51468	247163	247589	477	285	11.3991429389	0.00192618316912	0.00114977770964	0.000776405459474
ATTT	65861	183782	186839	420	283	7.03910638104	0.00228010553631	0.00151238229604	0.000767723240271
NAAT	149717	440981	442212	1617	1283	9.38230430411	0.00365342816732	0.00289293002176	0.000760498145562
NNGT	101204	514240	521159	1405	1028	14.7055980055	0.00272474279786	0.00196864341701	0.000756099380842
ANGT	42314	199168	202132	566	421	5.82066265323	0.00283376891265	0.00207846835149	0.000755300561161
AANT	127108	419840	423736	1499	1191	9.10784572989	0.00355770531567	0.0028028343692	0.000754870946475
ANNT	442412	1308199	1316787	3821	2896	30.0186174142	0.00291230316611	0.00219446639837	0.00071783676774
NTAT	247532	468171	472471	1390	1063	10.9795504683	0.00296021177227	0.00224482296942	0.000715388802855
ANCT	28438	166821	167251	445	328	4.57952750095	0.00266043308263	0.00195728581744	0.000703147265199
TCTT	20942	100779	100386	181	110	4.32243562321	0.00179278922345	0.0010945709282	0.000698218295259
NNCT	91125	520434	519516	1491	1137	11.0770643926	0.00285673228912	0.00218379611757	0.000672936171554
CNNT	104964	539917	540946	1283	932	13.1084810255	0.00237065779749	0.00171994434172	0.000650713455772
NCTT	42832	225169	224182	406	258	7.77925945104	0.00179984484096	0.00114952771342	0.000650317127542
TTTN	222116	625941	643336	3874	3567	5.61904296734	0.00615101259894	0.00551396422648	0.000637048372462
TNCT	43426	223194	222597	649	506	4.43537496513	0.00289935356478	0.00226801073943	0.000631342825341
TTCN	51467	249993	248078	790	631	4.27328865152	0.003150133781	0.00253710159262	0.000613032188374
CTTN	42832	225484	223834	604	463	4.49914925063	0.00267152613142	0.00206422734143	0.000607298789991
ATAN	247532	472865	468781	1315	1021	8.29629582	0.00277320848623	0.00217325596741	0.000599952518821
ANTT	127108	422011	426780	827	629	7.11013610007	0.00195583178428	0.00147165829451	0.000484173489763
CTNN	91125	524636	520751	1306	1055	6.14938803453	0.00248316354275	0.00202182420286	0.000461339339883
NNAT	493884	1354674	1359242	4011	3434	11.0149888774	0.00295211914461	0.00252004144786	0.000432077696757
NTCN	110792	591252	582474	1664	1393	5.09471974032	0.00280646836989	0.00238581731799	0.000420651051902
TTNN	451379	1477130	1495848	6293	5753	7.64569282285	0.00424221547057	0.00383124411878	0.000410971351793
NANT	349566	1161363	1170368	3027	2578	9.43015225957	0.00259964444902	0.0021978846426	0.000401759806424
NTTN	451380	1478258	1497915	6178	5677	6.93828694879	0.0041618500225	0.00377562530261	0.000386224719891
NCNT	127372	652345	646169	1506	1254	5.21497786434	0.0023032770463	0.00193690987191	0.000366367174392
ATNN	493884	1359623	1356797	3601	3147	7.23044741375	0.00264153213265	0.0023140658733	0.00032746625935
NTAN	449376	1191527	1190203	3060	2695	5.69218575888	0.00256155474654	0.002259204056	0.000302350690531
