#Sequence	Occurrence	Forward Match	Backward Match	Forward Mismatch	Backward Mismatch	Strand Bias Score	FER (Forward Error Rate)	RER (Reverse Error Rate), ERD (Error rate Difference)
TATNTTTT	9764	14704	15570	148	61	9.64445291742	0.00996498788042	0.00390250143945	0.00606248644097
ANTTTTTT	8027	15149	16443	186	102	7.57924862195	0.0121291164004	0.00616500453309	0.0059641118673
TNTTTTTT	36621	39890	44985	686	508	12.0864119117	0.0169065457413	0.0111665530961	0.00573999264524
TANTTTTT	7305	12777	13692	129	61	6.98466038665	0.00999535099954	0.00443539591362	0.00555995508592
ATNTTTTT	9877	16906	18193	195	109	7.40408065222	0.0114028419391	0.00595563326412	0.00544720867494
NATTTTTT	8479	16916	18187	187	101	7.6760708599	0.0109337543121	0.00552274715661	0.0054110071555
NCTNTTTT	4465	14828	15711	132	56	8.30836039606	0.00882352941176	0.00355172195091	0.00527180746085
NNTTTTTT	49704	70575	77702	1012	715	18.950953946	0.0141366449216	0.009117920859	0.00501872406257
NTTTTTTT	36995	40760	45860	697	552	9.03104514744	0.0168126010083	0.0118934758252	0.00491912518306
ANNTTTTT	16211	35199	37748	346	189	13.290774105	0.00973413982276	0.00498194374885	0.00475219607391
TTTTTTNT	36158	40097	44911	636	496	8.71909737491	0.0156138757273	0.0109234259035	0.0046904498238
NANTTTTT	14272	33454	35744	296	157	12.1181592563	0.00877037037037	0.00437313723852	0.00439723313185
TNTTTTNT	49865	68486	74681	858	601	16.0536604508	0.0123730964467	0.00798331606493	0.00438978038177
TANNTTTT	15010	28971	30327	220	100	11.7273986566	0.0075365694906	0.0032865547047	0.00425001478589
ANTNTTTT	15029	32290	34015	276	147	10.7967200307	0.00847509672665	0.00430302675487	0.00417206997177
NATNTTTT	18113	37819	39944	304	155	13.107718249	0.0079741888099	0.00386543305319	0.00410875575671
TATNTNTT	24517	32720	33914	231	101	12.8285130609	0.00701040939577	0.00296927825959	0.00404113113618
ANTTTTNT	14828	33502	35569	272	144	11.0374981637	0.00805353230295	0.00403214515723	0.00402138714573
NCTTTTNT	5299	18953	19431	137	62	7.19399826904	0.00717653221582	0.00318062894372	0.0039959032721
TNNTTTTT	48665	70535	77042	869	635	13.8170281734	0.0121701865442	0.00817487802052	0.00399530852365
NTNTTTTT	50160	69491	76060	914	691	12.591970007	0.0129820325261	0.00900314002423	0.00397889250186
TNTNTTTT	50648	68996	75012	816	586	13.6928317085	0.0116885349224	0.0077515278182	0.00393700710417
NTTTTTNT	49753	71170	77628	883	653	13.2334249999	0.0122548679444	0.00834174320716	0.00391312473727
AAANATAT	10311	12880	13042	68	18	7.0140863139	0.00525177633611	0.00137825421133	0.00387352212478
ATNNTTTT	17547	38023	39545	295	154	11.6022650143	0.00769873166658	0.00387919091161	0.00381954075497
TANTTTNT	14111	26342	27598	184	88	9.05588119583	0.00693659051497	0.00317850176985	0.00375808874512
ATNTNTTT	22695	36840	38594	270	141	10.8842728052	0.00727566693614	0.00364011875565	0.00363554818049
TATNNTTT	17115	30873	31747	195	85	10.7785909471	0.00627655465431	0.00267026891179	0.00360628574252
TANTNTTT	13852	26205	27218	171	81	8.42416702755	0.00648316651501	0.00296714165354	0.00351602486147
TNTTNTTT	49594	70098	75671	771	567	11.347771454	0.0108792278711	0.00743723602403	0.00344199184711
ATNTTTNT	20173	37184	39155	276	155	9.52634839675	0.00736785904965	0.00394301704401	0.00342484200564
ANTTNTTT	15794	31784	33128	227	123	8.38138913933	0.00709131236138	0.00369913686806	0.00339217549331
TATNTTNT	20728	31669	32862	213	111	8.51753098468	0.00668088576626	0.00336639068329	0.00331449508298
ATNCNTTT	4044	14381	14400	62	15	6.79589760271	0.004292736966	0.00104058272633	0.00325215423968
TNTTTNTT	50732	69871	75565	731	545	10.2494834958	0.0103538143395	0.0071606884772	0.00319312586233
TTTTNTNT	49188	69382	74635	741	557	9.7193158064	0.0105671463001	0.00740770294712	0.00315944335295
ATANNTTT	15141	25900	26768	144	65	7.72619756863	0.00552910459223	0.00242239034025	0.00310671425198
NATTTTNT	16460	36805	38270	264	155	7.8210967325	0.00712185384014	0.00403383214053	0.0030880216996
TTNTTTNT	49991	68675	74080	769	597	8.70785246368	0.0110736708715	0.00799442934237	0.00307924152913
NTTNTTTT	49669	71618	77474	809	632	8.98010302836	0.0111698675908	0.00809156786931	0.00307829972151
NTATATNT	66227	32332	32611	177	78	9.2295676657	0.005444646098	0.00238612377252	0.00305852232548
NTTTNTTT	50886	70954	76402	780	602	9.00344854734	0.0108735048931	0.00781777569996	0.00305572919311
NATTNTTT	15801	34577	35878	225	124	7.88166486623	0.00646514568128	0.00344425309705	0.00302089258423
NTATNTTT	19754	32351	33485	200	107	7.51940667434	0.00614420447913	0.00318528221005	0.00295892226908
ATTNNTTT	16337	32858	33935	193	99	7.93642039683	0.00583946022813	0.00290885585003	0.0029306043781
NANATTTT	11886	27759	29090	148	70	7.54719923195	0.00530332891389	0.00240054869684	0.00290278021705
ANATNTTT	16433	29962	31168	173	89	7.26392247975	0.00574083291853	0.00284736219087	0.00289347072766
TTTTTNNT	47764	70614	76335	723	557	8.65872570577	0.0101349930611	0.00724392654632	0.00289106651478
ATNTTNTT	19261	39221	40665	236	129	8.38900679629	0.0059811947183	0.00316222973967	0.00281896497863
NTTTTNTT	49708	73553	79284	756	596	7.87422159124	0.0101737340026	0.00746119178768	0.00271254221493
NAANATAT	20340	29150	28973	136	57	7.57607548992	0.0046438571331	0.00196348604891	0.00268037108419
TTNTNTTT	48459	68675	73941	702	555	7.19207014288	0.0101186272107	0.00745006443299	0.00266856277776
ATATNTNT	66992	38417	38833	208	106	8.13509480882	0.00538511326861	0.00272220652816	0.00266290674045
ANATATNT	66270	35507	35581	170	75	8.73471942982	0.00476497463352	0.00210343280233	0.00266154183118
TTTNTTNT	49094	70371	75292	718	571	6.83861993997	0.0101000154736	0.00752672580837	0.0025732896652
NNATATAT	68502	32688	32425	148	65	7.54508291951	0.00450724814228	0.00200061557402	0.00250663256826
ANANATAT	66992	38173	37891	173	79	8.15218739442	0.00451155270432	0.00208058993943	0.0024309627649
