#Sequence	Occurrence	Forward Match	Backward Match	Forward Mismatch	Backward Mismatch	Strand Bias Score	FER (Forward Error Rate)	RER (Reverse Error Rate), ERD (Error rate Difference)
NNAAAAAATT	1481	3937	4244	71	15	10.2091535506	0.0177145708583	0.00352195351021	0.0141926173481
NAAAAAANTT	1548	3887	4330	67	13	10.6630796498	0.0169448659585	0.00299332258807	0.0139515433705
TTTTTTTTTN	16593	16742	23495	569	486	14.824993333	0.0328692738721	0.0202660439515	0.0126032299206
TTTTTTTTTT	14073	12301	17909	426	385	10.7139597772	0.0334721458317	0.0210451514158	0.0124269944159
NTTTTTTTTT	16593	16708	22642	560	469	13.6107655617	0.0324299281909	0.020293366795	0.0121365613958
NTTTTTTTTN	20082	23807	31103	801	651	18.3641675301	0.032550390117	0.0205013541601	0.0120490359569
ANAAAAANTT	1565	3897	4162	55	10	8.70336218447	0.0139170040486	0.00239693192713	0.0115200721214
TNTTTTTTTT	16144	16239	22097	530	467	10.9051981763	0.0316059395313	0.0206966849849	0.0109092545463
TNTTTTTTTN	19644	23502	30655	758	642	14.8254357144	0.0312448474856	0.0205131482251	0.0107316992605
AAAAAANNTT	1756	4439	4816	56	11	8.45665189164	0.0124582869855	0.00227884814585	0.0101794388397
TTTTTTTTNN	20082	24298	32121	698	586	15.0733737092	0.0279244679149	0.0179166539273	0.0100078139876
NNTTTTTTTT	20082	24022	30420	718	593	13.6523223216	0.0290218270008	0.0191210137684	0.00990081323239
TTTTTTNTTT	15623	16037	21872	449	404	8.71058402552	0.027235229892	0.0181361106123	0.00909911927971
TTTTTTTNTT	15690	16014	21868	446	402	8.64548788292	0.0270959902795	0.0180511899416	0.00904480033784
TTTNTTTTTN	19471	24233	31574	675	582	12.3359704796	0.0270997269953	0.0180992660779	0.00900046091747
TTTNTTTTTT	15769	16224	22220	470	436	8.152384032	0.0281538277225	0.0192443502825	0.00890947744005
NTNTTTTTTT	19644	23659	29896	678	583	10.8182417356	0.0278588157949	0.0191279241445	0.00873089165039
TTTTTTTNTN	19407	23561	31008	604	514	12.2667390265	0.0249948272295	0.0163060719497	0.00868875527971
TTTTNTTTTT	15891	16825	22855	470	431	8.24455941311	0.027175484244	0.01850897535	0.00866650889401
TTTTTTNTTN	19172	23640	30542	613	519	11.6861762253	0.0252752236837	0.0167090563729	0.00856616731072
NTTTTTTTNT	19407	23294	29860	666	588	10.1492679069	0.027796327212	0.0193116132422	0.00848471396977
NTTNTTTTTT	19193	23250	29790	623	538	10.5078453921	0.0260964269258	0.0177393827486	0.0083570441772
TTNTTTTTTN	19193	23208	30502	670	616	9.60411159666	0.028059301449	0.0197956166849	0.00826368476416
TTTTTNTTTN	19355	24218	31432	609	522	11.2886248844	0.0245297458412	0.0163359829755	0.00819376286569
NTTTTTNTTT	19355	24159	30559	597	498	11.0031007125	0.0241153659719	0.0160350323599	0.00808033361203
NTTTNTTTTT	19471	24262	30751	627	536	10.4884268748	0.0251918518221	0.0171317160482	0.00806013577389
NTTTTTTNTT	19172	23506	29658	590	496	10.4137099395	0.0244853917663	0.0164488956689	0.00803649609737
TTTTNTTTTN	19729	25079	32472	639	562	10.4669369629	0.024846411074	0.017012774717	0.007833636357
TNTNTTTTTT	19268	23280	29606	617	543	9.22386696985	0.0258191404779	0.0180105476135	0.00780859286436
NTTTTNTTTT	19729	25072	31675	597	504	10.4198988584	0.0232576259301	0.0156623885142	0.00759523741586
TNTTNTTTTT	18956	23765	30070	603	530	8.85699464659	0.024745567958	0.0173202614379	0.00742530652007
TNTTTTNTTT	18977	23472	29657	563	495	8.24514318796	0.0234241730809	0.016416821438	0.00700735164288
TNTTTTTNTT	18974	23498	29862	556	491	8.22798385257	0.0231146586846	0.0161763252397	0.00693833344495
