#Sequence	Occurrence	Forward Match	Backward Match	Forward Mismatch	Backward Mismatch	Strand Bias Score	FER (Forward Error Rate)	RER (Reverse Error Rate), ERD (Error rate Difference)
TTTTTTTG	1048	8451	8298	422	72	51.9884158303	0.0475600135242	0.00860215053763	0.0389578629865
TTTTTTTC	1595	13278	14042	636	129	78.1730675736	0.0457093574817	0.00910309787594	0.0366062596057
TTTTTTTA	2593	17556	18070	918	336	61.350769806	0.0496914582657	0.0182549168749	0.0314365413907
AAAAAAGT	361	3146	3415	124	34	13.9578386037	0.0379204892966	0.00985792983473	0.0280625594619
TTTTTTNG	1633	13547	13500	447	84	53.5863073597	0.031942260969	0.00618374558304	0.0257585153859
GNAGNGGT	101	1374	1275	37	1	8.98537695801	0.0262225372077	0.000783699059561	0.0254388381481
TTTTTTNC	2498	21337	22436	709	172	76.6381369655	0.0321600290302	0.00760792639774	0.0245521026325
TTTNTTTC	2395	21082	22228	709	179	74.5171769012	0.0325363682254	0.00798857499888	0.0245477932265
TTTTTNTC	2410	21790	22688	692	150	80.1858183335	0.0307801796993	0.00656800070059	0.0242121789987
TTTTNTTG	1702	15330	15020	478	95	53.9383599288	0.030237854251	0.00628514720476	0.0239527070462
NAANGGGT	188	1770	1983	48	6	9.53753082141	0.026402640264	0.00301659125189	0.0233860490121
NTTTTTTC	2507	22113	22974	682	170	70.8937736469	0.0299188418513	0.00734531628068	0.0225735255706
NTTTTTTG	1613	14135	14053	426	100	43.6532623332	0.0292562324016	0.00706563979368	0.0221905926079
TTTTTNTG	1871	15503	15700	446	95	50.5533634529	0.0279641356825	0.00601456157012	0.0219495741124
TTNTTTTC	2496	22777	24222	679	175	71.3290671377	0.0289478171896	0.00717301307538	0.0217748041143
TNTTTTTG	1645	14311	14178	436	112	41.1583512608	0.0295653353224	0.00783764870539	0.0217276866171
TTNTTTTG	1750	15703	15248	454	102	46.3754011894	0.0280992758557	0.00664495114007	0.0214543247156
TTTTNTTC	2614	24080	25162	700	175	73.3183348192	0.0282485875706	0.00690689505466	0.021341692516
TTTNTTTG	1754	15721	15327	450	118	40.606890173	0.027827592604	0.00764001294917	0.0201875796549
TNTTTTTC	2661	24607	25136	679	172	67.8895619644	0.0268528039231	0.00679626995416	0.020056533969
AAANAAGT	671	6306	6495	168	45	16.7345317079	0.0259499536608	0.00688073394495	0.0190692197158
AANNGGGT	193	1974	2062	44	6	7.94770868531	0.0218037661051	0.00290135396518	0.0189024121399
AAAANAGT	632	6007	6206	157	43	15.4507956966	0.0254704737184	0.00688110097616	0.0185893727422
AANAAAGT	622	6137	6284	162	46	15.1744894203	0.0257183679949	0.00726698262243	0.0184513853725
TTTTTTNA	5217	39506	40275	1163	420	78.5014256891	0.0285967198603	0.010320678216	0.0182760416443
NTGGNGGT	129	1458	1552	29	2	6.8653262163	0.0195023537323	0.001287001287	0.0182153524453
TTTTTNTA	5026	37217	37981	1105	428	67.7319133005	0.0288346119722	0.0111432216408	0.0176913903315
TTTTNTTA	4791	36192	36901	1116	475	58.6906213039	0.0299131553554	0.0127086900685	0.0172044652869
AAAAANGT	1136	10430	10912	254	73	24.0802710086	0.0237738674654	0.00664542558034	0.017128441885
TTTTCTTG	150	1557	1652	26	1	6.91649458053	0.0164245104232	0.000604960677556	0.0158195497457
NTTTTTTA	4584	34685	35510	1042	484	47.2963567627	0.0291656170403	0.0134466855587	0.0157189314816
TTTTTNNC	4067	36806	38093	798	215	77.3638713791	0.0212211466865	0.00561240471964	0.0156087419669
TTTNTNTC	3908	36979	38418	777	207	76.6345392763	0.0205795105414	0.00535922330097	0.0152202872404
ANAAAAGT	729	6897	7040	167	61	11.7480663052	0.0236409966025	0.00859033938882	0.0150506572137
TTTTNTNG	2881	26292	25968	517	114	55.1894328982	0.019284568615	0.00437083045779	0.0149137381572
NAAAAAGT	758	7121	7205	174	66	11.4026224857	0.0238519533927	0.00907715582451	0.0147747975682
TTTNTTNC	4071	37593	38555	800	236	69.976229728	0.0208371317688	0.00608388543734	0.0147532463315
NTTTTTNC	4179	37738	38996	763	222	68.6702586526	0.0198176670736	0.0056606660207	0.0141570010529
NTTTTNTC	4005	38138	39240	749	204	71.3297302645	0.0192609355312	0.00517188926072	0.0140890462704
TTNTTTTA	4966	36415	35695	1103	556	37.0808302972	0.0293992217069	0.0153375079308	0.0140617137761
TTTTNTNC	4315	40090	41335	800	230	72.5452233795	0.0195646857422	0.00553350174426	0.014031183998
NTTNTTTC	4044	37299	38635	782	255	62.5173325817	0.0205351750217	0.00655695551556	0.0139782195061
NTTTTTNG	2658	23872	24096	462	124	43.4959870503	0.0189857812115	0.00511973575557	0.0138660454559
TTNTTTNC	4151	38247	40173	762	231	67.7290286575	0.019533953703	0.00571725571726	0.0138166979857
CANANGGT	266	3028	3237	50	8	8.58239361966	0.0162443144899	0.00246533127889	0.013778983211
TTTNNTTC	4208	40775	42649	807	245	71.0388253729	0.0194074359098	0.00571175455775	0.013695681352
TNTTTTTA	5055	38201	37857	1069	525	39.5301324589	0.02722179781	0.0136782866969	0.0135435111131
TTTTNNTC	4236	41800	43729	768	204	76.960770887	0.0180417214809	0.00464343432044	0.0133982871605
TTNTTTNG	2842	26212	25613	489	127	44.8903878504	0.0183139208269	0.00493395493395	0.013379965893
TTTTTNNG	3089	26463	26911	499	140	45.5894789095	0.0185075291151	0.00517540941185	0.0133321197032
TNTTTTNG	2761	24739	24809	467	135	40.4733692467	0.0185273347616	0.00541212315587	0.0131152116057
TTNTNTTG	3018	28748	28330	530	142	47.8960103643	0.0181023293941	0.00498735599888	0.0131149733952
TTNNTTTC	4031	38780	40820	761	253	61.4086948941	0.0192458460838	0.00615976432206	0.0130860817618
NTTTNTTG	2821	26794	26527	488	132	44.1223834819	0.0178872516678	0.00495142353427	0.0129358281335
TNTTTTNC	4446	41304	42159	769	233	64.9987859101	0.01827775533	0.00549632006039	0.0127814352696
TTNTTNTC	4304	43216	45333	764	211	74.2936697762	0.0173715325148	0.00463288248727	0.0127386500275
TNTTTNTC	4231	41641	42751	742	208	68.6043512792	0.0175070193238	0.00484182592705	0.0126651933967
TTTNTTNG	2865	26411	26322	481	139	41.2389521686	0.0178863602558	0.00525301386947	0.0126333463864
TTTNNTTG	2881	27430	26988	512	156	40.4770792709	0.0183236704602	0.00574712643678	0.0125765440235
TTTNTTTA	5434	38888	36538	1100	554	32.5055065794	0.0275082524757	0.0149358352205	0.0125724172552
NTTNGGGT	315	3876	4849	76	33	6.79569243229	0.0192307692308	0.00675952478492	0.0124712444458
TNTNTTTC	4471	42042	43104	774	248	62.034954778	0.0180773542601	0.00572061265916	0.0123567416009
TTTTNNTG	3229	29961	29869	517	139	47.5527121893	0.0169630553186	0.00463209810717	0.0123309572114
AAANNGGT	656	6515	6704	106	25	11.9588807552	0.0160096662136	0.00371526229752	0.012294403916
AAAANNGT	2067	19686	20266	352	108	30.2568644757	0.0175666234155	0.00530087366251	0.012265749753
AAANNAGT	1325	13433	13456	229	62	21.490409997	0.0167618211096	0.00458647728954	0.0121753438201
NTNTTTTC	4391	41930	43695	753	241	62.3361082759	0.0176416840428	0.00548525127458	0.0121564327682
AANANAGT	1205	12206	12082	216	64	18.2035006473	0.0173885042666	0.00526922443603	0.0121192798306
TTNTNTTC	4467	44333	46492	763	230	68.1368305201	0.016919460706	0.00492273447198	0.0119967262341
AANNAAGT	1301	13589	13518	236	69	20.2892405666	0.0170705244123	0.00507838374917	0.0119921406631
NTTTNTTC	4479	43487	44884	763	241	62.9683776284	0.0172429378531	0.00534072022161	0.0119022176315
TNNTTTTC	4395	43709	44912	770	245	62.4968601318	0.0173115402774	0.00542551542397	0.0118860248535
NNTTTTTC	4461	43107	44086	755	240	60.8298408479	0.0172130773791	0.0054144294545	0.0117986479246
AAAAANAC	1174	10744	10916	263	136	9.82813363106	0.0238938857091	0.0123054650742	0.0115884206349
AAAAAAAT	3495	24571	27043	856	618	14.5757687349	0.0336650017698	0.0223419254546	0.0113230763152
TNTTNTTG	3008	29106	29019	511	177	35.5756917617	0.0172536043489	0.00606247431155	0.0111911300373
AAAAATGT	540	5025	5102	81	24	7.45360246731	0.0158636897767	0.0046820132657	0.011181676511
AAAAATAC	379	3214	3385	44	8	6.81236239475	0.0135052179251	0.00235779546124	0.0111474224639
TTNNTTTG	3030	29144	28318	502	168	34.705723969	0.0169331444377	0.00589763392544	0.0110355105123
ANNAAAGT	1301	13353	13424	232	82	16.3715626103	0.0170776591829	0.00607137568488	0.011006283498
NANAAAGT	1358	13664	13486	243	89	15.7178372048	0.0174732149277	0.0065561694291	0.0109170454986
NTTTTNTG	3258	29153	29479	460	141	38.1439890252	0.0155337182994	0.00476029709656	0.0107734212028
AAANANGT	2311	21628	22215	342	109	28.1521262339	0.0155666818389	0.00488263752016	0.0106840443187
NAAANAGT	1368	13705	13820	238	90	15.415137482	0.0170694972388	0.00647016534867	0.0105993318901
TTNTTNTG	3471	32064	32104	495	149	41.057879942	0.0152031696305	0.00461972529687	0.0105834443336
TTTTTNNA	10617	85165	86748	1491	587	89.1984417408	0.0172059638109	0.00672124577775	0.0104847180332
TNTTTNTG	3324	29454	29204	469	156	34.0870127702	0.0156735621428	0.00531335149864	0.0103602106442
NTNTTTTG	3172	30247	30215	475	156	35.5675960386	0.0154612329926	0.00513647887788	0.0103247541148
TTTTCTNG	248	2689	2794	30	2	7.05564332122	0.0110334681868	0.00071530758226	0.0103181606046
TTTTNTNA	10187	83180	85098	1479	616	81.7265991997	0.0174700858739	0.0071866906223	0.0102833952516
ANAAANGT	2263	21782	21900	362	135	23.4339199403	0.0163475433526	0.00612661674609	0.0102209266065
AANAANGT	2042	20720	20909	319	104	24.8111400322	0.0151623176006	0.00494931708942	0.0102130005112
NTTNTTTG	2995	28702	28498	467	169	30.4989940026	0.0160101477596	0.00589528028744	0.0101148674722
NAAANGGT	764	7686	8167	109	32	10.7769001927	0.0139833226427	0.00390291498963	0.0100804076531
TNTTNTTC	4884	49216	50687	764	266	56.0407980764	0.0152861144458	0.00522049732106	0.0100656171247
TNTNTTTG	3161	29357	29024	490	186	29.5772235755	0.0164170603411	0.00636768230058	0.0100493780405
TNNTTTTG	3107	30487	29598	487	170	31.8551258214	0.0157228643378	0.00571083042193	0.0100120339159
AAAAAANC	1065	10134	10057	238	132	7.02201183214	0.0229463941381	0.0129551477083	0.00999124642975
NNTTTTTG	2855	26491	26497	450	180	25.7891153639	0.0167031661779	0.00674738538816	0.00995578078978
TTTTTTCA	648	5897	6060	92	33	6.96404735382	0.0153614960761	0.0054160512063	0.00994544486984
NAANAAGT	1503	14881	14842	247	98	14.5458695791	0.0163273400317	0.00655957161981	0.00976776841192
NAANAGGT	638	6468	6983	94	32	8.28031629926	0.0143249009448	0.00456165359943	0.0097632473454
NANAAGGT	677	6790	7375	96	31	9.02991964172	0.0139413302353	0.00418579530111	0.00975553493415
TTTTNNTA	9616	78192	78930	1405	629	66.2078154036	0.0176514190233	0.00790608227856	0.00974533674477
TTTNTNTG	3646	32383	32090	484	166	33.809080215	0.0147260169775	0.00514632936508	0.00957968761244
AAAAAANT	5530	41284	44768	1093	742	21.9771720499	0.0257922929891	0.016304108987	0.00948818400209
NAAAANGT	2454	23867	24490	363	136	24.3853476833	0.0149814279818	0.00552261837083	0.00945880961101
ANANAAGT	1590	15911	15939	243	93	15.2656448764	0.0150427138789	0.00580089820359	0.00924181567532
AAAANTGT	928	8644	8852	119	39	9.82265038007	0.0135798242611	0.00438645821617	0.00919336604492
TTNTTTNA	9760	79330	79091	1435	686	57.3481868402	0.0177675973503	0.00859896962784	0.0091686277225
ATGNGAAA	349	3598	3586	37	4	7.01206311252	0.0101788170564	0.00111420612813	0.00906461092826
NTTTTTNA	9569	78672	79535	1345	633	57.7930220821	0.0168089281028	0.007895918571	0.00891300953178
ANAANAGT	1481	14998	15008	231	95	13.00400577	0.0151684286559	0.00629014103158	0.00887828762427
AAAAAGGN	713	6865	7027	79	18	9.20641246454	0.0113767281106	0.00255500354862	0.00882172456198
NAAGANGT	564	6546	6515	72	14	8.98481022488	0.0108794197643	0.00214427936897	0.00873514039531
CANNTGGT	317	3780	3854	37	4	7.33865171961	0.00969347655227	0.00103680663556	0.0086566699167
NTTTTNTA	9582	76121	77165	1296	631	52.3089151264	0.0167405091905	0.00811095686154	0.00862955232895
AAAAAAGN	1941	17495	17896	237	88	16.2584646574	0.0133656665915	0.00489323843416	0.00847242815731
TTTNTTNA	10403	83844	81836	1424	683	53.248577398	0.0167002861566	0.00827688168785	0.00842340446873
TNTTTTNA	10211	84509	84424	1392	666	55.9362561965	0.0162047007602	0.00782700669879	0.00837769406139
AAAAATNC	844	7783	7966	83	18	9.99113160932	0.010551741673	0.00225450901804	0.00829723265499
NTTTNTTA	9016	74006	75151	1334	714	43.3803464077	0.0177063976639	0.00941145455744	0.00829494310649
AANANGGT	706	7399	7416	90	28	7.68136720921	0.0120176258512	0.00376141859215	0.00825620725909
AAAAANNC	2329	22169	22307	344	158	15.9072183777	0.0152800604095	0.00703316269753	0.00824689771201
NNAAAAGT	1653	16621	16102	265	121	11.3665584097	0.0156934738837	0.00745854650804	0.00823492737565
TTNTNTTA	9623	75756	75539	1413	776	40.391807584	0.0183104614547	0.0101683810522	0.00814208040251
ANNAAGGT	703	7681	8011	99	37	7.30373997372	0.0127249357326	0.00459741550696	0.00812752022569
TTTNNTTA	9287	73104	70616	1403	764	36.8187167851	0.0188304454615	0.0107032782292	0.0081271672323
TTNTTNTA	10374	81712	81495	1377	701	47.8949217711	0.0165725908363	0.00852839554236	0.00804419529397
TTTTTTTN	25318	177382	168124	2324	837	135.289710982	0.0129322337596	0.00495380590787	0.00797842785171
AAANANAC	2407	21737	22012	344	170	13.959716949	0.0155790045741	0.00766387160761	0.00791513296646
TNTTTNTA	11189	86876	85066	1342	698	41.8797972448	0.0152123149471	0.00813861293783	0.00707370200923
ANAAATGT	1072	10160	10071	115	42	7.84201235243	0.0111922141119	0.00415307030555	0.00703914380637
AAAAANTC	627	6214	6277	53	9	7.38723117332	0.00845699696825	0.00143175310213	0.00702524386611
NNTTTTTA	9139	74454	74828	1292	759	31.3032379695	0.0170570063106	0.010041409237	0.00701559707353
TTNTTTCA	1154	10925	11118	124	47	8.44737944941	0.0112227350891	0.00420958351993	0.00701315156922
TTTNTNTA	11552	85968	82362	1395	746	37.5443425646	0.0159678582466	0.00897627183905	0.00699158640757
AAAAANGN	4462	43265	43618	452	155	32.828285347	0.0103392273029	0.00354099559089	0.00679823171199
TTTTTTNN	34022	250066	241207	2886	1118	156.109434253	0.0114092792308	0.00461363870835	0.0067956405225
AAANAANC	2126	20441	20791	301	162	10.2659392482	0.0145116189374	0.00773158974848	0.00678002918894
TTTTTNGT	1254	11104	10847	121	44	8.03587541054	0.0107795100223	0.00404003305482	0.00673947696746
AAAANAGN	3057	29101	29282	309	111	21.2711068054	0.0105066303978	0.00377640934916	0.00673022104866
AAAANNAC	2268	21455	21819	309	168	10.261611784	0.0141977577651	0.00764087870105	0.00655687906407
NTNTTTTA	9501	74561	73821	1334	833	24.7557474935	0.0175769154753	0.0111581428992	0.00641877257609
TTNNTTTA	9426	72651	68930	1371	845	22.1321690252	0.018521520629	0.0121103547116	0.00641116591743
NAAAANAC	2182	20634	20868	285	152	9.80349402688	0.0136239782016	0.00723120837298	0.00639276982866
AAAAANAT	6800	50050	54086	1045	772	14.7943984121	0.0204520990312	0.0140726967808	0.00637940225044
NAAAATAC	745	6869	7020	54	10	7.29543641465	0.00780008666763	0.00142247510669	0.00637761156094
AAAANAAT	5818	44859	48163	1011	769	12.0490587995	0.0220405493787	0.0157156870759	0.00632486230274
AAANATGT	1190	10886	10998	110	41	7.61109604116	0.0100036376864	0.00371410453845	0.00628953314798
TNNTTTTA	9290	74062	72581	1350	854	22.7971007006	0.0179016602132	0.0116293320624	0.00627232815086
AANAAGGN	1174	11907	12108	101	26	10.5118796365	0.0084110592938	0.00214273940992	0.00626831988388
NTTNTTTA	9719	78081	75988	1338	814	25.3935881814	0.0168473539078	0.010598682326	0.00624867158177
TTTTTTAA	1562	12150	12300	96	20	11.6309976013	0.0078392944635	0.00162337662338	0.00621591784012
AAANTNGT	1210	12129	11969	121	44	8.20739525334	0.00987755102041	0.00366269874303	0.00621485227738
NAAAAANC	1919	18685	18643	256	141	7.84155083562	0.0135156538726	0.00750638841567	0.00600926545688
TTTTTNTN	34071	254012	244319	2650	1069	133.292297188	0.0103248630495	0.00435636624448	0.00596849680498
TTTTTNGN	2658	24112	24142	263	117	12.9343750396	0.0107897435897	0.00482295230636	0.00596679128338
NTGNGAAA	643	6807	6553	47	6	7.04655591496	0.00685730960023	0.000914773593536	0.0059425360067
TNTTNTTA	11422	97583	98368	1454	870	33.5828748468	0.0146813817058	0.00876680303916	0.00591457866667
TTTTNTTN	34050	255057	244584	2679	1105	128.624245049	0.0103943570165	0.00449755585313	0.00589680116335
TTTTTTGN	1613	14421	14088	159	71	7.51247103355	0.0109053497942	0.00501447842362	0.00589087137062
AAAAANNT	11128	88059	93288	1447	974	27.1399104828	0.0161665139767	0.0103329019117	0.00583361206502
AAANAAGN	3331	32252	32457	308	119	19.1764263973	0.00945945945946	0.00365299607073	0.00580646338873
AAANAAAT	6856	47815	53202	1061	861	11.043236286	0.0217079957443	0.0159258642695	0.00578213147487
AANAAAGN	3273	32391	32669	303	119	18.5150979666	0.00926775555148	0.0036293766012	0.00563837895028
AAAANANC	2192	21383	21177	276	152	8.21938844476	0.0127429705896	0.00712644755966	0.00561652302993
ANAANTGT	1914	18230	18291	172	70	10.0853591951	0.00934681012933	0.00381242851697	0.00553438161237
ANAAANAC	2372	22331	22215	295	172	7.56835060685	0.0130380977636	0.0076830303301	0.00535506743353
TTTTNNGT	2534	22613	22491	210	87	11.6204354252	0.00920124435876	0.00385330853043	0.00534793582833
NTTTTTTN	34022	251331	241406	2535	1128	105.929635599	0.00998558294533	0.0046508943076	0.00533468863773
ANAAAAGN	3464	33539	33513	310	129	16.9270063594	0.00915832077757	0.00383449259854	0.00532382817903
TTNTTTTN	33892	252804	241313	2623	1202	101.303304035	0.0102690788366	0.00495639444983	0.00531268438679
TTTTTATA	1639	12410	12723	110	45	6.88679396281	0.00878594249201	0.00352443609023	0.00526150640179
TNTTTTCA	1299	13005	13424	117	50	6.92530085717	0.00891632373114	0.00371085052694	0.0052054732042
TTTNTTTN	34691	256474	242494	2656	1230	97.5562647652	0.010249681627	0.00504669215998	0.005202989467
NAAATNGT	1325	13336	13628	115	46	7.37112595332	0.00854955021931	0.00336404855931	0.00518550166
AANNTAGT	970	11148	10826	82	23	7.41380783986	0.0073018699911	0.00212001106093	0.00518185893017
TTTTNTGT	1623	14336	14080	124	48	7.62781140869	0.00857538035961	0.00339750849377	0.00517787186584
AANATNGT	1431	14818	14625	118	40	8.77739622941	0.00790037493305	0.00272758267985	0.0051727922532
TNTTTTTN	34389	255121	243636	2568	1189	97.1656281676	0.00996550104971	0.00485653017461	0.0051089708751
NAAAAGGN	1387	14078	14648	115	44	8.14218083229	0.00810258578172	0.0029948271168	0.00510775866493
TTTTNNGA	1811	16956	17551	162	77	7.87218416428	0.00946372239748	0.00436805082823	0.00509567156925
NAAAAAGN	3663	35272	35769	325	148	15.6809549972	0.00912998286372	0.00412061140964	0.00500937145409
AANANTGT	1895	19482	19628	164	66	9.90366188613	0.00834775526825	0.00335127449985	0.0049964807684
TTTNTTCA	1395	14093	14419	126	56	6.82228622545	0.00886138265701	0.00386873920553	0.00499264345148
AAANAGNT	1485	14909	15379	134	61	7.06895401236	0.00890779764675	0.00395077720207	0.00495702044467
TTTTTTCN	2507	22680	23019	203	91	10.3257957295	0.00887121443867	0.00393768931199	0.00493352512668
TNTNTTTA	11597	86722	81795	1397	906	17.6786240926	0.0158535616609	0.0109551275075	0.00489843415341
TTTNTTGT	1481	14035	13729	115	45	6.93697846085	0.00812720848057	0.00326702482939	0.00486018365118
TTTNTNGT	2358	22238	21976	182	72	10.7567258799	0.00811775200714	0.00326560232221	0.00485214968493
AAAANGGN	1484	15282	15139	126	51	7.37966328727	0.00817757009346	0.00335747202107	0.00482009807239
TTTTNTGN	3258	29364	29508	244	102	13.5388529643	0.00824101594164	0.00344478216819	0.00479623377345
AAAANANT	10247	83570	88294	1326	971	17.2823014251	0.015619110441	0.0108777236319	0.00474138680913
TTNTTNGT	2456	24122	23829	185	69	11.9023747548	0.00761097626198	0.00288727090133	0.00472370536065
AAANAANT	10812	82577	89154	1364	1040	16.3946606176	0.0162495085834	0.0115307004901	0.00471880809336
AAAANTNC	1637	15333	15462	110	39	8.10455531682	0.00712296833517	0.00251596671183	0.00460700162334
AAAAATGN	1593	16500	16322	118	42	8.29856676345	0.0071007341437	0.0025666096309	0.0045341245128
AAANNTGT	2170	20405	20570	169	76	8.49919964106	0.0082142509964	0.00368110045529	0.00453315054111
NAAANTGT	1985	19490	19603	156	68	8.27999521385	0.00794054769419	0.00345686543643	0.00448368225776
NAAAATNC	1639	16014	16014	98	26	9.70465308901	0.00608242303873	0.00162094763092	0.00446147540781
AAAANAGA	1603	15118	15070	110	42	7.17835479851	0.00722353559233	0.00277924827951	0.00444428731282
AAANATNC	2034	18754	19261	119	36	10.7967120744	0.00630530387326	0.00186557495984	0.00443972891342
AAANANTC	1429	14334	14991	81	18	9.93492155131	0.00561914672216	0.00119928043174	0.00441986629042
TTTNTTGN	2821	27075	26547	218	96	10.487887899	0.00798739603561	0.00360319783808	0.00438419819753
AAAAAAAN	25318	165803	183272	1892	1278	41.7476162611	0.0112823876681	0.00692495258737	0.00435743508071
ANAAATNC	1713	16134	16076	97	27	9.14966490251	0.00597621834761	0.00167670620381	0.00429951214379
TTTNNTGA	1826	18675	18410	141	60	7.48551976148	0.00749362244898	0.00324851109908	0.0042451113499
NTTTTNGT	2347	22048	22087	168	75	8.43689198999	0.00756211739287	0.00338417110369	0.00417794628918
AAAAAANN	34022	237869	258321	2451	1573	59.6184375892	0.0101989014647	0.00605246754446	0.00414643392025
TTTNNTGT	2842	26534	26496	193	82	10.3976496941	0.0072211621207	0.00308525848446	0.00413590363624
TTNTTTAA	2838	23905	24276	133	34	13.7629519756	0.0055329062318	0.0013986013986	0.0041343048332
CTTNNTTA	1697	18846	19656	141	65	7.45334857973	0.00742613367041	0.00329597890574	0.00413015476467
ANANATAC	2941	23091	22985	154	59	9.78639560535	0.00662508066251	0.00256031938899	0.00406476127351
TTTNTTAA	2846	23663	23907	128	33	13.0644417849	0.00538018578454	0.00137844611529	0.00400173966925
TTTTNTAA	3197	25698	26248	140	38	13.8607443605	0.0054183760353	0.00144563646047	0.00397273957482
ANAAANTC	1273	12889	12879	66	15	7.5268161701	0.00509455808568	0.00116333178222	0.00393122630346
TNTTTTAA	3000	24763	24591	135	37	12.6624425365	0.00542212225882	0.00150235504304	0.00391976721578
TTTTNNCA	2475	23776	24660	206	116	6.86539040248	0.00858977566508	0.00468195027446	0.00390782539062
AAAANTGN	2566	26079	26009	178	75	9.73926358644	0.00677914460906	0.00287532587027	0.00390381873879
TTNNTTCA	2471	25060	25960	189	94	8.35708802652	0.00748544496812	0.00360789130268	0.00387755366544
TTNTNTCA	2365	23906	24085	191	98	7.31839693877	0.0079262978794	0.00405243352768	0.00387386435172
NNAAATGT	2360	23666	23398	175	83	7.56539727446	0.00734029612852	0.00353477279503	0.00380552333349
NAANATGT	2674	25489	25974	180	86	8.28408483554	0.00701234952667	0.00330007674597	0.0037122727807
AAAAANAN	34389	240823	261848	2291	1512	51.1209090133	0.00942356260849	0.00574119076549	0.003682371843
AAAAANGA	2322	23050	22877	146	60	8.32102900544	0.00629418865322	0.0026158608362	0.00367832781701
TTTTTNAA	3574	29593	29816	156	47	13.596935753	0.00524387374366	0.00157385393296	0.00367001981069
TTTTTANA	3388	26545	27607	167	72	9.72410192244	0.00625187181791	0.00260125004516	0.00365062177275
NTTTTATA	3371	25589	25994	154	62	9.50900456166	0.00598220875578	0.00237949032852	0.00360271842726
NAAAAANT	9707	78750	82119	1289	1040	8.99159780228	0.0161046489836	0.0125061628928	0.00359848609085
TNTTTNGT	2549	24395	24129	177	88	6.94081821318	0.007203320853	0.00363381095924	0.00356950989376
AAAAAGNN	3663	35396	35972	205	81	12.8486795578	0.00575826521727	0.00224669236957	0.0035115728477
AAAANNTC	1528	15514	15387	77	22	7.12183581952	0.00493874671285	0.0014277370368	0.00351100967605
NTTTTTAA	2937	23592	23779	127	44	9.55624042803	0.00535435726633	0.00184695462368	0.00350740264264
TTTNATGN	1962	19022	18941	100	33	7.89123850294	0.00522957849597	0.00173922209339	0.00349035640258
AAAANNAT	11655	94991	100340	1306	1022	12.0498622379	0.0135622085839	0.0100826739804	0.00347953460347
TTTTNATA	3389	28333	28226	186	87	8.40145291702	0.00652196781093	0.00307279341645	0.00344917439448
TTNTTTCN	4044	37915	38700	250	124	10.5198272424	0.00655050438884	0.00319390067999	0.00335660370885
TTNTTATA	3753	29135	29369	169	71	9.55464656077	0.00576713076713	0.00241168478261	0.00335544598452
AAAANAAN	33892	238909	259743	2203	1517	42.2277114825	0.00913683267527	0.00580647630713	0.00333035636814
TTTTNTCN	4005	38748	39268	277	152	8.99581553589	0.00709801409353	0.00385591070523	0.0032421033883
AANAAANT	9975	80292	84571	1318	1107	7.42931359725	0.0161499816199	0.0129204696655	0.00322951195441
AAANNAAT	10970	84930	91869	1297	1103	8.24797549216	0.0150416922774	0.0118637869466	0.00317790533075
TNTTNTGT	3297	30438	30596	184	87	8.33699252239	0.00600875187773	0.00283544633836	0.00317330553937
AANANAGA	2898	29233	28693	149	55	9.7152217288	0.00507113198557	0.0019131765688	0.00315795541676
TNTNTTGT	3062	29476	29445	177	84	7.85375801002	0.00596904191819	0.00284466118053	0.00312438073765
ANAAATGN	3117	32407	31962	180	77	9.35697964295	0.00552367508516	0.00240332095259	0.00312035413257
TTTCNTNA	2436	26454	27141	151	71	7.37582452965	0.00567562488254	0.00260914302514	0.0030664818574
AAAANNGA	3616	36986	36428	224	108	9.1355971368	0.00601988712712	0.00295598861397	0.00306389851315
AAANAAAN	34691	240323	262755	2263	1684	32.2695216549	0.00932865045798	0.00636819833686	0.00296045212113
NAAANAGA	2993	29728	29968	156	68	8.33947148971	0.00522018471423	0.00226394992675	0.00295623478747
ANAANAGA	2855	28569	27562	143	56	8.26622033012	0.00498049595988	0.00202766311826	0.00295283284162
NTTTNTGT	3112	28390	28165	165	80	6.91878908204	0.00577832253546	0.00283235970968	0.00294596282577
TNTNTTCA	3015	31069	31806	192	103	6.96591306684	0.006141838073	0.0032279294243	0.0029139086487
TTTTTNCN	4179	38287	39013	277	168	6.94215541782	0.00718286484804	0.00428779255251	0.00289507229553
TTNNTTAA	5377	47316	47748	201	64	16.4114142663	0.00423006502936	0.00133857608968	0.00289148893967
AAANANAT	15581	110035	118893	1384	1157	9.81622832855	0.0124215798024	0.00963765097876	0.00278392882361
TNTNTTAA	6323	53269	52448	217	69	16.908268914	0.00405713644692	0.00131386027382	0.0027432761731
NAAAAAAN	34022	238864	257540	2144	1602	27.9368370032	0.00889597025825	0.00618193885978	0.00271403139847
AAANNAGA	2918	29669	29388	147	66	7.18155669464	0.00493023879796	0.00224078223671	0.00268945656125
TNTTTTCN	4391	42512	43717	246	136	8.27548864398	0.00575330932223	0.00310127015256	0.00265203916968
TNNTTTAA	5696	50223	50136	210	76	14.3410173213	0.0041639402772	0.00151358241058	0.00265035786662
AAANATGN	3334	34378	34018	170	78	7.8838891369	0.00492069005442	0.00228765837635	0.00263303167807
ANAAANGA	4107	42177	41724	203	91	9.72308483574	0.00478999528079	0.00217625254095	0.00261374273984
TTNTNTAA	6800	57095	57661	225	76	17.1165339962	0.00392533147244	0.00131631362904	0.00260901784339
NTNTTTAA	5808	48736	49072	211	84	12.8126896682	0.00431078513494	0.00170884530881	0.00260193982613
TTTNNTAA	6386	55808	56232	218	73	16.7028660124	0.00389105058366	0.00129651007903	0.00259454050462
GNAATNAA	1592	16380	16692	52	10	6.87998226145	0.00316455696203	0.000598730690935	0.00256582627109
TTTTNNAA	7788	66577	67659	262	94	18.6117135814	0.00391986714343	0.00138739244019	0.00253247470325
TTTNTNAA	7022	59881	60287	231	81	16.6624054237	0.00384282672345	0.00134177047442	0.00250105624903
AANAANGA	4111	44354	43514	204	91	9.65628280835	0.00457830243727	0.002086916638	0.00249138579927
AANAAAAN	34050	241986	261760	2176	1699	23.0753966849	0.00891211572644	0.00644882125872	0.00246329446773
TTTNTTCN	4479	44094	44894	253	147	7.21887364592	0.00570500823055	0.00326369307964	0.00244131515091
NTNTTATA	9079	65539	66149	290	131	14.1496491328	0.00440535326376	0.00197646348823	0.00242888977553
ANAAAAAN	34071	241711	260867	2136	1662	22.7867249142	0.00875959105505	0.00633072917659	0.00242886187846
NTTTTNAA	6860	59134	59765	233	90	14.8541796478	0.0039247393333	0.00150363378164	0.00242110555166
AAAAAANA	25028	164987	181717	736	369	35.7204873599	0.00444114576733	0.00202651494349	0.00241463082385
TTNTTNAA	6845	60494	61679	232	87	15.7099313134	0.00382043935053	0.00140854191626	0.00241189743426
AAAAATNN	10767	89435	93373	486	282	14.578978919	0.00540474416432	0.00301105119855	0.00239369296577
AAAAANTA	5069	37598	40430	188	105	7.18772606232	0.00497538770973	0.00259035401505	0.00238503369469
TNTTNTAA	6988	58996	59159	233	92	14.1389246463	0.00393388373938	0.00155271640985	0.00238116732953
TTTTNANA	7663	65441	66483	307	154	12.3362193448	0.00466934355418	0.00231102840764	0.00235831514654
TNTTTNAA	6998	60586	60509	230	87	14.742112958	0.00378189950013	0.00143573833256	0.00234616116757
ANNAAAGA	3188	32974	32167	134	55	7.40981752651	0.00404736015465	0.00170690832351	0.00234045183114
NTTTNATA	6968	58724	59220	274	137	10.9252790524	0.00464422522797	0.00230806813013	0.00233615709785
ATGNNAAA	2731	28311	28018	91	25	8.63239811153	0.00320399971833	0.00089148807189	0.00231251164644
NTTNTTAA	5726	49234	49910	193	81	11.0080183742	0.00390474841686	0.0016202916525	0.00228445676436
AAAAANNA	33149	236151	255259	1020	517	45.7649585462	0.00430069443566	0.0020212998874	0.00227939454826
NNTTTTAA	5761	48802	48728	198	86	10.281217617	0.00404081632653	0.00176178965051	0.00227902667602
NTTTTANA	6904	55766	56961	245	121	10.4490899428	0.00437414079377	0.00211975754178	0.00225438325199
TTTNNATA	8330	66870	66104	326	175	10.2697604144	0.00485147925472	0.00264035365651	0.0022111255982
AAAANATA	6751	48343	51807	202	102	9.45621340662	0.00416108765063	0.00196497717159	0.00219611047904
AAANANGA	4102	42980	42165	204	107	6.85409850309	0.00472397184142	0.00253122634368	0.00219274549774
NTTTNTAA	6304	51656	52175	203	90	10.4423831763	0.00391446036368	0.00172199368602	0.00219246667766
TTNTNATA	8169	69872	70013	305	153	11.7961747077	0.00434615329809	0.00218054328307	0.00216561001502
AAAANANA	34712	242554	263092	973	484	45.8197923721	0.00399545019649	0.00183628251434	0.00215916768215
AAAAAAAA	20082	126818	141396	499	250	25.291410903	0.0039193509115	0.00176496335936	0.00215438755214
NNAAAAGA	3672	38142	37239	157	73	6.89680734613	0.00409932374213	0.00195647512864	0.00214284861349
ANAAAGNA	3703	36762	37497	132	55	7.88564827547	0.00357781753131	0.00146463570516	0.00211318182615
NTGANAAA	2545	27405	27173	86	28	6.90661030973	0.00312829653341	0.00102937392008	0.00209892261333
TTTNATNA	6546	60278	60613	336	210	7.18082811781	0.00554327383113	0.00345264127057	0.00209063256056
TTNTTANA	7526	62207	63907	258	132	10.3450374905	0.00413031297527	0.00206124392948	0.00206906904579
AAAAANAA	24680	165083	181549	621	306	31.1836527331	0.00374764640564	0.0016826592615	0.00206498714414
TTTNTANA	8361	64433	64079	290	158	9.02906976704	0.00448063285076	0.00245964163955	0.00202099121121
NAAAAAAA	25318	167900	183777	593	280	31.8763799698	0.00351943404177	0.00152126786811	0.00199816617366
ATGANNAA	3165	36899	36399	115	42	7.80654837602	0.00310693251202	0.00115254795423	0.0019543845578
AAAANTNA	8014	67945	70772	291	164	9.61715406758	0.00426461105575	0.00231194316003	0.00195266789572
AANAAANA	34688	243614	264775	898	460	40.1340931929	0.00367262138464	0.00173431108262	0.00193831030201
TTNNTATA	8978	68355	67318	308	173	8.523398188	0.00448567641961	0.00256330473693	0.00192237168269
NAAAAANA	34389	242996	262138	913	481	37.6261758002	0.00374319930794	0.00183155064942	0.00191164865852
AAAANAAA	25108	167502	184636	586	294	28.643664454	0.00348626909714	0.00158979073163	0.00189647836551
ANAAAAAA	24674	164232	179976	573	286	27.8821047301	0.00347683626104	0.00158657953423	0.0018902567268
TNTTTANA	8183	65077	64304	263	138	8.87478280041	0.00402509947964	0.00214146053816	0.00188363894149
ANAAAANA	34035	239751	258167	888	468	36.4022863191	0.0036901749093	0.00180949987434	0.00188067503496
AANAAAAA	24764	166966	183440	576	287	28.3053876236	0.00343794391854	0.0015621002901	0.00187584362844
AAAAANTN	9707	79684	83186	399	260	8.48384802436	0.00498233083176	0.00311578745536	0.0018665433764
NAAAANAA	33892	241240	259969	800	379	40.8528236148	0.0033052388035	0.00145574385054	0.00184949495297
AAANAAAA	24943	166523	183396	578	300	26.3478244236	0.00345898588279	0.00163313300235	0.00182585288044
AAANAANA	33769	240533	259682	889	484	34.1136712447	0.00368234875032	0.00186035069917	0.00182199805115
TANAAAAA	5026	38368	38767	95	26	9.34159419984	0.00246990614357	0.000670224009486	0.00179968213408
NATNTTAA	4829	41281	40190	119	45	7.47894698454	0.00287439613527	0.00111842922828	0.00175596690698
NANAAAAA	34071	243915	261504	761	357	39.1102162063	0.00311023557684	0.00136331870725	0.00174691686959
TNTTNATA	8829	74194	71895	313	177	8.02721216075	0.00420094756197	0.00245587745588	0.0017450701061
ANGNAAAA	4444	43352	43912	113	39	8.69128592901	0.00259979293685	0.000887351823622	0.00171244111322
AAAANNAA	32942	236794	256308	775	398	34.1953141648	0.00326221013684	0.00155041175508	0.00171179838176
AAANNAAA	33011	235748	255332	749	373	35.2706387924	0.0031670592016	0.00145871218787	0.00170834701372
ANGANAAA	4345	45578	45582	121	43	8.72547244277	0.00264776034487	0.000942465753425	0.00170529459144
NAAANAAA	34691	242597	263289	744	358	37.6386492288	0.00305743791634	0.0013578762512	0.00169956166514
NAANAAAA	34050	244268	262580	756	373	35.5466231344	0.00308541204127	0.00141850444756	0.00166690759371
NNAAAGAA	4049	42102	41327	112	41	7.51763071122	0.00265314824466	0.000991104235158	0.0016620440095
ANATTNAA	5025	43666	43155	121	48	7.31398745536	0.00276337725809	0.00111103395598	0.00165234330212
NNAAAAAA	34022	241186	258071	728	351	35.4048657321	0.00300933389552	0.0013582434932	0.00165109040232
ANNAAGAA	4077	43848	43413	117	44	7.68371647753	0.00266120777892	0.00101249511011	0.00164871266881
AANANAAA	33455	241587	260118	728	355	35.2037329386	0.00300435383695	0.00136290517635	0.0016414486606
NTAATNAA	5329	47891	47570	125	46	8.48022785006	0.00260329890037	0.000966061827957	0.00163723707241
AANAANAA	34430	257406	274130	802	406	34.8546490749	0.00310602305118	0.00147885887461	0.00162716417657
ANANAAAA	33512	237847	255792	728	367	32.8509180319	0.00305145132558	0.00143270390656	0.00161874741902
NTTNATAA	5262	46413	45797	131	55	7.182835243	0.00281454107941	0.00119951147169	0.00161502960772
GNAANAAA	4071	38711	38960	92	30	7.55309173499	0.00237095069969	0.000769428058477	0.00160152264121
ANAAANAA	33897	239613	259496	782	430	29.6981267567	0.00325297947129	0.00165431699791	0.00159866247337
AAAANNTA	10420	79905	84387	334	217	7.60540312327	0.00416256433904	0.00256489054891	0.00159767379013
AANNAAAA	32767	236462	255734	727	376	31.586032093	0.00306506625518	0.00146811916755	0.00159694708764
ANNAAAAA	32704	235021	253000	709	358	31.9940491341	0.00300767827599	0.00141302031118	0.00159465796481
ANAANAAA	33668	242093	259855	727	365	32.9114662625	0.00299398731571	0.00140265928829	0.00159132802741
TATNTNAA	7189	55050	54451	146	60	8.27766052665	0.00264511921154	0.00110069527251	0.00154442393902
AANTNAAA	7557	62040	64898	162	69	9.78284070769	0.00260441786438	0.0010620776702	0.00154234019418
NTANTAAA	5811	52067	51743	119	39	9.36131069465	0.00228030506266	0.000753157467846	0.00152714759481
TANANTAA	5827	43588	44200	104	38	7.50258441507	0.00238029845281	0.00085899000859	0.00152130844422
ATNANAAA	9608	83729	83506	205	77	13.3076689683	0.00244239521529	0.000921239965065	0.00152115525022
AAANANAA	33027	236598	255223	760	434	26.0315660103	0.00320191440777	0.00169758700133	0.00150432740644
NAATNAAA	8672	73545	76350	191	88	9.84879540547	0.00259032223066	0.00115125984458	0.00143906238608
NTNATAAA	6597	58001	57307	130	46	9.17067158662	0.00223632829299	0.000802050459435	0.00143427783356
TNANAAAA	10187	85626	85262	187	65	13.4709202478	0.00217915700418	0.00076177528801	0.00141738171617
TNTATNAA	7268	55383	55987	138	60	7.52793561803	0.00248554600962	0.00107053009082	0.0014150159188
ANAANATA	14165	104176	107863	314	172	10.8970633928	0.00300507225572	0.00159207664183	0.00141299561389
TNNAAAAA	10617	87063	87377	198	75	12.8908485145	0.00226905490425	0.000857613319307	0.00141144158495
TANANAAA	11552	83337	87064	189	75	12.5601130941	0.00226276847928	0.000860693833989	0.00140207464529
TNTNATAA	7008	61288	60469	155	68	7.80324926054	0.00252266328142	0.00112327997753	0.00139938330388
TTTNANAA	6601	57944	58217	154	73	7.03142689994	0.00265069365555	0.00125235889518	0.00139833476037
AAANNATA	11638	91427	95935	295	175	8.71734430138	0.00321624037854	0.00182083029862	0.00139541007992
NAAANATA	13663	100742	106312	314	184	9.73870163958	0.00310718809373	0.00172776442308	0.00137942367065
TTNTNAAA	6601	57936	58365	134	55	7.97162830988	0.00230755984157	0.000941458404656	0.00136610143691
TANNAAAA	9616	79425	79847	184	77	10.3817362869	0.00231129646146	0.000963415244482	0.00134788121697
TANAANAA	10374	82309	83407	193	83	10.5790015666	0.00233933722819	0.000994131033657	0.00134520619453
TTTNNAAA	7236	62993	63500	160	76	7.32039294741	0.00253352968188	0.00119541965522	0.00133811002667
TNNATAAA	8209	58166	61485	129	54	8.29026777851	0.00221288275152	0.000877492321942	0.00133539042958
TAANANAA	9623	76530	77326	187	86	9.06232649764	0.00243753014325	0.00111093887253	0.00132659127073
NAAANTAA	7911	63573	67475	166	87	7.1144183403	0.00260437095028	0.00128770610698	0.0013166648433
TNATNAAA	6546	60655	60504	139	59	7.64903193244	0.00228640984308	0.000974192163532	0.00131221767954
ANATNAAA	9866	82132	83669	190	84	10.0706817127	0.00230801000947	0.00100294914809	0.00130506086138
AANANATA	16752	111935	119812	334	201	10.0636373433	0.00297499755053	0.00167481856132	0.0013001789892
TANATNAA	8372	59864	62601	142	67	7.26931516601	0.00236643002366	0.0010691261888	0.00129730383486
NTATNAAA	6968	59269	58746	121	45	8.07499457196	0.00203738003031	0.000765423279073	0.00127195675123
ANNATAAA	9764	80131	82878	162	62	11.1712377015	0.00201761050154	0.000747528333735	0.0012700821678
TNTANAAA	8361	64006	64448	146	65	7.55099275459	0.00227584486844	0.00100754886612	0.00126829600232
ATNATNAA	6665	63942	63192	140	58	7.84276156779	0.00218470085203	0.000916996047431	0.0012677048046
NNTATAAA	7860	58947	60068	124	50	7.80562543833	0.00209916879687	0.000831697661266	0.00126747113561
TNTNTAAA	7307	56147	57061	123	53	6.94600905378	0.00218588946152	0.000927968624155	0.00125792083737
ANTNATAA	7017	67302	64674	153	66	7.45285510873	0.00226817878586	0.00101946246525	0.00124871632061
NNAATAAA	10099	77770	82325	170	77	9.52199145417	0.00218116499872	0.000934443338754	0.00124672165996
TAAANNAA	9426	69947	74019	163	80	7.91764530815	0.00232491798602	0.00107963670225	0.00124528128377
ANNAAATA	12018	89295	95515	246	145	7.97177811396	0.00274734479177	0.00151578507213	0.00123155971964
NATATNAA	8962	73234	72919	168	78	7.75883802762	0.00228876597368	0.00106853706317	0.00122022891051
ANTANAAA	8308	68315	69935	140	58	8.48518060511	0.0020451391425	0.000828654294001	0.0012164848485
TAANNAAA	9287	71450	74425	163	79	7.7921834823	0.00227612305028	0.00106034575325	0.00121577729704
TTNNAAAA	7788	67286	67210	141	59	7.96035104899	0.00209115042935	0.000877075621757	0.0012140748076
AAATNANA	9497	79261	82251	203	111	7.31966074692	0.00255461592671	0.00134770889488	0.00120690703183
ANANTAAA	8278	66591	68485	133	55	8.18989871512	0.00199328577423	0.000802451123432	0.0011908346508
ATNNAAAA	9584	80814	80820	176	80	8.52737911757	0.00217310779109	0.000988875154512	0.00118423263657
AANNTAAA	8230	67155	70428	142	66	7.5208266393	0.00211004948215	0.000936249893608	0.00117379958854
TNAAANAA	9760	79858	81351	165	73	8.80464067171	0.00206190720168	0.000896541560228	0.00116536564145
NTNAAAAA	9569	80061	80703	176	84	7.92991414172	0.00219350175106	0.00103977125032	0.00115373050074
NAAATANA	13256	92264	99442	224	127	8.24099809473	0.0024219358187	0.00127549739377	0.00114643842493
NNTAAAAA	9139	75409	76287	166	81	7.25225414475	0.00219649354945	0.00106065367693	0.00113583987252
AANATNAA	9711	84297	87263	181	88	8.41057342237	0.00214256966311	0.00100742979474	0.00113513986837
NAANTAAA	8654	64450	68769	133	64	6.93273634286	0.00205936546769	0.000929786584923	0.00112957888277
NNATAAAA	10005	80915	82816	175	86	7.74521967427	0.00215809594278	0.00103736942414	0.00112072651864
ATANNAAA	9781	81446	80445	165	73	8.17590275092	0.00202178627881	0.000906629573512	0.0011151567053
NATANAAA	11351	90169	92022	185	87	8.8253674982	0.0020475020475	0.000944533107514	0.00110296893999
NTAANAAA	9016	75865	75679	149	65	7.79904180971	0.00196016523272	0.000858153781158	0.00110201145156
NTANAAAA	9582	77763	77806	150	65	7.99494410016	0.00192522428863	0.000834713821577	0.00109051046705
NANAATAA	11373	98810	100556	216	110	8.62151481616	0.00218124532951	0.00109272246836	0.00108852286115
NANATAAA	12289	90966	96425	182	88	9.07382282223	0.00199675253434	0.000911794266057	0.00108495826828
NNTAATAA	8006	76723	74339	158	73	6.8970903405	0.00205512415291	0.00098102456593	0.00107409958698
AATNNAAA	8588	75093	77387	145	67	7.43054225519	0.00192721762939	0.000865029565936	0.00106218806345
NATNAAAA	9795	86580	88134	186	97	7.1193069044	0.00214369683978	0.00109938683683	0.00104431000295
TNAANAAA	10403	82630	85424	155	71	8.09520779077	0.00187231986471	0.000830457921516	0.00104186194319
AANATANA	15132	105510	111134	267	167	6.91081454439	0.002524178224	0.00150043575529	0.00102374246871
ANAATANA	12920	96065	99271	220	126	6.93839564949	0.00228488341902	0.00126764389267	0.00101723952634
AATANNAA	10418	95193	94641	177	89	6.89621582139	0.00185592953759	0.00093951229811	0.00091641723948
