#Sequence	Occurrence	Forward Match	Backward Match	Forward Mismatch	Backward Mismatch	Strand Bias Score	FER (Forward Error Rate)	RER (Reverse Error Rate), ERD (Error rate Difference)
TTTT	147910	354420	368966	2743	1611	75.0005635838	0.00767996684987	0.00434727465547	0.0033326921944
NCCC	6654	46360	46480	364	248	5.51049231213	0.00779042890164	0.00530731039206	0.00248311850958
NTTT	266739	772960	792009	3938	2322	100.257508829	0.00506887648057	0.00292321462967	0.0021456618509
TNTT	288630	839843	859443	3795	2211	99.7937050953	0.00449837489539	0.00256599516743	0.00193237972796
TTNT	285608	809829	828705	4136	2767	66.9826661677	0.00508129956448	0.0033278330479	0.00175346651658
TCTT	26990	160746	161486	426	152	29.3798550084	0.00264313900678	0.000940372932108	0.00170276607467
CTTT	23538	114775	116238	352	164	16.2275131967	0.00305749302944	0.00140891049982	0.00164858252962
AAAT	78818	223592	227358	1217	886	13.3997401163	0.00541348433559	0.00388181069382	0.00153167364177
NTNT	672716	1921903	1946803	7468	4945	119.519961169	0.00387069153626	0.00253362626733	0.00133706526893
ATAT	174918	236010	236109	833	541	14.3698809968	0.0035170978243	0.00228607648426	0.00123102134004
CTNT	46140	250501	251131	724	416	19.1423836491	0.00288187879391	0.00165376649294	0.00122811230097
ATCT	13340	69800	69400	231	147	4.58777066825	0.00329853921835	0.00211367851956	0.00118486069878
NNTT	541369	1953505	1983338	6295	4131	105.859633219	0.00321206245535	0.00207852298577	0.00113353946959
ATNT	293634	637143	640383	1996	1291	34.6300290892	0.00312295134548	0.00201192505852	0.00111102628696
ATTT	78818	226735	228482	627	383	14.0693421345	0.00275771676885	0.00167347562974	0.00108424113912
NCTT	54131	349056	349779	787	422	25.0426154122	0.00224958052612	0.00120502225865	0.00104455826748
TNNT	588732	2062517	2089282	7009	5059	75.0691021476	0.00338676585846	0.00241555696995	0.000971208888513
ANAT	293634	635463	638653	2420	1816	20.3133128498	0.00379379917634	0.00283542216719	0.000958377009145
NTCT	49507	293041	292289	928	644	11.8325200729	0.00315679544442	0.00219845493679	0.000958340507623
CNCT	13126	97754	95471	302	204	4.27444989277	0.00307987272579	0.00213221844787	0.000947654277919
TTCT	26444	140891	141059	474	349	4.83249438856	0.00335302231811	0.0024680357547	0.000884986563417
NAAT	175774	553263	557303	2136	1670	14.0315604276	0.00384588377005	0.00298762194238	0.000858261827663
NTGT	61078	275369	279266	799	581	8.96068687232	0.00289316647838	0.00207613445919	0.000817032019189
NCCT	20922	172798	170881	585	446	4.40747573882	0.00337403320971	0.00260320906804	0.000770824141675
TCNT	67230	382412	380588	969	672	12.2278479393	0.00252751179636	0.0017625767193	0.00076493507706
TTTN	266742	770209	786025	5002	4507	8.80886198252	0.00645243682043	0.00570122398587	0.000751212834554
AANT	154890	590637	597838	2128	1710	11.8883663274	0.00358995554731	0.00285214861863	0.000737806928682
ACAA	23473	111153	110062	190	108	5.3824285007	0.00170643866251	0.000980303167832	0.00072613549468
TTCN	63577	354447	352174	1168	907	7.55168201677	0.00328445088087	0.0025688156542	0.00071563522667
CNTT	60143	313752	314823	655	433	10.8312767738	0.00208328694972	0.00137348694394	0.000709800005774
NTAT	295392	580533	583239	1803	1398	12.4192566049	0.0030961506759	0.00239122737699	0.000704923298911
NNCT	112458	780015	776843	2302	1754	16.5287511977	0.00294254119494	0.00225277004664	0.000689771148302
CNNT	120769	681708	679439	1759	1284	16.6892359879	0.0025736429118	0.00188622978803	0.000687413123767
TGTT	23773	117375	119209	238	160	4.21845552605	0.0020235858281	0.00134038150609	0.000683204322011
ANNT	537482	1824081	1836529	5416	4200	36.2672411952	0.00296037654066	0.00228170469417	0.000678671846483
TCTN	49507	294026	292025	742	539	7.45897029936	0.00251723389242	0.00184233193421	0.000674901958208
GTNT	47334	224430	226584	612	471	4.97761204824	0.00271949236143	0.002074387263	0.000645105098428
TNCT	53691	322958	322891	980	774	5.98273568593	0.00302527026777	0.00239136143852	0.000633908829243
ANCT	36531	278242	276833	782	609	5.19104569867	0.00280262629738	0.00219505338053	0.000607572916853
ANTT	154890	595013	600091	1367	1058	9.97210344492	0.00229216271505	0.00175996300418	0.000532199710867
NNAT	581142	1684517	1690260	5171	4319	18.2097677594	0.0030603282973	0.0025487156397	0.000511612657599
NCNT	152471	913810	907962	2172	1700	12.7409261842	0.00237122563544	0.0018688260035	0.000502399631934
TATT	89957	207302	209782	388	288	4.12356466749	0.00186816890558	0.0013709715809	0.000497197324679
NTCN	131314	794914	784848	2252	1833	9.04238249843	0.00282500758939	0.0023300422916	0.000494965297783
TTNN	541373	1952472	1969171	8597	7721	12.7952845199	0.00438383351121	0.00390562559816	0.000478207913051
NNGT	120849	733015	745432	1895	1581	8.17167560567	0.00257854703297	0.00211642903136	0.000462118001614
ATAN	295392	583427	580512	1582	1315	5.80223993582	0.00270423190071	0.00226012199503	0.00044410990568
NANT	414514	1573321	1585101	4273	3603	14.4138687072	0.00270855492605	0.00226788627712	0.000440668648929
NTTN	541370	1952952	1971293	8345	7555	11.0792654717	0.00425483748764	0.00381787787642	0.000436959611221
GNNT	108835	582746	590623	1479	1242	5.94983176675	0.00253155890282	0.00209845150499	0.000433107397832
TNTN	672719	1926921	1940356	7782	7116	8.33718406601	0.00402232280614	0.00365396781058	0.000368354995559
CTNN	112460	784921	777449	2060	1785	4.41618494142	0.00261759813769	0.00229071113427	0.000326887003426
NGNT	116117	742018	756007	1750	1537	4.62870653493	0.00235288423272	0.00202892505254	0.00032395918018
NCTN	112458	784654	776202	1773	1522	4.27236599723	0.00225450041771	0.00195699245491	0.000297507962805
NTAN	537212	1627140	1624523	4305	3866	5.72756952093	0.00263876502119	0.00237412559284	0.000264639428352
ATNN	581142	1690075	1686220	4552	4136	4.84684797514	0.00268613683129	0.00244682185291	0.000239314978379
