#Sequence	Occurrence	Forward Match	Backward Match	Forward Mismatch	Backward Mismatch	Strand Bias Score	FER (Forward Error Rate)	RER (Reverse Error Rate), ERD (Error rate Difference)
TATATTTT	4688	5228	5435	66	14	8.31745800432	0.0124669437099	0.00256927876675	0.00989766494311
ANCTTTTT	1457	5670	6208	74	21	8.06870756733	0.0128830083565	0.00337132766094	0.00951168069561
CCNNTTTT	2054	10151	10498	92	27	8.79294688838	0.0089817436298	0.00256532066508	0.00641642296471
TATNTTTT	11648	16460	17253	182	83	9.74850946671	0.0109361855546	0.00478772496539	0.00614846058923
TNTATTTT	10993	15942	16425	127	31	13.9571216572	0.00790341651627	0.00188381137579	0.00601960514048
NTATTTTT	10231	16658	17651	155	60	11.0277574433	0.00921905668233	0.00338772514257	0.00583133153976
TATATNTT	14188	12304	12427	108	36	8.59434728338	0.00870125684821	0.00288855010832	0.00581270673989
TANATTTT	6837	10906	11173	88	25	8.5599480239	0.00800436601783	0.00223254152527	0.00577182449256
CCNTNTTT	2240	10912	11105	80	18	9.34371327924	0.00727802037846	0.00161826845276	0.0056597519257
NTATATAT	66459	16390	16164	118	27	12.7812111905	0.00714804943058	0.00166759310728	0.0054804563233
ATATATNT	67508	19337	19170	145	38	14.0658306006	0.00744276768299	0.00197834235735	0.00546442532564
ATATNTTT	12417	15104	15544	133	51	9.10446302902	0.00872875237908	0.00327027893556	0.00545847344352
ATATATAT	57460	10928	10650	81	21	7.9177643626	0.00735761649559	0.0019679505201	0.00538966597549
NGNGNTTT	1668	9952	10386	70	17	8.08094843496	0.00698463380563	0.00163414399692	0.0053504898087
NATATTTT	8475	14867	15314	118	39	9.79184376178	0.00787454120787	0.00254022015241	0.00533432105546
CNNTTTTT	6851	25216	25812	234	102	12.6592444074	0.00919449901768	0.00393609631859	0.00525840269909
TATANTTT	7121	10015	10219	73	21	7.04438806253	0.00723632038065	0.00205078125	0.00518553913065
TGNNTTTT	3927	13981	14552	98	30	9.0704043151	0.00696072164216	0.00205733095597	0.00490339068619
NNCTTTTT	6517	23288	24453	193	84	11.2126405442	0.00821941143904	0.00342340139381	0.00479601004522
TANNTTTT	18009	34511	35822	288	127	15.6567776994	0.00827609988793	0.00353278255306	0.00474331733487
NATNTTTT	21470	44886	46533	391	183	18.8214759236	0.00863573116593	0.00391728743899	0.00471844372694
CCNTTTNT	2311	10838	10969	70	19	7.04463194979	0.00641730839751	0.00172915908264	0.00468814931487
TTTTTTNT	45095	51024	54763	832	633	10.0499713548	0.0160444307313	0.0114268178208	0.00461761291047
NTNTTTTT	62198	86828	92476	1186	827	20.0324298682	0.0134751289568	0.00886359495407	0.00461153400268
NTTTTTTT	46375	52243	55958	892	692	9.59178366692	0.0167874282488	0.0122153574581	0.00457207079072
NANCTTTT	3173	14604	15055	97	32	8.16573027968	0.00659819059928	0.00212103135149	0.00447715924778
NTATNTTT	23827	38038	39214	263	94	19.2789071993	0.00686666144487	0.00239137071334	0.00447529073153
ANATATTT	9779	12830	12943	79	23	7.36853560782	0.00611976140677	0.00177387012186	0.00434589128491
CNTNTTTT	7509	26840	27611	209	94	10.9109885174	0.00772671817812	0.00339288937015	0.00433382880797
NTATATNT	82765	37278	37096	225	62	20.6890945408	0.0059995200384	0.00166855051402	0.00433096952438
TNTTTTTT	45650	49845	53890	856	686	8.16699433633	0.0168832961875	0.0125696276752	0.00431366851228
NATCTNTT	2482	10443	10756	54	9	7.80061415654	0.00514432695056	0.000836042731073	0.00430828421948
NTATATTT	10669	12490	12583	72	18	7.69757372454	0.00573157140583	0.00142845805888	0.00430311334694
TNTNTTTT	62666	83531	88659	1078	758	17.3943031377	0.0127409613634	0.00847713522037	0.00426382614308
ATANATAT	64997	17769	17317	110	33	9.21830371736	0.00615246937748	0.00190201729107	0.00425045208642
CTNNTTTT	5375	19735	20452	148	66	8.13447631879	0.00744354473671	0.00321668778633	0.00422685695038
TTNTTTTT	45244	51661	55690	801	623	8.89339987321	0.0152681941215	0.011063164811	0.00420502931049
ANCTTNTT	3207	17568	18401	104	31	9.96530296306	0.00588501584427	0.00168185763889	0.00420315820538
TTANTTTT	7207	14626	15320	96	36	7.15328262714	0.00652085314495	0.00234436051055	0.0041764926344
ANCNTTTT	4342	18463	19073	121	46	8.50118583233	0.00651097718467	0.00240598357655	0.00410499360813
NNNTTTTT	90417	169497	178772	1849	1209	37.7704387918	0.0107910310133	0.00671737572299	0.00407365529028
NNCCNCTT	1571	14543	14395	81	22	7.80160676007	0.00553884026258	0.00152597627801	0.00401286398458
NNTTTTTT	61586	88286	93747	1244	936	14.6643325577	0.0138947838713	0.00988561832642	0.00400916554491
CCNNNTTT	4026	23044	23691	130	38	12.1807264391	0.0056097350479	0.00160141598887	0.00400831905902
ATNTATAT	63923	18016	17672	111	38	8.09786495131	0.00612346223865	0.00214568040655	0.0039777818321
NTTTTTNT	61720	89895	95049	1128	809	16.3893298391	0.0123924722323	0.00843956685931	0.00395290537298
ANATATAT	67508	19029	18812	124	48	7.74555184628	0.00647418159035	0.00254506892895	0.0039291126614
NNTATTTT	19652	37140	38497	225	81	16.6188463852	0.00602167804095	0.00209964228317	0.00392203575778
ATATNTAT	64997	17679	17630	111	41	7.58703033831	0.00623946037099	0.00232018561485	0.00391927475615
CNNNTTTT	12977	54884	56358	380	168	19.8572267104	0.00687608569774	0.00297208364293	0.00390400205482
TNNTTTTT	59976	87163	93023	1101	806	15.3077859731	0.0124739418109	0.00859009474683	0.0038838470641
NNATTTTT	18870	44318	46292	316	149	15.4330193538	0.00707980463324	0.00320837191275	0.00387143272049
NNTATCTT	2804	11858	12016	51	5	8.85408406357	0.00428247543874	0.000415938773812	0.00386653666493
NANTTTTT	17191	40980	42785	344	192	11.5912090331	0.00832446036202	0.00446750587524	0.00385695448678
ANATATNT	82592	40517	40631	246	92	16.0937333618	0.0060348845767	0.0022591655821	0.0037757189946
NTANTTTT	16631	36433	38119	243	109	13.1848036681	0.00662558621442	0.00285131317359	0.00377427304083
NNGNTTTT	7009	32046	33679	186	68	13.9482804199	0.00577066269546	0.00201499392539	0.00375566877007
NATGTNTT	3930	11735	11945	55	11	7.07329070099	0.00466497031383	0.000920040147206	0.00374493016662
NNTNTTTT	92109	164167	172245	1666	1093	32.9993755156	0.0100462513492	0.00630559946463	0.00374065188462
TNTATNTT	26481	36585	37173	201	65	16.3214282553	0.00546403523079	0.00174552876094	0.00371850646985
ANNTTTTT	19750	43155	45307	395	244	10.1723755274	0.00907003444317	0.0053566332243	0.00371340121887
NANNTTTT	37499	100115	103625	705	343	30.7937258484	0.00699266018647	0.00329909202832	0.00369356815815
NTTTNTCT	5819	20731	21202	129	53	7.91763683342	0.006184084372	0.0024935309339	0.00369055343811
ATANATNT	78608	35680	35262	194	62	15.1839421644	0.00540781624575	0.00175518061375	0.003652635632
TNTTTTNT	61629	84057	89121	1076	813	12.4188655672	0.012639047138	0.00903996263927	0.00359908449874
TACNTNTT	4006	15471	15407	77	21	7.48532730467	0.00495240545408	0.0013611615245	0.00359124392958
TNNNTTTT	88149	162640	170241	1499	955	32.7157445148	0.00913250354882	0.00557840136452	0.0035541021843
ATATNTNT	83395	43716	43947	278	122	14.15577852	0.00631904350593	0.00276838594023	0.0035506575657
TNANTTTT	13998	34962	36177	206	84	12.8064510127	0.0058575978162	0.00231653842972	0.00354105938648
TANANTTT	11303	21845	22322	120	43	8.9185731279	0.0054632369679	0.00192264699307	0.00354058997483
TTTNTTTT	46042	52741	56398	752	600	6.95602925574	0.0140579141196	0.0105266851468	0.00353122897276
CNATTNTT	3093	13881	14078	64	15	7.31030174374	0.00458945858731	0.00106435819201	0.0035251003953
NNAAAAAT	18870	44220	45318	520	370	7.01703764222	0.0116227089852	0.00809840658379	0.00352430240146
NANCTNTT	6508	36114	36542	181	54	15.9682181254	0.00498691279791	0.00147557110067	0.00351134169724
NCNTTTTT	7798	28570	29538	234	137	6.90857764665	0.00812387168449	0.00461668070767	0.00350719097682
CCNTNTNT	4536	22432	22530	110	31	10.3394303262	0.00487977996629	0.00137405256859	0.00350572739769
NCANTTTT	4541	19601	20036	110	42	7.56650756384	0.00558064025164	0.00209184181691	0.00348879843472
NTANATAT	78137	31719	31216	174	62	11.8710130688	0.00545574263945	0.00198222392736	0.00347351871209
CNATNTTT	3251	14714	14937	69	18	7.23093042484	0.00466752350673	0.0012036108325	0.00346391267423
ATNTATNT	81309	38396	38293	214	80	13.9299487469	0.00554260554261	0.00208479920778	0.00345780633483
NTATTTTN	19652	37043	38315	289	165	9.01347499692	0.00774134790528	0.00428794178794	0.00345340611734
NCNNTTTT	13013	53575	55035	360	178	15.2441833016	0.00667470102902	0.00322387843443	0.00345082259459
NACNTCTT	1817	19093	19135	90	24	8.94777015987	0.00469165406871	0.00125267498304	0.00343897908567
NNATATAT	85384	35715	35556	206	82	12.2052829524	0.00573480693745	0.00230091475391	0.00343389218353
TATNTNTT	29457	38227	38969	247	117	11.371197959	0.00641991994594	0.00299339917106	0.00342652077488
TATNNTTT	20316	35428	36564	232	113	10.4756212473	0.00650588895121	0.00308094991412	0.00342493903709
NTNATCTT	2617	12857	12960	52	8	7.60741784014	0.00402819738167	0.000616903146206	0.00341129423547
NATATNTT	24364	34608	34835	200	82	11.6156882479	0.00574580556194	0.00234842626801	0.00339737929393
NGNNTTTT	7343	30691	32128	189	88	9.74121560721	0.00612046632124	0.00273156195679	0.00338890436445
CCNNTTNT	3932	21285	21566	112	40	8.25408949086	0.00523437865121	0.00185133759141	0.0033830410598
NTATNTAT	80964	32286	32233	174	64	11.714782003	0.00536044362292	0.0019816081989	0.00337883542402
NTNAAAAT	11059	29248	29422	211	112	7.39774205454	0.00716249702977	0.00379223945283	0.00337025757694
TNNATCTT	2731	12412	12384	48	6	7.58086077504	0.00385232744783	0.000484261501211	0.00336806594662
NNNNTTTT	147898	354420	368966	2743	1611	75.0005635838	0.00767996684987	0.00434727465547	0.0033326921944
NTNTATAT	79371	34969	34662	189	71	12.1295977428	0.00537573240799	0.00204416549103	0.00333156691696
TTNTTTNT	61767	87189	91724	994	735	12.3022259937	0.0112720138802	0.00794946949459	0.00332254438564
TANATNTT	20165	27568	27665	150	58	9.59053990291	0.00541164586189	0.00209212567182	0.00331952019007
NTATATAN	79958	29499	28951	178	78	8.77023957584	0.00599791084004	0.00268696820421	0.00331094263583
TNNATTTT	18218	39346	39933	207	77	14.0899162182	0.00523348418578	0.00192451887028	0.00330896531549
NNCTNTTT	10382	41657	42674	250	114	12.5101763555	0.00596559047415	0.00266429840142	0.00330129207272
NTNTNTTT	96927	160839	166972	1443	940	28.1831818297	0.00889192886457	0.00559817047025	0.00329375839432
ATATNTTN	24364	34517	34640	231	117	8.90683502917	0.0066478646253	0.00336622838565	0.00328163623965
TNTANTTT	16815	30562	31076	155	56	11.1496405717	0.00504606569652	0.0017987922395	0.00324727345702
TNNCTTTT	6449	23788	24566	127	51	8.24527662712	0.00531047459753	0.00207173904213	0.00323873555541
GNNNTTTT	8309	35574	37042	219	107	10.0923893509	0.0061185147934	0.00288029287464	0.00323822191876
NNGTNTTT	7443	28582	29739	147	56	10.3532384596	0.00511678095304	0.0018795099849	0.00323727096815
TTTTTNNT	59052	88133	92634	975	721	12.0208684902	0.010941778516	0.00772320711263	0.00321857140332
TTNTNTTT	60010	85755	89902	911	662	12.0896201121	0.0105116193201	0.00730974780266	0.00320187151749
NNTCTTTT	6527	23471	24251	122	48	8.18353333666	0.00517102530412	0.00197538993374	0.00319563537037
NTTNTTTT	61838	89406	94301	1018	767	11.626019295	0.0112580730779	0.00806790928598	0.00319016379196
TNAAANAT	11926	27193	27685	168	82	7.43268487297	0.00614012645737	0.00295314582058	0.00318698063679
TNTGTNTT	5264	15394	15637	64	15	7.3293532618	0.00414025100272	0.0009583439816	0.00318190702112
CNNTNTTT	12277	50012	50931	291	133	14.1935357375	0.00578494324394	0.00260457465142	0.00318036859252
NNANTTTT	33272	94429	97931	570	277	25.2535048627	0.00600006315856	0.00282054415119	0.00317951900737
NANATTTT	14427	33985	34880	202	96	9.50781099754	0.00590867873753	0.00274473924977	0.00316393948776
ATNTNTTT	27510	43889	45191	317	182	9.54818411798	0.00717097226621	0.00401119608578	0.00315977618043
NNNCTTTT	12804	54363	56025	284	116	17.235312969	0.00519699160064	0.00206622610926	0.00313076549138
TATANNTT	19798	26386	26448	140	57	8.30207336911	0.00527784060921	0.00215053763441	0.0031273029748
TTTTNTNT	60856	86830	90945	933	688	11.4744519337	0.0106309036838	0.00750821210699	0.00312269157679
NTNTTTNT	96123	166143	173012	1524	1043	24.8899866739	0.00908944515021	0.00599235873718	0.00309708641303
TNTATTNT	22547	32457	33075	165	65	10.5601210927	0.00505793636196	0.00196137598069	0.00309656038128
NTNNTTTT	90043	170039	178178	1489	1002	26.78465609	0.00868079847022	0.00559214198013	0.00308865649009
TGNNNTTT	8160	33225	34037	143	41	13.5265256054	0.00428554303524	0.00120312224896	0.00308242078629
ATANNTTT	18374	31404	31918	178	83	8.53781825541	0.00563612184156	0.00259366894785	0.00304245289371
ANATNTTT	19756	36672	37558	223	114	8.94327026989	0.00604417942811	0.00302612019537	0.00301805923274
TTNNTTTT	59855	90389	95605	940	702	11.458058208	0.0102924591313	0.00728918977852	0.00300326935275
NNNGTTTT	7507	31733	32833	154	61	10.1352923689	0.00482955436385	0.00185444153949	0.00297511282436
NTATANAT	76638	30492	30038	167	75	7.97656793924	0.00544701392739	0.00249061866968	0.00295639525772
NNCCTNTT	4330	26383	26561	126	48	8.36549545022	0.00475310271983	0.00180390093577	0.00294920178406
NATANTTT	14121	30195	30758	147	59	9.20319850293	0.00484476962626	0.00191452769575	0.00293024193051
ATATATNN	85384	36468	35759	220	110	8.20118466029	0.0059965111208	0.00306671499066	0.00292979613014
NTTTTTAN	15919	34554	35789	217	119	7.67065542626	0.00624083287797	0.00331402472987	0.00292680814811
AANNTTTT	11897	32663	33962	208	116	7.16177496186	0.00632776611603	0.0034039556312	0.00292381048483
TATNTTNT	24915	37004	37891	246	140	7.57587715545	0.00660402684564	0.00368120743604	0.0029228194096
NTATNTNT	115703	97122	97854	507	223	25.3213588811	0.00519312909074	0.00227372370688	0.00291940538386
NNTTTTNT	91492	168327	175636	1629	1179	20.9373916676	0.00958483372167	0.00666798631338	0.00291684740829
NNATNTTT	43796	101786	104520	527	235	26.8818985309	0.00515086059445	0.002243329674	0.00290753092045
NTTTNTTT	63375	90355	94443	990	756	10.012076423	0.0108380316383	0.00794125988718	0.00289677175111
NATNTNTT	51723	102548	104382	554	260	25.072903254	0.00537331962523	0.00248466199041	0.00288865763482
NNNCTCTT	3080	23272	22781	97	29	8.28586126189	0.00415079806581	0.00127137220517	0.00287942586064
NNNATCTT	6184	31025	31091	106	17	14.6888078339	0.00340496611095	0.000546483219751	0.0028584828912
ANCNNTTT	7922	38674	39233	200	90	10.1260110142	0.00514482687658	0.00228873687155	0.00285609000502
ATNNATAT	76531	37572	36826	184	75	10.2059516551	0.00487339760568	0.00203246524484	0.00284093236083
NTGNNTTT	8415	32902	33930	161	69	9.31270150437	0.00486949157669	0.00202947145504	0.00284002012164
TNCCNNTT	4027	21742	21684	79	17	9.2638122725	0.00362036570276	0.000783374038063	0.0028369916647
TTTNTTNT	61058	88960	93518	951	730	9.70161586958	0.0105771262693	0.0077455224514	0.00283160381791
NNATATTT	18765	33973	34306	142	46	11.5475039356	0.00416239190972	0.00133907778295	0.00282331412676
TNGGTCTT	823	16361	16897	57	11	7.63034400971	0.00347179924473	0.000650579607286	0.00282121963744
CNNTTTNT	13225	54311	54996	360	208	10.0037248831	0.00658484388433	0.00376784290993	0.00281700097439
TTANNTTT	13792	31802	32805	155	67	8.86699214189	0.00485026754702	0.00203820880993	0.00281205873709
ANCNTNTT	9393	48372	49255	219	84	14.3581135833	0.00450700747052	0.00170250714445	0.00280450032607
TNTNTTNT	96032	157803	163968	1394	982	19.9859487314	0.00875644641545	0.00595331918763	0.00280312722781
TANNNTTT	33527	73950	76005	418	215	16.1894094391	0.00562069707401	0.002820781947	0.00279991512701
ATNNTTTT	20995	45720	47505	308	186	8.32097524259	0.00669157903885	0.00390010693842	0.00279147210043
TNATNTTT	17183	38319	39494	189	84	10.1901428486	0.00490807105017	0.00212239122745	0.00278567982272
TNGGTNTT	1522	20288	21104	69	13	9.37811308332	0.00338949747016	0.000615617748733	0.00277387972142
NNATATNT	114018	92296	92627	425	168	25.2444141766	0.00458364340333	0.00181044237297	0.00277320103036
TNNTNTTT	87441	157772	164186	1316	909	20.7429697631	0.00827215126219	0.00550592083346	0.00276623042873
TNNTTTNT	90471	161685	168507	1424	1012	19.9109390562	0.00873035822671	0.00596983229019	0.00276052593652
TANGTNTT	3648	24499	25299	88	21	10.0455137057	0.00357912718103	0.000829383886256	0.00274974329477
TNTTNTTT	61190	86585	90928	948	741	8.68050713466	0.0108302011813	0.00808343060358	0.00274677057768
TAGGTNTT	943	16540	17138	58	13	7.09485488595	0.00349439691529	0.000757973296018	0.00273642361927
GNNTNTTT	8720	33149	34131	166	77	8.34090516802	0.00498274050728	0.0022509354537	0.00273180505358
NNCTTTNT	11547	45753	47217	287	166	8.59589359653	0.00623370981755	0.00350336618618	0.00273034363137
NTANNTTT	37140	83494	85413	412	187	20.3213484676	0.00491025671585	0.00218457943925	0.0027256772766
ANNNTTTT	38463	101322	105325	645	381	17.9051032507	0.00632557592162	0.00360433655611	0.00272123936551
NNNTNTTT	153116	339035	350314	2361	1477	51.6240029282	0.00691572250407	0.00419851559591	0.00271720690816
TTTTTNAN	16791	39822	40893	267	162	6.89376369329	0.00666018109706	0.00394592619657	0.00271425490049
NTANATNT	102109	77492	77217	343	132	21.0211362844	0.00440675788527	0.00170655082807	0.00270020705721
CNNTTNTT	12674	54316	54769	270	124	12.7808726594	0.00494632323306	0.00225894011987	0.00268738311319
CTNNNTTT	9859	47576	48756	228	102	11.8776813583	0.00476947535771	0.00208768267223	0.00268179268548
TANNTNTT	45031	102505	104232	478	205	25.5663749538	0.00464154277891	0.00196290586669	0.00267863691221
CCANNTNT	3333	20501	20666	78	23	7.19231433731	0.00379027163613	0.00111170187056	0.00267856976557
NACNTCNT	3304	29682	29609	121	41	9.20006692661	0.00405999396034	0.00138279932546	0.00267719463488
ATNTTTNT	24600	45887	47606	313	196	7.52409282467	0.00677489177489	0.0041002468516	0.0026746449233
ATANANAT	77525	38457	37954	214	109	7.8108619809	0.00553386258437	0.0028636733836	0.00267018920076
NTTTTNTT	61887	91749	95896	966	749	8.9861137867	0.0104190260476	0.00775001293393	0.00266901311363
NTNTATTT	23594	35335	35592	143	49	10.8379579821	0.00403066689216	0.00137482113296	0.00265584575919
NTTTNTNT	94956	165714	171326	1353	941	20.048422523	0.00809854728941	0.00546245073055	0.00263609655886
TNNGTCTT	1506	21010	21918	69	14	9.01536345973	0.00327340006642	0.000638336677002	0.00263506338942
NNGGTCTT	1105	20573	21143	67	13	8.81821075996	0.00324612403101	0.000614482889015	0.00263164114199
NTNTATNT	113063	92981	93002	420	174	22.9887440904	0.0044967398636	0.00186743367391	0.00262930618969
ATATNNTT	21551	32666	33207	159	74	7.71494160368	0.00484386900228	0.00222349088068	0.0026203781216
ATANNTAT	76488	32124	31955	157	72	7.42279953526	0.00486354202162	0.00224810316296	0.00261543885867
TNNGTNTT	8936	46223	47522	163	43	16.6519473058	0.00351399129048	0.000904026069589	0.00260996522089
ANANATAT	83395	43101	43142	211	98	9.71841798779	0.00487162910972	0.0022664199815	0.00260520912822
NACNTNTT	9774	48773	49227	199	72	13.9323567501	0.00406354651638	0.00146047587172	0.00260307064466
TNGGNCTT	947	17390	17971	59	14	6.90089540403	0.00338128259499	0.0007784264665	0.00260285612849
ATNTNTAT	77525	38266	38361	186	86	8.73783608484	0.00483719962551	0.00223684552761	0.0026003540979
TNTNTNTT	100088	159406	164880	1257	866	19.4984059649	0.00782383000442	0.00522486213845	0.00259896786597
NTATTNTT	22935	39791	41196	183	82	9.8527599218	0.00457797568419	0.00198653035515	0.00259144532904
TTNTNTNT	95810	156385	161288	1222	837	19.18094508	0.00775346272691	0.00516268311488	0.00259077961203
TANGTCTT	1000	17547	18229	58	13	7.12249535714	0.00329451860267	0.000712641157768	0.0025818774449
TTATNTNT	24049	32854	33373	145	61	8.4030095362	0.00439407254765	0.00182449004008	0.00256958250757
ATNTNTNT	116082	110025	111427	603	322	20.1777743101	0.00545069964204	0.00288145755219	0.00256924208985
GNTNTNTT	8756	36235	36966	169	77	8.56791928385	0.00464234699484	0.00207866533488	0.00256368165995
ANATNTAT	78608	35061	35273	182	92	7.21459581614	0.00516414607156	0.00260144210377	0.00256270396779
TNTNNTTT	89795	158909	164470	1244	862	18.896361367	0.00776757225903	0.0052137517238	0.00255382053522
NNNTTTNT	152473	344659	356398	2527	1700	42.3140868063	0.00727851929513	0.00474730381069	0.00253121548444
ATATANNT	78417	41855	41627	198	91	9.18770272827	0.00470834423228	0.00218131262285	0.00252703160943
ANATANAT	81309	37710	37402	202	106	7.00804528777	0.00532812829711	0.00282606377306	0.00250206452405
NGNNNTTT	16380	76955	79233	324	135	18.9439574729	0.00419260083593	0.0017009374055	0.00249166343043
NTNTNTNT	234489	340085	346754	2170	1341	46.99603315	0.00634030182174	0.00385239661587	0.00248790520587
CCNNTNTT	4210	30400	30999	123	48	8.12267857651	0.00402974805884	0.00154604309595	0.00248370496289
NGNNATTT	5255	23027	23470	78	21	7.96465272464	0.00337589266393	0.000893959388702	0.00248193327522
TNANNTTT	28722	78478	80243	345	153	17.8390091419	0.0043768950687	0.00190307975521	0.00247381531349
NAGGTCTT	922	18715	19166	59	13	7.17451405314	0.00314264408224	0.000677824704103	0.00246481937814
TAGNTCTT	1064	18848	19300	60	14	7.0030009796	0.00317325999577	0.000724862793828	0.00244839720194
NANGTNTT	8002	47749	49083	169	53	14.6067229576	0.00352685838307	0.00107863887984	0.00244821950323
NTANANAT	99257	75415	74934	386	199	13.5215408628	0.00509228110447	0.00264863641809	0.00244364468639
TAGNNCTT	1320	20997	21474	66	15	7.79800487365	0.00313345677254	0.000698031551026	0.00243542522151
ANNTNTTT	44678	98102	101066	588	358	14.5024561525	0.00595805046104	0.00352973655151	0.00242831390953
TNTTTNTT	62687	88152	92638	926	744	7.22349138402	0.0103953838209	0.00796727420702	0.0024281096139
CNANNTTT	6788	35619	36263	139	53	9.38712921968	0.00388724201577	0.0014594118295	0.00242783018628
NNGNNTTT	16249	75796	78743	362	184	14.9315356364	0.00475327608393	0.00233126813385	0.00242200795009
NTANATTT	15359	25946	26016	97	34	7.23771277224	0.0037246093	0.00130518234165	0.00241942695835
NCTNNTTT	9957	42418	43529	237	137	7.07412605599	0.00555620677529	0.00313745248019	0.0024187542951
TANGNCTT	1286	20019	20774	64	16	7.21403974631	0.00318677488423	0.000769600769601	0.00241717411463
NTTTTNNT	89323	174776	181076	1370	976	18.4217871944	0.00777763900401	0.00536110561818	0.00241653338583
NNCNTCTT	5256	42124	41840	150	48	11.9721581415	0.00354828026683	0.00114591291062	0.00240236735621
NACNNCTT	3184	30400	30614	120	47	7.69140006673	0.00393184796855	0.00153289194743	0.00239895602112
NAGGNCTT	1023	19673	20099	60	13	7.34778933906	0.00304059190189	0.000646380270485	0.0023942116314
CTNTNTNT	10734	39538	39679	199	104	7.22613631831	0.00500792712082	0.00261418193701	0.00239374518381
NCNTNTTT	14416	57668	58996	321	186	9.23207950627	0.00553553260101	0.00314284748741	0.0023926851136
ANATNTNT	107998	95888	97043	488	260	16.5254973369	0.00506350128663	0.00267206560949	0.00239143567714
TNNNNTTT	138190	319801	328998	1943	1205	43.1883427757	0.00603896265354	0.00364927029736	0.00238969235618
NNTTNTTT	91495	167010	173381	1437	1072	15.5306567079	0.00853087321235	0.0061449215548	0.00238595165754
NNNCTNTT	22439	109392	110788	430	170	26.0597728967	0.00391542678152	0.0015321112493	0.00238331553222
NATNNTTT	40011	101666	103770	515	277	17.4527398818	0.00504007594367	0.00266225840245	0.00237781754122
NNNATTTT	37170	98827	101336	456	225	19.1469620775	0.00459293131755	0.00221541733539	0.00237751398215
NNNGTCTT	2543	29834	30884	90	20	10.8447207398	0.00300761930223	0.00064716541548	0.00236045388675
NNCNTTTT	15508	63778	65111	321	173	11.0732793703	0.00500787843804	0.00264996017401	0.00235791826403
NNNAAAAT	37170	98163	100046	789	565	9.77492341999	0.00797356293961	0.00561568814543	0.00235787479418
NNTATNTT	48120	98963	100923	400	169	22.2168761006	0.00402564334813	0.00167174454952	0.00235389879861
NNTGTNTT	10016	35399	35978	126	43	9.82437685275	0.00354679802956	0.00119374809139	0.00235304993817
NNCTTNTT	12424	58156	59420	262	127	11.575383022	0.00448491903181	0.00213276907317	0.00235214995864
ATCNNTNT	7981	34564	34912	138	57	8.15402584453	0.00397671603942	0.00163001515628	0.00234670088314
CNTNNTTT	13857	63068	64328	296	150	11.7866217194	0.0046714222587	0.00232637488756	0.00234504737114
CNNNNTTT	25334	126864	129421	565	271	24.6304062861	0.00443384159022	0.00208956604879	0.00234427554143
ANNTATAT	78417	41404	41218	190	92	7.99435588523	0.00456796653363	0.00222706366497	0.00234090286866
NTTTNNCT	10222	46298	46331	222	113	8.4298696491	0.00477214101462	0.00243303763672	0.00233910337789
TACNNNTT	7413	33315	33496	125	47	8.43672297239	0.00373803827751	0.00140118653668	0.00233685174083
TNTTNTNT	94501	156624	162400	1288	951	14.6620498383	0.00815644156239	0.00582181927261	0.00233462228978
TTTNTNTT	60509	87997	92152	834	655	7.37465745912	0.00938861433509	0.00705765728878	0.0023309570463
NTNTTNTT	96213	177046	183747	1341	958	17.9826237342	0.00751736393347	0.00518664898081	0.00233071495266
NNTTTTCN	14994	63069	63743	352	206	9.38679632234	0.00555021207486	0.00322131698697	0.00232889508789
CCNNNTNT	8542	50531	51283	193	76	12.1702899322	0.00380490497595	0.00147977959072	0.00232512538522
TTNTNTAT	24154	34987	35367	148	67	7.48601272384	0.00421232389355	0.00189083930688	0.00232148458667
NANGTCTT	1497	23034	23727	69	16	8.10584294894	0.00298662511362	0.000673882828623	0.002312742285
NNTANTTT	32279	81350	83357	333	148	17.2680405416	0.00407673567327	0.00177234896114	0.00230438671213
NAGGTNTT	1723	24498	25167	82	26	7.24097373598	0.0033360455655	0.0010320327075	0.002304012858
TTTNNTTT	60177	90110	93935	831	647	7.51371790823	0.00913779263479	0.00684062506608	0.0022971675687
NANNTCTT	9581	73973	74564	238	68	21.608495787	0.00320707172791	0.000911137313753	0.00229593441416
ANCNTTNT	8898	38197	39168	174	88	7.28661091335	0.00453467462407	0.00224169553699	0.00229297908708
TGNNTNTT	9639	36428	37014	134	51	9.05483147075	0.00366500738472	0.00137596114933	0.00228904623538
TAGNTNTT	2446	25505	26115	79	21	8.21126606672	0.00308786741714	0.000803489439853	0.00228437797728
TNNCTNTT	10656	44334	44860	169	68	10.3206364997	0.00379749679797	0.00151353276353	0.00228396403444
NANNTNTT	92762	281595	286733	1200	570	52.1681167496	0.00424335649499	0.00198396814513	0.00225938834986
TNTTTNNT	90093	159309	165003	1300	969	13.9957724115	0.00809419148367	0.00583833417685	0.00225585730682
TNGNTCTT	1864	24450	24868	75	20	7.71262813557	0.00305810397554	0.000803600128576	0.00225450384696
TNNGNCTT	2302	26893	28005	81	21	8.81688352029	0.00300289167346	0.000749304217512	0.00225358745595
TTANTNTT	16865	33889	34825	127	52	7.93703750202	0.00373353715898	0.00149095392379	0.00224258323519
NNCCNNTT	8721	53896	53910	197	76	12.3978897111	0.00364187602832	0.00140777238543	0.00223410364289
NNTNTNTT	160647	348916	358424	2071	1320	41.5789350107	0.00590050343745	0.00366927592955	0.0022312275079
NNGGNCTT	1396	22982	23506	70	19	7.17924856471	0.00303661287524	0.000807651434644	0.00222896144059
TNNANTTT	29819	76047	77216	300	132	15.5535502434	0.00392942748242	0.00170657289135	0.00222285459107
TTNNNTTT	84641	162041	167537	1134	796	16.2762094567	0.00694959399418	0.00472872223509	0.00222087175908
NTNNNTTT	147445	339207	348537	1989	1263	40.548290467	0.00582949389794	0.00361063464837	0.00221885924956
TTNTTNTT	63543	96954	101418	894	707	7.48899745651	0.00913662006377	0.00692288861689	0.00221373144688
TANNTTNT	38648	80471	82051	406	231	11.9846978794	0.00501996859429	0.00280741839041	0.00221255020387
CNTNTNTT	14889	68120	68875	277	127	13.2370266578	0.00404988522888	0.00184052636155	0.00220935886733
CANNTNTT	10786	50130	50218	203	92	9.8368612208	0.00403313929231	0.00182866229378	0.00220447699853
TANNTCTT	4519	36366	36815	108	28	11.0992525794	0.00296101332456	0.000759981543305	0.00220103178125
NNTTNTCT	11190	45758	46309	213	113	7.62174503757	0.00463335581127	0.00243419068545	0.00219916512582
NNAAAANT	33271	94418	96753	753	556	8.2809331014	0.00791207405617	0.00571375720642	0.00219831684975
TNNTNTCT	10431	40510	40785	185	96	6.92916092421	0.00454601302371	0.00234827915168	0.00219773387203
NTNTNTAT	110245	91262	91666	393	192	16.0154070867	0.00428781844962	0.00209018267326	0.00219763577636
ANANATNT	107998	95896	96530	421	211	16.2856834961	0.00437098331551	0.00218108144427	0.00218990187124
NNTTTNTT	92110	172343	178776	1387	1042	14.4040656882	0.00798365279457	0.005794748023	0.00218890477157
NNTCTNTT	10401	42211	42747	158	66	9.15576202683	0.00372914158937	0.00154158783547	0.0021875537539
NANTNTTT	34552	89434	92154	469	280	12.4279123862	0.00521673359065	0.00302918839388	0.00218754519677
ATNNATNT	102405	85511	85102	362	173	15.1167515852	0.00421552758143	0.00202873057754	0.00218679700389
NATNTTNT	46554	100892	102990	538	323	13.4589262615	0.00530415064577	0.00312642165071	0.00217772899505
ANNTTTNT	40509	95710	98696	579	380	11.1409509622	0.00601314791928	0.00383543946062	0.00217770845867
CTNNTTNT	10862	50620	51312	251	142	7.59796393613	0.00493404886871	0.00275974656975	0.00217430229896
TNCNCNNT	6510	37363	37013	140	58	7.87712550643	0.00373303469056	0.00156456529363	0.00216846939693
NNTNNTTT	146862	345190	355000	2087	1370	37.7446950665	0.00600961192362	0.00384431910655	0.00216529281708
NTNTNTCT	11526	44280	44420	193	97	7.65920180518	0.00433971173521	0.00217894287576	0.00216076885945
NNGGTNTT	3127	33842	35070	107	35	9.15158230188	0.00315178650328	0.000997008973081	0.0021547775302
NCNNNTTT	25827	119803	122012	542	288	18.7638269734	0.00450371847605	0.00235486508585	0.00214885339019
NCNTTTNT	14699	58028	58849	319	196	7.47751830656	0.00546729052051	0.00331950207469	0.00214778844582
NTTTTNCN	14041	58148	58409	328	203	7.22528343159	0.00560913879198	0.00346345458268	0.0021456842093
ATNNNTTT	44666	96525	98739	495	293	13.0754658911	0.00510204081633	0.00295863963163	0.00214340118469
TNNCNTTT	13915	56323	56503	203	82	11.9857089278	0.0035912677352	0.00144914730052	0.00214212043468
NANGNCTT	2355	30943	31657	88	22	9.55927457722	0.00283587380362	0.000694466365731	0.00214140743788
NCANNTTT	10329	46689	47283	183	84	8.95282954051	0.00390424987199	0.00177338653493	0.00213086333706
TANANNTT	31850	61986	62365	246	114	11.4433395602	0.00395295025067	0.00182461306999	0.00212833718068
NTTNTTNT	96229	183551	190131	1414	1055	15.0967997592	0.00764468953586	0.00551818647809	0.00212650305777
NNATNTNT	173306	247797	250703	1071	547	39.1444833715	0.00430348618545	0.00217711442786	0.00212637175759
CNATNNTT	6588	31475	31616	101	34	7.9216869003	0.00319863187231	0.00107424960506	0.00212438226725
NANTTTNT	34093	88310	91412	498	320	10.5857855654	0.00560760291866	0.00348842279684	0.00211918012181
CNNNTCTT	3204	22654	22684	62	14	7.1577005168	0.00272935375946	0.000616794431227	0.00211255932824
TNNTNTNT	159770	315452	323212	1928	1286	32.2717115929	0.00607473690844	0.00396304445636	0.00211169245208
NCANTTNT	9173	40535	40573	163	77	7.3852380421	0.00400511081626	0.00189421894219	0.00211089187407
NNANNTTT	77468	231449	236345	983	502	37.0061162791	0.00422919391478	0.00211951175231	0.00210968216247
NNNGTNTT	18725	97348	99908	321	118	22.3912162945	0.00328661090008	0.00117969327975	0.00210691762033
NCTNTNTT	10147	49259	50452	229	128	7.44242089308	0.00462738441642	0.00253064452353	0.0020967398929
TTTNTNNT	87574	163416	168842	1189	872	13.7949372898	0.00722335287506	0.00513805578797	0.00208529708709
CNNNTNTT	26843	136130	138139	532	251	23.6889009695	0.00389281585225	0.00181371486379	0.00207910098846
CNNNTTNT	27509	132961	135038	661	389	17.0894421346	0.00494679019922	0.00287239619869	0.00207439400053
CNNANTTT	6761	36668	37563	131	56	7.59249803205	0.00355987934455	0.00148860947925	0.00207126986529
TNNNTNTT	157253	364033	372728	1952	1222	41.2555602677	0.00533355192153	0.00326781655302	0.00206573536851
TANCNNTT	6377	27815	27495	85	27	6.98230354261	0.00304659498208	0.000981033355134	0.00206556162694
NNTNTTNT	161733	357768	368277	2327	1628	32.3322318027	0.00646218359044	0.00440113001987	0.00206105357057
ANANANAT	116082	108717	109517	683	460	10.6003483074	0.00624314442413	0.00418269274485	0.00206045167928
NNANAAAT	41635	97793	99222	722	526	8.06950141067	0.00732883317261	0.00527328868749	0.00205554448512
NNNTTNTT	154721	377812	389340	2230	1490	37.9272783024	0.00586777250935	0.00381239925287	0.00205537325648
NNATANAT	108859	77767	76958	363	200	10.6550381817	0.00464610264943	0.00259208377615	0.00205401887328
ANNTATNT	105237	96452	97044	402	204	15.135857816	0.00415057715737	0.00209772951629	0.00205284764108
NNATNTAT	108859	77299	77869	344	186	11.2605335019	0.00443053462643	0.00238293510986	0.00204759951657
TNNATNTT	43741	92370	92996	346	157	16.5233676159	0.00373182622201	0.00168539928934	0.00204642693267
TTNNTTNT	88710	167967	173640	1237	919	13.4450755141	0.00731070187466	0.00526469560435	0.00204600627031
NTANATAN	102697	65533	64621	284	147	9.79407384935	0.00431499460626	0.00226963932806	0.00204535527819
TNATNTNT	46362	86728	87870	346	170	14.3494909548	0.00397363162368	0.0019309404816	0.00204269114208
NTATATNN	112319	84923	84358	385	209	11.8615288744	0.00451305856426	0.002471413199	0.00204164536526
TTTTNNNT	86005	161850	166849	1149	840	13.4018282623	0.00704912300075	0.00500927311869	0.00203984988206
NANATNTT	41340	88288	89363	354	176	14.2634352989	0.00399359220234	0.00196562391807	0.00202796828427
TATNNTNT	49353	79369	80877	377	219	10.5283947901	0.00472750984375	0.00270050310743	0.00202700673633
NAGGTCNT	1463	28230	28706	83	26	7.28773381768	0.00293151555822	0.000904914381178	0.00202660117705
NNANATAT	114018	91694	92053	392	206	13.5302036757	0.0042568902982	0.00223284449214	0.00202404580606
TNNNTTNT	148399	331374	339351	2025	1381	30.8062510189	0.00607380346072	0.00405303875186	0.00202076470885
NTATNTAN	102697	65614	65407	296	162	9.16551517503	0.00449097253831	0.00247067974195	0.00202029279636
NCANTNTT	9272	40009	40597	151	71	7.18427079268	0.00375996015936	0.00174584439854	0.00201411576082
NTTNTNTT	90531	167075	172545	1176	864	13.4986181664	0.0069895572686	0.00498244035777	0.00200711691084
ANNTTNTT	39382	106920	110686	536	331	12.9440583248	0.00498808814771	0.00298152535197	0.00200656279573
NTTNNTTT	89646	171479	177258	1210	891	13.7812914207	0.00700681572075	0.00500143138609	0.00200538433466
NNCNNTTT	26147	120521	121915	506	266	17.6617738958	0.00418088525701	0.00217709791211	0.00200378734489
CNTNTTNT	15479	62989	64055	309	185	7.94552781405	0.00488167082688	0.0028798256538	0.00200184517308
CTNNTNTT	10421	47288	48348	188	95	7.78721848434	0.00395989552616	0.00196106764651	0.00199882787965
NNNTATAT	112319	83796	83968	363	195	11.8473888287	0.00431326417852	0.00231693261885	0.00199633155967
ATANNTNT	104295	94938	95255	419	229	13.0438570463	0.00439401407343	0.00239830756985	0.00199570650357
NNATTTNT	41635	98173	100420	466	275	12.4588342405	0.00472429769158	0.00273101941507	0.00199327827652
NANNAAAT	38145	93996	95973	637	457	8.02280218363	0.00673126710556	0.00473918904905	0.0019920780565
NAGNTNTT	6114	50570	51551	159	59	11.1006246301	0.00313430187861	0.0011431893044	0.00199111257421
NTATNNTT	46605	88504	90175	339	165	14.5719493589	0.00381571986538	0.00182643347354	0.00198928639184
TNAAANNT	22224	62093	63395	284	163	8.39949820865	0.00455296022572	0.00256458667674	0.00198837354899
TANNNCTT	8223	58299	58617	165	49	14.5325780542	0.00282224958949	0.000835236764054	0.00198701282544
NANCNTTT	8956	41748	41969	155	72	7.35831029728	0.00369901916331	0.00171261387693	0.00198640528638
NTATNTTN	48120	99020	100450	506	313	11.2840493326	0.00508409862749	0.00310629893909	0.0019777996884
NAGGTCNN	1796	32049	32602	95	32	7.65009586348	0.00295545047287	0.000980572409144	0.00197487806373
TNNANCTT	5900	31933	32024	87	24	8.42500450818	0.0027170518426	0.000748876684973	0.00196817515763
TTTNNTNT	87816	161180	166143	1156	862	12.1630601257	0.00712103291938	0.00516152211012	0.00195951080926
NNGGTCNT	1939	32909	33584	97	33	7.75875535101	0.00293885960128	0.000981646190915	0.00195721341037
NTNTTTAN	36236	75744	77177	354	209	9.46962571477	0.00465189623906	0.00270074690512	0.00195114933394
NANTTNTT	36912	109444	111745	496	287	13.9036218019	0.0045115517555	0.00256176806627	0.00194978368924
CNNTNTNT	26331	109057	109734	510	298	13.1850090138	0.00465468617376	0.00270830303912	0.00194638313464
NTANTNTT	37603	83291	85480	314	155	13.4165374884	0.00375575623467	0.00181000759035	0.00194574864432
NCNTTNTT	14196	57884	59091	281	171	7.02231674171	0.00483108398521	0.00288549154602	0.0019455924392
NTNAAANT	20359	65254	66322	302	177	8.26337907329	0.00460674842882	0.00266169416081	0.00194505426801
ATATNTNN	114018	93221	92515	493	308	9.7515851929	0.00526068677039	0.00331814313263	0.00194254363776
NNNGNCTT	4596	46314	47485	143	54	9.91838948055	0.00307811524636	0.00113590946381	0.00194220578255
TNTANNTT	39521	77462	78127	275	125	13.2804368579	0.0035375689826	0.00159740326126	0.00194016572134
TATNNNTT	46436	87338	88358	353	185	12.616243592	0.00402549862586	0.0020893803011	0.00193611832476
NANNNTTT	77074	236991	242221	1083	636	28.3408734411	0.00454900577131	0.0026188250699	0.00193018070142
NTANTTTN	32279	80922	82800	460	310	7.85720046591	0.00565235555774	0.00372999639033	0.00192235916741
TNNTTNTT	93920	181106	187350	1274	954	13.31533208	0.00698541506744	0.00506627580933	0.00191913925811
NNGNTCTT	3273	36585	37008	100	30	9.00638166212	0.00272590977239	0.000809978940548	0.00191593083184
NNATTNTT	41526	104926	107642	427	231	14.6167419545	0.00405304072974	0.00214140702493	0.00191163370481
TNTATNNT	51287	78295	79033	303	154	11.6326579276	0.00385505992519	0.0019447636607	0.00191029626449
NNTTNTNT	156762	335591	344260	2113	1503	26.776807217	0.00625695875678	0.00434690814228	0.0019100506145
TANANTNT	31290	53415	53630	204	102	8.17961948032	0.00380462149611	0.00189831013177	0.00190631136435
NCATNTNT	15600	50927	50717	190	92	8.0070572787	0.00371696304556	0.00181070282824	0.00190626021732
TNGNNCTT	2969	32155	32633	88	27	7.84292354811	0.00272927457122	0.000826699326393	0.00190257524483
TNANTNTT	32553	83584	85216	300	143	13.5468728255	0.00357636736446	0.00167527735798	0.00190109000647
AANNTNTT	29666	95851	98260	394	216	13.0684210703	0.00409371915424	0.00219342784029	0.00190029131396
ANNNTCTT	8290	48271	48212	139	47	10.5553037556	0.00287130758108	0.000973911601981	0.0018973959791
TNTANTNT	38548	65202	65666	245	122	9.88596892989	0.00374348709643	0.00185444153949	0.00188904555694
NNTTTTAN	31765	76827	78837	370	230	8.65062285324	0.00479293236784	0.0029089253418	0.00188400702604
NNNCNCTT	6638	47257	46567	145	55	9.20062179657	0.00305894266065	0.00117970057055	0.0018792420901
TNANANAT	36715	67361	67411	309	182	7.8808424709	0.00456627752327	0.00269258651044	0.00187369101284
NCNNTNTT	25493	122208	124139	486	260	16.4956962095	0.00396107389114	0.00209004895538	0.00187102493577
ANNNNTTT	83828	236478	241450	1106	675	25.5666559068	0.00465519563607	0.00278781621064	0.00186737942543
NNAAANAT	43796	100912	102410	683	500	7.49155364862	0.00672277178995	0.0048586143232	0.00186415746676
ATANANNT	99808	85571	85380	360	199	10.7696510842	0.00418940778066	0.00232533682329	0.00186407095738
TTNTTNNT	92346	176326	181247	1244	939	11.9928099949	0.00700568789773	0.00515407330969	0.00185161458804
TNTNTNNT	163576	320213	326873	1856	1284	26.1849827226	0.00576274028236	0.00391276126976	0.0018499790126
NNTATTNT	46371	86598	88072	331	174	11.9710687378	0.00380770513868	0.00197176075969	0.00183594437898
TNGNTNTT	8365	53851	55222	177	80	9.20087520941	0.00327607907011	0.00144660229286	0.00182947677725
ATNNANAT	99030	94133	93457	412	237	10.760270217	0.00435771325824	0.00252951096121	0.00182820229702
TNTNNTNT	157764	317607	324746	1834	1276	25.445006218	0.00574127929727	0.00391384630485	0.00182743299242
TANTNTNT	39863	69372	70957	336	213	7.32456159713	0.00482010673093	0.00299283405929	0.00182727267164
NNGNTNTT	19219	115560	119100	378	171	19.1862726457	0.00326036329762	0.00143370978696	0.00182665351067
NTNNTTNT	158492	370474	380417	2164	1521	29.143009458	0.00580724456443	0.00398232173808	0.00182492282635
NTATANNT	101748	83677	83238	386	231	9.03718033499	0.00459179424955	0.00276749451892	0.00182429973063
NANCTNNT	15012	95621	96156	340	166	14.0135710865	0.0035431060535	0.00172338614231	0.00181971991119
NTNTATAN	101639	68210	67234	289	162	8.10220220817	0.00421903969401	0.00240370348389	0.00181533621012
NTNNAAAT	27554	72569	73637	355	226	7.36020525702	0.00486808183863	0.00305971866835	0.00180836317028
ANANNTTT	34356	83957	85622	383	235	9.10038734574	0.00454114299265	0.00273710937955	0.0018040336131
NTNNTNTT	152220	356785	367080	1853	1239	31.3605810293	0.00516676983476	0.00336393180911	0.00180283802565
NNNGNTTT	16312	81622	84139	340	198	9.86914583621	0.00414826382958	0.002347724012	0.00180053981758
NNNTATTT	41699	84310	85457	281	131	13.0918698711	0.00332186639241	0.00153058840024	0.00179127799216
TTNNTNTT	90278	174260	180446	1118	832	12.2368353597	0.00637480185656	0.00458963580799	0.00178516604858
TATNTNNT	55961	84966	85702	386	236	8.89511052406	0.00452244821445	0.00274616584049	0.00177628237396
NAANANAT	51723	100462	102523	614	443	7.53092223638	0.00607463690688	0.00430239108055	0.00177224582633
ATNNTNTT	42701	99035	101240	419	248	11.148617894	0.00421300299636	0.00244363865679	0.00176936433957
NTNNATAT	102926	84329	83522	357	205	9.37308182608	0.00421557282195	0.00244843359968	0.00176713922228
TTANNTNT	36411	77940	78803	299	163	9.77914920702	0.00382162348701	0.0020641795203	0.00175744396671
NTANNTAT	99830	66395	66123	273	155	7.67832306754	0.00409491810164	0.00233863423761	0.00175628386403
NANANTTT	27253	76435	78028	327	196	8.46708715516	0.00425992027305	0.00250562487216	0.00175429540089
ANNTNTNT	163722	252888	256690	1134	698	24.8973496664	0.00446418026785	0.00271185913873	0.00175232112912
NNNCNTTT	30432	138399	139352	465	223	19.71590923	0.00334860006913	0.00159770732581	0.00175089274332
ATANNTTN	37395	74009	73559	361	229	6.95625139307	0.00485410783918	0.00310348566163	0.00175062217756
NAGGNCNT	2127	36832	37398	100	36	7.38618930833	0.00270767897758	0.000961692578939	0.00174598639864
GNNNNTTT	19374	89813	92134	324	171	11.9241353096	0.0035945283291	0.00185255403283	0.00174197429627
NNNTATNT	173086	232331	234228	859	456	28.4746292956	0.00368369141044	0.00194303829831	0.00174065311213
ANNNTNTT	84115	246150	252605	988	572	27.426837441	0.00399776643009	0.00225928895595	0.00173847747414
NANNTTNT	83372	245074	251004	1100	689	23.6190150396	0.00446838415105	0.00273746190796	0.00173092224309
NTANNTNT	156059	232490	234158	923	522	25.7214258788	0.00395436415281	0.00222430543719	0.00173005871562
TNNNCTTT	11236	45925	46404	141	62	7.52490140353	0.00306082577172	0.00133430895709	0.00172651681463
NNCTNTNT	21290	100108	101270	432	261	10.3809308411	0.00429679729461	0.0025706434488	0.00172615384581
ANNNATAT	107665	104428	103892	392	210	12.5514841156	0.0037397443236	0.00201725231023	0.00172249201337
TANNNNTT	78995	214419	216987	753	387	27.4028355423	0.00349952596063	0.0017803417152	0.00171918424543
NNCNTNTT	31276	148811	150297	536	282	18.5506092809	0.00358895726061	0.00187277110354	0.00171618615707
NANNNCTT	18754	133584	134493	379	150	22.7343683067	0.00282913938923	0.00111405717341	0.00171508221582
GNNNTNTT	20405	93525	95965	323	166	12.6388626101	0.00344173557241	0.00172681029012	0.00171492528229
NATANNTT	37395	74297	74027	271	143	9.23696645472	0.00363426670958	0.00192800323581	0.00170626347377
NNNNTCTT	26990	160746	161486	426	152	29.3798550084	0.00264313900678	0.000940372932108	0.00170276607467
NNTCNTTT	14699	60733	61254	191	88	9.16774616246	0.00313505350929	0.00143457989632	0.00170047361297
GNNTNTNT	23063	83270	84876	321	182	9.68933337308	0.00384012632939	0.00213971642879	0.0017004099006
NNNACTNT	12055	63577	63900	206	98	9.17543540424	0.00322970070395	0.00153129785306	0.00169840285089
TNTTTNAN	33857	83648	84514	419	279	7.14243243691	0.0049841198092	0.00329036595002	0.00169375385918
NCNNTTNT	25543	113144	114258	494	304	11.031380182	0.00434713740122	0.00265358495836	0.00169355244286
TNNTATNT	49180	79387	80491	289	156	9.79200909594	0.00362719011999	0.00193435589669	0.0016928342233
ATNNTTNT	49576	112971	115748	512	328	10.5450540255	0.00451168897544	0.00282573486337	0.00168595411208
NNANTNTT	77474	226551	231616	810	438	26.8338730494	0.00356261627984	0.00188749170452	0.00167512457532
NTNTANAT	98354	77323	76784	313	182	8.06464425932	0.00403163480859	0.00236468050828	0.00166695430032
NNANANAT	173306	246713	248517	1267	859	18.5502460409	0.00510928300669	0.0034445977159	0.0016646852908
NNNTNTCT	22452	101240	101301	384	215	11.1663060358	0.00377863496812	0.00211789274597	0.00166074222215
NNTTTNNT	145711	347538	356353	2058	1513	22.0667475896	0.00588679504342	0.00422783947064	0.00165895557278
NNNANTTT	66866	213900	218198	772	424	24.4408475403	0.00359618394574	0.00193942055237	0.00165676339337
NNNNCTTT	23537	114771	116232	352	164	16.2268094297	0.0030575992634	0.00140898312657	0.00164861613683
NTANTTNT	38310	88031	89628	385	244	8.17168378537	0.00435441549041	0.0027149724052	0.00163944308521
ANCNNTNT	18519	96399	97075	352	195	10.8067848749	0.00363820528987	0.00200472910455	0.00163347618531
NNGGNCNT	3300	46977	47809	129	53	7.85131727777	0.00273850464909	0.00110735029878	0.00163115435031
TTNNNTNT	146207	324802	330710	1714	1202	22.5017209794	0.00524935990886	0.00362144182795	0.0016279180809
NNGTNTNT	21528	77171	78279	277	153	8.89576283675	0.00357659332714	0.00195073439412	0.00162585893301
NNANATNT	164334	232507	234384	824	449	25.5782187447	0.00353146388607	0.00191199703619	0.00161946684988
TNNNTCTT	13420	77402	77930	206	81	12.768549704	0.00265436552933	0.00103831510941	0.00161605041992
ANATANNT	105237	96290	96516	389	233	9.34227589114	0.00402362457204	0.00240829362577	0.00161533094626
ANCNNNTT	18061	102402	103391	362	198	11.56755637	0.00352263438558	0.00191139985906	0.00161123452652
CTNNNTNT	21784	111043	111724	431	253	11.092602991	0.00386637242765	0.00225939255383	0.00160697987382
CNANNTNT	18144	97642	98384	347	191	10.8630311019	0.00354121380971	0.00193761095612	0.00160360285359
ANATATNN	114018	92554	92004	410	259	7.95163956224	0.00441030936707	0.00280719248236	0.00160311688471
NNCNNCTT	9150	73315	72983	206	88	10.9134963817	0.00280192053971	0.00120430813866	0.00159761240105
ANNTANAT	99508	86963	87027	356	217	8.08598571797	0.00407700500464	0.00248727706203	0.00158972794261
TANNNTNT	85353	180850	183539	718	436	16.7565375684	0.00395444131124	0.00236988721294	0.00158455409831
ATNNNTNT	169029	262173	264504	1048	637	23.495538926	0.00398144524943	0.0024024952761	0.00157894997333
TANNTCTN	7916	52562	52776	147	64	7.84227486451	0.00278889753173	0.00121120363361	0.00157769389812
TTNTNTAN	41564	80269	80885	309	183	7.95058027044	0.00383479361612	0.00225736418809	0.00157742942803
TNNCNNTT	23633	106914	106179	295	126	15.2921683078	0.00275163465754	0.00118526880203	0.00156636585551
TNANTTNT	30722	84604	85466	328	197	8.1287457737	0.00386191305986	0.00229970932608	0.00156220373378
NTTNNTNT	154357	357170	364494	1913	1378	22.2441891669	0.00532745911112	0.00376634451393	0.0015611145972
NNANTTNT	77324	239211	243287	979	615	20.3209073452	0.00407593988093	0.00252150453871	0.00155443534222
NCANNTNT	27559	115910	115973	407	226	12.0658034382	0.00349905860708	0.00194493928519	0.00155411932189
ATANNNTT	35470	68443	68924	239	133	7.4302236574	0.00347980548033	0.00192594523365	0.00155386024668
NNNAAANT	66863	212510	216266	1190	872	12.7392446709	0.00556855404773	0.00401587930256	0.00155267474517
NTTTNNNT	145327	340216	346609	1775	1267	21.455286984	0.00519019506361	0.00364210235831	0.0015480927053
ANNGNNTT	13518	66633	68018	228	127	7.40598044444	0.00341005967604	0.00186367305011	0.00154638662593
ATNNNTAT	104658	91380	90772	338	195	8.87876802371	0.00368520901023	0.00214363450482	0.00154157450541
NNNTTTCN	27847	131524	131193	549	344	10.9121920278	0.00415679207711	0.00261523373652	0.00154155834059
NTNTNNTT	155800	340283	347731	1711	1209	22.1034081186	0.00500301174874	0.00346477904511	0.00153823270364
TTNTNNTT	89743	171254	175944	1059	815	9.19814623274	0.00614579283049	0.00461079775287	0.00153499507762
NNNNAAAT	78818	223592	227358	1217	886	13.3997401163	0.00541348433559	0.00388181069382	0.00153167364177
NTNTTNNT	158609	382703	391165	2023	1464	23.1381630514	0.00525828771645	0.00372871081861	0.00152957689784
NTTTNNTT	89150	167326	171978	1100	865	8.36056571031	0.00653105815017	0.00500454169391	0.00152651645626
NNATATAN	112319	84591	83360	355	222	6.96030004178	0.00417912556212	0.00265607427437	0.00152305128776
NTANANNT	141456	194695	194865	767	469	16.5346436602	0.00392403638559	0.00240101569619	0.0015230206894
ANNCTNNT	13643	68822	69293	223	119	7.73312931388	0.00322977768122	0.00171440096813	0.00151537671309
NNNATNTT	92731	255286	259401	814	433	27.5631511563	0.00317844591956	0.00166644857871	0.00151199734085
NANCNNTT	17502	94605	94687	300	157	10.514157037	0.00316105579263	0.00165534983763	0.00150570595501
TNNATTNT	37862	83194	83624	291	166	8.30177313499	0.00348565610589	0.00198114333453	0.00150451277136
NANATTNT	34731	80964	82016	315	195	7.19242713442	0.00387553980733	0.00237194536011	0.00150359444722
ATNTANNT	99508	88091	87725	325	191	8.17606172586	0.00367580528411	0.00217252832249	0.00150327696162
ATATNNNT	107665	105035	105733	398	241	9.37400481444	0.00377490918403	0.00227414271425	0.00150076646978
NNGNTTNT	17291	85694	88164	311	187	8.23253832571	0.00361606883321	0.00211655782051	0.0014995110127
CNNTNNTT	23498	115030	116026	383	212	11.795201071	0.00331851697816	0.00182384418176	0.00149467279639
NTNNATTT	38428	86733	86857	256	126	10.4059142393	0.00294290082654	0.00144855891381	0.00149434191273
NNNCCNTT	9364	53160	52859	141	61	7.45182282655	0.00264535374571	0.00115268329554	0.00149267045017
NANTNTNT	85991	201341	206191	841	552	15.428646041	0.00415961856149	0.00266998157132	0.00148963699017
NNANATTT	31756	79042	79737	243	126	9.01690055065	0.00306489247651	0.00157770181436	0.00148719066215
NANGNNTT	17850	102564	105375	306	157	12.0981203439	0.00297462817148	0.00148770041314	0.00148692775833
ANNTNTAT	99808	84862	85275	324	198	7.46480256506	0.00380344188012	0.00231652100663	0.00148692087349
TGNNNTNT	21911	88881	89868	299	168	9.04781369063	0.0033527696793	0.00186592029855	0.00148684938075
NCNTNTNT	33206	138217	139216	545	341	11.3329061616	0.00392758824462	0.00244344604713	0.00148414219749
NTNNATNT	159029	230633	229687	814	468	20.8812379692	0.0035170038929	0.00203341226565	0.00148359162725
NGNNTNTT	18141	79250	81485	256	142	8.53089454242	0.00321988277614	0.00173962046872	0.00148026230743
ANNNTTNT	89052	241435	247064	1034	690	17.5723501684	0.00426446267358	0.0027850206253	0.00147944204828
NNTNCTTT	13166	59701	60566	182	95	6.89077626816	0.00303925989012	0.00156608034816	0.00147317954195
TNANNTNT	78701	211549	212643	761	451	18.459928174	0.00358438132919	0.00211643687762	0.00146794445157
NNCNTTNT	29247	127151	128971	519	337	9.76234293143	0.00406516801128	0.00260618059207	0.0014589874192
ANNNATNT	156609	247287	248043	887	527	21.058052421	0.00357410526485	0.00212012712717	0.00145397813769
ANANNTAT	104295	93827	94787	356	221	7.90109929227	0.00377987534905	0.00232611990569	0.00145375544336
TNNNCTNT	19927	89172	88883	279	149	9.23260139413	0.00311902605896	0.00167355557552	0.00144547048344
NTNCNTTT	15995	65740	66546	206	112	6.97770324419	0.00312376793134	0.0016802184284	0.00144354950294
NATNNNTT	89318	241324	243432	806	461	21.9754652287	0.00332879031925	0.0018901731497	0.00143861716955
NTTTNNAT	37276	92719	93657	331	199	8.17277905394	0.00355722729715	0.00212026934879	0.00143695794836
NACNTNNT	19323	99176	99754	321	179	9.70251252527	0.00322622792647	0.00179120010407	0.0014350278224
NNTTNTCN	27448	125128	124708	536	354	8.72140106865	0.00426534250064	0.00283059602437	0.00143474647626
ANCNTNNT	20644	111616	111990	371	211	10.4517025635	0.00331288453124	0.00188055364925	0.00143233088199
NTATNTNN	173086	233937	234098	1010	673	15.5814135136	0.00429884186646	0.00286662322007	0.00143221864639
TNNTTNNT	148315	352936	360170	1872	1390	18.5711571024	0.0052760929855	0.00384445181989	0.00143164116561
ATNTNNTT	47728	95881	97412	382	248	7.39271856725	0.0039682951913	0.00253942248618	0.00142887270512
NANCNTNT	21560	106892	107311	345	193	10.2316881516	0.00321717317717	0.00179528203602	0.00142189114115
NATNNTNT	97624	232399	235433	897	573	17.3247914708	0.00384490089843	0.00242790437531	0.00141699652312
NTNTNTAN	155376	196166	196192	753	474	14.6460881205	0.00382390729183	0.00241017766162	0.00141372963021
TNTNNNTT	150843	336067	341871	1561	1101	19.9339854904	0.0046234317059	0.00321017459151	0.00141325711439
NTNTTTNN	153115	338925	347201	2834	2405	10.8624908386	0.00829239317765	0.00687917255425	0.0014132206234
NTTNTNNT	153146	372447	380504	1899	1400	19.7102039804	0.00507284704525	0.00366584272487	0.00140700432037
TTTNNNNT	136858	321961	328435	1588	1154	17.7559624995	0.00490806647525	0.00350133044489	0.00140673603036
CNNANTNT	16704	82883	84390	265	151	7.96489810402	0.0031870880839	0.00178611561254	0.00140097247136
NNCNTCNT	12630	92850	91331	288	155	8.9492524837	0.00309218578883	0.00169424830029	0.00139793748854
CTNNNNTT	19915	116155	118003	335	175	12.2557221168	0.00287578332904	0.00148081707255	0.00139496625649
NTNTNTCN	27073	114645	113530	472	308	7.89634174438	0.00410017634233	0.00270559918481	0.00139457715752
ANANANNT	163722	252291	255291	1190	846	14.3897924141	0.0046946319448	0.00330291992176	0.00139171202304
CNTNNTNT	29974	138100	139596	514	325	10.4931234125	0.003708139149	0.00232273926001	0.00138539988899
NAGNNNTT	14111	106982	109986	454	314	7.15263300137	0.00422577162218	0.00284678150499	0.00137899011719
TTTNNNTT	84713	162941	167395	958	752	7.42313572476	0.00584506311814	0.00447227723361	0.00137278588453
ANANNTNT	156900	247364	250542	930	598	17.4940685834	0.00374555969939	0.00238114199251	0.00136441770687
NACNNNTT	18871	102496	103350	320	181	9.38833157605	0.00311235605353	0.00174826863452	0.00136408741902
NTANNNTT	77304	194709	197463	599	338	17.473278382	0.00306695066254	0.00170878812544	0.0013581625371
TTANNNTT	30562	74658	76309	231	132	7.04557237328	0.00308456515643	0.00172682199343	0.001357743163
NNNCTTNT	26047	133670	135792	502	325	9.63005031253	0.00374146617774	0.00238765179955	0.00135381437819
TNNANTNT	71915	174376	175529	566	331	14.5599230962	0.00323535800437	0.00188217900603	0.00135317899834
NTNNTCTT	12745	57770	58003	136	58	7.54797399994	0.00234863399302	0.000998949380824	0.0013496846122
NNTNTCTT	12406	53581	53884	123	51	7.21309459832	0.00229033219127	0.000945582645777	0.00134474954549
TNNTNTCN	25586	113172	112356	446	291	7.58215000196	0.00392543435019	0.00258329116621	0.00134214318398
TTNTNNNT	151725	338163	343091	1674	1234	16.7702704691	0.00492589094183	0.00358382342264	0.0013420675192
TNGNNNTT	16337	97295	99740	291	164	9.15154773539	0.00298198512082	0.00164157591288	0.00134040920794
NNAAANNT	77467	229360	233946	1150	857	11.4267088377	0.00498893757321	0.00364986818737	0.00133906938583
NNNTNTAT	167268	209246	210989	785	508	14.2518310622	0.00373754350548	0.00240192532282	0.00133561818266
NANNTCTN	17043	115809	115435	361	205	10.0049119607	0.00310751484893	0.0017727429955	0.00133477185343
TNTTNNTT	89815	176488	181437	1078	864	7.24516484886	0.00607098205738	0.00473941448484	0.00133156757254
NNCTNNTT	21188	111320	112216	363	216	9.12712603578	0.0032502708559	0.00192116123524	0.00132910962067
NATNTNNT	103757	235689	237359	891	581	15.5345092677	0.00376616789247	0.00244179204842	0.00132437584405
ANNNANAT	165437	269529	270422	1194	840	14.5083771888	0.00441041211866	0.00309663719946	0.0013137749192
NNTTTNCN	27414	126063	126254	526	360	7.55892799279	0.00415517935998	0.00284328747216	0.00131189188782
TANNTNNT	89987	234603	236356	790	485	17.2307672377	0.00335608960334	0.00204778733412	0.00130830226923
NNNANAAT	87323	231989	234210	1196	901	10.4547516851	0.0051289748483	0.00383223243489	0.0012967424134
TNNGNNTT	17636	92044	95189	265	151	8.37909683139	0.00287079266377	0.0015838053283	0.00128698733547
TNTTNNNT	147976	345323	351074	1744	1318	15.3305148979	0.00502496636096	0.00374015301142	0.00128481334954
NNTANTNT	82598	196111	197752	616	367	15.013085536	0.00313124278823	0.00185242202918	0.00127882075904
NNTNCTNT	23405	113143	113829	329	185	9.71977329436	0.00289939368302	0.00162260774993	0.0012767859331
NNATANNT	157558	219652	219623	782	501	14.2194498165	0.00354754711161	0.0022759898966	0.001271557215
NTNNANAT	146992	217460	217048	827	548	13.0302200385	0.00378859025045	0.00251842864759	0.00127016160286
CTNTNNNT	21350	102254	102527	332	202	7.68332756094	0.00323630904802	0.00196633861909	0.00126997042893
TNNANNTT	73094	201872	203935	577	324	16.8664267199	0.00285010051914	0.00158622141497	0.00126387910417
NNATNNTT	89946	248799	252597	760	452	18.9293586883	0.00304537203627	0.00178621531798	0.00125915671829
NTNNCTNT	20944	98450	98729	291	167	8.10317378806	0.00294710403986	0.00168864261446	0.0012584614254
NANNNAAT	77013	211246	213402	950	690	10.3520907729	0.00447699296876	0.00322291351382	0.00125407945495
TTNNTNNT	145557	358855	365145	1724	1294	15.8704590272	0.00478119912696	0.00353128351513	0.00124991561183
ATNNANNT	142489	213702	213808	729	462	13.8848393404	0.00339969500679	0.00215615811826	0.00124353688852
NNCTTNNT	24061	132783	133990	476	313	8.40185125562	0.0035719913852	0.00233055106736	0.00124144031783
TANANNNT	78991	165733	165594	565	358	10.8551475797	0.00339751530385	0.00215725028924	0.00124026501461
NNNNATAT	174918	236010	236109	833	541	14.3698809968	0.0035170978243	0.00228607648426	0.00123102134004
TNNNNTCT	20957	108838	108038	359	223	7.41923804381	0.00328763610722	0.0020598368757	0.00122779923152
NNTCNNTT	24242	114840	114397	286	144	10.8396278981	0.00248423466463	0.00125719174793	0.0012270429167
NNTANNTT	78210	241412	244201	676	383	19.2443219316	0.00279237302138	0.00156592418147	0.00122644883991
NANANNTT	76495	225032	228256	854	585	12.6157498333	0.00378066812463	0.00255636009282	0.00122430803181
NTNATNTT	36517	96298	98192	264	149	8.18216968817	0.00273399473913	0.00151513610803	0.0012188586311
NNANCTNT	14472	88765	88551	252	143	7.18585992239	0.00283091993664	0.00161228493472	0.00121863500192
NNNANCTT	15231	104637	104985	264	137	9.58031674353	0.00251665856379	0.00130324765511	0.00121341090868
TNAANNNT	52800	166150	166858	598	397	9.80250472109	0.00358624991004	0.00237362111746	0.00121262879259
NNTTNNCT	20894	117168	117371	416	274	7.13393532781	0.00353789631242	0.00232904075821	0.00120885555421
NTATNNNT	166580	238644	239543	839	551	14.05962539	0.00350338019818	0.00229493448399	0.00120844571418
TNNNNCTT	24838	148441	148618	331	152	15.2803663823	0.002224881026	0.00102171136654	0.00120316965946
TNNTNNTT	147200	368037	374837	1646	1222	16.2501708143	0.00445246332669	0.00324949010661	0.00120297322008
CNANNNTT	15239	85432	86217	227	125	7.33072502807	0.00265004261082	0.0014477311158	0.00120231149502
CNNTTNNT	25849	126205	126603	480	329	6.95984677703	0.00378892528713	0.00259193899096	0.00119698629617
TNTANNNT	85459	170422	171448	529	327	11.4345486162	0.00309445396634	0.00190365303449	0.00119080093185
ANNNNCTT	17824	113263	113412	305	170	9.12757320124	0.00268561566638	0.00149671602895	0.00118889963744
NATCNNNT	16824	83793	83676	218	118	7.13416300886	0.00259489828713	0.00140821538535	0.00118668290178
NANNTCNT	21886	143898	144109	397	226	11.0460006697	0.00275130808413	0.00156580178058	0.00118550630355
NNNATTNT	87324	232849	235891	776	505	14.0898264787	0.0033215623328	0.00213624596017	0.00118531637263
TNNGTNNT	20039	110506	111906	321	192	8.14535083756	0.00289640611042	0.00171278702564	0.00118361908479
TTNNNNTT	137095	334605	341621	1443	1066	14.9462520652	0.00429402942437	0.00311071035668	0.00118331906769
TGNNNNTT	20389	92547	93433	227	119	8.27058452675	0.00244680621726	0.00127201983923	0.00117478637803
NNTGNNTT	19629	86822	88174	225	125	7.2512995568	0.00258481050467	0.00141564457129	0.00116916593338
NTTNNNTT	139241	346814	353478	1500	1115	14.8389137964	0.00430645911448	0.00314445011605	0.00116200899843
GNANNTNT	23722	104452	106399	323	205	6.930131014	0.00308279646862	0.0019230047653	0.00115979170332
ATNTNNNT	165437	271433	273499	924	614	14.9634254913	0.00339260602812	0.00223995213653	0.00115265389159
NNNTTTAN	68519	180007	182768	677	476	9.07999413128	0.00374687299373	0.00259762939032	0.00114924360341
NTNTATNN	167270	211963	211007	765	518	10.9099037424	0.00359614155165	0.00244888311074	0.00114725844091
ATNTNTNN	173306	249499	249200	1203	914	9.29944388251	0.00479852573972	0.00365433362387	0.00114419211586
ATNNNNTT	85467	215326	218065	685	443	12.7952595204	0.00317113480332	0.00202738572501	0.00114374907831
TATNNNNT	101312	199055	199930	670	443	11.0946537851	0.00335461259231	0.00221087671493	0.00114373587739
TANNNCTN	16914	107116	105942	287	163	7.85897620839	0.00267217861698	0.00153621412752	0.00113596448947
NTNTANNT	151042	212874	212835	739	497	11.1067049965	0.00345952727596	0.00232970206064	0.00112982521532
NTNNNTAT	162338	219880	219977	758	509	11.483674433	0.00343549161976	0.00230853659643	0.00112695502333
TNCNNNTT	27527	129817	130355	359	213	8.98914010146	0.00275780481809	0.00163133386435	0.00112647095375
NNNTANAT	154341	193966	193768	693	474	9.67932378092	0.00356007171515	0.00244025493971	0.00111981677544
TNANNNTT	66856	205688	208174	572	345	13.6518366189	0.00277319887521	0.00165452548689	0.00111867338832
ANANNNAT	169029	259990	262002	1109	824	10.4350575113	0.00424743105106	0.0031351540563	0.00111227699476
CNTNNNTT	28191	167435	168919	467	283	10.9666482278	0.00278138437898	0.00167255706197	0.00110882731701
NNTATNNT	103671	224172	225939	685	439	12.9643346597	0.00304638058855	0.0019392343779	0.00110714621065
NNAANTNT	64550	193309	196261	638	430	10.3064968942	0.00328955848763	0.00218617018572	0.00110338830191
AANNNTNT	75033	205528	208839	731	511	10.0552490379	0.00354408777314	0.00244088846429	0.00110319930885
NNTTNNTT	144457	362201	370143	1706	1334	12.5793229881	0.00468801094785	0.00359107024123	0.00109694070663
TNNCNTNT	28721	126038	125081	387	247	7.21882200569	0.003061103421	0.0019708285459	0.00109027487511
CNTNTNNT	32022	159811	160762	507	334	8.72923060153	0.0031624646016	0.00207329790932	0.00108916669228
NNNNATTT	78818	226735	228482	627	383	14.0693421345	0.00275771676885	0.00167347562974	0.00108424113912
NNANNTAT	157558	217915	219545	778	546	10.0208167246	0.00355749841101	0.00248079203602	0.00107670637499
TTNTNTNN	156762	337902	342668	2211	1869	8.09736846212	0.00650078062291	0.00542467137056	0.00107610925235
NTNTNNAT	157821	239130	239402	787	529	11.8889473219	0.00328030110413	0.00220480054682	0.00107550055731
ANNTNNTT	84065	246093	251341	833	579	11.9654148445	0.00337348031394	0.00229834868212	0.00107513163182
NTTANNTT	28975	90641	92576	218	123	6.89036622129	0.00239932202644	0.00132687515507	0.00107244687136
NTNCNNTT	26839	123181	123278	299	167	8.8961494478	0.00242144476838	0.00135282919519	0.0010686155732
ANNNNAAT	80921	211288	213427	957	737	7.4628365911	0.00450894013993	0.00344128798491	0.00106765215502
NNATATNN	174918	237817	236263	835	577	10.6994414176	0.00349881836314	0.00243624387772	0.00106257448542
NANANANT	85990	202609	204544	939	729	6.93767456222	0.0046131624973	0.00355136817799	0.00106179431931
AAANNNNT	83828	233074	238798	982	752	8.68821733324	0.00419557712684	0.00313921936965	0.00105635775719
TTANNNNT	71675	187018	187781	573	376	9.85688310623	0.00305451754082	0.00199833118088	0.00105618635994
NANNANAT	103757	232838	235695	1042	804	8.09249378721	0.00445527621002	0.00339959154161	0.00105568466841
NCNTNNTT	28237	140451	141831	439	293	7.38225735918	0.00311590602598	0.00206158002871	0.00105432599727
NTANNTAN	140590	176810	176055	585	397	8.41871155756	0.00329772541503	0.00224990365652	0.00104782175852
TNNNATNT	92656	204601	206183	623	411	10.6133694213	0.00303570732468	0.00198940917936	0.00104629814532
ANTNNTNT	84436	225158	227193	789	558	9.87214445351	0.00349196935565	0.00245004412714	0.00104192522851
NAANNTNT	76495	223352	227251	734	509	10.5316221772	0.00327552814544	0.00223480857043	0.00104071957502
NTCNNNTT	24519	119327	120239	319	196	7.31353348438	0.00266619861926	0.0016274338855	0.00103876473376
NANAANNT	83371	245360	248483	1132	889	7.80941131721	0.00459244113399	0.00356495516738	0.00102748596661
NTNANANT	62389	180431	182527	571	391	8.55155993649	0.00315466127446	0.00213756984004	0.00101709143442
ATANNTNN	157558	220554	218873	841	611	8.31945268885	0.00379864043903	0.00278380200835	0.00101483843069
NANANTNT	77380	192676	195026	631	440	8.69374975152	0.00326423771514	0.00225103086982	0.00101320684532
NNNAANAT	92731	254203	255583	1176	923	7.70098220228	0.00460492052988	0.00359835637373	0.00100656415615
ANNTTNNT	79915	261686	267235	924	674	10.4991310387	0.00351852557024	0.00251577961173	0.0010027459585
NAAANNNT	77073	234708	239839	1021	801	7.62297184783	0.00433124477684	0.00332862367021	0.00100262110663
NANTNNTT	72223	241055	244810	734	499	11.3657348128	0.00303570468466	0.00203416914993	0.00100153553473
ANANNNTT	75033	207465	211246	662	462	9.33178119009	0.00318075021501	0.002182251025	0.000998499190016
CNTANNNT	19382	116613	117166	284	168	7.30780689119	0.00242948920845	0.00143181004653	0.000997679161915
TNANANNT	70861	198347	199976	630	435	8.89301241032	0.00316619508787	0.00217053954124	0.000995655546632
ANATNNNT	156609	246703	249103	819	578	10.3648617603	0.00330879679382	0.00231495388115	0.000993842912668
NTANATNN	154341	194932	193701	687	489	7.73781600567	0.00351192880037	0.00251815232504	0.00099377647533
NANTTNNT	70740	241577	245380	825	597	9.54062187434	0.00340343726537	0.00242705618818	0.000976381077189
NNAANNTT	56766	191465	194679	569	389	8.79459864638	0.00296301696575	0.00199417638977	0.000968840575974
NTNNAANT	55031	179388	181263	614	444	7.07236108338	0.0034110732103	0.0024434941967	0.000967579013596
ATANNNNT	157264	233212	234371	762	539	9.34639897323	0.00325677211998	0.00229449576434	0.000962276355644
AANNTNNT	65603	222922	226499	715	508	9.13980138336	0.00319714537398	0.002237816455	0.000959328918977
NAANANNT	92761	279094	284774	1134	882	8.7904460391	0.00404670482607	0.00308762987649	0.000959074949575
ANNAANNT	79915	262523	264047	1143	896	7.58821367956	0.00433502992422	0.00338185949431	0.000953170429916
AANNNNTT	66082	249139	253833	888	662	8.90185126315	0.00355161642543	0.00260122988664	0.000950386538788
NTNNATAN	148454	182363	180244	598	419	7.14656046093	0.00326845611906	0.00231923526123	0.000949220857831
TNNTNTAN	88436	201718	201338	722	530	7.07068927172	0.0035664888362	0.00262547803515	0.000941010801047
NNATNTAN	154341	194613	193807	666	480	7.14387661532	0.00341050496981	0.00247057188592	0.000939933083891
ANNNNTAT	157264	232193	232619	727	509	9.23792473509	0.00312124334535	0.00218334991936	0.000937893425997
NTNANTNT	71800	195216	196842	546	367	8.72953021651	0.00278910105128	0.00186096983403	0.000928131217243
NTTTNNAN	76754	222268	223345	810	606	7.36353000636	0.00363101695371	0.00270594906922	0.000925067884495
NAANNNAT	89318	237111	240572	962	752	7.02860440833	0.00404077740861	0.00311614261325	0.00092463479536
TNNATNNT	90379	215281	215676	609	410	9.31594639563	0.00282088100422	0.00189739270476	0.000923488299459
NNTNATNT	90238	232001	233056	673	465	9.26224097049	0.00289245897694	0.00199125560442	0.000901203372517
NANNATNT	92813	225097	227597	688	491	8.41360845687	0.00304714662179	0.00215267791379	0.000894468707999
NTNAANNT	55782	191118	191563	567	397	7.35229243428	0.00295797793255	0.00206813919567	0.00088983873688
TANNANNT	72655	222695	224075	620	426	8.86673331644	0.00277634731209	0.00189754165906	0.000878805653036
TTNANNNT	60918	183444	185565	505	348	7.42748205942	0.00274532615018	0.00187184328153	0.000873482868648
ANNANNTT	65603	224407	227757	725	537	7.46858059135	0.00322033296022	0.00235223001919	0.000868102941033
NANATNNT	92813	226320	227801	699	505	7.83961832676	0.0030790374374	0.00221194361953	0.000867093817867
TANTNNNT	75463	200390	201957	603	434	7.0209592935	0.00300010448125	0.00214436412686	0.000855740354387
TNATNTNN	90237	232643	232316	794	593	7.02217439047	0.00340134597343	0.00254605876115	0.000855287212285
NTTANNNT	66970	199599	201899	510	343	8.29495652924	0.002548611007	0.0016959879748	0.000852623032199
NAANNNTT	61770	212454	216360	614	442	7.54777880054	0.00288170912573	0.00203872658001	0.000842982545712
ATTNNNNT	80921	213050	214346	625	449	7.25498895825	0.002925002925	0.00209036523197	0.000834637693038
NNATTNNT	83525	240627	243709	737	542	7.78137110817	0.00305347939212	0.00221902878596	0.000834450606159
ANTNNNTT	69560	210790	213502	614	445	7.08901777936	0.00290439159146	0.00207995438123	0.00082443721023
NTNANNTT	63279	220021	223286	494	319	9.54524152003	0.00224021041652	0.00142662283938	0.000813587577143
NTTNNANT	60638	186289	187510	461	314	7.00743601026	0.00246854082999	0.00167177783457	0.000796762995418
ANNTANNT	144766	261753	262820	793	588	7.56332890278	0.00302042308776	0.00223227844257	0.000788144645195
ATNNTNNT	104013	287175	290798	885	667	8.04305756116	0.00307227660904	0.00228843943527	0.000783837173773
