#Sequence	Occurrence	Forward Match	Backward Match	Forward Mismatch	Backward Mismatch	Strand Bias Score	FER (Forward Error Rate)	RER (Reverse Error Rate), ERD (Error rate Difference)
TCNATNTTTT	784	3021	2994	48	5	9.16445054755	0.0156402737048	0.00166722240747	0.0139730512973
NNTATATTTT	4688	5228	5435	66	14	8.31745800432	0.0124669437099	0.00256927876675	0.00989766494311
TNTNTATTTT	6293	7856	8065	84	20	9.50008329546	0.0105793450882	0.00247371675943	0.00810562832873
NTATATATNT	55818	10760	10443	98	24	9.88292456194	0.00902560324185	0.00229292060762	0.00673268263423
NTNTATATAT	53409	9778	9339	82	17	9.21890759314	0.00831643002028	0.00181701581873	0.00649941420156
TNTTTTTTNT	35049	31911	35512	663	513	9.05765769203	0.0203536562903	0.014240111034	0.00611354525629
ANNTATATAT	53462	9882	9481	78	18	8.19265016468	0.0078313253012	0.00189493630909	0.00593638899212
ATATATNTNT	56274	12298	11915	112	37	8.31308448354	0.00902497985496	0.00309571619813	0.00592926365683
ANATATATNT	56172	11748	11395	95	24	9.34523156733	0.00802161614456	0.00210176022419	0.00591985592037
ATNTATATNT	53836	11167	10678	92	25	8.29620278118	0.00817124078515	0.0023357937027	0.00583544708245
ATATANATNT	53389	10803	10397	85	22	8.13186730851	0.00780675973549	0.00211152701795	0.00569523271754
