#Sequence	Occurrence	Forward Match	Backward Match	Forward Mismatch	Backward Mismatch	Strand Bias Score	FER (Forward Error Rate)	RER (Reverse Error Rate), ERD (Error rate Difference)
TTTTTTTTTT	16152	13441	16119	418	289	12.1012319437	0.0301609062703	0.0176133593369	0.0125475469334
TTTTTTTTNT	18256	16937	19959	472	324	13.0702984852	0.0271124131197	0.0159739683479	0.0111384447718
TTNTTTTTTT	18027	16912	19852	452	326	10.5628251459	0.0260308684635	0.0161562097334	0.00987465873011
TTTTTTTNTT	17920	16844	19694	433	304	10.926094393	0.0250622214505	0.015201520152	0.00986070129847
TNTTTTTTTT	18464	17136	20065	461	336	10.2763529827	0.0261976473262	0.0164697808931	0.00972786643316
TTTNTTTTTT	18079	17052	19928	449	323	10.4097193546	0.0256556768185	0.015949829638	0.00970584718042
TTTTTNTTTT	18032	17264	20071	431	300	10.9534514878	0.0243571630404	0.0147268175347	0.00963034550568
TTTTTTNTTT	17859	16849	19530	424	298	10.3341760088	0.0245469808371	0.0150292515634	0.0095177292737
TTTTNTTTTT	18169	17627	20470	447	318	10.507007426	0.0247316587363	0.0152972868963	0.00943437184002
TNTTTTTTNT	21648	23034	26467	534	382	11.7092503974	0.0226578411405	0.0142277179783	0.00843012316221
TTTTTTNTNT	21089	22784	25842	486	335	11.5602841594	0.0208852599914	0.0127974939833	0.00808776600814
TTTTTTTNNT	21242	23138	26513	506	358	11.4452948404	0.0214007782101	0.0133229131778	0.00807786503234
TTNTTTTTNT	21375	23496	26971	523	376	11.2438586251	0.0217744285774	0.0137492229495	0.00802520562788
TTTNTTTTNT	21656	23464	26770	518	369	11.2277057836	0.0215995329831	0.0135966690003	0.00800286398274
TNTNTTTTTT	21929	22973	26467	528	389	10.5334296144	0.0224671290583	0.0144846589217	0.00798247013668
TTTTTNTTNT	21370	24037	27262	497	343	11.7639154227	0.0202576016956	0.0124252852744	0.0078323164212
TTTTNTTTNT	21371	23650	26957	505	358	11.1131705459	0.020906644587	0.0131063518213	0.0078002927657
TTNTNTTTTT	20988	23232	26601	502	365	10.2850553822	0.0211510912615	0.0135355633019	0.00761552795955
TTTNTNTTTT	20946	23334	26601	478	341	10.3358585037	0.0200739123131	0.0126568183505	0.00741709396259
TNTTTNTTTT	21549	23323	26595	495	361	9.86723215144	0.0207826013939	0.0133921946876	0.00739040670626
TNTTNTTTTT	21637	24059	27423	509	376	9.63414283636	0.0207180071638	0.0135256663909	0.00719234077291
TTTTTNTNTT	20747	22858	25882	448	316	9.85054024355	0.0192225178066	0.0120619894648	0.00716052834173
TTNTTTTNTT	21247	23173	26425	470	341	9.58833836456	0.0198790339635	0.0127400433386	0.00713899062498
TTNTTNTTTT	21117	23714	26974	484	352	9.66524282856	0.0200016530292	0.012881504794	0.00712014823521
NTTTTTTTNT	22148	23648	26846	531	407	8.46906362379	0.0219612060052	0.0149341356915	0.00702707031373
TTTTTNNTTT	20725	23275	26176	447	313	9.81405716545	0.0188432678526	0.0118162256031	0.00702704224955
TTTTNTNTTT	20805	23336	26357	464	333	9.47243578705	0.0194957983193	0.0124765829899	0.00701921532944
TTTTNNTTTT	21118	24429	27524	474	335	10.1111993909	0.0190338513432	0.0120248393697	0.00700901197353
TNNTTTTTTT	21553	23419	26776	524	405	8.35321243443	0.0218853109468	0.0149001140503	0.00698519689658
TNTTTTTNTT	21511	23686	26992	482	355	9.25611295524	0.0199437272426	0.0129813142209	0.0069624130217
TTNNTTTTTT	20986	23493	26683	509	386	8.53846374093	0.0212065661195	0.014259854446	0.00694671167344
TTTNTTNTTT	20803	23400	26400	461	334	9.05059857356	0.0193202296635	0.0124934540286	0.00682677563489
TTTTNTTNTT	21119	24420	27520	471	337	9.62725090745	0.0189225021092	0.0120974979359	0.00682500417331
TTTNTTTNTT	21934	23828	27021	469	342	9.17683044475	0.0193027945837	0.0124986295362	0.00680416504746
TNTTTTNTTT	21641	23414	26419	474	351	8.54427130446	0.0198425987944	0.0131116921928	0.00673090660162
TTNTTTNTTT	21746	23717	26830	471	347	8.76696148493	0.0194724656855	0.0127681495382	0.00670431614725
TTTTTTNNTT	20615	22896	25897	441	320	8.73071239115	0.0188970304666	0.0122058206507	0.00669120981592
TTTNNTTTTT	21240	24428	27578	496	372	8.4906795991	0.0199004975124	0.0133094812165	0.00659101629598
