#Sequence	Occurrence	Forward Match	Backward Match	Forward Mismatch	Backward Mismatch	Strand Bias Score	FER (Forward Error Rate)	RER (Reverse Error Rate), ERD (Error rate Difference)
CCCC	22743	480654	479652	2331	1173	83.5225612632	0.00482623683965	0.00243955701139	0.00238667982827
TTTT	87612	1258663	1293300	3762	2188	101.025527703	0.00297997900865	0.00168893884004	0.00129104016862
ACCC	28955	584486	587432	1680	1106	27.2998313778	0.00286608230433	0.00187923294673	0.000986849357605
NCCC	116790	2484494	2459156	7805	5362	94.1559289845	0.00313164672457	0.00217567897658	0.000955967747992
CCTT	32550	548445	558767	841	404	36.1115728711	0.0015310785274	0.000722498126691	0.000808580400706
CTTT	54209	883560	893453	1398	695	54.0711990257	0.00157973598747	0.000777276245096	0.000802459742375
NTTT	263689	4089301	4155595	7592	4544	178.235102767	0.00185311161409	0.00109227119575	0.000760840418348
CCCT	22726	422696	415703	1135	801	12.1983565125	0.00267795418457	0.00192315079807	0.000754803386497
ACCT	31880	578078	577460	1073	678	20.2061438353	0.00185271198703	0.00117273038617	0.000679981600859
CCCN	116790	2508886	2469378	6941	5206	49.0982353843	0.00275893374226	0.00210378794981	0.000655145792451
TNTT	231503	3479879	3520447	5677	3478	121.506522465	0.00162872150096	0.000986967656803	0.000641753844157
TTTN	263689	4089195	4133070	9600	7083	89.5555513939	0.00234215177875	0.00171080633977	0.000631345438989
TCCC	28141	540883	525159	1358	986	11.4125557009	0.00250442146573	0.00187400811563	0.000630413350099
AAAC	59080	1042830	1058786	2137	1574	21.4344465196	0.00204504065679	0.00148440152401	0.000560639132776
CCGG	60882	1359971	1364155	2332	1573	33.599034681	0.00171180713835	0.00115176667682	0.000560040461533
TTNT	225739	3390894	3426460	6112	4401	65.571555968	0.00179923144086	0.00128276837797	0.000516463062896
NCCT	121730	2284031	2272642	4241	3079	39.8995135572	0.00185336358615	0.00135297780352	0.000500385782629
AAAT	62788	901384	907060	1714	1275	15.5335651284	0.00189791141161	0.00140366714923	0.000494244262373
CTTC	48947	914575	901700	1371	914	19.4259861165	0.00149681313091	0.00101261447307	0.00048419865783
GGGT	28955	588975	601092	1031	764	10.6959965502	0.00174743985654	0.00126940663547	0.00047803322107
CTTN	149182	2534435	2526012	3562	2347	54.5182981495	0.00140346895603	0.000928270075571	0.00047519888046
CNTT	194611	3386501	3417465	3917	2337	91.0437013471	0.0011553147724	0.000683372897027	0.000471941875369
TTTG	56296	982254	991338	2192	1746	12.7769631958	0.00222663305047	0.00175815943062	0.000468473619845
GCCT	39393	821822	826015	1402	1023	14.1930464352	0.00170306016345	0.00123694437257	0.000466115790887
NCTT	149182	2525189	2531168	2624	1450	75.2473202294	0.00103805146979	0.000572530085469	0.000465521384319
GTTT	59080	1052977	1063866	1348	874	24.0237226215	0.00127854314372	0.000820857674174	0.000457685469544
AATT	46876	635713	643730	769	484	15.7675767056	0.00120820384551	0.000751303138398	0.000456900707115
NNTT	806044	13176386	13319495	15862	10147	287.543925472	0.00120237278741	0.000761235748117	0.000441137039296
TCTT	40364	625805	621091	655	389	15.1745758386	0.0010455575775	0.000625925210787	0.000419632366712
TCGG	36180	746173	756660	1163	866	11.226277259	0.00155619426871	0.00114319508505	0.000412999183656
TTTC	66018	1106879	1106296	2375	1917	11.4424553329	0.00214107859877	0.0017298118683	0.000411266730474
TTGG	30607	594850	603662	993	760	8.29482314874	0.0016665463889	0.00125739963138	0.000409146757514
GCTT	45783	865115	868798	747	416	21.7161019971	0.000862724083052	0.000478593303835	0.000384130779217
TATT	51470	693604	698026	658	397	15.2774181308	0.000947768997871	0.000568423433936	0.000379345563935
AAAG	54209	875101	892763	1684	1396	7.97536111884	0.00192065329585	0.00156124358196	0.00035940971389
GCCC	36951	878471	866913	2436	2097	5.30877030395	0.00276533164114	0.00241309075845	0.000352240882689
CTAC	20718	370328	371525	472	343	5.22348911549	0.00127292340885	0.000922370303441	0.000350553105405
CTNT	143848	2417828	2417122	3077	2231	30.2897386861	0.00127101228673	0.000922147367499	0.000348864919229
ANTT	178130	2651832	2675831	2766	1863	41.149899911	0.00104196567616	0.000695747908462	0.000346217767697
NTTN	806044	13184410	13233713	21218	16714	121.054944626	0.00160673918726	0.00126139331208	0.000345345875182
CCCA	31358	692667	677409	1371	1107	5.63787927348	0.00197539615986	0.00163150168898	0.000343894470884
ATTT	62788	894101	904976	1084	787	11.9070912042	0.00121092288186	0.000868880711621	0.000342042170241
ACTG	49329	927473	920318	1284	961	10.4107789916	0.00138249294487	0.00104311506069	0.000339377884179
NTNT	696762	11124186	11179648	15345	11665	114.145031134	0.0013775265763	0.00104232631149	0.00033520026481
NCGG	207156	4664607	4722255	6583	5115	45.1570895787	0.00140927686521	0.0010819969666	0.000327279898609
GGCT	42278	902363	913764	1341	1067	8.35435766514	0.0014838929561	0.00116633564013	0.000317557315966
ACGG	44166	928232	943169	1173	896	9.88683825059	0.00126209779375	0.00094908719209	0.00031301060166
TTNG	148944	2679668	2698026	4927	4122	17.7453218438	0.00183528614186	0.00152545308399	0.000309833057867
AAAN	263689	4103433	4135796	8441	7225	23.6548301309	0.00205283527657	0.00174389654313	0.000308938733441
AANT	178130	2651395	2682080	3824	3042	22.362743562	0.00144018252355	0.00113290941715	0.0003072731064
NAAC	193131	3512213	3546312	5147	4130	27.4498511053	0.00146331339414	0.00116323545068	0.000300077943452
CCNT	146413	2828652	2807572	4240	3381	20.6592471105	0.00149670372185	0.001202794924	0.000293908797851
AGTT	37981	636194	644613	532	351	9.38884659947	0.000835524228632	0.000544216421382	0.00029130780725
GNTT	201800	3658174	3705752	3502	2469	42.8911307444	0.000956392646427	0.000665817921855	0.000290574724572
GNCT	129924	2593825	2609334	3674	2938	19.7526023246	0.00141443750315	0.00112469145633	0.000289746046826
NATT	200042	3024077	3058306	2864	2018	35.0288902094	0.000946169746949	0.000659407304586	0.000286762442363
ACTT	30485	485824	482512	381	241	7.38684285448	0.000783620077951	0.000499220098063	0.000284399979888
TNTN	696762	11125779	11125834	17098	13926	71.6397545142	0.001534433163	0.0012501166991	0.000284316463894
CCTN	121730	2286126	2264229	3108	2441	17.0115319408	0.00135765937427	0.00107691018101	0.000280749193257
GTAC	28740	546509	549124	643	492	5.23016228936	0.00117517618505	0.000895170446275	0.00028000573877
AATG	52099	853103	857652	1357	1124	5.77070466819	0.00158813753716	0.0013088395577	0.000279297979462
GGNT	162946	3199277	3262211	4037	3219	24.6763324041	0.00126025734599	0.00098578135192	0.000274475994066
CCNC	153274	3557357	3511517	5489	4483	20.3047640574	0.00154062230026	0.00127502844141	0.000265593858852
GGAT	44373	803899	828705	906	716	6.94275289517	0.00112573853294	0.000863252799242	0.000262485733695
ACNT	130130	2251820	2244307	2699	2101	16.7096412128	0.00119715114399	0.000935270885787	0.000261880258204
CGTT	55753	1095778	1103133	889	608	12.747561764	0.000810638051478	0.000550853868797	0.000259784182681
ANAC	144022	2563380	2581981	3955	3325	13.7815752248	0.00154050795864	0.00128611468043	0.000254393278213
TTAA	50688	706144	701152	664	484	6.60909979744	0.000939434754559	0.000689816372022	0.000249618382537
CCGT	44166	946956	936531	1268	1020	6.00989752303	0.00133723677106	0.00108794081602	0.000249295955039
NTTC	199731	3502085	3478011	5734	4834	16.2918533215	0.00163463394206	0.00138794577422	0.000246688167843
TTNN	806043	13196922	13211219	21532	18317	58.2709943447	0.00162893482097	0.00138455347187	0.000244381349103
NTTG	177438	3195946	3213331	5059	4323	14.3643153313	0.0015804411427	0.0013435254381	0.000236915704605
GTNT	144022	2587080	2601460	3004	2409	15.884729098	0.00115980794445	0.000925161749689	0.000234646194764
TNTG	174105	3090648	3092958	4826	4106	13.6546546711	0.00155905040714	0.00132577176319	0.00023327864395
CTAN	62668	982900	979341	1006	774	7.16717129803	0.00102245539716	0.000789703249109	0.000232752148053
GTAT	32798	538775	541618	503	380	4.5393562018	0.000932728574131	0.00070110959819	0.00023161897594
CAAC	49962	990855	995498	1244	1021	5.74146234897	0.00125390712016	0.00102456651604	0.000229340604114
GCNT	195293	4002591	4015897	4430	3548	22.8463872971	0.00110555946675	0.000882708931208	0.000222850535538
CGGT	58733	1285281	1310701	1558	1297	7.14352320378	0.00121071866799	0.000988568580135	0.000222150087857
GNNT	640543	12085297	12215152	13697	11136	64.6707172425	0.00113207759257	0.000910824282889	0.000221253309677
ACTN	119131	2048447	2024055	2334	1862	11.2221393076	0.00113810299588	0.00091908997259	0.000219013023293
NGGT	175686	3610109	3678963	4733	4022	16.5996540207	0.00130932416963	0.00109204897658	0.000217275193054
NCNT	624235	11605905	11560847	14039	11473	55.0916372004	0.00120818138194	0.000991417451298	0.000216763930644
NAAG	149182	2492085	2545971	3826	3356	9.91223305295	0.00153290722305	0.00131642586455	0.000216481358502
NTAC	125251	2139264	2141957	2716	2257	10.1970753926	0.00126798569548	0.00105260016025	0.000215385535233
ANNT	631734	10053497	10116962	11980	9887	47.5802871546	0.0011902068824	0.000976315535069	0.000213891347327
GGGN	116790	2460568	2523473	5052	4641	7.18153545495	0.00204897753912	0.0018357558243	0.000213221714816
TANT	139161	1953476	1957048	1886	1472	12.1468092662	0.000964527284462	0.000751587933746	0.000212939350716
ANCT	140321	2429193	2431435	3094	2581	11.0627693485	0.00127205383246	0.00106038744199	0.000211666390474
TNNT	744240	12101297	12150600	14539	12143	50.0423687776	0.00119999973588	0.000998376764189	0.000201622971694
NAAT	200042	3044900	3057223	3904	3304	12.2922493918	0.00128050212477	0.00107955263914	0.000200949485631
CAGG	59234	1175519	1198526	1638	1429	4.74781154639	0.00139148813625	0.00119087799126	0.000200610144989
CNNT	703178	13279330	13315682	15490	12866	55.4965363452	0.00116511543594	0.000965296444894	0.000199818991043
CCNG	239122	5215502	5168515	8420	7322	15.5090312083	0.00161181579664	0.00141465042272	0.000197165373913
ACNC	138255	2828345	2820426	3987	3422	9.88697310397	0.00140767395913	0.00121182159946	0.000195852359663
ATNT	183153	2728384	2734606	3152	2624	11.6447403816	0.00115392951072	0.000958633362925	0.000195296147797
NCGT	170187	3511185	3506036	4147	3462	14.1160008325	0.00117968942905	0.000986465870617	0.000193223558432
GCGT	58871	1328325	1333508	1442	1191	6.17317290769	0.00108440050024	0.000892336024827	0.000192064475411
NCTG	249354	5096336	5066043	6684	5669	17.8123467133	0.00130981262076	0.00111776851682	0.000192044103938
CNGG	239122	5159186	5222435	7663	6760	15.7521806893	0.00148310895093	0.00129274199949	0.000190366951444
CCNN	646400	13819023	13654329	20984	18132	39.1744901121	0.00151618420424	0.00132616944382	0.000190014760424
NGTT	193131	3537819	3574426	2782	2135	20.9723691203	0.000785742307591	0.00059694214638	0.000188800161211
NCTN	564684	10518317	10436377	12283	10217	38.9021497313	0.00116641027102	0.00097802211898	0.00018838815204
CATT	52099	858718	862112	789	630	4.70284876168	0.00091796809101	0.000730229894916	0.000187738196094
GTAN	125251	2152104	2153577	2075	1674	10.2427430197	0.000963244001543	0.000776707678131	0.000186536323412
ANTG	182773	3216989	3223559	4402	3810	10.4151619443	0.00136649043845	0.00118052816396	0.000185962274485
CNTN	624235	11617994	11536955	13755	11514	40.9695826684	0.00118253927247	0.000997015275358	0.000185523997111
AATN	200042	3036416	3028292	4057	3483	10.0332329571	0.00133433186218	0.00114883195488	0.000185499907303
CGNT	230144	4797415	4849757	4808	3968	20.5118986709	0.00100120298453	0.000817516443556	0.000183686540978
TATN	155693	2257720	2248447	2765	2342	8.06177806088	0.00122318882895	0.0010405240118	0.000182664817144
GATT	49597	836042	854438	648	507	5.14323956351	0.000774480392977	0.000593020603665	0.000181459789313
ANAT	183153	2737989	2745518	3387	2904	9.19951294477	0.0012355109259	0.00105660629991	0.000178904625994
TNGG	107591	2160116	2191764	3663	3330	5.32158254876	0.00169287159178	0.00151701931671	0.000175852275072
GNGT	138255	2838382	2867295	3554	3100	8.60700199219	0.00125055595904	0.00107999073298	0.000170565226054
CNCT	142611	2833684	2824088	3543	3061	8.12073886162	0.00124875450572	0.00108271619218	0.000166038313542
AANG	194611	3363264	3405183	5408	4909	7.48919460695	0.00160538039916	0.0014395506045	0.00016582979466
NTAT	155693	2265827	2267671	2145	1777	8.39510390312	0.00094577887205	0.000783009789165	0.000162769082885
NTAN	508798	7785005	7770455	7980	6703	24.6608672895	0.00102399786475	0.000861882965474	0.000162114899272
NNCT	564685	10506994	10497163	13044	11346	26.4007519427	0.00123991947558	0.00107969646312	0.000160223012453
TTAN	165186	2391355	2393361	2589	2208	7.45202411862	0.00108147893184	0.000921701691748	0.00015977724009
NANT	638346	10136655	10215943	11301	9760	28.2489444244	0.00111362327547	0.000954457605506	0.000159165669959
CANG	156318	3088653	3113831	4437	3981	7.00305679881	0.00143448784225	0.00127685697534	0.000157630866914
NNTG	768579	14905075	14970183	20078	17807	32.8656290123	0.00134524584103	0.00118808459306	0.000157161247967
CNTG	156318	3124831	3106664	4123	3618	7.34306824605	0.00131769274972	0.00116323857451	0.000154454175209
GTTN	193131	3536312	3548086	4349	3819	8.70483411829	0.00122830172106	0.00107519767561	0.000153104045449
NATG	183136	3221754	3259353	4426	3984	7.02570942525	0.00137190113385	0.00122083621765	0.000151064916198
NAGG	121730	2246919	2297792	3181	2912	4.77632528599	0.001413714946	0.0012656995424	0.000148015403601
TCTN	135108	2251467	2219380	2521	2156	5.86321464188	0.00111846203263	0.000970499690304	0.000147962342324
CNGT	193654	3926677	3947979	4983	4445	8.15175355485	0.00126740359034	0.00112462630527	0.000142777285066
GCTG	87434	1999596	2007838	2548	2272	4.38642943786	0.00127263573449	0.00113028640224	0.000142349332256
GCTN	188715	3932277	3928713	4320	3758	9.24236596523	0.00109739452629	0.000955633239253	0.000141761287034
NGNT	760352	14652675	14841958	15021	13134	34.1028872284	0.00102408721861	0.000884141276271	0.000139945942335
GGCG	79321	1994910	2022512	2656	2409	4.09460791054	0.00132961814528	0.00118967604168	0.0001399421036
NNGT	607276	11663504	11768277	14483	12976	22.0500141337	0.0012401966195	0.00110141086012	0.000138785759385
TTNC	219408	3918330	3899888	6538	5966	5.88380814278	0.0016657885055	0.00152745084686	0.000138337658642
ANTN	638346	10141819	10130518	12057	10696	18.3588692554	0.00118742832786	0.00105470607365	0.000132722254211
TNGT	145237	2663962	2688825	3213	2892	5.07813263761	0.00120464536448	0.0010744071535	0.000130238210976
GANT	138282	2296349	2335584	2226	1960	5.46203525718	0.000968426090078	0.000838486890514	0.000129939199563
NCCN	646400	13828799	13639382	24525	22411	15.8088334217	0.00177033324277	0.00164041425602	0.000129918986745
GNAC	134201	2732006	2761354	3048	2730	5.32026790986	0.00111442040998	0.000987668970986	0.000126751438995
NNGG	646400	13607010	13809903	20521	19102	17.0634098304	0.0015058487117	0.0013812996669	0.000124549044804
GNAT	170564	2994916	3032771	2967	2629	6.17991112805	0.000989698397169	0.000866113197602	0.000123585199567
CNNG	686310	14748136	14767135	21308	19518	18.5591137192	0.00144270833757	0.0013199741686	0.000122734168969
NCNC	639212	14055256	13913835	19700	17816	17.6193063255	0.00139964913567	0.00127881469325	0.000120834442423
NAAN	806044	13194622	13271595	18807	17331	16.0055765736	0.00142332471004	0.00130416859873	0.000119156111309
NTAA	165186	2408347	2385062	1818	1524	5.7689336733	0.000754305203171	0.000638569068955	0.000115736134216
GGNG	182196	4211917	4296318	6248	5884	4.93629969667	0.00148121280225	0.00136767171788	0.000113541084371
CCGN	207156	4718375	4667910	5900	5313	6.15575843111	0.00124886887406	0.00113690273287	0.000111966141192
CNTC	174750	3473318	3408340	4285	3826	4.63666090555	0.00123217054966	0.00112128190715	0.000110888642505
NATN	741690	12130612	12118321	14306	13043	13.3380697869	0.00117794125905	0.00107514703211	0.000102794226946
ANAN	696762	11105674	11145072	15220	14129	10.5668904936	0.00136859500684	0.00126613007508	0.000102464931757
GNTG	255383	5472607	5547002	6727	6273	5.67042213021	0.00122770395088	0.00112960370232	9.81002485618e-05
NANG	624235	11442045	11594867	15806	14878	9.95112453278	0.00137949079631	0.00128150962833	9.7981167977e-05
GNTN	760351	14653006	14757026	16295	15156	11.7174562055	0.00111082320828	0.00102598248519	8.48407230896e-05
AANN	806044	13169393	13242779	20332	19390	6.86806658877	0.00154150295021	0.00146205345445	7.94494957593e-05
CTNN	564684	10519556	10443929	12130	11346	5.28092531611	0.00115176240537	0.00108519383756	6.65685678132e-05
NNAT	741690	12172537	12213461	12317	11563	6.53709347797	0.00101084510327	0.000945846813879	6.49982893938e-05
NTNG	602286	11641435	11701093	15973	15310	4.5584821766	0.00137020167777	0.00130671503874	6.3486639029e-05
NCNG	913020	19545684	19515898	26991	25935	4.98041627165	0.00137901436569	0.00132715288274	5.18614829496e-05
