#Sequence	Occurrence	Forward Match	Backward Match	Forward Mismatch	Backward Mismatch	Strand Bias Score	FER (Forward Error Rate)	RER (Reverse Error Rate), ERD (Error rate Difference)
TGGCAGGT	7	49	93	20	0	8.20997755799	0.289855072464	0.0	0.289855072464
GGGGGGGA	12	78	124	23	1	7.54023956223	0.227722772277	0.008	0.219722772277
TGGCAGGN	9	74	108	20	0	7.16788932811	0.212765957447	0.0	0.212765957447
TGGCNGGT	10	76	104	20	0	6.87297188144	0.208333333333	0.0	0.208333333333
NGGCAGGT	15	195	232	24	0	7.82709122756	0.109589041096	0.0	0.109589041096
TGGCNGGN	23	222	254	22	0	7.03585000982	0.0901639344262	0.0	0.0901639344262
NGGCNGGT	22	256	278	25	0	7.46447376179	0.0889679715302	0.0	0.0889679715302
TGGCANGT	27	274	307	25	0	7.90024263699	0.0836120401338	0.0	0.0836120401338
NGNCAGGT	62	729	805	43	3	10.1153537662	0.0556994818653	0.00371287128713	0.0519866105782
NGGCANGT	52	650	664	31	1	7.93002183696	0.0455212922173	0.0015037593985	0.0440175328188
NGGCAGNT	43	571	574	24	0	6.98935625566	0.0403361344538	0.0	0.0403361344538
TGGCANGN	57	638	620	26	0	7.48568451352	0.039156626506	0.0	0.039156626506
GGGGNGGN	76	783	842	35	4	7.0181713164	0.0427872860636	0.00472813238771	0.0380591536759
GGNNGGGA	73	768	752	29	1	7.2223623382	0.0363864491844	0.00132802124834	0.0350584279361
AAAAAAAC	696	6304	6516	327	95	29.3635449505	0.0493138289851	0.0143699894116	0.0349438395735
NGGGGGGN	117	1154	1329	48	9	8.09405398158	0.0399334442596	0.0067264573991	0.0332069868605
GGNGGGGN	96	1023	1131	39	4	8.42428512368	0.0367231638418	0.00352422907489	0.0331989347669
TTTTTTTC	1761	15017	16518	733	224	68.8812748934	0.0465396825397	0.013379524549	0.0331601579906
TTTTTTTG	1150	9221	9144	440	122	38.3423124336	0.0455439395508	0.01316641485	0.0323775247008
AAAAAAGT	379	3610	3533	145	23	21.3049394757	0.0386151797603	0.00646794150731	0.032147238253
TTTTTGGT	196	1874	1841	75	12	11.3044537369	0.0384812724474	0.00647598488937	0.032005287558
TGGNNGGT	100	1203	1151	44	6	7.15913610659	0.0352846832398	0.00518582541054	0.0300988578292
GGGGGGNN	117	1155	1335	38	5	7.64278643777	0.0318524727578	0.00373134328358	0.0281211294742
AAAAAGGT	175	1504	1741	53	12	8.01162547177	0.034039820167	0.00684540787222	0.0271944122948
TTTTTTTA	2877	20603	21242	931	349	60.6800070138	0.0432339556051	0.0161641424668	0.0270698131383
TTTTTTNC	2748	24147	25629	816	252	71.7938193624	0.0326883788006	0.00973687260925	0.0229515061914
AANAAGGT	310	2889	3246	85	19	12.2208773311	0.0285810356422	0.00581929555896	0.0227617400833
AAANAAGT	668	6505	6558	196	43	21.9682857194	0.0292493657663	0.00651416452053	0.0227352012458
TTTTNGGT	322	3290	3292	92	15	14.0029662337	0.0272028385571	0.00453583308134	0.0226670054757
TTTTTNTC	2591	23712	25196	786	246	68.387742113	0.0320842517757	0.00966905117522	0.0224152006004
TTTTNTTG	1760	15185	15414	510	158	41.548215274	0.0324944249761	0.0101464166453	0.0223480083308
AAAAAANC	1204	11468	11570	364	105	31.8651837572	0.0307640297498	0.00899357601713	0.0217704537327
TTTTTTNG	1786	15292	15190	485	139	41.3361860524	0.0307409520188	0.00906778002479	0.021673171994
TTTNTTTC	2656	24029	25827	783	262	64.6679743316	0.0315573109786	0.0100425466672	0.0215147643114
AAAANAGT	692	6899	6940	189	36	23.2368139896	0.026664785553	0.00516055045872	0.0215042350943
NAAAAAAC	1103	10644	10819	341	106	28.0184047456	0.0310423304506	0.00970251716247	0.0213398132881
AANAAAGT	679	6878	6918	183	35	22.4678274602	0.0259170089222	0.00503379836042	0.0208832105618
AAAAANAC	1314	12238	12512	385	127	29.8257007453	0.0304998811693	0.010048263312	0.0204516178573
TTTTNTTC	2804	25962	27889	813	280	64.8802428962	0.0303641456583	0.00994000497	0.0204241406883
AAANAAAC	1321	12429	12435	381	118	30.4755423139	0.0297423887588	0.00940014339202	0.0203422453668
TNTTTTTG	1837	16251	15765	479	133	40.4881663292	0.0286312014345	0.00836583218015	0.0202653692544
NTTTTTTC	2783	25086	26694	763	250	63.4459345173	0.0295175828852	0.00927850356295	0.0202390793223
TTNTTGGT	321	3186	3244	81	16	11.047487288	0.0247933884298	0.00490797546012	0.0198854129696
AAAANAAC	1193	11548	11503	357	119	26.0397308571	0.029987400252	0.0102392015144	0.0197481987376
ANAAAAGT	793	7857	7820	198	38	23.8676174128	0.0245810055866	0.00483583609061	0.019745169496
NAAAAAGT	814	7661	7645	219	63	19.1575675287	0.0277918781726	0.00817332641412	0.0196185517585
NNTCAGGT	179	2113	2251	49	7	8.64621472801	0.022664199815	0.00310008857396	0.019564111241
TTTTTTGA	470	4260	4430	120	36	11.7164408733	0.027397260274	0.00806090461263	0.0193363556613
AANAAAAC	1324	12221	12624	356	115	28.8986494331	0.0283056372744	0.00902739618494	0.0192782410894
TNTTTTTC	2871	27212	28761	786	266	62.2075704472	0.0280734338167	0.00916388190306	0.0189095519136
AAAANGGT	405	4129	4441	99	21	13.7749869871	0.0234153263955	0.00470640968176	0.0187089167137
TTTTTNTG	2056	17184	17219	499	170	35.5953085392	0.0282191935758	0.00977629535914	0.0184428982166
AAANAGGT	273	2556	2781	64	18	7.4137976227	0.024427480916	0.0064308681672	0.0179966127488
NAAAAGGT	384	3546	3868	82	18	11.3736519241	0.0226019845645	0.00463201235203	0.0179699722125
TTNTTTTC	2865	26936	28752	789	306	53.4407898695	0.0284580703336	0.0105306628123	0.0179274075213
NTTTTTTG	1801	15822	15899	455	165	30.1523501313	0.0279535540947	0.0102714143426	0.0176821397521
TTTNTGGT	363	3750	3644	90	22	9.74730150865	0.0234375	0.00600109110747	0.0174364088925
ANAAAAAC	1282	12481	12453	343	124	22.6867137057	0.0267467248908	0.0098592669158	0.016887457975
TTTNTTTG	1973	17370	17514	484	182	30.6834117705	0.0271087711437	0.0102848101266	0.0168239610171
NTTTTGGT	377	4033	3969	102	32	8.61201141977	0.0246674727932	0.00799800049988	0.0166694722934
TTTTTTNA	5864	46363	48535	1244	465	84.7398711323	0.0261306110446	0.00948979591837	0.0166408151262
AAAAANGT	1227	12164	11989	262	58	28.1228423802	0.0210848221471	0.00481447663319	0.0162703455139
TTNTTTTG	1956	17973	17511	458	153	31.8066458594	0.0248494384461	0.00866168478261	0.0161877536635
ANAAAGGT	332	3110	3375	74	24	7.2426359406	0.0232412060302	0.00706090026478	0.0161803057654
NACANGGT	189	2129	2187	42	7	6.79482023232	0.0193459235375	0.00319051959891	0.0161554039386
TTTTTNTA	5605	44343	45147	1160	443	72.3491930769	0.0254928246489	0.00971704321123	0.0157757814377
TTTTTGGN	445	4504	4526	101	29	9.89134638811	0.0219326818675	0.00636663007684	0.0155660517907
TTTNNGGT	674	7077	7582	160	50	14.7851837753	0.0221086085395	0.00655136268344	0.015557245856
TTNTNGGT	621	6453	6532	128	27	15.1140727908	0.0194499316213	0.00411648117091	0.0153334504504
TNTTTGGT	357	3881	3808	84	23	8.40752250586	0.021185372005	0.00600365439833	0.0151817176067
AAANNAGT	1320	13729	14064	274	67	28.9235509267	0.0195672355924	0.00474134880759	0.0148258867848
NTTTTTTA	5060	40503	41322	1083	476	54.1027489898	0.0260424181215	0.011388104694	0.0146543134275
AANANGGT	751	8134	8361	155	35	17.755018772	0.0186994812402	0.00416865173892	0.0145308295013
TTTTTNNC	4427	41197	42600	918	314	68.9033081724	0.0217974593375	0.0073169595004	0.0144804998371
AANNAGGT	575	5978	6373	117	31	12.6492892817	0.0191960623462	0.00484072454716	0.014355337799
TTTTNTTA	5340	43503	44190	1118	487	56.1569729246	0.0250554671567	0.0109004633256	0.0141550038311
AAANNGGT	706	7606	7800	140	32	15.8986177115	0.0180738445649	0.00408580183861	0.0139880427263
NANAAGGT	728	7258	7732	132	31	15.5957325889	0.0178619756428	0.00399330155868	0.0138686740841
AANNAAGT	1363	14842	15079	274	67	28.5729218903	0.018126488489	0.00442361019411	0.0137028782949
AAAAACAT	428	3832	3689	69	15	8.38519725807	0.0176877723661	0.00404967602592	0.0136380963401
AAAAAAAT	3878	28239	30676	979	623	24.5615218408	0.0335067424191	0.0199047892904	0.0136019531287
TTTNTTNC	4510	41916	43901	897	326	64.0052380894	0.0209515801275	0.00737106292536	0.0135805172022
NANAAAGT	1480	14651	14671	291	88	24.2530980896	0.0194753045108	0.00596246358154	0.0135128409292
NTTTTTNC	4598	42792	44207	864	286	67.476809702	0.0197910940077	0.00642797743465	0.013363116573
TTTTNTNC	4697	44361	46067	921	330	65.8042338287	0.0203392076322	0.00711252882729	0.0132266788049
AANANAGT	1349	14191	14230	255	65	25.2035034359	0.0176519451751	0.00454704442113	0.013104900754
NAAANAGT	1493	15246	15238	295	91	23.9812718599	0.0189820474873	0.005936460304	0.0130455871833
TTTNNTTC	4432	42907	45506	888	332	62.6478323844	0.0202762872474	0.00724289890484	0.0130333883426
TTTNTNTC	4367	42678	44644	850	292	65.0778974751	0.0195276603566	0.00649813067474	0.0130295296818
NTTTTNTC	4359	42060	44051	843	298	62.4440831035	0.0196489755961	0.00671942997587	0.0129295456202
NAANAAGT	1507	15338	15353	308	105	22.3066350594	0.0196855426307	0.00679259930133	0.0128929433294
TTTTNNTC	4457	44456	46437	892	319	64.7071394299	0.0196701067302	0.00682265377706	0.0128474529531
NTTNTTTC	4421	41782	44021	853	320	59.137773608	0.0200070364724	0.00721679709524	0.0127902393771
TTTTNTNG	3077	28378	28291	563	190	40.3670060278	0.0194533706506	0.00667111407605	0.0127822565746
NAAAAANC	2075	20676	21142	394	127	31.5849424898	0.0186995728524	0.00597113169401	0.0127284411584
NAANAGGT	648	6404	6650	112	30	11.541288666	0.0171884591774	0.00449101796407	0.0126974412133
TNTTTTNG	3028	28325	27744	532	164	41.1323955796	0.0184357348304	0.00587645119679	0.0125592836336
ANNAAAGT	1492	15954	16054	272	68	27.4563227919	0.0167632195242	0.00421783897779	0.0125453805464
TNTTTTNC	4750	45613	47313	914	340	62.0081402507	0.0196445074903	0.00713491280717	0.0125095946831
GNANAGGT	241	3047	2844	46	7	6.97190952237	0.0148722922729	0.00245527884953	0.0124170134233
AAAAANNC	2481	24017	24437	468	165	33.1986919525	0.019113743108	0.00670677180717	0.0124069713009
NTTTNGGT	712	8100	8110	141	39	13.1757474346	0.0171095740808	0.00478586329611	0.0123237107847
ANANAAGT	1633	16853	16801	304	92	25.1117846344	0.0177187153931	0.0054460427396	0.0122726726535
NNAAAGGT	776	7798	7948	139	42	12.2891613306	0.0175129141993	0.00525657071339	0.0122563434859
TTTTTNGA	851	8121	8499	149	50	12.2997580762	0.0180169286578	0.00584863726752	0.0121682913903
TTNNAGGT	469	4903	4847	93	32	7.20104265821	0.0186148919135	0.0065587210494	0.0120561708641
TTNTTTTA	5331	41255	40452	1131	601	33.3729590842	0.0266833388383	0.0146396122086	0.0120437266297
AAAANNGT	2277	22959	23164	378	97	37.2203052494	0.0161974546857	0.00417007007437	0.0120273846113
TTNTTTNC	4641	44335	46477	884	356	54.7632315055	0.0195493044959	0.00760147759059	0.0119478269053
TTTTTCTA	387	4068	3961	69	19	6.87121259863	0.0166787527194	0.00477386934673	0.0119048833726
TNTTTNTC	4594	46213	47877	846	295	62.4603279169	0.0179774325846	0.00612388939633	0.0118535431883
NAAANGGT	872	9027	9682	151	45	14.7335720235	0.0164523861408	0.00462629793359	0.0118260882072
ANAANAGT	1661	17851	17847	285	71	28.5402317993	0.015714600794	0.00396249581426	0.0117521049797
NAAAANAC	2276	22045	22571	409	149	28.2566886964	0.0182150173688	0.00655809859155	0.0116569187773
GTANNGGT	193	2458	2496	31	2	7.21494921765	0.0124548011249	0.00080064051241	0.0116541606125
AAANNAAC	2386	23983	23455	450	160	29.1533303376	0.0184177137478	0.00677535464747	0.0116423591003
TTNNTGGT	689	7324	7447	121	35	11.199859134	0.0162525184688	0.00467789361133	0.0115746248574
AAANAANC	2451	24868	24531	434	138	32.9870801307	0.0171527942455	0.00559406542624	0.0115587288193
AANNAAAC	2400	23181	23323	422	149	29.3071859564	0.0178790831674	0.00634798909339	0.011531094074
TTTTTNNG	3365	29597	29270	574	221	33.750290204	0.0190248914521	0.00749381167136	0.0115310797807
AAANANAC	2813	26426	26584	486	175	32.7589404715	0.0180588585018	0.00653985574947	0.0115190027523
ANAANGGT	803	8464	8937	147	50	12.1616007918	0.0170711880153	0.0055635918549	0.0115075961604
AAAANNAC	2443	24076	24109	447	164	29.1462552641	0.0182277861599	0.00675647839163	0.0114713077683
NTTTNTTC	4815	46270	48587	860	332	56.9607061367	0.0182474008063	0.00678672908277	0.0114606717235
TNTTTTTA	5490	44145	44400	1041	523	38.3193971684	0.0230381091489	0.0116421432228	0.011395965926
AAAAAANT	6130	47413	50386	1283	765	36.0692189548	0.0263471332348	0.0149557193408	0.011391413894
NNAAAAGT	1752	18022	17659	322	110	22.2996195264	0.0175534234627	0.00619055658731	0.0113628668754
AANAANGT	2330	24203	23950	375	97	35.5358911575	0.0152575474001	0.00403376720589	0.0112237801942
TTTNTTNG	3196	29691	30061	551	213	33.9604682502	0.0182196944647	0.00703574023915	0.0111839542255
TTNNTTTC	4599	45949	48643	878	372	51.4119188725	0.01874986653	0.00758951341426	0.0111603531157
TNTNTTTC	4804	46699	48476	860	339	53.9142737074	0.0180828024138	0.00694458670491	0.0111382157089
NNTTTTTC	4843	47635	49587	872	343	55.1679634129	0.0179767868555	0.00686961746445	0.0111071693911
TTTTNNTG	3473	31801	32329	587	229	35.9625919715	0.0181239965419	0.00703360157258	0.0110903949694
NAAANAAC	2161	22247	21994	389	136	26.4793379742	0.0171850150203	0.00614550384094	0.0110395111794
AANAAANC	2525	24678	25106	410	134	32.0604794587	0.0163424744898	0.00530903328051	0.0110334412093
TTTTTNGT	1428	12739	12535	197	54	17.8318528547	0.0152288188002	0.00428945905155	0.0109393597487
TTTNNTTG	3100	29016	29320	565	244	28.9815563669	0.0191000980359	0.00825328101745	0.0108468170184
NAANAAAC	2331	23583	23530	408	146	27.4063245027	0.0170063773915	0.00616658219294	0.0108397951986
TTTTNTGA	1025	10012	10160	161	51	13.3702074213	0.0158262066254	0.00499461365194	0.0108315929734
NTTTTTNG	2976	27834	27821	507	199	29.7542903993	0.0178892770192	0.00710206995004	0.0107872070691
TTTTNGGN	778	8166	8080	131	41	10.6248667483	0.0157888393395	0.00504863933013	0.0107402000094
NANAAAAC	2349	23002	23598	390	141	27.3905590765	0.0166723666211	0.00593959307469	0.0107327735464
NAAAANGT	2662	26608	26953	420	131	34.3479174548	0.0155394405801	0.00483680401713	0.010702636563
AAAANANC	2359	23811	23795	430	169	25.2876505069	0.0177385421394	0.00705224503422	0.0106862971051
CANANGGT	304	3705	3748	45	5	8.68481435409	0.012	0.00133226751932	0.0106677324807
TTNTTTNG	3140	30206	29744	520	188	33.3140398858	0.016923777908	0.006280903381	0.010642874527
NTTTNTTG	3064	29278	29210	549	229	29.0253239552	0.018406142086	0.00777879683413	0.0106273452519
TNTTNGGT	680	7808	7737	115	31	10.9253635043	0.0145147040263	0.00399073120494	0.0105239728213
TNTTNTTC	5285	53778	56842	918	359	60.5325014065	0.0167836770513	0.00627611405395	0.0105075629974
TTTTTTGN	1801	16043	16019	257	86	19.1091112096	0.0157668711656	0.00533995653524	0.0104269146304
TTNTNTTC	4907	49668	52405	892	383	50.7479106846	0.0176424050633	0.00725543684171	0.0103869682216
TNTTNTTG	3441	34776	33886	586	214	36.1076348832	0.0165714608902	0.00627565982405	0.0102958010662
AANANAAC	2538	25388	25465	415	151	27.5582879214	0.0160834011549	0.0058947532792	0.0101886478757
TTTNTTTA	6226	47184	44255	1156	616	29.149304655	0.0239139429044	0.013728243186	0.0101856997184
ANAAAANC	2371	24072	23969	392	141	26.0847961119	0.0160235448005	0.00584819576939	0.0101753490311
NNTTTTTG	3220	30824	30317	518	197	30.7827699118	0.0165273435007	0.0064560529593	0.0100712905414
NTTTTTGA	872	8593	8350	142	52	9.12523406434	0.0162564396108	0.00618900261842	0.0100674369923
AAANANGT	2475	24216	24460	368	122	28.0116512383	0.0149690855841	0.00496298104304	0.0100061045411
TNNTTTTC	5017	51219	53356	873	364	50.6261215824	0.0167588113338	0.00677587490692	0.00998293642687
TTTNTTGA	855	8494	8578	135	49	9.52176389983	0.0156449182988	0.0056798423554	0.00996507594336
AANAANAC	2749	27005	27347	443	171	27.5625304993	0.0161396094433	0.00621411439785	0.00992549504546
TTTTTNNA	11862	100502	103784	1625	628	103.011599278	0.0159115610955	0.00601463433322	0.00989692676228
TTNTTNTC	4946	51662	53233	879	367	49.5937911561	0.016729791972	0.00684701492537	0.00988277704661
ANAAANGT	2526	25585	25458	368	110	30.6189319488	0.0141794782877	0.00430225281602	0.00987722547165
TNNTTGGT	619	6712	6820	96	29	8.60927082054	0.0141010575793	0.00423419477296	0.00986686280636
TTNTNTTG	3296	31846	31969	536	217	30.2481585402	0.0165524056575	0.00674206176599	0.00981034389148
TNTTTNTG	3766	34075	33633	559	216	32.6331822351	0.0161402090431	0.00638128157405	0.00975892746909
NTNTTTTC	4996	49096	51104	838	362	45.7977367502	0.0167821524412	0.00703376986749	0.00974838257374
NTTNAGGT	546	6537	6654	79	15	10.268963399	0.0119407496977	0.00224921277553	0.00969153692217
TNTNTGGT	820	9016	9010	129	41	10.4929081089	0.0141060688901	0.00452988620042	0.00957618268968
NNAAAAAC	2231	22959	22446	386	160	19.8933366074	0.0165345898479	0.00707776696452	0.00945682288341
ANAAANAC	2649	26036	25833	437	187	21.9969541802	0.0165073848827	0.00718677940046	0.00932060548225
ANNAAAAC	2410	23452	23809	386	165	20.6529381169	0.0161926336102	0.00688245599399	0.00931017761621
NTTTTTNA	10564	90786	93303	1495	659	75.8334225428	0.0162005179831	0.00701347353185	0.00918704445126
AAAAAAGN	2026	19359	19101	261	80	21.0190145859	0.0133027522936	0.00417079401491	0.00913195827867
NNTTTGGT	776	8823	8816	133	51	8.53042350349	0.0148503796338	0.0057516634713	0.00909871616247
ANNAAGGT	904	10975	11337	154	55	11.5316701304	0.0138377212688	0.0048279494382	0.00900977183056
NTNTTGGT	715	7963	7968	119	46	7.61797107405	0.0147240781985	0.00573995507861	0.00898412311985
TTTTTNGN	2976	27942	27942	390	135	27.5792057981	0.0137653536637	0.00480820600492	0.00895714765879
ANANAAAC	2723	26780	26273	420	174	21.8006579058	0.0154411764706	0.00657919612811	0.00886198034248
TTNTTTGA	903	9008	9166	147	68	7.21102404825	0.0160567995631	0.00736408923543	0.00869271032765
ANANAGGT	1024	13128	13816	169	56	14.2713403863	0.012709633752	0.0040369088812	0.00867272487077
NTTTTGGN	858	9329	9389	135	53	8.4951120215	0.0142645815723	0.00561321753866	0.00865136403362
TTTTNTNA	11348	99118	101130	1558	699	75.1539705135	0.015475386388	0.0068644492237	0.00861093716432
TNNTTTTG	3395	33680	32796	513	212	26.1171544604	0.015003070804	0.0064226854096	0.00858038539437
TTTTTTGT	929	7909	7781	102	33	8.00534339106	0.0127324928224	0.00422318914768	0.00850930367469
NTTTTNTG	3539	32879	32903	524	238	24.0386567591	0.0156872137233	0.00718143689086	0.00850577683246
TTTTNNTA	10730	93482	94685	1464	665	67.7744464419	0.0154192909654	0.0069743051914	0.00844498577399
TTTNTNTG	4071	36836	36793	584	266	26.432881296	0.0156066274719	0.00717774359805	0.00842888387389
AAAAAGGN	796	7698	8244	101	38	7.76903228524	0.0129503782536	0.00458826370442	0.0083621145492
NTTNTGGT	838	9654	9499	140	57	7.91931846313	0.0142944659996	0.0059648388447	0.00832962715489
TTNNTTTG	3423	33305	33203	520	236	23.6689095532	0.0153732446415	0.00705762732139	0.00831561732015
TTNTTGGN	752	8036	8237	109	42	7.4125002524	0.0133824432167	0.00507307645851	0.00830936675819
TNTNTTTG	3562	33633	33313	550	263	22.0975416878	0.0160898692332	0.00783297593519	0.00825689329805
AAAAANAT	7434	57186	60775	1221	779	28.053552157	0.0209050285069	0.0126555544725	0.00824947403436
TTNTTTNA	10641	90519	90950	1597	842	51.9972395047	0.0173368361631	0.00917291267213	0.00816392349097
TTTTTTCA	804	7705	8413	101	42	7.06852276911	0.0129387650525	0.00496747486694	0.00797129018558
TTNTTCTA	780	8182	8240	103	37	7.44789613726	0.0124321062161	0.00447021867827	0.00796188753779
TNTTTCTA	777	8075	8142	100	35	7.50085007832	0.0122324159021	0.00428029839795	0.0079521175042
NTTTTNTA	10573	90677	90440	1368	638	57.7958655682	0.0148622956163	0.00700498473836	0.00785731087792
NTNAAGGT	663	7834	7709	97	34	6.94167513759	0.0122304879586	0.00439106289552	0.00783942506312
ANANTGGT	598	7185	7101	83	26	6.89318068787	0.0114199229499	0.00364809877929	0.00777182417063
AANNTGGT	646	7964	7683	86	23	8.00274936531	0.0106832298137	0.00298468725668	0.00769854255698
NTNTAGGT	815	11135	11387	112	26	12.6844721259	0.00995821107851	0.00227810391659	0.00768010716192
TTNTTNTG	3938	38040	37697	527	230	25.4374721224	0.0136645318537	0.00606428138266	0.007600250471
TTTNTTNA	11708	98335	96937	1572	797	53.1963588099	0.0157346332089	0.0081547874844	0.00757984572449
NTTNTTTG	3379	32741	33181	512	262	18.9733075979	0.0153971070279	0.00783422539844	0.0075628816295
AAAANAAT	6583	53479	57190	1151	788	21.1709269971	0.0210690097016	0.0135913622408	0.00747764746078
TNTTTTNA	11248	97232	98707	1435	713	55.6381796126	0.0145438697842	0.00717159525246	0.00737227453176
NTATAGGT	441	6102	6284	57	12	7.18512681215	0.00925474914759	0.00190597204574	0.00734877710185
NTNTTTTG	3479	34331	33973	495	236	20.0607169565	0.0142135186355	0.00689876932971	0.00731474930579
TTTTNNGT	2677	24413	24479	277	96	19.8945915888	0.0112191170514	0.00390640895219	0.00731270809925
TTNTTNTA	11213	93427	93213	1473	773	47.5979248704	0.015521601686	0.00822462920009	0.00729697248589
TTTTNNGA	1964	19320	19348	226	85	14.6216491807	0.0115624680241	0.00437400298461	0.00718846503953
AAAAANNT	12210	100786	105138	1726	1026	45.9080058864	0.016837053223	0.00966429298067	0.00717276024237
ANTTNGGT	717	9853	9898	99	28	9.29424236635	0.00994774919614	0.00282087447109	0.00712687472506
NTANAGGT	777	9787	10049	106	37	8.23835873983	0.0107146467199	0.00366845131866	0.00704619540124
TTTTTTTN	28726	202144	200551	2491	1038	127.627090476	0.0121728932001	0.00514909047617	0.00702380272392
NTTTTNGA	1668	17092	17024	192	72	12.4222802942	0.0111085396899	0.00421151146467	0.00689702822522
NAAAAGGN	1562	15590	16556	164	59	12.8321280259	0.0104100545893	0.00355100812519	0.00685904646412
NTTTTNGT	2616	25509	24985	274	95	18.7831636048	0.0106271574293	0.00378787878788	0.00683927864144
AAAANAGN	3250	32465	32116	341	116	24.2711715305	0.0103944400415	0.0035989079176	0.00679553212386
ANAANAAC	2825	29510	29939	395	196	15.9046128442	0.0132084935629	0.00650406504065	0.0067044285223
TTTTTNAC	826	7962	8149	70	17	7.83914968025	0.00871513944223	0.00208180259613	0.0066333368461
TTNTNTTA	10369	88334	87716	1439	852	32.4341678492	0.0160293183919	0.00961972721525	0.0064095911767
AAAANCAT	844	8311	8590	76	23	7.11494747712	0.00906164301896	0.00267038198073	0.00639126103823
ATANNGGT	765	9749	10062	97	35	7.35298399392	0.00985171643307	0.00346637615133	0.00638534028174
TTTNNTTA	10376	86255	83744	1452	861	29.7846953295	0.016555121028	0.0101767035045	0.00637841752345
TTTTNTGN	3539	33094	33039	350	136	21.1311359534	0.0104652553522	0.00409947249435	0.00636578285788
TTTNTNTA	12972	103184	99321	1526	822	40.8568517955	0.0145735841849	0.00820826218508	0.00636532199982
AAAAANGN	4886	49724	49050	493	170	33.9834889095	0.00981739251648	0.00345388053637	0.00636351198011
ATNTAGGT	522	7621	7930	66	18	6.9270056409	0.00858592428776	0.00226472068445	0.00632120360331
NTTTNTTA	9975	87803	88423	1343	780	33.9639950018	0.0150651739843	0.00874410053474	0.00632107344952
TTTTTTNN	38370	285388	285122	3180	1348	160.675523315	0.0110199329101	0.00470555381017	0.00631437909992
TNTTTNTA	12438	103431	103193	1397	731	45.5918571931	0.0133265921319	0.00703398637466	0.00629260575721
TTTNTNGT	2576	25286	24461	264	100	15.6133106022	0.0103326810176	0.00407149546028	0.00626118555733
TTTNTTGN	3064	29503	29301	335	147	16.3784009198	0.0112272940546	0.00499185004075	0.00623544401381
TTNTTNGT	2802	27972	28366	270	95	19.4911745425	0.00956022944551	0.00333790098732	0.00622232845819
NTTTTTGN	3220	31032	30433	320	122	19.17670168	0.0102066853789	0.00399279986909	0.00621388550983
TTTTTNCA	1490	14737	15368	163	73	8.95277262577	0.0109395973154	0.00472767307817	0.00621192423727
NTNTTTTA	10094	83901	82601	1407	861	27.4072885959	0.0164931776621	0.0103160719849	0.00617710567726
AANAAAGN	3493	35603	35408	333	110	24.8664108224	0.00926647373108	0.00309702122867	0.0061694525024
NAAAAAGN	3921	39121	39001	377	136	25.1869618331	0.00954478707783	0.00347497253239	0.00606981454544
AANAAGGN	1378	14357	14965	148	63	8.87331161733	0.0102033781455	0.0041921746074	0.00601120353807
ANAAAGGN	1376	13757	14376	144	63	8.32406086395	0.0103589669808	0.00436318304592	0.00599578393488
NAANTAGT	820	9788	9911	84	25	7.68039237672	0.00850891410049	0.00251610305958	0.0059928110409
ANAAAAGN	3781	38414	37673	347	112	25.9078397037	0.00895229741235	0.00296413920868	0.00598815820367
NNATAGGT	829	11558	11883	99	30	9.04950483178	0.00849275113666	0.0025182573659	0.00597449377075
AAANAAGN	3534	35966	35577	344	126	22.2042441247	0.00947397411181	0.0035291152004	0.00594485891141
GNAAANGT	808	9892	9961	89	30	7.02755402937	0.00891694219016	0.00300270243219	0.00591423975797
ANATNGGT	869	12192	12584	103	32	9.22527396493	0.00837738918259	0.00253646163602	0.00584092754658
AAAANANT	11258	96031	100797	1549	1032	28.9577774021	0.0158741545399	0.0101346374805	0.00573951705938
AAANAGGN	1239	12671	13284	128	57	7.29540182171	0.010000781311	0.00427254328761	0.00572823802343
AAAANGGN	1632	17113	17427	173	75	9.4698754654	0.0100080990397	0.00428522454577	0.00572287449392
NTTTTTGT	1645	15254	15005	136	47	9.73629974631	0.00883690708252	0.00312250863673	0.0057143984458
ATNNAGGT	914	12232	12674	117	48	7.42944453762	0.00947445137258	0.00377299166798	0.0057014597046
TTTTNTGT	1744	15444	15451	144	56	9.06914439847	0.00923787528868	0.00361127232863	0.00562660296006
AANTNAGT	963	12772	12928	104	32	9.08982099466	0.0080770425598	0.00246913580247	0.00560790675733
NNTAAGGT	717	9793	9576	79	23	6.98078585924	0.00800243111831	0.0023960829253	0.00560634819301
NTTTNTGA	1958	20000	19621	203	88	10.0832817717	0.0100480126714	0.0044649652443	0.00558304742708
ANNTAGGT	1226	18643	19110	149	45	13.3541535086	0.00792890591741	0.00234925606891	0.0055796498485
AAANAAAT	7747	55605	61600	1190	962	12.2469996917	0.0209525486398	0.0153767462677	0.00557580237214
ANTNAGGT	913	13473	13794	106	31	9.93332811229	0.00780617129391	0.00224231464738	0.00556385664653
ATNTNGGT	916	12322	12542	109	41	7.57336236548	0.0087684015767	0.00325836445999	0.00551003711672
TTTTTNTN	38218	288749	286500	2895	1286	132.118027826	0.00992648571546	0.00446859819449	0.00545788752097
AAANTNGT	1381	14509	14787	131	52	8.37551207147	0.00894808743169	0.0035042792641	0.00544380816759
NNTTTTTA	9923	85948	86356	1297	825	24.0186368366	0.0148661814431	0.009463071082	0.00540311036106
TTNTTTGN	3379	32961	33308	336	157	15.2691982829	0.0100909991891	0.00469146869864	0.00539953049048
TNTTTNGT	2720	26925	26604	253	105	13.6300322467	0.00930899992641	0.00393125912614	0.00537774080027
TTNTTNGA	1775	18639	18976	199	99	8.35035065703	0.010563754114	0.00519003931848	0.00537371479555
TTTNTTGT	1543	14416	13983	135	56	7.21351384043	0.00927771287197	0.00398888809744	0.00528882477452
NTTNTTGA	1675	17829	17417	175	78	8.25317009393	0.0097200622084	0.00445841669048	0.00526164551792
TTTTTGNT	1416	13948	13620	111	37	8.28320393332	0.00789529838538	0.00270923336018	0.00518606502519
TTTTNTTN	38165	289982	287383	2884	1352	117.797090272	0.00984750705101	0.00468249432871	0.0051650127223
AAAAAAGA	1139	10976	10595	83	25	6.90932194916	0.00750519938512	0.00235404896422	0.0051511504209
AAAAAAAN	28726	198154	208284	2253	1283	69.4161840382	0.0112421222812	0.00612214709377	0.00511997518739
TTTNNTGA	2089	22251	22276	202	87	10.6613741755	0.00899657061417	0.00389035460359	0.00510621601059
NTTNTTTA	10887	92291	90228	1384	884	22.29053629	0.0147744862557	0.00970234436737	0.0050721418883
AANAAAAT	6807	54333	57892	1168	945	9.33442318798	0.0210446658619	0.0160613219573	0.0049833439046
TTTNTNGA	1755	17928	18164	175	86	7.50031086118	0.00966690603767	0.00471232876712	0.00495457727055
ATNTAGGN	779	10523	10736	74	22	6.91510617218	0.00698310842691	0.00204498977505	0.00493811865186
TTNNTTGA	1671	17922	18041	179	90	7.1741206969	0.00988895641125	0.00496387402791	0.00492508238334
TTNTTTGT	1775	16736	17058	142	60	8.22229261617	0.00841331911364	0.00350508236944	0.0049082367442
AAAAACAN	1367	14021	13677	109	39	7.43561876427	0.00771408351026	0.00284339457568	0.00487068893458
NTTTTTTN	38370	286657	285418	2738	1321	106.634557656	0.00946111715821	0.00460697707671	0.0048541400815
TTTTTGNN	3220	31090	30609	257	104	14.3086178262	0.00819855169554	0.00338618825904	0.00481236343649
AAAAAANN	38370	281534	293755	2918	1612	94.8313644435	0.0102583212633	0.00545761713394	0.0048007041294
TNNTTCTA	1586	17005	17655	153	73	7.46799876584	0.00891712320783	0.00411777978339	0.00479934342444
AAANAANT	12072	95983	102370	1570	1172	19.4788623347	0.0160938156694	0.0113190782484	0.00477473742099
TNTTTNGA	1830	19121	19384	187	97	7.11854649693	0.00968510461985	0.00497921051281	0.00470589410704
ANAAAAAT	6786	55461	58549	1095	871	9.18978401538	0.0193613409718	0.0146583641871	0.00470297678464
AAAANNAT	13054	111870	117443	1517	1032	26.2567909569	0.0133789587872	0.00871069845959	0.00466826032757
TNNTTTTA	9940	84197	82785	1320	903	16.2362884616	0.015435527439	0.0107900774305	0.00464545000853
ANANTAGT	1221	15290	15529	120	49	7.3470253455	0.00778715120052	0.00314546154834	0.00464168965218
TNTTTTTN	38624	291223	287596	2728	1352	97.6664836615	0.00928045830768	0.0046790425959	0.00460141571178
ANAATNGT	1698	18751	19079	145	59	8.86191581357	0.00767358171041	0.00308287177344	0.00459070993698
TAANANGT	1667	15827	15761	129	56	6.81645059952	0.00808473301579	0.00354049440475	0.00454423861104
TTNNTTTA	10335	83668	79236	1430	986	13.6030251161	0.0168041552093	0.0122908927726	0.00451326243673
AANAAANT	11012	93024	97629	1551	1177	16.1483903385	0.0163996827914	0.0119122320507	0.00448745074075
TTTNTTTN	39291	295059	287987	2863	1483	88.6578091614	0.00960989789274	0.0051231561129	0.00448674177984
ANAAAANT	11095	94641	98715	1479	1092	17.1936880522	0.0153870162297	0.0109411163546	0.00444589987515
TTNTTTTN	38201	290455	285554	2808	1478	85.4183896144	0.00957502310213	0.00514925165138	0.00442577145075
TNTTTTGN	3479	34519	34091	319	164	11.1195528137	0.0091566680062	0.00478762224493	0.00436904576127
TNTTNTTA	13282	126097	125211	1465	899	29.3567691734	0.0114846114047	0.00712869716914	0.00435591423551
TTNTNTGA	2315	23872	23773	218	113	7.81641222316	0.00904939809049	0.00473080465545	0.00431859343505
ATNAANGT	1611	16859	17035	121	49	7.41804914449	0.00712603062426	0.00286818075392	0.00425784987034
AAAAANAN	38624	284749	297961	2713	1566	79.2463059328	0.00943776916601	0.00522824319677	0.00420952596924
NTNTTCTA	1639	17955	18199	125	53	7.17174749614	0.00691371681416	0.00290379136533	0.00400992544883
TNTNTTTA	12899	101760	96330	1442	976	15.1269361522	0.0139725974303	0.0100302139642	0.00394238346609
AAAANAGA	1697	16964	16493	104	36	7.38319583577	0.00609327396297	0.00217799019904	0.00391528376393
TNTTNTGA	2418	25623	25585	203	102	7.91073432224	0.00786029582591	0.00397088021178	0.00388941561413
AAAAACNN	2231	23206	22611	178	85	7.29051065987	0.00761204242217	0.00374515333098	0.00386688909119
NAAAAAGA	2098	21558	20939	121	36	10.1240696606	0.00558143825822	0.00171632896305	0.00386510929517
TTTTTTCN	2783	25721	26774	207	112	7.68099494965	0.00798364702252	0.0041657368147	0.00381791020782
TTTNNTGT	2911	27763	27471	198	92	8.86538559974	0.00708129179929	0.00333780793092	0.00374348386837
AAAANAAN	38201	283381	297553	2579	1579	64.1528363293	0.00901874388026	0.00527860610032	0.00374013777995
NAAAAANT	10771	90496	93898	1504	1199	10.8533700225	0.016347826087	0.0126081790172	0.00373964706974
AAAAANGA	2582	26641	26164	172	71	9.41422794965	0.00641479879163	0.00270630836669	0.00370849042495
ANTAANGT	1562	19487	19746	114	43	7.81428876335	0.0058160297944	0.00217292435191	0.00364310544249
TTTNTNAC	1870	18898	19471	101	33	8.5732804168	0.0053160692668	0.00169196062346	0.00362410864334
ANAAAAGA	2031	20929	20028	111	34	8.80488660311	0.00527566539924	0.00169474628651	0.00358091911273
AANAAAGA	1923	19968	19348	110	37	8.01638771262	0.00547863333001	0.00190869228785	0.00356994104216
NTTTTNAC	1706	16983	17171	90	30	7.26468782885	0.00527148128624	0.00174408464624	0.00352739664
AAANAAAN	39291	285677	301521	2659	1743	53.6491029063	0.00922188002886	0.00574746755302	0.00347441247583
TTNNTTGT	2970	29915	29594	207	102	8.19479122571	0.0068720536485	0.00343480603448	0.00343724761401
ANTTANGT	1709	20115	20169	106	37	7.90136578597	0.00524207507047	0.00183113926556	0.00341093580491
TTTTNGNT	2317	23658	23410	145	63	7.48952903762	0.00609166911734	0.00268393473352	0.00340773438381
NTTTNTGT	3431	32436	32097	213	102	8.94615774466	0.00652393641459	0.00316780024224	0.00335613617235
TTNTNTGT	3750	34989	35260	233	117	9.25787816	0.00661518369201	0.0033072335133	0.00330795017871
ATANANGT	3574	30905	31226	196	94	8.71733543074	0.00630204816565	0.00300127713921	0.00330077102645
AAANNAAT	12277	98791	105952	1489	1239	10.2517505648	0.0148484244116	0.0115588062431	0.00328961816859
AANAAAAN	38165	284448	296854	2615	1745	47.0318771899	0.0091094986118	0.00584395795029	0.00326554066151
ANAANAGA	3143	33314	32203	163	53	12.0822070039	0.0048690145473	0.00164310515873	0.00322590938857
TTTTTANA	3742	31737	32751	169	68	10.7580224799	0.00529680937755	0.00207197050489	0.00322483887266
ANATANGT	3858	34831	35072	226	114	8.88876250636	0.00644664403685	0.00323992497016	0.0032067190667
NTNTTTGT	3491	34284	34437	220	110	8.77447052471	0.00637607233944	0.00318406808116	0.00319200425827
NANAATGT	2550	27009	26641	167	80	7.06015877903	0.00614512805417	0.00299389992889	0.00315122812527
ANAAAAAN	38218	283898	295412	2490	1657	44.7376222403	0.00869449837284	0.00557782871993	0.00311666965291
TNTTNTGT	3502	33858	33603	210	105	8.1240706307	0.00616414230363	0.00311498754005	0.00304915476358
AAANANAT	17108	126374	135366	1592	1286	13.1656603711	0.0124408045887	0.00941076603343	0.00303003855529
ANNAAAGA	3422	37139	35771	175	60	12.0257887894	0.00468992871308	0.00167452764366	0.00301540106942
NAAANAGA	3201	33734	33061	156	53	11.2817981846	0.0046031277663	0.00160053149725	0.00300259626905
TTTNTTAA	3119	27615	28315	134	54	8.5013173026	0.00482900284695	0.00190348619973	0.00292551664722
NNTTTTGT	3317	33624	33429	205	106	7.40285580646	0.00605988944397	0.00316087669599	0.00289901274798
NAANATGT	3009	30264	30377	181	93	6.87583752507	0.00594514698637	0.00305218247457	0.0028929645118
NTTNTTGT	3277	34556	33410	212	108	7.28342889118	0.00609756097561	0.00322214929292	0.00287541168269
NTTTTTAA	3103	26047	26900	139	66	6.8167129681	0.00530817994348	0.00244752651487	0.00286065342861
TNNTTTGT	3370	34377	34776	202	104	7.75278924709	0.00584169582695	0.00298165137615	0.0028600444508
NAAAAAAN	38370	282857	293089	2482	1732	35.9333849414	0.00869842538174	0.00587475112017	0.00282367426157
TTTTTNAA	3916	33301	34770	153	62	9.93792397039	0.00457344413224	0.00177997243914	0.0027934716931
TTTTTNCN	4598	43380	44232	329	211	6.80523990596	0.00752705392482	0.00474765429876	0.00277939962606
NAAAANGA	4855	51604	50946	269	124	11.97641103	0.0051857421009	0.00242803994517	0.00275770215573
TTTTTTAN	5060	41480	41778	225	112	9.12198890675	0.00539503656636	0.00267366913344	0.00272136743291
NNAAAAGA	4023	43239	41912	186	67	12.0961879082	0.00428324697755	0.00159603611329	0.00268721086425
ATNTANGT	3899	35015	35578	187	95	7.52359643593	0.00531219817056	0.00266307851877	0.00264911965179
NAANAAGA	3970	43630	42085	187	71	11.164591571	0.00426774996006	0.00168422051428	0.00258352944578
TTNGNAAA	1832	20093	20081	70	18	7.24335302671	0.00347170559937	0.000895566943629	0.00257613865574
NANAAAGA	3861	42405	40687	179	67	10.8130688122	0.00420345669735	0.00164401040389	0.00255944629346
AAAANNGA	4025	42703	41779	234	122	7.83236087577	0.00544984512192	0.00291162502088	0.00253822010104
AANANAGA	3083	32903	32022	146	62	7.54616325713	0.00441768283458	0.00193242737813	0.00248525545645
ANAAANGA	4639	49678	48556	242	115	9.92688297321	0.00484775641026	0.00236280331203	0.00248495309822
NTNTTTAA	6206	54956	54849	277	144	9.81106435134	0.00501511777379	0.00261851508374	0.00239660269006
AANAANAT	14197	121664	125631	1499	1241	7.96810078531	0.0121708630027	0.00978151207516	0.00238935092753
ANAAANAT	15236	122954	128564	1440	1194	8.4100916626	0.0115761210348	0.00920174478645	0.00237437624833
TCATNNAA	2258	25014	25580	84	27	7.24241688887	0.0033468802295	0.00105439918772	0.00229248104178
AANAANGA	4664	52144	51323	235	113	9.60409290131	0.0044865308616	0.00219690489152	0.00228962597009
TTNTTNAA	7353	67757	69273	291	138	13.3818594978	0.00427639313426	0.00198815749665	0.00228823563761
AAAAAANA	28426	197471	207337	829	394	39.3222432031	0.00418053454362	0.00189668369189	0.00228385085173
AANAATGN	3520	40728	39703	180	85	7.56428278551	0.00440011733646	0.0021363225093	0.00226379482716
NTTTTNAA	7428	66024	67591	261	115	13.8481821904	0.00393754243041	0.00169852007208	0.00223902235834
AAANANGA	4513	48719	47837	232	121	7.85245310117	0.00473943331086	0.0025230409942	0.00221639231666
ANANAAGA	3730	39866	38394	159	69	7.67619116542	0.00397251717676	0.00179393183059	0.00217858534617
TATNTATT	8536	55483	48239	285	142	7.25155151938	0.0051104576101	0.00293503648126	0.00217542112884
AAAAANNA	37408	279682	292116	1139	564	48.7551209899	0.00405596447559	0.00192701927019	0.0021289452054
NTTNTTAA	6127	56257	57322	228	110	10.1724365448	0.00403646985925	0.00191530853879	0.00212116132046
AAAAAAAA	22938	152948	160722	588	279	28.27997938	0.00382972071697	0.00173290849125	0.00209681222571
TTTTTNAN	10564	91945	93968	440	252	12.8051494947	0.00476267792391	0.00267459138187	0.00208808654203
AAAAATNN	11834	103107	107606	531	331	12.8368638852	0.00512360331153	0.00306660366695	0.00205699964457
TTNNTTAA	5801	55179	55620	251	140	7.74815202739	0.00452823380841	0.00251076040172	0.00201747340669
TNNTTTAA	6010	55376	55211	254	142	7.51484973298	0.0045658817185	0.00256535327805	0.00200052844045
TTNTTANA	8183	72809	73969	283	139	11.9457451065	0.00387183275872	0.00187564095644	0.00199619180227
TTNTTAAA	2682	24100	25011	61	14	7.34372102526	0.00252472993667	0.000559440559441	0.00196528937723
AAAANANA	38975	286099	300200	1081	546	44.9941746764	0.0037641897068	0.00181548549274	0.00194870421406
AAAAANAA	28049	198130	207998	710	340	33.3074958113	0.00357071011869	0.00163196344402	0.00193874667467
TNTTTNAA	7591	67652	68529	238	109	11.5374602115	0.00350567093828	0.0015880416096	0.00191762932868
TTTNTNAA	7692	69094	71020	248	119	11.395027412	0.00357647601742	0.00167278145602	0.0019036945614
TNTNTTAA	6763	60011	59949	217	103	9.52380178982	0.0036029753603	0.00171518017718	0.00188779518312
AAANAAAA	28261	199014	209141	690	331	32.3712395444	0.00345511356808	0.0015801634586	0.00187495010948
AANAAANA	39024	287318	301429	1026	511	44.0257398119	0.00355824986821	0.0016923892164	0.00186586065181
ATNATAAA	3761	34985	35616	91	26	8.72768887104	0.00259436651842	0.000729476460356	0.00186489005806
ANTATAAA	3265	27720	28616	67	16	7.74280023978	0.00241119948177	0.00055881531154	0.00185238417023
AAANAANA	37977	284822	297390	1017	514	41.7499803049	0.00355794695615	0.00172538804447	0.00183255891168
NTTTTANA	7367	63359	63220	252	136	8.19801105123	0.00396157897219	0.00214660016415	0.00181497880804
ANAAAAAA	27972	195203	203761	669	328	29.5449362847	0.00341549583401	0.00160714198217	0.00180835385184
AANAAAAA	27966	198107	207205	673	330	29.8700325855	0.00338565248013	0.00159009323729	0.00179555924284
TTTTNNAA	8551	76331	77889	274	139	10.9505212565	0.00357679002676	0.00178141180089	0.00179537822587
ANAAAANA	38167	281579	293965	1002	516	39.4725727061	0.00354588595836	0.00175223528852	0.00179365066984
AAAANAAA	28436	199599	210343	678	336	30.0439833255	0.00338531134379	0.00159484333987	0.00179046800392
AAAANTNT	8126	72089	74475	362	240	6.98530109635	0.00499648037984	0.00321220638426	0.00178427399558
TTTTTANN	9923	87203	87288	360	204	10.1749283354	0.00411132555988	0.0023316417501	0.00177968380978
GATNANAA	2709	34570	33822	86	24	7.9140782671	0.00248153277932	0.000709094132246	0.00177243864707
AAAAANTN	10771	91703	94950	492	341	7.88897892173	0.00533651499539	0.00357851213651	0.00175800285888
NAAAAAAA	28726	200797	208766	672	330	29.2615380083	0.00333550074701	0.00157822244328	0.00175727830373
NAAAAANA	38624	287434	298255	1017	533	37.8010969891	0.00352572880663	0.00178387351567	0.00174185529096
TTTTNANA	8517	76442	78106	311	181	8.82596609636	0.00405195888109	0.00231200582472	0.00173995305636
AAAANNTA	11353	91669	96132	368	218	10.7452614315	0.00399839195106	0.00226258432797	0.00173580762309
TTTNTANA	9247	77430	77215	316	181	8.62482115737	0.0040645177887	0.00233862215102	0.00172589563768
TTNTNTAA	7352	66372	66499	290	176	6.80821877663	0.00435030452132	0.00263967004124	0.00171063448007
TNNTTAAA	5344	48432	49154	127	45	9.43602873752	0.00261537511069	0.000914652736844	0.00170072237385
NNTGATAA	2560	32199	32005	78	23	7.02822177414	0.00241658146668	0.000718121643562	0.00169845982312
NTNTTAAA	5849	52763	53532	134	45	10.5880061868	0.00253322494659	0.000839912649084	0.00169331229751
NANGATAA	2675	33999	33577	84	27	6.80646932177	0.00246457178065	0.000803475776693	0.00166109600396
NTANTAAA	6267	60640	60818	149	49	11.7485532113	0.00245110135057	0.00080503392643	0.00164606742414
AAANANAA	37189	279340	292053	894	459	35.7040314176	0.00319019105462	0.00156916639317	0.00162102466145
ANANAAAA	37514	279234	290364	860	423	37.1212835996	0.00307039779503	0.00145467300808	0.00161572478695
NNATTAAA	5081	46245	46788	117	43	8.2820709361	0.00252361848065	0.000918195212573	0.00160542326808
NATTNAAA	5783	53795	54633	125	40	10.4848453531	0.00231824925816	0.000731622555923	0.00158662670224
AANANAAA	37413	282970	294822	856	424	36.6120391532	0.00301593229655	0.00143609058209	0.00157984171446
AANAAATA	7706	54920	60994	172	95	7.44074693268	0.00312205038844	0.00155510812094	0.0015669422675
NAANAAAA	38165	287424	297624	856	418	37.0838466519	0.00296933536839	0.00140248689782	0.00156684847057
NAAAANAA	38201	286124	297772	876	444	35.5417612924	0.00305226480836	0.00148885371677	0.00156341109159
AANNAAAA	36596	276706	288547	837	422	34.5812538478	0.00301574891098	0.00146036426053	0.00155538465045
ANAANAAA	37731	283419	295264	852	427	35.5451141568	0.00299714005298	0.00144407506485	0.00155306498813
NANAAAAA	38218	286525	295976	847	415	36.2088669161	0.0029473991899	0.00140017746828	0.00154722172162
ANNAAAAA	36702	276271	285707	840	426	33.4678054378	0.00303127627557	0.00148881813702	0.00154245813855
TNANTAAA	6172	50807	53356	131	55	8.25449521802	0.00257175389689	0.00102975042594	0.00154200347095
AAAANTAN	10264	86592	91005	358	235	7.68685891477	0.00411730879816	0.002575624726	0.00154168407216
NAAANAAA	39291	288578	302060	857	430	36.1324634829	0.00296094114395	0.00142153459618	0.00153940654777
AANAANAA	39632	315570	327791	937	467	39.1501280494	0.00296044005346	0.00142266144313	0.00153777861033
NTTTNAAA	6712	59785	60357	146	55	9.83760007267	0.00243613488846	0.000910415149308	0.00152571973915
AAAANNAA	37040	279108	292413	859	454	32.3556420695	0.00306821875435	0.00155019172525	0.0015180270291
ATANTNAA	6387	58084	58533	147	59	9.00527598166	0.00252442856898	0.00100696340797	0.001517465161
AAANNAAA	37077	277598	291548	838	436	32.9727254279	0.00300966829002	0.00149323250589	0.00151643578413
NNAGAAAA	4200	44472	43947	111	43	6.98555633692	0.00248973824103	0.000977494885201	0.00151224335583
TANTNAAA	6020	57366	57859	124	38	10.7641210359	0.00215689685163	0.000656337979515	0.00150055887211
NNAAAAAA	38370	285610	293694	835	418	33.6885944698	0.00291504477299	0.00142122728756	0.00149381748543
ANNAAGAA	4538	50810	49138	135	57	6.98576171718	0.0026499165767	0.00115865433479	0.00149126224191
GANAANAA	4946	53356	52952	119	40	9.06496745171	0.00222533894343	0.000754830917874	0.00147050802556
ANTNTAAA	5662	49662	51124	115	43	8.24757728371	0.00231030395564	0.000840385404655	0.00146991855099
NTTNTAAA	6111	53258	54535	133	56	7.88663862777	0.00249105654511	0.00102581011522	0.00146524642989
TTNNTAAA	6106	57405	58421	143	60	8.37426930831	0.00248488218531	0.00102597424805	0.00145890793726
ANAAANAA	38466	286363	298178	896	506	28.0698136612	0.00311913638911	0.00169409811038	0.00142503827873
TTANANAA	7352	66530	66446	170	75	8.67790759968	0.00254872563718	0.00112746350776	0.00142126212942
NNTTTAAA	5452	49333	49613	120	50	6.99412023787	0.00242654641781	0.00100678573586	0.00141976068195
ATTNNAAA	6057	55007	55302	135	57	7.64152972031	0.0024482245838	0.0010296428765	0.0014185817073
ATNNTAAA	6693	61325	62437	138	52	9.48621734829	0.00224525324179	0.000832146457777	0.00141310678401
NTAATNAA	5716	54856	55019	141	64	6.99401133391	0.00256377620597	0.0011618829766	0.00140189322938
AANGANAA	4834	53352	53640	130	57	6.92968633466	0.00243072435586	0.0010615118163	0.00136921253956
ANNATAAA	10726	93458	97450	209	86	13.0560956202	0.00223130878538	0.000881725721785	0.00134958306359
TNTTNAAA	7177	64930	66509	141	56	9.10818832433	0.00216686388714	0.000841282956509	0.00132558093063
AANAANTA	11682	92315	98795	301	194	7.45629870594	0.00324997840546	0.00195981371668	0.00129016468878
NTNATAAA	7375	69295	69696	161	72	8.18914651082	0.00231801428242	0.00103199174407	0.00128602253836
AANANATA	18456	129169	138007	396	245	10.8526819138	0.00305638096708	0.00177212626219	0.00128425470489
NNAATAAA	11127	89654	95694	196	89	11.0625076509	0.00218141346689	0.0009291836756	0.00125222979129
NANTAAAA	8657	75400	77878	145	53	10.6542455323	0.00191938579655	0.000680088796499	0.00123929700005
TTANNAAA	7009	67161	66686	154	70	7.39068896745	0.00228775161554	0.00104859488286	0.00123915673268
TAANNAAA	10376	84703	87726	184	82	10.0216514196	0.00216758749867	0.000933855685131	0.00123373181354
AAANNATA	12810	106065	111733	332	212	7.93090046374	0.00312038873277	0.00189378712761	0.00122660160516
TNATNAAA	7185	70814	71145	151	65	8.21279336513	0.00212780948355	0.00091279314703	0.00121501633652
ANTANAAA	9109	81305	82694	172	75	9.3501961587	0.00211102519729	0.000906136355399	0.0012048888419
NTATNAAA	7615	68131	68638	143	62	7.75988804867	0.00209450156721	0.000902474526929	0.00119202704029
TANANAAA	12972	100260	104059	220	104	10.7383422361	0.00218949044586	0.000998435144917	0.00119105530094
TTNTNAAA	7230	65997	67655	136	59	7.69871391889	0.00205646197813	0.000871311693298	0.00118515028484
TANNAAAA	10730	94903	95466	194	82	10.7572987116	0.00204002229303	0.000858207393143	0.00118181489988
TNANAAAA	11348	101613	101407	211	92	10.8485904161	0.00207220301697	0.000906412871063	0.00116579014591
ATNANAAA	10638	98288	98663	217	104	9.47074619646	0.00220293386123	0.00105298328389	0.00114995057733
NATANAAA	12596	108158	109670	215	93	11.6276238394	0.00198388897604	0.000847280048832	0.0011366089272
ANAATANA	13946	109056	113503	304	187	7.8515614821	0.00277980980249	0.00164482364324	0.00113498615925
ANANTAAA	8828	74379	77741	148	67	8.11940330458	0.00198585747447	0.000861093974913	0.00112476349956
ATANNAAA	10830	94634	96258	207	103	8.69153916238	0.00218260035217	0.00106889716794	0.00111370318423
NANAAATA	14701	112985	121062	308	197	7.83899718336	0.00271861456577	0.00162462167757	0.00109399288821
TATNNAAA	9211	79617	79929	154	67	8.2041723359	0.00193052613105	0.000837541877094	0.00109298425396
TNAANAAA	11708	98053	100039	211	106	8.74525074982	0.00214727672393	0.00105846522542	0.0010888114985
NNATAAAA	10749	92124	95335	191	94	8.62988688598	0.00206900287061	0.000985025516352	0.00108397735425
NATNTAAA	8480	72568	73682	143	66	7.08782687845	0.0019666900469	0.000894939523784	0.00107175052311
ANNTAAAA	9147	75764	78148	155	76	7.08918656912	0.00204164965292	0.000971568827981	0.00107008082494
NATANTAA	9925	100415	100821	209	102	8.81630407961	0.00207703927492	0.00101067150204	0.00106636777289
TNAAANAA	10641	91933	92714	213	116	7.09066227823	0.00231154906344	0.00124959603576	0.00106195302768
NATAANAA	14022	136412	137650	266	122	12.6817521903	0.00194618007287	0.00088552100572	0.00106065906715
TATANNAA	9828	80790	80346	172	86	6.80218675277	0.0021244534473	0.00106922617864	0.00105522726866
NATNAAAA	10697	100034	100558	185	80	9.88523186974	0.0018459573534	0.000794928357082	0.00105102899631
AATNNAAA	9495	89151	90875	190	98	7.47094086842	0.00212668315779	0.00107724269838	0.00104944045941
AATANNAA	12348	122075	124210	254	128	10.2692707693	0.00207636782774	0.00102945197767	0.00104691585007
NAATNAAA	9205	82021	85030	160	77	7.67028715554	0.00194692203794	0.00090474344061	0.00104217859733
NAAATANA	14523	105629	114584	277	181	6.95532605811	0.00261552697675	0.00157713588638	0.00103839109038
ATNNAAAA	10523	94774	94422	204	106	7.35144287088	0.00214786582156	0.00112136086662	0.00102650495494
NATNATAA	11674	123524	124196	283	158	8.58851766921	0.00228581582625	0.00127056628657	0.00101524953968
NANAATAA	13563	128837	133713	264	138	10.3940305383	0.00204491057389	0.00103099715355	0.00101391342034
NANATAAA	13485	104219	110747	211	115	8.1990507643	0.00202049219573	0.00103732568418	0.000983166511545
NATAAANA	13733	110552	114760	236	133	7.83231693418	0.00213019460591	0.00115759880933	0.000972595796587
NNTAATAA	9868	103358	103150	209	112	7.02200841158	0.00201801732212	0.00108461970522	0.000933397616904
