#Sequence	Occurrence	Forward Match	Backward Match	Forward Mismatch	Backward Mismatch	Strand Bias Score	FER (Forward Error Rate)	RER (Reverse Error Rate), ERD (Error rate Difference)
GGGT	25029	1262015	1327698	58618	4246	9223372036854775807	0.0443862905137	0.00318782171022	0.0411984688035
AGGT	27260	1415823	1457989	42494	5445	9223372036854775807	0.0291390692147	0.00372070076273	0.025418368452
NGGT	147210	7580347	7799542	205624	26834	9223372036854775807	0.02640955123	0.00342866225696	0.0229808889731
CGGT	51770	2658422	2717430	61222	9065	9223372036854775807	0.0225110345325	0.00332478145018	0.0191862530823
GAGT	18292	964466	988292	19801	3309	9223372036854775807	0.0201175087654	0.00333702769562	0.0167804810698
GNGT	124461	6460311	6586760	128420	24291	9223372036854775807	0.0194908549158	0.00367430231593	0.0158165525998
TGGT	43151	2244087	2296425	43290	8078	9223372036854775807	0.0189256078032	0.00350531112348	0.0154202966797
GGGN	108620	5610929	5725072	96039	18305	9223372036854775807	0.0168283754176	0.00318714930258	0.013641226115
GGGA	25935	1361751	1379718	20852	4567	9223372036854775807	0.0150816973491	0.00329917610897	0.0117825212402
ANGT	110220	5850137	5923862	85533	22279	9223372036854775807	0.0144099992082	0.00374679981521	0.010663199393
NNGT	519122	27283408	27630841	397190	103103	9223372036854775807	0.0143490397137	0.00371757439187	0.0106314653218
AAGT	23116	1237602	1255046	17588	5221	9223372036854775807	0.0140122212573	0.00414277292034	0.009869448337
CNGT	166013	8698221	8777433	113419	33305	9223372036854775807	0.0128714972468	0.00378004657499	0.00909145067184
NAGT	92424	4917085	4984865	63006	18360	9223372036854775807	0.0126515760455	0.00366963308666	0.00898194295884
GCGT	61554	3191708	3216972	41124	13082	9223372036854775807	0.0127207352563	0.00405008708833	0.00867064816794
GGNT	144190	7570063	7684810	79453	20865	9223372036854775807	0.0103866702155	0.00270774461679	0.00767892559868
NGGN	607071	31628430	31957207	340350	100926	9223372036854775807	0.0106463243202	0.0031482182696	0.00749810605056
AGGN	113925	6018793	6064686	63415	18420	9223372036854775807	0.0104263122866	0.00302805836361	0.00739825392298
TNGT	118428	6274739	6342786	69818	23228	9223372036854775807	0.0110043932145	0.00364875100809	0.00735564220644
NCGT	165977	8700763	8722475	91584	36154	9223372036854775807	0.0104163313846	0.00412781498109	0.00628851640347
CGGN	210120	10868001	10950015	103162	35402	9223372036854775807	0.00940301406515	0.00322263597276	0.00618037809238
CAGT	37437	1981959	2000363	19376	7275	9223372036854775807	0.00968153757367	0.00362366123773	0.00605787633594
NGGA	127519	6744579	6761851	64217	24487	9223372036854775807	0.00943147657824	0.00360827886851	0.00582319770972
ACGT	31148	1646554	1651979	15730	6350	9223372036854775807	0.00946288359871	0.00382915573448	0.00563372786423
CGGA	40822	2138043	2138648	20471	8446	9223372036854775807	0.00948383934503	0.00393368897682	0.00555015036821
CCGT	41668	2185777	2181120	21963	9839	9223372036854775807	0.00994818230408	0.00449072757637	0.0054574547277
TGGN	174406	9130707	9217434	77734	28799	9223372036854775807	0.00844160265565	0.00311467383528	0.00532692882037
AGNT	117355	6260742	6312265	55249	21984	9223372036854775807	0.00874747921585	0.00347065611093	0.00527682310492
TAGT	13579	733058	741164	6241	2555	9223372036854775807	0.00844178065979	0.00343543730898	0.0050063433508
GTGT	19586	1042122	1053798	8877	3654	9223372036854775807	0.00844624971099	0.00345547599324	0.00499077371775
NGNT	665023	35174690	35475524	283154	111192	9223372036854775807	0.0079856519195	0.0031245366951	0.0048611152244
GGGC	36679	1884662	1909842	15329	6196	9223372036854775807	0.00806793295337	0.00323375632425	0.00483417662912
CGNT	225699	11859808	11923690	90821	38101	9223372036854775807	0.00759968366519	0.0031852253563	0.00441445830888
TGGA	35937	1906085	1911934	14947	6820	9223372036854775807	0.00778071369972	0.00355438998433	0.00422632371539
GNGN	617299	32210986	32373895	234964	104747	9223372036854775807	0.00724170505102	0.00322510405454	0.00401660099648
GAGN	92776	4929436	4950925	33681	14744	9223372036854775807	0.00678625952199	0.002969187032	0.00381707248999
TCGT	31607	1676724	1672404	12767	6883	9223372036854775807	0.00755671382683	0.00409876334421	0.00345795048262
GNGA	145536	7694449	7680870	58557	33525	9223372036854775807	0.00755281241882	0.00434577176823	0.00320704065059
GNNT	575519	30512964	30758339	188294	93402	9223372036854775807	0.00613310373145	0.00302744665204	0.00310565707941
AGGC	40719	2135850	2148709	11602	5417	9223372036854775807	0.00540268187601	0.00251470898174	0.00288797289427
TGNT	177779	9484077	9554759	57631	30242	9223372036854775807	0.00603990396688	0.00315513790765	0.00288476605923
ATGT	28696	1550158	1558848	9721	5263	293.571653039	0.00623189362765	0.00336485070433	0.00286704292332
NGGC	223722	11591961	11670198	63610	33739	9223372036854775807	0.0054574760859	0.0028827051957	0.0025747708902
GCNT	190051	10021058	10070836	60408	35088	9223372036854775807	0.00599198568938	0.00347202294417	0.00251996274522
NTGT	113511	6085213	6123959	36976	21755	9223372036854775807	0.00603966979785	0.00353986534355	0.00249980445429
AGGA	24825	1338700	1331551	7947	4654	183.648807584	0.00590132380646	0.003482998492	0.00241832531446
CTCG	21508	1126144	1126314	5649	2988	178.852904647	0.00499119538644	0.00264588214667	0.00234531323976
AAAC	49717	2671976	2681774	8923	2794	9223372036854775807	0.00332836112065	0.00104076335559	0.00228759776506
TGGC	66841	3478427	3505009	17753	10075	9223372036854775807	0.00507782780063	0.00286621884427	0.00221160895636
TNGN	538652	28487402	28555651	147491	85984	9223372036854775807	0.00515074388439	0.00300206325512	0.00214868062928
TTTC	55558	2965286	2993119	10277	4020	9223372036854775807	0.0034538001716	0.0013412791332	0.0021125210384
GANT	116159	6229605	6270755	31379	18269	9223372036854775807	0.00501183200596	0.0029049022551	0.00210692975086
ANGN	568393	30272378	30286843	155901	92057	9223372036854775807	0.00512355628131	0.00303029405278	0.00209326222853
CTGT	35138	1872063	1878520	10858	7126	171.611864668	0.00576657225662	0.00377907624231	0.00198749601431
CNGN	846736	44407783	44394152	227277	139275	9223372036854775807	0.00509189412986	0.00312742605684	0.00196446807303
GGNN	607071	31846119	31984435	159813	101130	9223372036854775807	0.00499323062987	0.00315188465592	0.00184134597395
AAGC	43265	2306910	2311853	8690	4467	296.983153971	0.00375280704785	0.00192849001865	0.0018243170292
CNNT	632202	33609865	33770176	175762	115671	9223372036854775807	0.00520227136824	0.00341354902535	0.00178872234289
AAGN	129134	6948463	6953057	33118	20867	9223372036854775807	0.00474362468902	0.00299214617194	0.00175147851708
AANC	173967	9313700	9349980	28637	12520	9223372036854775807	0.00306529297755	0.00133724966622	0.00172804331133
AATC	41491	2224890	2244167	6502	2678	9223372036854775807	0.00291387618133	0.00119189352181	0.00172198265952
NAAC	160020	8571637	8608937	25392	10649	9223372036854775807	0.00295357849787	0.00123544216625	0.00171813633163
TAAC	35467	1913058	1921835	5601	2327	297.7314266	0.00291922639719	0.00120935763205	0.00170986876514
GCGN	297650	15427713	15429365	79360	52785	9223372036854775807	0.00511766469404	0.00340941019174	0.0017082545023
GAAC	35540	1888761	1899164	5878	2657	268.689321531	0.00310243798423	0.00139708205977	0.00170535592445
CGGC	79483	4093022	4106638	18926	12051	9223372036854775807	0.0046026846643	0.00292593104262	0.00167675362168
ATTC	36459	1961588	1971913	6036	2760	269.575952825	0.00306765926823	0.00139769977105	0.00166995949718
NAGN	498105	26545178	26598151	123917	79539	9223372036854775807	0.00464646438134	0.00298148003069	0.00166498435064
GCGA	60838	3185321	3164468	21672	16559	141.888892602	0.00675773224326	0.00520555154043	0.00155218070283
NTTC	167504	8928634	8994116	26712	13242	9223372036854775807	0.00298279932456	0.00147013141922	0.00151266790534
GGAT	40599	2158351	2177376	9071	5904	152.444136151	0.00418515637472	0.00270418819391	0.00148096818081
ANAC	125119	6717381	6740448	18316	8382	9223372036854775807	0.00271924345766	0.00124199305657	0.00147725040108
GGNC	122693	6383233	6425260	25375	16062	9223372036854775807	0.00395951819802	0.00249358749648	0.00146593070154
TATC	47213	2537013	2549532	7023	3325	291.848482255	0.00276057414282	0.00130246230008	0.00145811184274
GAGC	29969	1577446	1582438	6116	3817	118.123721429	0.00386217906214	0.00240629659166	0.00145588247048
TANC	147767	7921095	7943656	22287	11103	9223372036854775807	0.00280573186585	0.00139576824389	0.00140996362196
TAGC	26685	1424489	1427916	4785	2783	117.087489038	0.00334785352564	0.00194520300916	0.00140265051648
TNTC	155642	8329638	8388487	23309	11893	9223372036854775807	0.00279051213901	0.00141576928663	0.00137474285238
ATAC	31846	1714826	1718059	4449	2208	165.807694124	0.00258771866048	0.00128352168588	0.0013041969746
ANTC	116159	6235979	6272172	16680	8609	9223372036854775807	0.00266766506857	0.00137068940949	0.00129697565909
TTNC	184783	9836717	9898027	27475	14924	9223372036854775807	0.00278532696849	0.00150550527285	0.00127982169564
ANGC	190051	10033940	10039216	34322	21469	9223372036854775807	0.00340892996229	0.00213395012367	0.00127497983862
NANC	665023	35391348	35510473	99298	54308	9223372036854775807	0.00279786397802	0.00152701629176	0.00127084768625
NAGC	177658	9381166	9406815	32039	20169	9223372036854775807	0.00340362288933	0.00213949657706	0.00126412631227
NATC	180135	9626883	9682397	24871	12861	9223372036854775807	0.00257683732926	0.0013265247815	0.00125031254776
ANNT	526102	28385006	28519899	134491	99548	9223372036854775807	0.00471575638238	0.00347833415509	0.00123742222729
TNGA	116529	6228444	6206882	33665	25840	218.097215418	0.00537598435288	0.00414586115023	0.00123012320264
TAGN	62947	3390934	3398342	13502	9332	168.247811585	0.00396600200444	0.00273852487063	0.00122747713381
GANC	134111	7097298	7117161	20708	12001	9223372036854775807	0.00290924171741	0.00168336755428	0.00122587416313
ATNC	153417	8213486	8228217	22775	12847	9223372036854775807	0.00276521105876	0.00155890064681	0.00120631041195
GTTC	35540	1880079	1893047	5481	3226	131.280003557	0.00290682874053	0.0017012318374	0.00120559690313
AGNC	123674	6547086	6563188	20569	12836	9223372036854775807	0.00313186365605	0.00195193934815	0.0011799243079
GNGC	199765	10349894	10381196	38808	26746	9223372036854775807	0.00373559661255	0.00256976835574	0.00116582825681
NNGA	565317	30153117	30004571	170687	134859	9223372036854775807	0.00562881226907	0.00447450399692	0.00115430827214
CTTG	18744	1003314	1008409	3707	2562	47.7197422319	0.00368115461346	0.00253419732119	0.00114695729227
GTGA	34661	1849124	1843140	9577	7425	58.6351252311	0.00515252318689	0.00401228813903	0.00114023504786
TTGT	30091	1620870	1632793	7520	5712	57.5775321904	0.00461805832755	0.00348610471131	0.00113195361624
ANNC	575519	30668054	30723113	84383	49676	9223372036854775807	0.0027439451384	0.00161428332024	0.00112966181816
TNGC	202842	10648295	10668402	36848	24801	9223372036854775807	0.00344852661307	0.00231932377979	0.00112920283329
NCNT	568393	30256775	30375799	145223	111294	9223372036854775807	0.00477675842226	0.00365052843838	0.00112622998388
GTGN	118253	6242908	6268533	25884	18913	242.488547335	0.00412902517742	0.00300805764376	0.00112096753366
GGNA	158500	8399130	8391354	42130	32625	260.952101565	0.00499096106505	0.00387287290246	0.00111808816259
GAGA	24102	1298253	1293544	6456	4974	41.5660137613	0.00494822983516	0.00383052063968	0.00111770919548
GATC	38910	2069355	2074983	5381	3087	137.403342671	0.0025935829908	0.00148551300004	0.00110806999076
ATGC	44513	2366413	2367043	7709	5078	118.762042694	0.00324709513664	0.00214070024253	0.00110639489412
TTAC	37852	2034014	2042335	4817	2572	151.226552959	0.00236262838852	0.00125775891031	0.00110486947822
GTGC	29321	1533599	1543802	5322	3648	71.337101332	0.0034582671885	0.0023574267343	0.0011008404542
TACC	38402	2046535	2044373	4878	2668	141.158645119	0.00237787320252	0.00130334468142	0.0010745285211
NCGN	830884	43439556	43274321	186292	139792	9223372036854775807	0.00427022071869	0.00321996674215	0.00105025397654
CCNT	133732	7101513	7121195	35779	28381	190.371666328	0.00501296570184	0.00396960602978	0.00104335967205
TGNC	186019	9788802	9834692	31224	21281	9223372036854775807	0.00317962498266	0.00215919828514	0.00102042669752
NNGC	879570	45973493	46007468	155348	108383	9223372036854775807	0.00336769787908	0.00235023311182	0.00101746476726
CAAC	39296	2097842	2106164	4990	2871	126.98897267	0.00237299032923	0.00136128608582	0.00101170424342
NTNC	591509	31427718	31557068	82951	51532	9223372036854775807	0.00263247346478	0.00163031580013	0.00100215766465
NTAC	115946	6204082	6223087	14578	8401	9223372036854775807	0.00234423493164	0.00134815312169	0.000996081809947
TTGC	48478	2560948	2572344	7935	5401	108.095822052	0.00308889116398	0.00209524215933	0.000993649004651
TNNC	664105	35253780	35382538	95009	60467	9223372036854775807	0.00268775827087	0.00170603480151	0.000981723469363
TNAC	147121	7871656	7906297	18492	10790	9223372036854775807	0.00234368227313	0.00136287500693	0.000980807266202
CGNN	830884	43488099	43452217	183603	140867	9223372036854775807	0.00420416406029	0.00323140707365	0.000972756986634
CNGA	168862	8964647	8909726	51966	42917	176.104815307	0.00576336147509	0.00479377989271	0.000969581582382
NNAC	519122	27649045	27740037	66229	40126	9223372036854775807	0.00238962097218	0.00144441197123	0.000945209000943
GGCT	39068	2053801	2069062	8294	6387	57.9477070926	0.00402212313206	0.00307740638291	0.000944716749149
NNTC	565318	30084818	30257534	75114	46985	9223372036854775807	0.00249052285662	0.00155042883208	0.000940094024534
CCCG	38045	1994602	1970062	7476	5533	58.9646545196	0.00373412024906	0.00280067523961	0.00093344500945
AACC	39494	2109924	2112186	4522	2581	116.776844093	0.00213862165314	0.00122046542243	0.00091815623071
GTNC	112101	5905966	5939609	16181	10833	237.541102406	0.00273228611178	0.00182053702901	0.000911749082763
NGNC	697250	36494430	36583680	112837	82006	9223372036854775807	0.00308236613239	0.00223658709127	0.00084577904112
CCGN	210120	10987792	10894918	44886	35234	235.726936044	0.00406845917193	0.00322355992854	0.00084489924339
GNAC	112101	5926686	5949171	14890	10002	213.530217864	0.00250606909682	0.00167842081443	0.000827648282387
CAGC	77739	4072321	4084608	12448	9102	116.101654868	0.0030474183485	0.00222341103791	0.000824007310595
ATCC	40599	2170659	2171202	4581	2801	94.4495608964	0.00210597451316	0.00128840668573	0.000817567827426
CANC	209178	11059255	11099676	27666	18684	9223372036854775807	0.00249537270086	0.0016804636655	0.000814909035356
NTGC	180540	9518441	9535861	28536	20779	268.921130816	0.00298900898159	0.00217429975389	0.000814709227698
AGAC	23970	1277010	1284303	2974	1942	49.4167955314	0.00232346654333	0.00150982122379	0.000813645319537
NACC	147210	7811662	7812324	16996	10629	9223372036854775807	0.00217099789006	0.00135869408905	0.000812303801012
TGTC	28769	1534125	1544825	3865	2643	52.7824252143	0.0025130202407	0.00170795131143	0.000805068929271
CTTC	39947	2121681	2136037	4918	3236	78.961558089	0.00231261276809	0.00151266341416	0.000799949353927
CAGN	213248	11276345	11295827	43616	34596	230.049491477	0.0038530168081	0.00305337232335	0.000799644484751
CATC	52521	2795625	2813715	5965	3771	111.617804901	0.00212914809091	0.0013384272362	0.00079072085471
GTAC	26358	1392314	1397890	3233	2186	45.925320952	0.00231665432981	0.00156134381276	0.000755310517043
GGAC	20882	1099328	1103996	2882	2064	31.1656090687	0.0026147467361	0.00186608321429	0.000748663521811
ACNT	110220	5915687	5933465	26230	21895	88.6485129671	0.00441440026847	0.00367651997528	0.000737880293183
TGNN	635020	33749743	33845814	126642	101919	9223372036854775807	0.00373835638012	0.00300223287369	0.000736123506421
AGNN	498106	26586810	26589272	104985	85339	9223372036854775807	0.00393323116711	0.00319925940063	0.000733971766472
TGAC	39141	2076846	2083631	4770	3300	60.3136074385	0.00229148892015	0.00158126933761	0.00071021958254
GNNC	568670	29785556	29872596	83002	62638	9223372036854775807	0.00277890884454	0.0020924506553	0.00068645818924
TTCC	42895	2276469	2290229	4446	2931	70.7080431163	0.00194921774814	0.00127814892986	0.00067106881828
GNTC	134111	7078999	7116208	17767	13107	159.204307749	0.00250353470863	0.00183846554683	0.000665069161796
CNGC	286912	14941364	14918654	45370	35367	266.695555517	0.00302734404974	0.00236504950742	0.000662294542324
AGTC	19917	1063501	1069216	2420	1750	25.1682209036	0.00227033710753	0.00163403880235	0.000636298305182
CACC	39622	2093467	2095189	4263	2940	54.125249487	0.00203219670787	0.00140124844564	0.000630948262231
CANT	142257	7637263	7682147	31120	26460	88.968147597	0.00405822192241	0.00343252678467	0.000625695137735
NANT	524122	28327864	28462307	111752	94575	9223372036854775807	0.00392944827384	0.00331181114241	0.000617637131438
CTAC	19890	1062928	1064803	2079	1435	26.8917395742	0.00195209984535	0.00134585336482	0.000606246480532
NGAC	124903	6597257	6617186	15039	11057	135.725297247	0.00227439908921	0.00166816454979	0.000606234539421
NTCC	127519	6776561	6804004	13125	9110	162.164821764	0.00193307908495	0.00133712719323	0.00059595189172
ACGN	165977	8753074	8728228	31773	26451	103.430354447	0.00361679605803	0.00302135578015	0.000595440277881
CCGA	35566	1874482	1849987	11628	10366	13.2131844807	0.00616506990578	0.00557206078631	0.000593009119472
TCGN	157137	8270977	8221810	30273	25322	90.5085110566	0.0036468001807	0.00307040071627	0.000576399464422
GACC	29692	1561736	1560576	3333	2440	30.8988920972	0.00212961856634	0.00156108446747	0.000568534098873
AANT	141888	7700360	7735413	33987	29772	65.775690365	0.00439429469611	0.00383403614981	0.000560258546298
NCGA	157137	8291281	8212786	48342	43449	47.9683118738	0.00579666490919	0.00526256822874	0.000534096680454
GCCT	40719	2149508	2152056	10123	8982	16.0230221942	0.00468737483394	0.00415633598299	0.000531038850956
CGCT	67055	3527770	3523626	15392	13522	26.7917327029	0.00434414232259	0.00382285389246	0.000521288430134
ACAC	19586	1053569	1056312	1970	1438	19.3023851679	0.00186634506162	0.00135948948239	0.000506855579231
CNAC	134781	7133322	7144121	14531	10952	111.523193689	0.0020329181364	0.00153066223084	0.000502255905557
ANCC	144190	7680754	7671277	15065	11216	122.579213423	0.00195755643421	0.00145994275556	0.000497613678653
GGTC	29692	1548936	1561529	4100	3355	18.4717616663	0.00263999031574	0.00214392887907	0.000496061436669
CTNC	141208	7471549	7491215	16520	12928	98.382727482	0.00220617625185	0.00172278166874	0.000483394583109
CNTC	159406	8440202	8480667	17358	13376	117.399838961	0.0020523649847	0.00157475068115	0.000477614303546
NGTC	124903	6585185	6614754	15225	12273	72.8791000681	0.00230667488838	0.0018519616715	0.000454713216877
TTGN	144162	7694784	7718065	25982	22531	56.6923024573	0.00336521013589	0.00291075777627	0.000454452359611
TCGA	29126	1543449	1525970	8436	7675	6.82040938287	0.00543596980446	0.00500441758034	0.000431552224124
CCCT	21121	1123091	1130304	5797	5361	5.05644363648	0.00513514183869	0.00472058221395	0.000414559624749
TNCC	158500	8404191	8419352	16360	12983	86.9181623663	0.00194286573408	0.0015396684311	0.000403197302978
CGAT	54415	2885696	2886544	9964	8818	16.2073519586	0.00344101172099	0.00304556045151	0.000395451269481
TCAC	34661	1847738	1858496	3304	2591	20.6309740443	0.00178494059022	0.0013921971407	0.000392743449516
NTGN	635020	33765385	33780862	115074	101806	178.538682776	0.00339647110448	0.00300466303303	0.00039180807145
CNNC	762787	40047608	40054028	92491	77614	284.067911082	0.00230420458106	0.00193398515815	0.000370219422915
ATAG	24568	1334481	1332437	2811	2346	9.80874086901	0.00210200913488	0.00175758906129	0.000344420073585
GTCC	20882	1099974	1104870	2145	1773	8.86793102093	0.00194625081321	0.00160214269643	0.000344108116781
TTTG	46410	2478874	2492915	6472	5649	14.0973827983	0.00260406398143	0.00226089866019	0.000343165321243
CGAC	40910	2144073	2145256	4413	3751	12.6494043352	0.00205400454087	0.00174545732052	0.000308547220351
ACTC	18292	986000	986876	1722	1421	7.10806576207	0.00174340553314	0.00143782688807	0.000305578645065
CTGC	58228	3057481	3052672	7570	6652	13.4837120236	0.00246977945881	0.00217433655278	0.000295442906027
CTCC	23143	1229459	1237703	1953	1605	8.73791618982	0.00158598421974	0.00129507757555	0.000290906644191
CGNC	264864	13775309	13760540	35669	31827	47.724876027	0.00258265562366	0.0023075807075	0.000275074916161
ACCG	51770	2728395	2704016	7971	7331	5.38270015729	0.00291298751702	0.00270382212236	0.000209165394659
ACCC	25029	1329446	1326929	2389	2107	4.42851849396	0.00179376574426	0.00158535961404	0.000208406130219
NCAC	118253	6276069	6290827	11220	10019	16.343206378	0.00178455292893	0.00159010393208	0.000194448996858
TNNT	628725	33906827	34085675	112875	106820	44.5823418651	0.00331793029815	0.00312407737429	0.000193852923866
CTNG	112860	5950255	5951223	14538	13615	7.4257275852	0.00243730168004	0.00228254313026	0.000154758549784
NGAT	180135	9642546	9664688	30994	29586	8.6763999343	0.00320399770922	0.00305190466042	0.000152093048794
ATGN	159357	8552048	8540872	27595	26319	7.00991440288	0.0032163342927	0.0030720687796	0.000144265513094
ACNC	124461	6593782	6581728	12402	11473	8.33244348612	0.00187733190598	0.00174012592669	0.000137205979291
CTGN	213248	11275645	11253392	35613	34043	7.85902971326	0.00314845616641	0.00301600850858	0.000132447657838
TCNC	145536	7707166	7706163	14023	13159	6.74522096528	0.00181617105863	0.00170468339059	0.00011148766804
NNCC	607071	32047642	32027236	58194	54901	21.4074608472	0.00181256765904	0.00171126381014	0.0001013038489
