#Sequence	Occurrence	Forward Match	Backward Match	Forward Mismatch	Backward Mismatch	Strand Bias Score	FER (Forward Error Rate)	RER (Reverse Error Rate), ERD (Error rate Difference)
CGGT	1237	14232	14424	213	59	20.0272429425	0.0147455867082	0.00407374162812	0.0106718450801
GGGT	2842	33293	34468	463	160	34.9939043304	0.0137160801043	0.00462053829271	0.00909554181157
AGGT	7856	90329	90299	1215	430	81.732086508	0.0132723062134	0.00473938872907	0.00853291748433
NGGT	21742	254552	259084	3034	1058	214.530315199	0.0117785904513	0.00406700955632	0.00771158089503
TGGT	9807	116698	119893	1143	409	80.4033698447	0.00969951035718	0.00339977722731	0.00629973312986
AAGT	16669	181132	179913	1801	822	78.5712985016	0.00984513455746	0.00454809527762	0.00529703927984
GCGT	1118	11733	11679	91	38	5.24824107435	0.00769621109608	0.00324315097721	0.00445306011886
NAGT	38403	434411	428758	3407	1626	132.418028051	0.00778177233462	0.00377802148779	0.00400375084684
GNGT	17427	188522	187076	1422	658	60.4988724294	0.00748641704924	0.00350495914432	0.00398145790491
GAGT	4059	46841	44962	354	172	12.8756067586	0.0075007945757	0.00381087428546	0.00368992029024
ANGT	65909	680362	677211	4952	2427	185.501136482	0.00722588477691	0.00357101868936	0.00365486608754
AGGN	24828	280968	278441	1993	1032	65.2763919479	0.00704337346843	0.00369266440765	0.00335070906078
CGGN	3741	44923	45103	340	190	10.0917682706	0.00751165411042	0.00419490870554	0.00331674540488
NNGT	156485	1689741	1684566	10989	5586	9223372036854775807	0.00646134307033	0.00330502818681	0.00315631488351
GGGN	9438	105926	105383	796	457	20.3857489107	0.00745863083525	0.00431783824641	0.00314079258884
TAGT	13831	162716	160543	992	472	39.5042591805	0.00605956947736	0.00293140390647	0.00312816557089
NGGN	64045	737167	736512	4984	2714	145.545761452	0.00671561447738	0.00367140766153	0.00304420681585
ACGT	5078	55107	54863	381	216	10.5025819096	0.00686634948097	0.00392163982643	0.00294470965454
CNGT	12359	140021	141156	890	506	24.495307465	0.00631604346006	0.00357188236789	0.00274416109217
TGGN	26038	305350	307585	1855	1035	52.7488725646	0.0060383131785	0.00335363877908	0.00268467439942
NCGT	13300	151317	150097	934	520	25.7632631435	0.00613460666925	0.00345246552514	0.00268214114411
TNGT	60790	680836	679123	3725	1995	113.52776663	0.00544144349444	0.00292900789584	0.0025124355986
TTTC	38465	400876	412930	2682	1720	52.9657388201	0.00664588485422	0.00414807669119	0.00249780816304
GTGT	9408	96655	95967	514	288	14.3031907543	0.00528975290473	0.00299205236092	0.00229770054382
CAGT	3844	43722	43340	260	160	5.64709341936	0.00591150925379	0.00367816091954	0.00223334833425
TCGT	5677	67872	67328	338	188	9.78564277087	0.00495528514881	0.00278452514959	0.00217075999921
AAGN	68875	766387	746978	3385	1926	80.1006818965	0.00439740598515	0.00257175819598	0.00182564778917
CAGA	6431	76876	74760	261	117	11.8275796132	0.00338359023555	0.00156256260267	0.00182102763289
CCGN	3741	45348	44847	235	152	4.29096693005	0.00515543075269	0.00337785284117	0.00177757791152
CGAA	5739	67462	66070	204	89	10.0222631036	0.00301480802767	0.00134524403331	0.00166956399435
ATGT	36306	353794	352136	1555	959	31.0390435717	0.00437597967069	0.00271598295076	0.00165999671993
AAAC	22791	236228	237328	1295	906	16.2018328006	0.00545210358576	0.00380298362115	0.00164911996461
NAGN	141869	1614607	1575940	6431	3694	147.538814518	0.00396721113262	0.00233851639051	0.00162869474211
TAGN	40472	464348	456043	1707	940	46.3127294482	0.00366265784081	0.00205696929645	0.00160568854436
ANGN	200765	2214069	2180551	9224	5613	179.927292601	0.00414880090029	0.00256751094611	0.00158128995417
TTNC	77375	820097	837027	3725	2484	60.5175773479	0.00452160782305	0.00295886533947	0.00156274248358
TCGA	4502	54486	53932	247	161	4.37844399635	0.00451281676502	0.00297635553584	0.00153646122919
TTAA	64568	604682	604450	1903	997	62.429283022	0.00313723550698	0.00164671721885	0.00149051828813
NCGN	33144	388246	385430	1731	1153	25.1983895633	0.00443872330932	0.00298254191209	0.00145618139724
TCGN	12766	153318	152636	627	401	11.38931042	0.00407288317256	0.00262028136986	0.0014526018027
TNGN	145874	1649945	1636102	6773	4325	113.804202339	0.00408820330316	0.00263650866512	0.00145169463804
CAAA	31551	331045	338020	836	364	43.4768810457	0.00251897517484	0.00107570097877	0.00144327419607
NTGT	83040	849461	846627	3614	2382	55.0962831619	0.00423643876564	0.00280562396865	0.00143081479699
TAGA	16014	179591	174340	562	298	16.81112474	0.00311957058722	0.0017063869261	0.00141318366112
ACGN	13300	151051	150424	688	472	9.33043347131	0.00453410131871	0.00312798218641	0.00140611913231
CAGN	15191	180679	177987	594	340	15.0421301346	0.00327682556145	0.00190660976745	0.001370215794
GNGN	54141	623883	609381	2669	1771	35.9863988434	0.00425982200998	0.00289780611043	0.00136201589956
TNTC	78618	854539	876782	3441	2331	53.7877225803	0.00401058299727	0.00265153626439	0.00135904673288
CTGT	5851	65462	67165	293	209	4.17038506626	0.00445593490989	0.00310208685843	0.00135384805146
AGGA	11935	135532	133277	653	461	7.25255599534	0.00479494804861	0.00344703823894	0.00134790980967
GAAA	38465	412437	405277	1015	458	44.6585153575	0.00245494035583	0.00112881560625	0.00132612474959
AAAA	203679	1700080	1731919	4370	2184	168.340496895	0.00256387691044	0.00125944075986	0.00130443615058
TNAA	210114	1991935	2009803	5359	2793	181.455569322	0.00268313027526	0.00138775988822	0.00129537038704
NAAA	367410	3260698	3310286	8108	3935	9223372036854775807	0.00248041639669	0.00118730766596	0.00129310873073
CNAA	58880	646003	654364	1742	919	58.6523473336	0.00268932990606	0.00140244749215	0.00128688241391
ACAA	31475	331435	334874	949	530	27.6850109417	0.00285513141427	0.00158018389763	0.00127494751664
NAGA	64154	732909	703920	2323	1342	49.8112859333	0.00315954691852	0.00190283894496	0.00125670797356
CNGN	37865	448697	448485	1738	1170	24.9930449846	0.00385849234629	0.00260199486273	0.00125649748356
TNGA	51702	586974	574980	2342	1577	30.0767732873	0.00397409878571	0.00273520224366	0.00123889654205
TCAA	20552	224258	228809	632	362	18.0170083744	0.00281026279514	0.00157960649471	0.00123065630043
TGAA	31279	345859	341474	937	505	27.8835206153	0.00270187660757	0.00147669886163	0.00122517774595
NCAA	66598	720340	728656	2069	1219	50.9108967409	0.00286402854892	0.00167014899812	0.00119387955081
TAAA	93715	817136	835070	1887	929	76.4547108852	0.00230396460173	0.00111124534838	0.00119271925335
AGAA	34219	383098	366036	974	495	30.335696566	0.00253598283655	0.00135049968488	0.00118548315167
NNAA	736008	6967336	7008882	18076	9887	9223372036854775807	0.00258767843615	0.00140865157409	0.00117902686206
NGAA	84055	939329	915210	2477	1335	69.0754785779	0.00263005332308	0.0014565569612	0.00117349636189
NGGA	27905	320334	315971	1616	1222	11.5805339443	0.00501941295232	0.0038525440347	0.00116686891762
GAGN	17331	203193	194932	745	488	10.2492862018	0.00365307103139	0.00249718554907	0.00115588548232
NCGA	12766	153890	151868	680	495	6.54102856426	0.00439930128744	0.00324882025164	0.00115048103581
ANAA	389639	3493417	3519378	8891	4963	249.208330005	0.00253861168121	0.00140820652712	0.00113040515409
AAGA	34225	389300	372114	1187	714	22.0853419298	0.00303979389839	0.0019150922141	0.00112470168428
TGGA	10634	124206	123059	603	458	4.69050562227	0.00483138235223	0.00370799161249	0.00112339073974
CANA	87789	896911	902457	2533	1532	55.9425366574	0.00281618422047	0.00169471088697	0.00112147333351
TTGA	20552	228691	223649	930	660	9.50095346844	0.00405015220733	0.00294236967754	0.00110778252979
NTTC	84055	911348	940806	3715	2808	35.0272581298	0.00405982976036	0.00297579306793	0.00108403669243
CNGA	14546	174253	171947	673	480	7.22293907687	0.00384734116141	0.00278378676193	0.00106355439947
ANAC	63288	637365	638263	2432	1762	24.4182531063	0.00380120569493	0.00275301746026	0.00104818823468
AANA	393285	3517174	3555699	9141	5503	206.011507002	0.00259222446095	0.00154526477296	0.00104695968798
TTCC	12818	140893	143282	438	296	7.23748898709	0.00309910776829	0.00206159718063	0.00103751058766
NNGA	176385	2036535	1985370	7350	5093	77.9416730073	0.00359609273516	0.00255870116651	0.00103739156865
ATAC	26404	251025	249765	842	578	11.2067682677	0.00334303422044	0.00230883228211	0.00103420193833
CCAA	8504	97002	97260	307	207	4.94735881289	0.00315489831362	0.00212379574625	0.00103110256737
GANA	78618	875476	859126	2256	1331	49.1492307887	0.00257026062625	0.00154685242842	0.00102340819783
GNAA	77375	835981	825337	2084	1212	48.7644361537	0.0024866806274	0.00146633774888	0.00102034287852
AANC	51646	562612	565131	1938	1374	22.3666841204	0.00343282260207	0.00242539783409	0.00100742476798
NTAA	217945	2046969	2054730	5422	3398	103.642323494	0.00264179681162	0.00165101490286	0.000990781908758
CATA	37812	364344	363378	1014	652	17.7871659622	0.00277536005781	0.00179106117628	0.00098429888153
ANGA	89996	1037412	1010231	3363	2281	40.0700946861	0.00323124594653	0.00225281280617	0.000978433140361
TTGT	31475	333550	331359	1252	926	10.9773714853	0.00373952365876	0.00278676437396	0.000952759284803
NANA	916396	7914795	7939733	21239	13840	9223372036854775807	0.00267627381637	0.00174009844381	0.000936175372561
CNNA	160754	1713272	1728123	5603	4026	60.157327003	0.00325969020435	0.00232428041698	0.000935409787364
ATGN	93762	1015663	1004708	3158	2183	37.4274787579	0.00309966127514	0.00216805989923	0.000931601375906
CTAA	13086	150494	153014	395	259	7.38461106015	0.0026178183963	0.00168979533251	0.000928023063793
CCNA	19619	224541	226239	998	796	6.00803538615	0.00442495532923	0.00350606734644	0.000918887982789
TTNA	210114	2004436	1986069	10432	8573	36.8564088772	0.00517751038778	0.00429801438053	0.000879496007252
CTTA	16316	170101	173593	706	569	4.5047122047	0.004133320063	0.00326707318474	0.000866246878259
NTGN	199587	2196574	2176637	7258	5318	62.2858388003	0.00329335448437	0.00243726382991	0.000856090654457
GTGN	24035	276235	271543	947	698	8.07184703489	0.00341652776876	0.00256390477555	0.00085262299321
TTGN	66598	726929	719838	2584	1949	18.9345120911	0.00354208903748	0.00270024259234	0.000841846445137
AATA	123354	1088234	1111971	2681	1803	42.6294375287	0.0024575700215	0.00161882033518	0.000838749686311
CNTA	64504	648757	651525	2253	1713	17.4009929664	0.00346077633216	0.00262232142037	0.00083845491179
TNNC	170286	1867590	1901180	5659	4215	52.7041508601	0.00302095450204	0.00221213974005	0.00080881476199
GGAA	12818	142910	141630	362	246	5.26644989815	0.00252666257189	0.00173390848346	0.000792754088427
ATAA	120266	1078804	1086549	2598	1754	37.9211177429	0.00240243683663	0.00161168351093	0.000790753325691
NTGA	71560	829402	813611	2731	2034	20.2882218509	0.00328192728807	0.00249373195447	0.0007881953336
NAAC	57266	619320	622890	2272	1796	13.5896063847	0.00365513069666	0.00287504442232	0.000780086274345
GNGA	20141	237896	228212	972	755	4.82082643713	0.00406919302711	0.00329741840527	0.000771774621839
TTCA	31279	340928	345397	1390	1140	6.86092979972	0.00406055188451	0.0032896920098	0.000770859874705
ATGA	38159	444736	437535	1251	894	12.5408656933	0.00280501449594	0.00203909869101	0.00076591580493
NTNC	191550	2061169	2098038	6372	4903	48.4918126201	0.00308192195463	0.00233149669915	0.000750425255485
CTNA	40551	447244	456888	1560	1259	9.26829311911	0.00347590484933	0.00274802628851	0.000727878560827
AGNA	69372	780840	759237	2228	1623	18.0672913835	0.00284521906144	0.00213311253056	0.000712106530878
TNCC	26936	299509	301746	753	545	8.36922999733	0.00250780984607	0.00180289853155	0.00070491131452
AGNT	44232	504377	495706	2216	1827	7.51878764294	0.00437432021366	0.00367211823135	0.000702201982309
CGAN	12766	153974	152918	395	285	4.35700692469	0.00255880390493	0.00186027688753	0.000698527017401
TNNA	700968	6075205	6054975	22777	18471	95.5703341931	0.00373517009398	0.00304127179199	0.000693898301981
TANA	356704	2625234	2622451	7309	5474	57.8854679931	0.00277640289256	0.00208301226253	0.000693390630038
ANNA	800823	7707968	7735157	21300	15997	168.883694432	0.00275575901884	0.00206382172255	0.00069193729629
NTAC	60641	622710	626509	1563	1149	15.1892797499	0.00250371231817	0.00183061476154	0.000673097556626
GATA	25618	295621	290959	694	487	7.96133252844	0.0023421021548	0.00167097850031	0.000671123654496
NTCC	27905	316696	322212	697	494	9.09877731341	0.00219601566512	0.00153080512913	0.000665210535995
NATA	401792	3072282	3075352	8439	6393	62.8482148547	0.00273929382115	0.00207447403987	0.000664819781284
NNTC	176385	1989390	2042184	5342	4132	41.8782039372	0.00267805399422	0.00201923847539	0.000658815518834
TTAC	20025	210768	213267	463	329	5.99032120366	0.00219191311881	0.00154029101669	0.000651622102127
CTTC	12763	152927	163325	301	217	4.95313443961	0.0019643929308	0.00132687627643	0.000637516654365
TTTG	31551	335164	331104	1502	1274	4.15997239703	0.00446139497306	0.00383298533597	0.000628409637086
GTAA	20025	212989	210717	526	388	4.89525710066	0.00246352715266	0.0018379479406	0.000625579212061
TCNA	51702	576573	586250	1988	1673	7.88150324861	0.00343611131756	0.00284561073474	0.000590500582823
NNAC	156484	1686370	1700407	4551	3662	23.5326921636	0.00269143265711	0.00214897401455	0.000542458642564
NTNA	579010	5745765	5737348	21652	18573	51.274772685	0.00375419360175	0.00322676423113	0.000527429370618
GNNA	170286	1897813	1871686	5598	4536	22.0729521019	0.00294103585616	0.00241762435362	0.000523411502534
NANC	153949	1753214	1768885	4105	3228	25.5246915264	0.00233594469758	0.00182155426883	0.000514390428746
ANNC	147149	1569645	1577143	4171	3381	19.7509325132	0.00265024628038	0.00213916397347	0.000511082306911
AGNN	141869	1615534	1577638	4923	4013	16.6579530712	0.00303803186385	0.00253722218113	0.000500809682725
ANCC	20273	235716	234950	468	350	4.27333614386	0.00198150594452	0.00148746281343	0.000494043131088
NCNA	145874	1638613	1651078	5641	4870	14.5071944119	0.00343073515406	0.00294091360357	0.00048982155049
NNCC	64045	738023	743218	1502	1152	11.4340553605	0.00203103343362	0.00154761744831	0.000483415985311
NGNT	153949	1760990	1754497	6286	5416	14.2785715912	0.00355688641729	0.00307742484998	0.00047946156731
TATC	25618	290870	295761	479	356	5.08605668367	0.0016440763483	0.00120222749791	0.000441848850382
NGNA	191551	2095085	2061782	6746	5747	14.9814491051	0.00320958250211	0.00277964662164	0.00042993588047
CATC	12880	164913	171382	196	130	4.09995858774	0.001187094586	0.000757964457297	0.000429130128703
TATA	215008	1324083	1309044	4050	3451	9.811337853	0.0030493933966	0.00262934334988	0.000420050046716
CNTC	31297	386969	404990	580	439	6.4920970071	0.00149658494797	0.00108280364749	0.000413781300473
NATC	60457	710042	723577	1083	805	10.9231974639	0.0015229390051	0.00111129210831	0.00041164689679
ACNA	60790	680304	682965	2106	1852	4.45589549434	0.00308612124676	0.00270437211693	0.000381749129827
TANC	55690	621403	626751	1197	990	5.37693002919	0.00192258271764	0.00157708354242	0.000345499175219
TGAN	71560	829598	817940	1871	1586	4.98490527597	0.00225023422401	0.00193526501905	0.000314969204958
ATNA	277376	2729650	2737256	7825	7019	10.8828033248	0.00285847359337	0.00255768827832	0.000300785315041
NNTA	720851	6207867	6202160	22713	20907	16.8397162399	0.00364540700866	0.00335959744608	0.000285809562575
NGAN	176385	2036930	1994370	4836	4166	8.8202395582	0.00236853782461	0.00208452587294	0.00028401195167
TNTA	356704	2634017	2603418	12020	11177	5.43345338357	0.00454264244982	0.00427484945087	0.000267792998951
ANTA	243953	2299159	2325985	6542	6128	4.79915144709	0.00283731498577	0.00262765998046	0.000209655005312
TTNN	736008	6985357	6967380	21803	20701	6.39355150792	0.00311153163336	0.00296232971541	0.000149201917947
