#Sequence	Occurrence	Forward Match	Backward Match	Forward Mismatch	Backward Mismatch	Strand Bias Score	FER (Forward Error Rate)	RER (Reverse Error Rate), ERD (Error rate Difference)
TTTTTTTC	24896	61015	68898	2367	1364	86.9902431636	0.0373449875359	0.0194130539979	0.017931933538
TACTTTNC	504	2164	2375	40	6	7.35603041343	0.0181488203267	0.00251994960101	0.0156288707257
TTTAGGGT	659	4803	5186	96	26	10.480491997	0.0195958358849	0.00498848810437	0.0146073477805
TNTAGGGT	696	4959	5363	97	26	10.7056635987	0.0191851265823	0.00482464279087	0.0143604837914
TTTAGGGN	693	4967	5355	97	26	10.6539017382	0.0191548183254	0.00483181564765	0.0143230026778
TTTNGGGT	742	5244	5606	103	29	10.6745173418	0.0192631382083	0.00514640638864	0.0141167318197
NTTAGGGT	680	4966	5332	96	26	10.392271195	0.0189648360332	0.00485255692423	0.014112279109
TTTAGNGT	728	5110	5484	96	26	10.3878447903	0.018440261237	0.00471869328494	0.0137215679521
NTTAGGGN	758	5358	5712	99	27	10.5256811606	0.0181418361737	0.00470465237846	0.0134371837953
TNTNGGGT	869	5906	6261	108	29	11.4903385219	0.0179580977719	0.00461049284579	0.0133476049261
NTTTTTTC	45303	130906	142177	4220	2589	115.224874443	0.0312301111555	0.0178840335438	0.0133460776117
NNTAGGGT	758	5335	5723	98	27	10.4377568207	0.0180379164366	0.00469565217391	0.0133422642627
TNTAGGGN	815	5483	5833	99	27	10.4931986762	0.0177355786456	0.00460750853242	0.0131280701132
TTTAGNGN	929	6073	6533	105	26	12.212584829	0.0169957915183	0.00396401890532	0.013031772613
TTTTTTNC	44811	121904	134467	3383	1922	120.313704422	0.0270020034002	0.0140920455462	0.012909957854
TTTANGGT	822	5382	5817	97	29	9.72761840791	0.0177039605767	0.00496065685939	0.0127433037174
TTNAGGGT	1088	8216	8447	138	34	14.8831792404	0.0165190327987	0.0040089612074	0.0125100715913
NTTNGGGT	869	6035	6386	104	30	10.3817196966	0.0169408698485	0.00467581047382	0.0122650593747
TNTAGNGT	903	5751	6160	97	27	10.2297110211	0.0165868673051	0.00436398900921	0.0122228782958
NTTAGNGT	841	5746	6097	96	27	9.88733176453	0.0164327285176	0.00440888308295	0.0120238454347
TTTNGGGN	952	6283	6666	112	37	9.77322147523	0.0175136825645	0.00551991645532	0.0119937661092
TNTTTTTC	44934	132432	141857	3810	2317	101.995134605	0.0279649447307	0.0160708588234	0.0118940859073
TTNNGGGT	1312	9324	9538	153	41	15.2074072191	0.0161443494777	0.00428019626266	0.011864153215
NTNAGGGT	1219	8942	9244	142	35	15.4337854851	0.015631880229	0.00377195818515	0.0118599220438
TNNAGGGT	1195	8726	8964	140	36	14.563823176	0.015790660952	0.004	0.011790660952
TTNAGNGT	1321	9305	9532	142	34	15.5707189314	0.0150312268445	0.00355425465189	0.0114769721926
TTNAGGGN	1216	8840	9051	141	40	13.3708845256	0.0156998107115	0.00439995600044	0.0112998547111
TTTTTTNG	3788	10352	11601	266	169	8.02276728233	0.0250517988322	0.0143585386576	0.0106932601746
TTTTTNTC	30414	87323	94324	2068	1202	65.4697505269	0.0231343200098	0.0125829617068	0.0105513583031
NTTTTTCC	2464	8847	9324	146	54	10.8885699859	0.0162348493273	0.00575815738964	0.0104766919376
TTTNNGGT	1359	7815	8280	120	39	10.6125346341	0.0151228733459	0.00468806346917	0.0104348098768
AAAAAATT	23972	59914	64838	875	262	83.1431975725	0.0143940515554	0.00402457757296	0.0103694739824
TTTTTTTT	509260	536524	674958	16328	13196	9223372036854775807	0.0295341248652	0.0191759402692	0.0103581845961
TNTANGGT	1179	6848	7257	99	29	9.80551329999	0.0142507557219	0.00398023606917	0.0102705196527
TTTNTTTC	31159	88828	95117	2144	1283	60.762542119	0.0235676911577	0.0133091286307	0.010258562527
TTTANGGN	1165	6897	7314	102	32	9.44772432213	0.0145735105015	0.00435611216989	0.0102173983316
TTTAGGNT	860	6069	6596	98	38	7.46410364021	0.0158910329171	0.0057280675309	0.0101629653862
NTTANGGT	1166	7119	7585	101	30	9.95567581687	0.0139889196676	0.00393959290873	0.0100493267589
TTTNGNGT	1249	7397	7806	106	33	9.79647537759	0.0141276822604	0.00420972062763	0.0099179616328
TATCTTTT	1414	4942	5231	60	12	8.07635161283	0.0119952019192	0.00228876597368	0.00970643594555
TTNTTTTC	33904	102294	108857	2387	1456	62.4827980392	0.0228026098337	0.0131988070309	0.00960380280278
TTTTTTTN	637518	816076	990718	24875	20195	9223372036854775807	0.0295796068974	0.0199769910962	0.00960261580126
TNTTTTTG	3690	10536	11510	254	163	6.84889854886	0.0235403151066	0.0139638481967	0.00957646690989
TTNANGGT	1594	10572	10799	142	40	13.5188907001	0.013253686765	0.00369037734108	0.0095633094239
TTTTNTTC	31119	94384	100105	2000	1154	60.9337600414	0.0207503320053	0.0113965178404	0.00935381416492
NTTTTTNC	92484	293660	312243	6551	3946	175.750624682	0.0218213190056	0.0124798775416	0.00934144146404
ATNTNCCC	990	4315	4213	49	9	6.99960129058	0.0112282309808	0.00213169114164	0.00909653983911
TTNAGGNT	1542	10673	11047	144	48	11.7892460785	0.0133123786632	0.00432627309599	0.00898610556723
NNTTTTTC	94758	319335	336047	7806	5173	145.600015977	0.0238612708282	0.0151603071332	0.00870096369495
NTTAGGNT	1077	7212	7775	101	41	7.11732420256	0.0138110214686	0.00524564994882	0.00856537151979
TNTTTTNC	93444	300308	316174	5994	3553	163.165545962	0.0195689221748	0.0111126054415	0.00845631673333
ATAAAAAT	7557	19918	19955	314	142	14.8403686824	0.0155199683669	0.00706573120366	0.00845423716328
TNTAGGNT	1133	7266	7825	100	41	6.94033363787	0.0135758892207	0.00521230612764	0.00836358309311
ATTTTTNC	3976	13251	13870	243	136	8.30517843794	0.0180080035571	0.00971012423247	0.00829787932466
AAAAATTT	3164	9159	9451	107	31	10.2235718784	0.011547593352	0.00326935245729	0.00827824089475
TTTAGGNN	1142	7553	8104	100	40	7.12951770803	0.0130667712008	0.0049115913556	0.00815517984524
TNTTTTTT	629609	825347	977592	20223	16055	9223372036854775807	0.0239164114148	0.0161576495476	0.00775876186721
TTTTTNNC	68907	213599	227917	3643	2085	115.214084747	0.016769317167	0.00906513856401	0.00770417860302
NTTTTTTT	637519	830954	984389	20859	16848	295.796448515	0.0244877690291	0.0168271847724	0.00766058425668
AAAAANTT	60334	169385	179723	1860	579	163.305768427	0.0108616309965	0.00321127885437	0.00765035214216
NTTTTNTC	51425	169289	177335	3283	2041	76.1933515926	0.0190239436293	0.0113783337793	0.00764560985
TTTAGNNT	1490	8433	9029	103	41	7.35222402844	0.0120665417057	0.0045203969129	0.00754614479282
NTTNTTTC	46741	150670	156279	3047	1946	62.0611385126	0.0198221406871	0.0122989413809	0.00752319930616
TTTNGGNT	1387	8635	9185	107	44	7.18403980272	0.0122397620682	0.00476758045292	0.00747218161526
TTTANNGT	1917	9124	9611	104	37	8.29726253859	0.011270047681	0.00383499170813	0.00743505597284
NTTTTNCC	4225	15785	16270	197	81	11.9626374407	0.0123263671631	0.0049538254541	0.00737254170896
TTTTTTAA	18691	46213	49223	499	165	41.9523308624	0.0106824798767	0.0033408925245	0.00734158735219
NTNTTTTC	76896	258608	269829	5298	3499	97.0982831311	0.0200753298523	0.012801469297	0.00727386055533
GATNTTTT	4566	16820	18073	185	66	14.8770537752	0.0108791531902	0.00363856882959	0.00724058436064
TANCTTTT	2765	10136	10601	91	19	11.5515570829	0.00889801505818	0.00178907721281	0.00710893784537
NAAAAATT	63236	181034	190802	1920	667	146.819014289	0.0104944412257	0.00348359264424	0.00701084858142
TTNTTTTT	623860	844919	994271	19149	15388	269.210679986	0.0221614502562	0.015240789217	0.00692066103928
TTTNTTNC	58210	183699	192459	3030	1815	79.3050732222	0.0162267242903	0.009342475061	0.00688424922929
NANTTTCC	1633	7429	7201	65	13	7.72516026204	0.00867360555111	0.0018020515664	0.00687155398471
TTNTTTNC	77804	254634	267167	4234	2575	105.935543986	0.0163558261353	0.00954615892223	0.0068096672131
AAAAAANT	68495	152217	164928	3111	2218	50.3253470615	0.0200285846724	0.0132698359518	0.00675874872063
CTNTTTTT	4298	13543	13957	200	110	6.91230515334	0.0145528632758	0.00781971991185	0.006733143364
NCNGTTTT	1419	6246	6497	49	7	7.70422871943	0.00778395552025	0.00107626076261	0.00670769475765
TNTTTTTN	860032	1416499	1612798	33543	27039	9223372036854775807	0.0231324334054	0.0164888339512	0.0066435994542
ATATTTTT	29595	63770	66625	773	358	37.8693393466	0.0119765117828	0.0053446396847	0.00663187209815
NTTTTTNG	14504	47292	51487	938	669	16.0791750006	0.0194484760522	0.0128269039037	0.00662157214858
NTTTTTTN	851234	1388571	1588368	35041	29131	9223372036854775807	0.0246141504848	0.0180099029428	0.00660424754207
TNTTTNTC	66432	221087	229213	3827	2414	81.1690798666	0.01701539255	0.010421928359	0.00659346419108
TATTTTTT	9639	19888	21002	319	195	8.72222109669	0.015786608601	0.00919941501156	0.00658719358942
NTTTNTTC	64521	217560	224929	3817	2433	77.1452137368	0.0172420802522	0.0107009966485	0.00654108360372
TTTNTTTT	602758	820865	960789	17456	13933	246.698791019	0.0208225727377	0.0142943321275	0.00652824061013
NTTNTTCC	4371	17519	17867	180	66	12.6481398639	0.0101700661054	0.00368036580606	0.00648970029937
TNNTTTTC	73316	253973	263921	4703	3147	80.6861202024	0.0181810450138	0.0117835158087	0.00639752920513
TTTTNTNC	73650	239206	249858	3590	2114	97.6958946227	0.0147860755531	0.00838982109123	0.00639625446191
NNTTTTTG	7075	24489	26451	541	410	7.07086343876	0.0216140631243	0.0152637653103	0.00635029781395
TNTNTTTC	57650	184225	190243	3342	2213	58.3933350014	0.0178176331657	0.0114987321777	0.006318900988
TATGNTTT	2380	7945	8350	58	8	9.30844069157	0.00724728226915	0.000957166786313	0.00629011548284
ANTTTTNC	7292	26635	27401	399	235	10.9524310869	0.0147591921284	0.00850340136054	0.00625579076789
ATGNATTT	1706	5284	5527	36	3	6.83062986277	0.00676691729323	0.000542495479204	0.00622442181403
TTTTTTNT	546900	714256	846474	17385	15128	166.878572847	0.0237616535979	0.0175579908125	0.00620366278541
ATAAAANT	17195	47852	48425	546	249	25.6273041725	0.0112814579115	0.00511566750216	0.00616579040933
TNTTTTNG	30126	96448	104080	1721	1197	30.6910698367	0.0175309924722	0.0113700048444	0.0061609876278
NTAAAAAT	29206	80021	81510	1184	695	30.3352458076	0.0145803829813	0.00845447357217	0.00612590940918
NNGTTTTT	4831	17391	18506	188	85	10.5725799533	0.0106945787587	0.00457210478188	0.00612247397686
TTTTTTNN	851230	1392440	1599876	31482	26027	9223372036854775807	0.0221093571137	0.0160077200177	0.00610163709592
CTNTTTNT	4646	16563	16925	212	112	7.83732907274	0.0126378539493	0.00657392733462	0.0060639266147
TTTANGNT	2157	10586	11285	107	45	6.99584332002	0.0100065463387	0.00397175639894	0.00603478993979
TAAAAATT	2674	7483	7797	60	15	6.80851565206	0.00795439480313	0.00192012288786	0.00603427191526
TTTTNTTT	600666	818752	957273	16592	13453	216.338329369	0.0198624758183	0.0138586995712	0.0060037762471
TTTTTNTT	593859	808959	948832	16609	13638	206.829557238	0.020118270088	0.0141697923052	0.00594847778277
TATCTNTT	2558	9312	9783	70	15	8.89845589051	0.0074610957152	0.00153092467851	0.00593017103669
NTNTTTCC	4619	18158	18442	190	82	10.3595882305	0.010355352082	0.00442668969985	0.00592866238212
ANAAAATT	62251	177579	186349	1588	554	120.079723614	0.00886323932421	0.002964104375	0.00589913494921
TATATTTT	24551	45966	47928	458	192	26.8942166527	0.00986558676547	0.00399002493766	0.00587556182781
ANAAAAAT	28524	67162	70400	1368	1007	16.5835821592	0.0199620604115	0.0141022588822	0.00585980152932
NNTTTTCC	12646	51623	52237	548	246	26.497339381	0.0105039198022	0.00468723205609	0.00581668774609
NTNTTTTT	860034	1434384	1611842	26954	20689	9223372036854775807	0.0184447403681	0.0126729599622	0.0057717804059
NNTTTTTT	851234	1411976	1592381	27777	21897	9223372036854775807	0.0192928926003	0.0135645780962	0.00572831450411
TNAAAAAT	25646	75391	76868	1187	760	22.8984823504	0.0155005354018	0.00979028185706	0.00571025354475
NAAAAAAT	20587	48037	50471	1118	875	9.97982551716	0.0227443800224	0.0170412495618	0.00570313046058
TGNGNTTT	1034	4545	4676	27	1	7.08476060393	0.00590551181102	0.000213812272824	0.0056916995382
NTAAATTT	2538	8411	8415	56	8	8.34841619423	0.00661391283808	0.000949780363291	0.00566413247479
AAAANTTT	32863	101294	106615	894	332	63.1459002267	0.0087485810467	0.00310434140275	0.00564423964395
NATCTTTT	2932	11529	12014	95	31	8.25262933867	0.00817274604267	0.00257368202574	0.00559906401693
TNNTTTCC	3113	12826	12677	124	51	7.04799088789	0.00957528957529	0.00400691389063	0.00556837568465
ANCTNTTT	2350	9378	9774	68	16	8.02869432902	0.00719881431294	0.00163432073544	0.00556449357749
TATCTTNT	2844	10467	10780	84	26	7.605710296	0.00796133067956	0.00240607070146	0.00555525997809
NTTTNTCC	4221	16886	17143	159	65	9.5424721556	0.0093282487533	0.00377731287773	0.00555093587557
ATNTTNCC	2696	11050	11012	88	26	7.86989186116	0.00790087987071	0.00235549918463	0.00554538068608
ANAAANCT	1855	7552	7641	51	9	7.00175727763	0.00670787846903	0.00117647058824	0.00553140788079
TTNTTTTN	852680	1432338	1621777	30300	25059	292.536601987	0.020715993978	0.0152164514256	0.00549954255236
TATNTTTT	136380	287471	300770	3419	1900	110.076798489	0.0117535838289	0.00627746390458	0.00547611992436
TTTTTNNG	13871	42712	46358	589	380	14.6195896685	0.0136024572181	0.00813042920108	0.005472028017
ANGTNTTT	5875	19631	20505	159	53	13.2271719123	0.00803436078828	0.00257807179687	0.00545628899141
TNTNTTTT	867744	1440487	1610562	24619	18487	9223372036854775807	0.0168035623361	0.0113483388161	0.00545522352002
TTTTNNTC	37139	125824	129790	1679	1019	40.355097206	0.0131683176082	0.00778998386961	0.0053783337386
TTTNTNTC	50979	166453	172243	2379	1522	48.1261063557	0.0140909306293	0.00875895606135	0.00533197456792
TNTTNTTC	77299	271517	276176	4077	2642	72.3483443719	0.0147935005842	0.00947571534119	0.005317785243
TNNTTTTT	832154	1422340	1595996	25314	19666	9223372036854775807	0.0174862225366	0.0121721003527	0.00531412218393
TTTNNTTC	43831	147803	152760	2031	1272	44.1810860036	0.0135550008676	0.00825802430664	0.00529697656099
TTNTTNCC	4210	15890	16090	154	70	7.71703779589	0.00959860383944	0.00433168316832	0.00526692067112
TNTTTNCC	4433	16358	16662	164	78	7.63494628062	0.00992615906065	0.00465949820789	0.00526666085276
TTTNTNCC	3961	14806	15034	144	66	7.18794899558	0.00963210702341	0.00437086092715	0.00526124609626
TAAAAANT	16478	46325	47763	641	404	14.0433286781	0.0136481710173	0.00838748520771	0.00526068580962
TTNNTTTC	47912	162273	167437	2482	1659	41.9747329391	0.0150647931777	0.00981099493779	0.00525379823996
NATGTTTT	5792	19720	20968	145	43	14.1104625172	0.00729927007299	0.00204654704679	0.00525272302621
ATAAANAT	16840	36871	37187	341	147	17.8705232677	0.00916371063098	0.00393742968876	0.00522628094222
AANAAATT	44846	131180	137315	1083	408	74.0044907839	0.00818823102455	0.00296246814258	0.00522576288197
NCNCTTTT	3001	12773	12906	93	26	8.95324849025	0.00722835380072	0.0020105165481	0.00521783725262
NNAGTTTT	3061	11698	12309	87	27	8.13945127031	0.00738226559185	0.00218871595331	0.00519354963855
ATANTTTT	70716	174108	179617	1649	762	77.6844273402	0.00938227211434	0.00422443854329	0.00515783357105
ATNTTTTT	104053	232151	244327	3149	2029	66.3289528699	0.0133829154271	0.00823604864505	0.00514686678206
NANTTTTC	6482	24991	25594	347	221	7.41545733463	0.0136948456863	0.00856091419717	0.00513393148915
TTTNTTTN	872758	1438101	1619734	28137	23097	274.8269784	0.0191899268741	0.014059267204	0.00513065967009
NAAAAANT	179337	481517	507125	7797	5564	108.08197288	0.0159345532725	0.0108525831449	0.00508197012759
ANATTTTT	57555	146785	152764	1482	755	58.549582179	0.00999548112527	0.00491795803777	0.0050775230875
TTTTTNTN	853475	1432244	1625119	27061	22202	277.924446032	0.0185437588441	0.0134776403627	0.00506611848136
NTATTTTT	91675	211968	222117	2439	1415	70.5756150748	0.0113755614322	0.00633018986096	0.00504537157127
ANAAATTT	25678	78884	81182	605	210	44.8884773314	0.00761111600347	0.00258010615294	0.00503100985053
CTNNTTTT	33119	116240	119684	1217	643	42.9679904411	0.0103612385809	0.00534377155584	0.00501746702508
NAAAANTT	133291	421648	440429	3277	1194	231.192563259	0.0077119491675	0.00270366353202	0.00500828563548
TTANTTTT	6692	16638	17342	168	87	6.98661647119	0.00999642984648	0.00499168053245	0.00500474931404
ANTNTTCC	2569	11270	11248	84	27	6.91614880723	0.00739827373613	0.00239467849224	0.00500359524389
ANNTTTTC	9015	34338	35457	518	353	8.68597267275	0.0148611429883	0.00985758168109	0.0050035613072
TANTTTTT	32993	75003	78498	942	586	22.485937167	0.0124037132135	0.0074098426989	0.00499387051461
CCNNTTTT	3638	14729	14850	126	52	7.44304141585	0.00848199259509	0.00348946450141	0.00499252809368
TTNTNTTC	48376	167278	171541	2259	1443	44.3235274098	0.0133245250299	0.00834181195949	0.00498271307045
NTTTTTAA	35861	98467	102562	840	359	47.0840652729	0.00845861822429	0.00348811224143	0.00497050598287
TANTTTNC	5528	19906	20160	221	122	7.14116955583	0.0109802752521	0.0060151858791	0.00496508937304
TTTTNTTN	854070	1454069	1637173	27143	22174	272.258491711	0.0183248582917	0.0133630880099	0.0049617702818
TATTTTTN	51742	118402	123839	1826	1281	27.142030689	0.015187809828	0.0102381713555	0.00494963847249
TTNTTNTC	51356	174388	179411	2387	1549	44.7551563641	0.0135030405883	0.00855990274094	0.00494313784738
NTTNTTTT	852681	1451270	1621642	24686	19338	297.424152228	0.0167254308394	0.0117844215042	0.00494100933518
AAANAATT	46382	134852	141141	1023	367	74.685067627	0.00752897884085	0.0025934929474	0.00493548589345
NTGNTTTT	10407	38559	40755	334	150	18.2637418371	0.00858766358985	0.00366703337	0.00492063021985
NATTTTTT	59872	143828	151920	1855	1198	39.7497215568	0.0127331260339	0.00782403113938	0.00490909489454
GTNNTTTT	4929	17291	17668	169	85	7.07987340832	0.00967926689576	0.00478792316792	0.00489134372785
ATNAATTT	3699	11256	11387	64	9	9.69254561127	0.00565371024735	0.000789750789751	0.0048639594576
CNCNTTTT	5360	23162	23286	160	47	14.2263845656	0.0068604750879	0.00201431449021	0.00484616059769
NNCCTTTT	3016	12467	12854	90	30	7.52000275744	0.00716731703432	0.00232846941943	0.00483884761489
GANNTTTT	10522	40876	43065	346	154	19.0446463796	0.00839357624569	0.00356324764571	0.00483032859998
ATATNTTT	143131	274423	281248	2476	1163	110.578562905	0.00894188855864	0.00411811154665	0.004823777012
GNTNTTTT	17805	63720	67011	621	327	23.9565198352	0.0096516995384	0.00485609908224	0.00479560045616
GNNTTTTT	13227	44986	47882	504	303	14.5369552039	0.0110793581007	0.00628826398257	0.00479109411811
TANGNTTT	3984	14492	15161	115	47	7.51129849325	0.00787293763264	0.00309047869542	0.00478245893722
TANATTTT	62749	143413	147521	1185	510	63.3776347567	0.00819513409591	0.00344522431112	0.00474990978478
ANAAANTT	127482	393068	407729	2858	1010	207.126761188	0.00721852063264	0.00247101451048	0.00474750612216
NATATTTT	93402	225177	231919	1805	747	102.839055899	0.00795217241896	0.00321061091866	0.0047415615003
TACTTTNN	4198	16674	16883	143	64	7.4048896932	0.00850330023191	0.00377647961291	0.004726820619
GTTGNNTT	1039	4868	4977	23	0	7.02248046069	0.00470251482314	0.0	0.00470251482314
AAANTTTT	13936	42625	44394	357	161	18.6659040424	0.00830580242892	0.00361351139042	0.00469229103851
ATANAAAT	41476	95356	96139	951	501	31.8946538759	0.00987467162304	0.00518418874172	0.00469048288132
ANAAAANT	193875	511462	536804	7288	5085	110.004582871	0.0140491566265	0.00938384060204	0.00466531602446
NATAAAAT	10542	24485	24470	263	147	7.79274707289	0.0106271213835	0.00597148312142	0.00465563826213
NAAATTTT	11300	35563	37038	259	96	18.489228689	0.00723019373569	0.00258523186298	0.00464496187271
CNNTTTTT	41974	144643	149514	1624	976	40.6576957232	0.0111029829011	0.00648548076284	0.00461750213829
NANGTTTT	14009	52365	54529	366	127	28.1177032394	0.00694088866132	0.00232362412178	0.00461726453954
CNNCTTTT	5642	26206	26675	169	48	15.8357066365	0.00640758293839	0.00179620551585	0.00461137742254
AAAANATT	50584	143866	150812	994	341	77.0426728737	0.00686179759768	0.00225599227273	0.00460580532495
NNGATTTT	6802	27443	29173	194	71	14.8208916451	0.00701957520715	0.00242784844754	0.00459172675961
TTTTTNAA	56274	160811	167921	1225	502	73.5089615542	0.00756004838431	0.00298059053692	0.00457945784739
TNTTTTAA	35798	96305	99629	724	288	44.9054687303	0.00746168671222	0.00288239238568	0.00457929432654
ANNGTTTT	9121	35165	36592	235	76	19.8163370188	0.0066384180791	0.00207265190357	0.00456576617553
TTNNTTTT	764480	1338464	1490789	20809	16259	249.962485249	0.0153089188117	0.010788641105	0.00452027770675
NAAAATTT	21952	69537	72114	510	200	32.7254650145	0.00728082573129	0.00276571618221	0.00451510954909
NNAAAAAT	188233	513965	532763	8898	6757	81.5131115376	0.0170178421499	0.0125240954923	0.00449374665757
TATCNTTT	4013	15158	15603	89	21	10.1773597208	0.00583721387814	0.00134408602151	0.00449312785663
ATTTTNNC	7339	26220	26814	288	172	7.61337194859	0.0108646446356	0.00637367523901	0.00449096939657
AANAAAAT	41116	93629	97804	1655	1276	15.2680664225	0.0173691280803	0.0128784820347	0.00449064604555
GNAAAANT	7292	26874	27444	299	180	7.65983310305	0.0110035697199	0.00651607298002	0.00448749673993
AAANAAAT	20777	42993	45388	713	545	7.74670596739	0.0163135496271	0.0118651078745	0.00444844175254
NAATTTTT	10100	29030	30094	265	139	10.2656774877	0.00904591227172	0.00459762511163	0.00444828716009
NATNTTTT	290322	757483	789050	7467	4221	225.443541957	0.00976142231518	0.00532100631436	0.00444041600082
TTTTTTNA	18777	43598	47221	718	562	7.98053385095	0.0162018232692	0.0117615051378	0.00444031813144
NTGTNTTT	9535	32666	33858	253	111	13.906604184	0.00768553115222	0.00326768524243	0.0044178459098
ATNTTTNC	9224	32424	33129	396	256	7.89571894132	0.0120658135283	0.00766811442264	0.00439769910569
CNANTTTT	9055	36659	37818	284	125	15.2797557882	0.00768751860975	0.00329441530717	0.00439310330258
AAAAANNT	221551	567030	600818	6744	4458	132.286194877	0.0117537567056	0.00736523503327	0.00438852167233
CTNTNTTT	7147	24168	24841	236	132	7.69803430494	0.00967054581216	0.00528570856525	0.00438483724691
ATNAAAAT	29209	85468	87102	907	536	23.0720216594	0.010500723589	0.00611606837217	0.00438465521683
TATANTTT	46252	96902	99071	710	291	40.9696151242	0.00727369585707	0.00292868501037	0.0043450108467
TANNTTTT	223657	548114	567745	5261	2955	158.991753429	0.00950711542806	0.005177851761	0.00432926366706
ANANTTTT	163902	474245	489445	3915	1896	166.885295528	0.00818763593776	0.00385882716891	0.00432880876885
NTGNATTT	3913	14057	14296	69	8	11.2902826894	0.00488460993912	0.000559284116331	0.00432532582279
TNTTTTNT	773688	1276187	1429849	23165	19586	182.446728514	0.0178281174001	0.0135128515594	0.00431526584066
TATTNTNC	5533	19370	19236	158	73	7.3159862595	0.00809094633347	0.00378062043607	0.0043103258974
ATAANTTT	16383	48305	48507	311	102	23.9509118124	0.00639707092315	0.00209837684379	0.00429869407936
GANTNTTT	5434	21159	22002	148	59	9.75969233308	0.00694607406017	0.00267440279226	0.00427167126791
TNTTNTTT	847003	1445916	1606706	22263	17693	241.145359064	0.0151636823575	0.0108920283748	0.00427165398273
NNAAAATT	133388	423224	440729	2985	1208	180.097739297	0.00700360621198	0.0027334212795	0.00427018493247
NGNTTTTT	6510	23213	24734	232	140	6.96327763221	0.00989550010663	0.00562836696953	0.00426713313711
TTNTNTTT	768470	1316953	1462380	19627	15433	224.37834409	0.0146844932589	0.0104431345509	0.00424135870806
GTANNTTT	4017	13766	14219	83	25	7.77537845585	0.00599321250632	0.0017551249649	0.00423808754142
ANAATTTT	25659	78218	80189	560	231	32.3595540413	0.00710858361471	0.00287241979607	0.00423616381864
AANAAANT	161962	423090	442020	5481	3814	82.1875710875	0.012789012789	0.00855475356299	0.00423425922603
CTANNTTT	10726	42590	43405	269	89	21.1807259224	0.00627639468956	0.00204625925415	0.00423013543541
ATTNTTTT	26631	63600	66649	754	503	14.3637215541	0.0117164434223	0.00749046938289	0.00422597403943
TGNANTTT	3346	12348	12580	67	15	7.93857154898	0.00539669754329	0.0011909487892	0.00420574875409
TANAAATT	6619	18055	18379	103	27	10.5840612722	0.00567243088446	0.00146691296316	0.00420551792129
CNAANTTT	4121	17596	17861	103	29	9.88704560376	0.005819537827	0.00162101732812	0.00419852049888
NTTTNTTT	848602	1416755	1573920	22258	17970	220.391328949	0.0154675461584	0.0112884684243	0.00417907773405
TNTNTTCC	4967	19642	19658	163	80	6.81799972977	0.00823024488765	0.00405309555173	0.00417714933593
TAANTTTT	8326	22745	23553	182	89	8.33222939585	0.0079382387578	0.00376448693004	0.00417375182776
ANNACTTT	3872	15136	15720	76	13	10.804693825	0.00499605574546	0.000826288692557	0.00416976705291
ANNTTTTT	223918	579428	606049	6517	4253	126.895169484	0.0111222043025	0.0069686810792	0.00415352322325
NTTTTTNT	749968	1259150	1408152	23525	20299	158.877345145	0.0183405773091	0.014210497945	0.00413007936416
ATCNNTTT	5939	24590	25108	162	61	11.0914930647	0.00654492566257	0.00242361635345	0.00412130930912
NCCNTTTT	4996	19964	20307	152	70	7.53853297113	0.0075561741897	0.00343524562006	0.00412092856964
AANTTTTT	10127	28014	29500	267	158	8.05321992509	0.00944096743397	0.00532739901544	0.00411356841852
GATNNTTT	10609	43728	45662	289	113	19.2164778064	0.00656564509167	0.00246859639541	0.00409704869626
TANCTNTT	5154	19895	20487	111	30	11.282489154	0.00554833549935	0.00146220207633	0.00408613342302
ATANNTTT	227009	524339	535077	3844	1722	185.573880355	0.0072777806177	0.0032079046347	0.00406987598301
TNGNTTTT	4380	17028	18169	124	58	6.80364253298	0.00722947761194	0.00318209250014	0.0040473851118
NTANTTTT	189927	499077	516637	4462	2505	134.99274605	0.00886127986114	0.0048252693868	0.00403601047435
GANTTTNT	4856	18428	19602	140	69	6.87844548105	0.00753985351142	0.00350770169285	0.00403215181857
ATGNNTTT	11015	38539	40508	250	99	16.6398119048	0.00644512619557	0.00243800329992	0.00400712289565
NGAAAANT	6482	25045	25875	211	113	7.83140389284	0.00835445042762	0.00434816068955	0.00400628973807
TNTTTNTT	866681	1450284	1612211	21936	17765	214.359152126	0.0148999470188	0.0108989334812	0.00400101353756
AAANAANT	150617	368746	386806	4299	2933	71.7265405557	0.0115240788645	0.00752554914956	0.00399852971492
TNTATTTT	106901	228279	237558	1882	998	67.6264849575	0.00817688487624	0.0041835040829	0.00399338079334
TANCNTTT	7547	29100	29577	151	35	16.8327273575	0.00516221667635	0.00118195326219	0.00398026341416
NANAAAAT	164824	432410	447499	6584	4987	60.9748797214	0.0149979270787	0.0110213354667	0.003976591612
AANATTTT	28735	88086	90680	601	255	33.4437698691	0.00677664144689	0.00280420080277	0.00397244064412
ATNNTTTT	273213	724808	754864	7030	4305	167.519917642	0.00960595104381	0.00567067411867	0.00393527692514
NNTAAAAT	79940	205883	207972	1923	1113	49.5204522005	0.00925382327748	0.00532319391635	0.00393062936113
NAAANTTT	90192	298222	309178	1957	804	114.565088056	0.00651944339877	0.00259369898897	0.0039257444098
NTAAAANT	88874	261094	266794	2521	1513	60.2796004104	0.00956318874116	0.00563906271547	0.00392412602569
ANCTTTNT	5057	19939	20587	141	64	7.47782854811	0.0070219123506	0.00309912352913	0.00392278882147
ANNAAAAT	163236	435919	450315	6018	4409	66.3740926574	0.0136173255464	0.00969599141457	0.00392133413183
NANTTTTT	171808	464886	484592	4863	3138	97.5977959778	0.0103523370992	0.00643388760175	0.00391844949743
AANAATTT	15346	49880	50826	301	106	21.8885738033	0.00599828620394	0.0020812063143	0.00391707988964
AAAANNTT	159901	502382	525083	3140	1209	205.768898744	0.00621140128422	0.00229720383361	0.0039141974506
ACNNTTTT	5207	20178	20742	144	66	7.41842895751	0.00708591674048	0.00317185697809	0.00391405976239
NTTTTNTT	830475	1426304	1587512	22001	18108	196.840836193	0.015190861041	0.0112778864239	0.00391297461707
NCNATTTT	3829	15173	15576	91	32	7.09008522769	0.00596174004193	0.00205023065095	0.00391150939098
TTNTTTAA	29594	83232	85240	552	230	31.3329716758	0.00658837009453	0.002691002691	0.00389736740353
TNATTTTT	18212	46125	48621	451	283	11.1409832645	0.00968309859155	0.00578684770162	0.00389625088993
ANAANTTT	124521	402067	413628	2565	1013	156.565691237	0.00633909329959	0.00244307726443	0.00389601603516
TNAAAANT	68168	214381	219696	2213	1402	44.7285322867	0.01021727287	0.0063410795213	0.00387619334868
NTGTTTNT	6482	22874	23648	160	73	8.37020777557	0.00694625336459	0.00307744192909	0.0038688114355
NNATTTTT	234660	649640	677500	6059	3673	150.075216948	0.00924052042172	0.00539216909654	0.00384835132517
CNTNTTTT	29333	100692	103420	963	587	22.8772044447	0.00947321823816	0.00564385089465	0.00382936734351
TGNNTTTT	13453	47636	50043	371	196	14.4608278774	0.00772803966088	0.00390135153964	0.00382668812124
TANAAANT	50472	138918	141687	1316	792	31.4093924111	0.00938431478814	0.00555871391573	0.0038256008724
NANATTTT	188719	537652	552047	3682	1652	180.143303164	0.00680171576143	0.00298357049588	0.00381814526555
TATTNTTT	30178	70398	72425	659	398	16.4533976106	0.00927424462052	0.0054653062906	0.00380893832992
TCNNTTTT	39724	144886	147839	1230	686	36.8141723897	0.00841796928468	0.00461875105201	0.00379921823267
NANCTTTT	16319	67478	69102	413	159	26.6552445788	0.00608328055265	0.00229566422662	0.00378761632603
TTTNNTTT	767642	1338708	1482898	18537	14783	193.750871405	0.013657814175	0.00987059327053	0.00378722090451
NANAAATT	137701	428004	441077	2721	1120	156.235641455	0.00631725578966	0.00253280777572	0.00378444801394
AANGNTTT	3430	14714	15265	80	25	7.29553557832	0.00540759767473	0.00163505559189	0.00377254208284
NTNAAAAT	104166	319517	325269	3309	2121	61.8522785153	0.0102501037711	0.00647851186658	0.00377159190449
AANAANTT	136039	442374	456526	2722	1074	167.508743028	0.00611553462624	0.00234702797203	0.00376850665421
NNACTTTT	14749	57445	58644	331	116	24.2449299318	0.00572902243146	0.00197413206263	0.00375489036883
NAAAANGT	4251	16746	17760	101	40	7.15822870599	0.00599513266457	0.00224719101124	0.00374794165333
AAAAATNT	48337	121953	128428	740	295	47.595915786	0.00603131392989	0.0022917427344	0.00373957119549
NTATNTTT	309857	696294	716499	5522	2984	180.951523393	0.00786815917562	0.00414742252423	0.0037207366514
TANTTTTN	83515	214544	221731	2665	1912	33.3340648933	0.0122692890258	0.00854933979601	0.00371994922976
CANNTTTT	14962	58840	60296	430	214	17.7053447577	0.00725493504302	0.00353660551975	0.00371832952327
TAAAANTT	5704	16886	17530	94	32	7.75562392936	0.0055359246172	0.00182211593213	0.00371380868507
AATNTTTT	27774	78391	81298	626	344	20.9349754517	0.00792234582432	0.00421351755224	0.00370882827208
TNAAAATT	6299	19852	20448	112	39	8.78505342632	0.00561009817672	0.00190364621467	0.00370645196205
TNNAAAAT	58946	176643	179486	1921	1276	31.3487818227	0.0107580475348	0.00705900576449	0.00369904177029
TTNTTTNT	750007	1251551	1391270	20863	17901	140.454381664	0.0163963929979	0.0127032134496	0.00369317954827
TANCTTNT	5461	20995	21490	125	48	8.49052174015	0.00591856060606	0.0022286191847	0.00368994142136
TATATTNT	31466	54213	55220	366	168	17.5420318447	0.00670587588633	0.00303314797429	0.00367272791204
ATNTNTTT	338106	732057	754007	6555	3943	158.703834121	0.00887475426882	0.00520219011808	0.00367256415074
NTTATTTT	30457	74845	77927	586	321	20.0458168565	0.00776868926569	0.0041023412739	0.00366634799179
NCANTTTT	24846	98203	100822	658	303	31.4056882738	0.00665580967217	0.00299629171817	0.003659517954
NNTATTTT	267158	674671	697836	4952	2553	185.021588329	0.00728639260296	0.00364511721343	0.00364127538952
NNTGTTTT	16435	58999	61843	371	162	20.8195650295	0.00624894727977	0.0026126925248	0.00363625475497
NAANTTTT	82035	258689	267253	1918	1001	70.0458077194	0.00735974091256	0.00373153801994	0.00362820289263
TTTTNTAA	26677	71812	73934	413	155	27.9481600394	0.00571824160609	0.00209207844619	0.0036261631599
AANNTTTT	95627	297672	307873	2253	1202	78.139238511	0.00751187796949	0.00388902369975	0.00362285426974
TATNNTTT	239595	585578	601388	4509	2433	147.62824842	0.00764124612133	0.00402933982091	0.00361190630043
NNCTTTTT	54034	192261	195538	1560	872	45.6780412391	0.00804866345752	0.00443969248002	0.0036089709775
ATANATTT	55805	104107	105341	668	293	33.6094991226	0.00637556669053	0.00277372815571	0.00360183853482
AAAANANT	143189	374302	393457	4054	2824	62.7403683025	0.0107147765596	0.00712625636859	0.00358852019106
TNAAAAAN	34465	95546	95896	1448	1100	11.3465526607	0.0149287584799	0.0113406738422	0.00358808463769
TTTNTNTT	774050	1338961	1483589	18454	15017	172.083629067	0.0135949580637	0.0100206458535	0.00357431221013
GNATNTTT	5040	18052	18920	107	44	6.99359295197	0.00589239495567	0.00232018561485	0.00357220934082
TNNGTTTT	12983	45791	47877	296	137	15.044107897	0.00642263545034	0.00285333444412	0.00356930100622
TTTATTNT	9102	21678	22351	146	70	6.9717280441	0.00668988269795	0.00312207305651	0.00356780964144
ATNGNTTT	4327	16707	17416	83	24	8.21374775555	0.00494341870161	0.00137614678899	0.00356727191262
NCNTTTTT	48890	172384	175958	1608	1005	33.8050550544	0.00924180422088	0.00567915326933	0.00356265095156
ATAANAAT	9992	25977	25831	190	96	7.26439926582	0.00726105399931	0.00370270374513	0.00355835025418
TTTNTTAA	19154	54455	55847	330	139	18.7567664192	0.00602354659122	0.00248276354803	0.00354078304319
AAANANTT	137472	426680	442001	2452	967	152.430485017	0.00571385960497	0.00218300193242	0.00353085767255
NATCTNTT	5350	21558	22425	117	42	8.99293321044	0.00539792387543	0.00186940846575	0.00352851540968
NTANCTTT	8297	33634	33633	161	42	15.8697422668	0.00476401834591	0.00124721603563	0.00351680231027
NATGNTTT	20316	79135	82549	422	148	32.0306325176	0.0053043729653	0.00178966588873	0.00351470707657
TANANTTT	125011	315799	322011	1909	808	102.422280282	0.00600866204187	0.00250295056982	0.00350571147205
NNAAATTT	89235	303535	311836	1724	670	107.881718507	0.00564766313196	0.00214395883599	0.00350370429597
ANATATTT	20536	40179	40599	244	104	13.3005808716	0.00603616752839	0.0025550942191	0.00348107330929
NNAATTTT	99457	318763	326531	2042	945	94.1433789349	0.00636523744954	0.00288570765491	0.00347952979463
AAANATTT	15681	48454	49642	281	114	17.0080204156	0.00576587668	0.0022911809631	0.0034746957169
TNANCTTT	7606	32451	32827	145	32	16.6602799031	0.00444839857651	0.00097385799933	0.00347454057718
ATNATTTT	19653	57059	59170	395	202	15.9148649993	0.00687506526961	0.00340227716769	0.00347278810192
CTANANTT	3189	12646	12771	54	10	7.19382852998	0.00425196850394	0.00078241139191	0.00346955711203
NATANTTT	174340	473934	482790	2778	1144	155.184511854	0.00582741781201	0.00236395872164	0.00346345909037
GTANTNTT	3901	13865	14062	63	15	7.11890552796	0.00452326249282	0.00106556794772	0.0034576945451
GAAANANT	7882	29631	30208	239	138	6.98535864792	0.00800133913626	0.00454755157187	0.00345378756439
CNNATTTT	13609	51887	52851	311	133	17.0072584481	0.00595808268516	0.002510191756	0.00344789092916
CANANTTT	6766	26627	26768	140	48	10.5657563902	0.00523032091755	0.00178997613365	0.0034403447839
TATNTTTN	173066	385173	396345	4197	2931	57.7198139528	0.0107789506125	0.00734078682415	0.00343816378838
TTNTTNTT	722147	1298683	1425164	17375	14056	157.726505627	0.0132023056735	0.00976640124512	0.00343590442834
AANANTTT	114108	375168	385995	2184	910	122.731748535	0.00578769954843	0.00235199855262	0.00343570099582
AANNAAAT	121447	294822	303715	3436	2479	40.8496843651	0.0115202274541	0.00809617432086	0.00342405313323
ANCNTTTT	16421	65916	67515	410	187	20.0903681706	0.00618158791424	0.00276210451685	0.00341948339739
ATNTATTT	75158	126160	128195	816	387	35.6080406128	0.00642641129032	0.00300975253146	0.00341665875886
GAAAANNT	9015	34764	35477	270	153	8.25957280443	0.00770679910944	0.00429413415661	0.00341266495283
ANATNTTT	255665	621314	637321	4294	2208	157.667258319	0.00686372297029	0.00345254085428	0.00341118211601
ANNCTTTT	7069	27465	27993	150	57	10.1507002168	0.00543183052689	0.0020320855615	0.00339974496539
ANANAAAT	165728	384798	396402	4627	3391	50.4386884844	0.0118816203377	0.00848188937775	0.00339973095992
TATTTTNT	18980	41639	43330	433	301	7.06049276776	0.0102918805857	0.00689876463982	0.00339311594584
GATNTNTT	5512	21836	22305	115	42	8.35778435279	0.0052389412783	0.00187944690562	0.00335949437268
ANTATTTT	10247	27195	28326	189	101	7.27871641851	0.0069018404908	0.00355296021388	0.00334888027692
NNTTTTAA	98818	294872	301316	1897	923	78.554826347	0.00639217708049	0.0030538745827	0.00333830249779
TTTNTTNT	707170	1200040	1331644	18839	16335	115.985545068	0.015456005067	0.0121181413064	0.0033378637606
TTTTNNTT	672506	1173222	1300435	15544	12789	136.198005049	0.0130757440909	0.0097386279873	0.00333711610363
NTATATTT	64322	118327	120533	699	308	35.4379741668	0.00587266647623	0.00254880380003	0.0033238626762
NAANAAAT	78236	195664	201909	2652	2051	21.8176066515	0.013372597269	0.0100558933124	0.00331670395659
ANNAAATT	102358	326357	337305	1864	802	100.501253723	0.00567910036226	0.00237203015613	0.00330707020612
AATANTTT	21186	64433	65579	329	117	23.5241225198	0.00508013958803	0.00178093034584	0.00329920924219
NATTTTTN	56759	154616	160137	2088	1622	17.2984866216	0.0133244843782	0.0100272627798	0.00329722159838
ANNATTTT	164803	517154	533039	3301	1633	134.387003967	0.00634252721177	0.00305420893557	0.00328831827619
TATCNNTT	6731	26180	26669	113	27	12.4882004005	0.0042977218271	0.00101138747378	0.00328633435332
TTTTNTNT	689000	1156865	1288633	17780	15467	110.244252083	0.0151364880453	0.0118602867878	0.0032762012575
TATTTTNN	159416	398425	409964	4190	2947	55.7750757286	0.0104069644698	0.0071371312462	0.00326983322358
ANTNTTTT	173682	458664	478220	4371	2971	72.0902675924	0.00943989115294	0.00617426344217	0.00326562771077
CNATNTTT	5747	22883	23309	136	62	6.95090115843	0.00590816282202	0.00265286038253	0.00325530243949
CTANATNT	5272	17722	17712	79	21	7.89322428158	0.00443795292399	0.00118423278633	0.00325372013766
NCTNTTTT	11505	38920	39606	358	234	6.8129286335	0.00911451703244	0.0058734939759	0.00324102305653
NTANAAAT	115138	289327	292896	2586	1655	47.7220249636	0.00885880382169	0.00561872137592	0.00324008244576
AAANNTTT	109960	358830	371058	2131	992	99.5452877175	0.00590368488562	0.0026663082919	0.00323737659373
TNNATTTT	238713	630877	650773	4218	2229	147.661194148	0.0066415260709	0.00341346580868	0.00322806026222
ANTGNTTT	5149	20151	21183	93	29	8.63032947599	0.00459395376408	0.00136715066943	0.00322680309465
ATATTTNT	21820	44892	46071	332	191	9.80854751814	0.00734123474261	0.00412865851022	0.00321257623239
TATATNTT	29028	44188	45301	369	231	8.38182046738	0.00828152703279	0.00507335500307	0.00320817202971
TATCTNNT	5533	21875	22180	109	39	8.03953813892	0.00495815138282	0.0017552545119	0.00320289687092
TNANTTTT	118306	336592	349495	2672	1643	62.8654748786	0.00787587247689	0.00467907204575	0.00319680043114
TTTTTNNT	670398	1137158	1270376	18488	16474	97.0986823173	0.0159979786198	0.0128018028519	0.00319617576783
NTGTTNTT	6697	24850	25637	141	63	7.67558954263	0.00564203113121	0.0024513618677	0.0031906692635
AAAGNNTT	3317	14177	14682	57	12	7.26426690756	0.00400449627652	0.000816659861168	0.00318783641535
NNAGAAAT	6034	23508	24105	131	57	7.38408527069	0.00554168958078	0.00235907623541	0.00318261334537
TACNNTTT	5492	19589	19967	99	37	7.01468153962	0.00502844372206	0.00184963007399	0.00317881364808
NTAANTTT	67997	210397	213036	1164	497	60.889684672	0.0055019592458	0.00232750909695	0.00317445014884
TNTTTAAA	8802	25738	26179	144	63	7.84822080871	0.00556371223244	0.00240073165155	0.00316298058089
ATNANTTT	111429	343506	351860	1971	900	93.3092002841	0.00570515548068	0.0025513096723	0.00315384580838
ATATTNTT	36300	86099	87870	558	290	20.438745904	0.00643917975466	0.00328947368421	0.00314970607045
ATNGTNTT	4557	16802	17648	77	25	6.91500496735	0.00456188162806	0.00141458722345	0.00314729440461
TNANAAAT	56596	165528	167754	1572	1057	24.2714266881	0.00940754039497	0.00626144030898	0.00314610008599
ANNAATTT	93555	315636	321330	1592	604	101.289522079	0.00501847251819	0.00187616095224	0.00314231156594
NAANAATT	130226	419535	430321	2292	990	120.296539183	0.00543350710125	0.0022953275015	0.00313817959975
TANTNTTT	83458	209232	214293	1612	972	38.7034812639	0.00764546299634	0.00451536478294	0.0031300982134
NNATCTTT	9048	38670	38990	163	42	16.457210645	0.00419746092241	0.00107604017217	0.00312142075024
GAAANNAT	8823	32838	33340	238	137	6.92604074199	0.00719554964325	0.00409236192012	0.00310318772312
NATAAANT	39694	102067	102119	719	399	20.7731866991	0.00699511606639	0.00389199945375	0.00310311661264
ATNAAANT	49662	154046	156774	1136	664	29.5837191227	0.00732043664858	0.00421753325118	0.0031029033974
ATANAANT	71160	178711	179733	1217	662	37.179222983	0.00676381663777	0.00366972477064	0.00309409186712
ATNTTTTN	53276	137221	142023	1839	1454	13.6440292792	0.0132245074069	0.0101340284506	0.00309047895632
TAAAANNT	62264	176830	179999	1387	850	30.9777068071	0.00778264699776	0.00470005363591	0.00308259336185
NAAGANAT	6676	26192	26811	132	52	8.63029164047	0.00501443549613	0.00193574805495	0.00307868744118
AAAAATAT	9171	19838	20538	98	38	6.82475793032	0.00491573033708	0.0018468118196	0.00306891851748
NAAANAAT	71812	193086	199550	2449	1905	19.7102596923	0.0125246119621	0.00945620610062	0.00306840586143
TTATNTTT	45780	108046	112802	821	507	20.04691121	0.00754131187596	0.00447449011111	0.00306682176485
NATGTNTT	13505	44478	45984	200	65	16.688251235	0.004476476118	0.00141153988143	0.00306493623657
NCATTTNT	17167	65750	66536	395	195	16.0498034029	0.00597172877769	0.00292218009621	0.00304954868148
NATCTTNT	6056	25157	25575	138	62	7.19810085238	0.00545562364104	0.00241837968561	0.00303724395543
TNTANTTT	169235	404592	414905	2494	1286	91.4204841076	0.00612646959119	0.00308992746119	0.00303654213
AANTNTAT	11550	25341	26080	126	50	8.26733139742	0.00494757922017	0.0019135093762	0.00303406984397
TATNTTNT	246366	524088	537498	4128	2583	86.7066705698	0.00781498477895	0.00478261594094	0.00303236883801
NAAANATT	154064	468513	484203	2452	1056	131.680945449	0.0052063316807	0.00217615747467	0.00303017420603
TNCTNTTT	20896	73460	73867	491	268	15.3069242405	0.00663953158172	0.00361502664059	0.00302450494113
ANANATTT	200549	500344	507265	2715	1207	131.260518642	0.0053969812686	0.00237377869381	0.00302320257479
AAAANTNT	120860	345486	361900	1783	766	99.5921261933	0.0051343483006	0.00211213623554	0.00302221206505
CNANATTT	5616	23535	23690	103	32	8.84959109679	0.00435739064219	0.00134895877245	0.00300843186974
TATATTTN	21886	39597	40510	321	205	6.8376133885	0.00804148504434	0.00503499938598	0.00300648565837
TNAAANAT	61824	175668	176816	1492	963	26.3692135309	0.00842176563558	0.00541683775924	0.00300492787634
NTAAANAT	90190	220842	222862	1741	1082	35.5990498979	0.00782180130558	0.00483156503412	0.00299023627146
TNTGNTTT	19679	71761	74764	359	149	21.6041121222	0.00497781475319	0.00198897387636	0.00298884087683
NAAAANAT	82559	210412	217541	2527	1949	21.475420972	0.0118672483669	0.00887967561165	0.00298757275526
NTNTTTAA	71702	207449	210652	1175	559	50.5077538522	0.00563214203543	0.00264664245707	0.00298549957836
TATNTNTT	319274	612877	623540	4786	2991	97.5309164821	0.00774856191807	0.00477390584025	0.00297465607781
TTNNAAAT	11347	34477	35325	241	141	6.90846590682	0.00694164410392	0.00397563863982	0.0029660054641
TATTTNTT	44492	89620	93082	747	497	13.8760658252	0.00826629189859	0.00531102063497	0.00295527126362
ATNNCTTT	4607	18441	18259	78	23	6.97412976485	0.00421189049085	0.00125806804507	0.00295382244578
NCATNTTT	28670	110369	112522	608	286	27.4315262355	0.00547861268551	0.00253528118573	0.00294333149978
ATCNTNTT	7050	29683	29668	151	63	8.52546831696	0.00506133941141	0.00211900036998	0.00294233904143
AAANANAT	126458	267289	276014	2503	1762	34.2193853984	0.00927751749496	0.00634324059674	0.00293427689822
NATTTTNT	161498	428334	443325	3803	2629	56.534402519	0.00880044985734	0.00589522686196	0.00290522299537
ATAAANNT	141261	350685	354491	2275	1264	65.9938047789	0.00644548957389	0.00355300698514	0.00289248258875
ANTNAAAT	47777	133592	134309	942	555	23.0448951562	0.00700194746309	0.00411525685135	0.00288669061175
TCNTTTNT	15947	56849	57289	456	292	8.8264387292	0.00795742081843	0.0050711172088	0.00288630360963
ANATTTNT	165962	417770	427905	2774	1601	75.4027702992	0.00659621823162	0.00372753814848	0.00286868008315
NATCNTTT	14316	60849	61681	278	104	18.5285856563	0.00454790845289	0.00168325645383	0.00286465199906
NTTTTNAA	85441	266753	273114	1560	808	56.6990554245	0.00581410516822	0.00294974481787	0.00286436035035
ATNAANAT	16094	44136	44631	270	144	9.3649568374	0.0060802594244	0.00321608040201	0.00286417902239
TTTTTNNA	61755	163586	172149	1578	1160	19.7248151856	0.00955414012739	0.00669324732126	0.00286089280613
ANANAATT	129539	383490	392988	1903	819	100.501078771	0.00493781672215	0.00207969893882	0.00285811778333
ATNNATTT	173880	387493	391581	1998	892	95.349511903	0.00512977193311	0.00227276780823	0.00285700412488
TCANTTNT	8010	30620	31017	183	96	6.80422821088	0.0059409797747	0.00308552695015	0.00285545282455
AAANATAT	25210	46913	47808	228	95	13.2009042446	0.00483655416729	0.00198317433146	0.00285337983582
NANAATTT	97481	320857	325959	1533	626	86.8050147546	0.00475511027017	0.00191680573205	0.00283830453812
NATTNTTT	167703	464659	478931	3577	2313	68.3361986563	0.00763931009149	0.00480629368886	0.00283301640264
NTATTTNT	190953	421563	430447	3177	2010	63.2732245027	0.00747987003814	0.0046478609434	0.00283200909474
NTAAANTT	35471	113610	116091	523	204	32.7994537074	0.00458237319618	0.00175415968012	0.00282821351606
ANTANTTT	86850	258220	263915	1396	675	58.9066805384	0.00537717243929	0.00255111682225	0.00282605561704
NACNTTTT	8641	32447	32591	182	90	7.52519866899	0.00557786018572	0.0027538936997	0.00282396648602
AANGTNTT	9844	37779	38819	149	43	14.0590770555	0.00392849609787	0.00110647933714	0.00282201676073
ANAAANAT	172175	406841	420553	4294	3233	41.3702722761	0.0104442579688	0.00762885041035	0.00281540755845
NTANATTT	166193	385903	390752	1954	872	93.8250524446	0.00503793924049	0.00222662553878	0.00281131370171
ANTAAANT	30260	81115	81156	534	304	14.5456594513	0.00654019032689	0.0037318929536	0.00280829737329
ATTNTNTT	16349	43120	44654	299	183	7.68617089385	0.00688638614431	0.00408145058768	0.00280493555663
NTTNTTAA	34299	104164	105465	545	255	24.4847690667	0.00520490120238	0.00241203178207	0.00279286942031
TANNAAAT	57005	162699	164808	1357	908	21.4626777257	0.0082715658068	0.00547925366289	0.0027923121439
AANNAATT	86251	277901	285470	1387	624	68.3368397389	0.00496619976512	0.00218110131635	0.00278509844877
AANANAAT	92639	231234	238103	2450	1849	23.1044764823	0.0104842436795	0.00770570780823	0.00277853587127
NTATTTTN	53018	131294	135396	1359	1019	13.7585902717	0.0102447739591	0.00746985302203	0.0027749209371
ATNTTTNT	240113	574329	592069	5240	3742	65.3704609759	0.00904120130649	0.0062805151298	0.00276068617669
AANAANAT	106747	266045	274522	2570	1882	28.8681383198	0.00956759674627	0.00680887396709	0.00275872277918
ATNNAAAT	90139	252185	255443	1829	1140	37.5639720323	0.00720039052966	0.00444300674635	0.0027573837833
TANTTTNT	86168	210733	216374	1781	1225	26.5082929452	0.00838062433534	0.00562962145966	0.00275100287568
TNTTTNAA	111320	336878	343088	1810	893	72.1664566944	0.00534415154951	0.00259607362035	0.00274807792916
TNNCTTTT	22459	80492	81040	453	232	16.6342322016	0.00559639261227	0.00285461167438	0.00274178093789
TNAANAAT	56534	175532	176830	1448	968	22.3468175627	0.00818171544807	0.0054443807017	0.00273733474638
TNAAANTT	18574	61541	63295	280	114	17.017111194	0.00452920528623	0.00179785203993	0.0027313532463
ANTGTNTT	5594	19676	20549	74	21	7.52176358862	0.00374683544304	0.00102090422946	0.00272593121358
TAAANANT	37500	107124	108856	811	524	15.2441702132	0.00751378144253	0.00479063814226	0.00272314330028
TNAANTTT	39490	126050	129075	661	323	27.8734699523	0.0052165952443	0.00249617459312	0.00272042065118
TNCNTTTT	47517	169345	171957	1044	589	29.9632245785	0.00612715609576	0.00341358246497	0.00271357363079
ANAANATT	148371	435398	448556	2015	853	110.81432219	0.00460663034706	0.00189804832569	0.00270858202137
NAATTTNT	20972	63958	65607	391	222	11.85401273	0.00607624050102	0.00337237387777	0.00270386662324
TAANNTTT	29267	85148	86207	438	209	19.0585246131	0.00511765943028	0.00241853360489	0.00269912582539
NTNATTTT	210488	600376	620235	3799	2234	100.401429851	0.00628791327016	0.0035889337461	0.00269897952406
ATTNNTTT	101282	256443	262602	1940	1271	34.7078494815	0.00750823390084	0.00481671106934	0.0026915228315
AAAGANNT	5990	23748	24534	101	38	7.28132183508	0.0042349784058	0.00154647566336	0.00268850274245
TCNTNTTT	15284	54689	55409	383	238	8.50452285409	0.00695453224869	0.00427696012364	0.00267757212506
CATNNTTT	17840	69821	71090	378	193	14.5525619933	0.00538469208963	0.00270751792152	0.00267717416811
AAANANGT	8042	27214	28573	129	59	7.07618771255	0.00471784368943	0.0020606314613	0.00265721222812
TNATNTTT	129701	359671	368965	2318	1389	56.7457104087	0.00640350949891	0.00375046577059	0.00265304372832
AATNNAAT	14254	37418	37694	206	107	7.64993517343	0.0054752285775	0.00283061294675	0.00264461563076
TCANNTTT	8587	33696	34357	168	80	7.83797542158	0.0049610205528	0.00232308273078	0.00263793782202
AANTTTNT	38148	114214	117947	731	442	18.4018591153	0.00635956326939	0.00373345496626	0.00262610830313
NNTCTTTT	35217	130394	131143	756	413	23.1605678188	0.00576439191765	0.0031393475022	0.00262504441545
TANATNTT	138745	276757	280276	1773	1055	42.4965627307	0.00636556205795	0.00375003110215	0.00261553095579
TTANNTTT	84269	227054	234523	1431	860	35.9683901668	0.0062629931943	0.0036536198451	0.0026093733492
TAANAANT	37690	111256	112907	836	551	14.469849453	0.00745815936909	0.00485642264098	0.00260173672811
NATNAAAT	35845	100784	101390	672	410	14.9462985284	0.00662356095253	0.00402750491159	0.00259605604094
TCATNTNT	11970	43369	43960	215	103	9.62074657214	0.00493300293686	0.00233756212695	0.0025954408099
NTCNTTTT	37814	139297	141652	909	553	21.0135933905	0.00648331740439	0.00388875215358	0.00259456525081
AAAATNTT	8554	25638	26700	113	48	6.9218988056	0.00438817909984	0.00179452669358	0.00259365240626
ATTNTTNT	20906	55968	57650	410	271	7.81451914697	0.00727234027458	0.00467878662316	0.00259355365142
TATANNTT	99834	185168	186624	1195	718	27.5426508833	0.00641221701733	0.00383256290634	0.00257965411098
TATCNTNT	8477	32037	32122	143	60	8.08752022748	0.0044437538844	0.00186439624635	0.00257935763805
TANATTNT	66925	147008	149523	786	412	27.6494609461	0.00531821318863	0.00274785740488	0.00257035578375
ATANTNTT	155595	401113	406744	2100	1080	75.0993899156	0.00520816541133	0.00264820118482	0.00255996422651
ANNTTTAA	9780	30232	30621	130	53	7.91095106205	0.00428166787432	0.0017278476886	0.00255382018572
ATATNNTT	229617	520603	526553	2731	1408	96.0272319876	0.00521846468985	0.00266686365091	0.00255160103894
ACANNTTT	6805	25813	25897	109	43	6.89880949122	0.00420492245969	0.00165767154973	0.00254725090996
NATATTNT	148002	344765	349087	1824	951	62.9639033787	0.00526271751267	0.00271684788509	0.00254586962759
ANTTTTNT	31561	83665	85972	818	618	8.03073525687	0.00968242131553	0.00713708280402	0.00254533851151
ATATATAT	112016	54534	53202	338	193	8.57127750383	0.00615979005686	0.00361457065268	0.00254521940418
NAAAATNT	167462	469278	487637	2228	1066	99.9141414837	0.00472528451388	0.00218128392909	0.00254400058478
AAANTTNT	43053	135264	140096	673	338	27.6274234244	0.00495082280762	0.00240682455816	0.00254399824947
ATATNTTN	88467	184377	185576	1309	840	23.7743526858	0.00704953523691	0.00450605098275	0.00254348425416
TNNTTTAA	58669	179035	181297	884	432	35.879160595	0.00491332210606	0.00237716599992	0.00253615610614
NTTANTTT	75094	205316	211331	1176	670	34.2996530849	0.00569513588904	0.00316036245112	0.00253477343792
GANNATTT	5958	25214	25935	97	34	7.59741287957	0.00383232586622	0.00130925334052	0.0025230725257
ANNTATTT	158984	345920	350835	1753	886	65.4842524172	0.00504209415169	0.00251904208165	0.00252305207004
TTANTNTT	15552	40296	40774	227	126	7.22786532969	0.00560175702687	0.00308068459658	0.0025210724303
TTTANTNT	14188	36662	37351	196	105	7.02725657136	0.00531770578979	0.00280328919265	0.00251441659714
NATAATTT	8942	26399	26169	102	35	7.61922234514	0.00384891136184	0.00133567394291	0.00251323741893
NTTTNTAA	63363	180082	181896	874	423	35.9678537722	0.00482990340193	0.00232010925905	0.00250979414289
ATANANTT	103216	225691	226799	1071	505	45.6873169416	0.00472301355606	0.00222169429487	0.0025013192612
ATATNTNT	1007952	980517	977057	5992	3508	139.854355477	0.00607394357274	0.00357752928159	0.00249641429115
TNTNTTAA	88973	250722	253747	1179	556	51.164120847	0.00468041016113	0.00218636823002	0.00249404193111
NTAANAAT	62899	172917	173402	1206	772	21.8204289494	0.00692613841939	0.00443234925994	0.00249378915946
AATNNTTT	82936	265679	271150	1420	768	46.0685354537	0.0053163808176	0.00282438087953	0.00249199993807
NATATNTT	288014	605968	611830	3705	2203	86.9585284931	0.0060770281774	0.00358775505551	0.00248927312189
ATNCNTTT	8320	30447	31040	137	62	7.11115387509	0.00447946638765	0.00199344093627	0.00248602545138
ATANTTNT	156332	376202	381920	2152	1229	58.7156543688	0.00568779502794	0.00320762940788	0.00248016562006
ANATANTT	13699	30462	30996	127	52	7.766905038	0.00415181928144	0.00167482607575	0.00247699320569
ATNCTNTT	6603	25130	25392	100	38	6.80899529243	0.00396353547364	0.00149429807314	0.0024692374005
ATANTTTN	25503	68600	69875	566	402	7.43579687232	0.00818321140445	0.00572022140957	0.00246298999488
TNTTTTNA	37300	98522	103131	1131	925	7.49552757356	0.0113493823568	0.00888944414546	0.00245993821132
ATNAANTT	27992	92059	93062	347	121	25.0845017844	0.00375516741337	0.00129852011633	0.00245664729704
ANATATAT	198178	128059	126606	736	414	19.6549513951	0.00571450755076	0.00325932923949	0.00245517831127
TNATATTT	13124	33505	33906	136	54	8.57119937045	0.00404268600814	0.00159010600707	0.00245258000108
TANANAAT	26297	63006	63270	486	331	7.24852612137	0.00765450765451	0.00520432068678	0.00245018696773
ANAAATNT	177001	440443	453334	2025	967	88.965007629	0.00457660214976	0.00212854473136	0.0024480574184
AAAANNAT	79678	206594	214875	1779	1318	19.9609618186	0.00853757444583	0.00609640460144	0.00244116984438
TANAANTT	36701	104891	106250	417	162	25.9742218833	0.00395981311961	0.00152238469346	0.00243742842616
TTTTNNAA	125114	388675	395834	1922	986	70.1371619918	0.00492067271382	0.00248475379265	0.00243591892117
TNATTTNT	38133	97320	99880	659	431	12.4908477757	0.00672593106686	0.00429663745751	0.00242929360935
AAANNAAT	73918	180718	185927	1786	1379	14.8421401554	0.00978608688029	0.00736228417669	0.00242380270359
NTNCTTTT	22745	82881	83247	461	260	13.1657524819	0.00553142473183	0.00311351144215	0.00241791328967
TATTNTTN	70187	176645	179806	1438	1024	17.6075572106	0.00807488642936	0.00566277719405	0.00241210923531
TAAANNTT	45321	138088	141406	588	259	30.3784543268	0.00424009922409	0.00182825680302	0.00241184242107
ATNTTNTT	201542	514309	528190	3674	2485	57.8478340831	0.00709289687113	0.00468271540962	0.00241018146151
AAANATNT	198851	473556	487985	2178	1063	91.6862684675	0.00457818865164	0.00217361077031	0.00240457788133
NTATATAT	129568	76933	75600	439	248	11.6052006683	0.00567388719433	0.00326969728932	0.00240418990502
ATATATNT	471200	317612	312806	1883	1097	43.3896190468	0.00589367595737	0.00349471014931	0.00239896580806
AAATATNT	20248	39033	39640	173	80	8.43202303851	0.00441258990971	0.00201409869084	0.00239849121887
NNATATTT	218113	527207	533380	2416	1157	100.482169095	0.00456173542312	0.00216449001659	0.00239724540653
TANNAATT	16062	47221	47738	175	62	12.7020241666	0.00369229470841	0.00129707112971	0.00239522357871
AANTNTTT	23336	71216	73541	405	241	11.0008401223	0.00565476606023	0.00326637933371	0.00238838672652
NTNAATTT	49385	160317	163072	639	259	37.2625457019	0.00397002907627	0.0015857369391	0.00238429213717
NNCATTTT	12062	46762	47565	238	128	8.30580395378	0.00506382978723	0.00268383200889	0.00237999777834
AANAATNT	84781	239306	244450	1033	470	49.3911456536	0.00429809560662	0.00191899395721	0.00237910164941
ATAANNTT	67316	193501	194993	799	340	41.875545744	0.00411219763253	0.00174061730481	0.00237158032772
NATTTNTT	103824	265039	272900	1826	1227	30.3762395536	0.00684241095685	0.00447602753468	0.00236638342217
TTATATNT	22037	36015	36312	153	68	7.92816659041	0.0042302587923	0.0018691588785	0.0023610999138
NAANATTT	89081	286741	292040	1251	582	56.6822592373	0.00434387066307	0.0019889140256	0.00235495663747
TANTTNTT	68640	161122	165243	1108	743	18.5627737216	0.00682980952968	0.00447628113214	0.00235352839754
TATNAANT	17707	47096	47835	226	117	8.61093553499	0.00477579138667	0.00243993993994	0.00233585144673
AAANNATT	90243	290756	299560	1143	477	64.8318216171	0.00391573797786	0.00158980392418	0.00232593405368
NTTATTNT	21216	55166	55899	281	154	9.15664967544	0.00506790268184	0.00274739978235	0.00232050289949
NCANATTT	7822	29701	29898	109	40	7.6787277457	0.00365649111037	0.0013360945955	0.00232039651487
TNTNCTTT	6929	26681	26728	95	33	7.16409419682	0.0035479533911	0.00123313777512	0.00231481561598
AANNATTT	71111	238544	242947	1002	463	46.1892962964	0.00418291267648	0.00190214042151	0.00228077225497
AAATNTNT	32223	77446	79574	353	180	14.0378703726	0.00453733338475	0.00225694009078	0.00228039329397
NAATNTTT	45904	139684	142591	713	401	21.2783702728	0.00507845609237	0.00280435269106	0.00227410340131
NTNTATTT	247138	521240	529944	2499	1327	83.1868070278	0.00477146059392	0.00249778361702	0.0022736769769
TTNTTNAA	72617	230510	233164	1111	591	36.7457460477	0.00479662897578	0.00252828816496	0.00226834081082
AATGNNTT	5911	23165	23920	75	23	6.94907464832	0.00322719449225	0.000960614793468	0.00226657969879
TNTATTNT	175879	376020	383083	2108	1272	49.2919356862	0.00557483180299	0.00330944049121	0.00226539131177
NTAAATNT	35101	85939	86819	365	171	16.5025979457	0.00422923618836	0.00196574318887	0.00226349299949
TATTTNTN	77041	169172	171916	1386	1014	14.6917548983	0.00812626789714	0.00586364424912	0.00226262364802
TATTNTNT	68218	149498	151815	995	667	16.0253431883	0.00661160319749	0.00437428680107	0.00223731639643
AAAANTAT	14873	35689	37249	154	77	6.97910418986	0.00429651535865	0.00206290521352	0.00223361014512
NTATANTT	119855	250612	252201	1102	544	42.8022871609	0.00437798453801	0.00215236701023	0.00222561752778
ANTTTTAN	19998	57814	58759	365	239	6.86909875808	0.00627374138435	0.00405098477915	0.0022227566052
TNANATTT	69125	202875	205558	770	321	42.3653395522	0.00378108964129	0.00155916824931	0.00222192139198
TNTTNTAA	69645	195083	197143	826	394	35.146242144	0.0042162432558	0.00199456304389	0.00222168021191
TNTATNTT	207955	421828	428312	2597	1679	46.8274588657	0.00611886670201	0.00390473288976	0.00221413381225
ANAANAAT	91933	235134	241122	2274	1789	16.2004459228	0.00957844723008	0.00736483732725	0.00221360990283
NATAANTT	18080	54038	53862	187	67	12.9703064248	0.00344859382204	0.00124237423279	0.00220621958925
ANAATTNT	44814	137311	140049	575	276	25.0061335911	0.00417011154142	0.0019668626403	0.00220324890112
ATAANTNT	16817	40471	40836	160	71	8.30775120269	0.00393787994389	0.00173564426626	0.00220223567762
ANTTNTTT	72331	179878	184965	1415	1043	15.4301235151	0.00780504487211	0.00560728570814	0.00219775916397
AANANATT	100762	289749	296971	1265	642	48.5625427457	0.00434686991004	0.00215716383357	0.00218970607647
ATNTANTT	109147	216847	218567	980	509	34.1045879145	0.00449898313799	0.00232339462104	0.00217558851695
ANATTNTT	112763	319313	326344	1635	966	41.5554078454	0.00509428318606	0.00295133054291	0.00214295264315
TNNAAATT	15589	50054	50945	195	89	9.7244563262	0.00388067424227	0.00174393541561	0.00213673882667
TATANTNT	39751	70132	71018	347	199	9.88042261095	0.00492345237589	0.00279427664743	0.00212917572846
NNTAATTT	29208	88181	88920	321	134	17.8539990535	0.00362703667714	0.00150470501044	0.00212233166669
TTTNTNAA	79353	243361	247314	1087	577	36.7019521769	0.00444675350177	0.00232763593676	0.002119117565
ATATNTAT	126762	79211	78066	438	265	9.47064530594	0.00549912742156	0.00338307949598	0.00211604792558
ATAANANT	84146	222219	222374	1181	708	26.7094040522	0.00528648164727	0.00317372087394	0.00211276077333
ATANNAAT	80220	202214	201860	1093	661	23.8467535661	0.00537610608587	0.00326385905659	0.00211224702928
TATANTTN	33772	68990	69781	410	266	7.75522371809	0.00590778097983	0.00379745028338	0.00211033069645
AAANNTAT	111275	252178	259674	1050	530	41.5113283674	0.0041464608969	0.00203686338411	0.00210959751279
NTATATNT	781628	697290	691019	3639	2139	82.5809301509	0.00519168132578	0.00308587652454	0.00210580480124
TNTCNTTT	16398	59245	59587	262	138	9.23990676827	0.00440284336297	0.00231059020511	0.00209225315786
NTATTNTT	210735	528592	539587	3026	1969	54.3635863312	0.00569205707858	0.00363581974902	0.00205623732956
AAANTNTT	39389	127154	131352	503	248	21.5231034155	0.0039402461283	0.00188449848024	0.00205574764805
TTNANTTT	36800	106756	109446	549	336	13.1338173978	0.00511625739714	0.00306061102913	0.00205564636801
TTNNTTAA	35224	109131	109886	457	233	16.9716907292	0.00417016461656	0.00211589280687	0.00205427180969
TTTTNTNA	36997	98817	102595	858	677	6.95923534537	0.00860797592175	0.006555503912	0.00205247200975
ATANATNT	809100	723861	715992	3681	2172	81.8863564065	0.00505950171949	0.00302437883269	0.0020351228868
TAANTNTT	19196	54306	55488	250	142	7.68779865418	0.0045824473935	0.00255257954341	0.00202986785009
NAAAATAT	17847	42506	43361	166	81	7.40426748359	0.00389013873266	0.0018645550389	0.00202558369376
NAATTNTT	22461	70659	72205	333	193	9.51911700181	0.0046906693712	0.00266581949778	0.00202484987342
AATNTTNT	50234	144066	147645	759	477	16.3750847531	0.00524080787157	0.0032203183862	0.00202048948537
TTTNNTAA	53050	164125	165373	598	267	28.965359284	0.00363033698998	0.00161192948563	0.00201840750435
NNTTATTT	24837	61138	62045	249	127	9.73232492781	0.00405623340447	0.00204272019559	0.00201351320888
TTNTNTAA	57189	159239	159804	635	314	24.7270757823	0.00397187785381	0.00196105372288	0.00201082413093
TCATNNTT	11700	46259	46492	183	90	7.67185731192	0.00394039877697	0.00193207676785	0.00200832200912
ANATATNT	850102	797522	794224	4060	2436	87.6459132296	0.00506498399415	0.00305776617378	0.00200721782038
ATANATAT	126762	79023	77455	415	252	8.70829320004	0.00522420000504	0.00324295108549	0.00198124891955
ATANANAT	525906	491870	486797	2829	1828	45.4495460195	0.00571862890364	0.00374111025838	0.00197751864526
ATNTATNT	634874	574585	568614	2935	1776	60.2865302839	0.00508207507965	0.00311365907537	0.00196841600428
NATATTTN	39238	93520	95077	609	430	8.10710742654	0.006469844575	0.00450228779042	0.00196755678457
AAATANNT	36971	77344	78338	318	167	11.4094212931	0.00409466663233	0.00212725304121	0.00196741359112
NTTATNTT	42628	110578	113262	548	339	12.6278749141	0.00493133920055	0.00298412866084	0.00194721053971
TAANANTT	16998	50692	51140	178	80	8.97923562755	0.00349911539218	0.00156188988676	0.00193722550541
TNANAATT	17776	56519	56885	202	93	9.62481220827	0.00356129123252	0.00163220892274	0.00192908230978
TATTNNTT	98759	234401	238953	1281	841	22.6024620781	0.00543528992456	0.00350717699359	0.00192811293097
ANATNTAT	154379	133064	132479	652	392	14.6558165995	0.00487600586317	0.00295022992226	0.00192577594092
ANANATAT	416953	392200	391426	1866	1103	43.2251149431	0.00473524739511	0.00280998346619	0.00192526392892
AATNTNTT	63269	181498	185990	867	529	20.5067831642	0.00475420173827	0.00283617218621	0.00191802955206
AANATTNT	47702	141293	145005	600	338	18.2725903717	0.0042285384057	0.00232553339342	0.00190300501228
TNTNATTT	23188	63403	64606	236	117	9.94641552417	0.00370841779412	0.00180770359841	0.00190071419571
ATNANAAT	49665	143734	144134	784	512	13.3968779829	0.00542492976653	0.00353967617494	0.0018852535916
AATAANNT	45197	122037	121310	555	322	13.9739630889	0.00452721221613	0.00264732965009	0.00187988256604
AANATNTT	81648	240680	246580	952	510	32.3408569347	0.00393987551318	0.00206402525396	0.00187585025922
TANNATTT	57538	161374	162356	574	273	24.527167771	0.00354434756836	0.00167866739634	0.00186568017201
ANAATNTT	62829	187479	191627	701	357	26.8729261917	0.0037251567648	0.00185952996083	0.00186562680397
TTATNTNT	48549	96037	97939	514	340	9.22881364431	0.00532361135566	0.00345953866034	0.00186407269531
ATATTNNT	53966	129287	130841	623	385	13.6619295349	0.00479562774228	0.00293386981238	0.0018617579299
NNATATAT	251867	216394	214674	1049	639	21.8277828732	0.00482425279269	0.00296777249864	0.00185648029404
ATNATNTT	89428	258334	261360	1064	591	31.5139807781	0.00410180494838	0.00225614714202	0.00184565780636
NATTATNT	22399	54390	54751	210	110	7.63160954843	0.00384615384615	0.00200506735204	0.00184108649412
NATNATTT	85114	269989	272169	949	457	39.219136067	0.0035026463619	0.0016762891287	0.0018263572332
ATATANAT	125070	78264	76372	431	280	6.90619583717	0.0054768409683	0.00365287272348	0.00182396824482
NAAATTNT	19786	62714	64849	264	154	7.83216917615	0.00419194004255	0.00236912142516	0.00182281861739
ANTNATTT	36299	101559	102498	372	188	14.3160330424	0.00364952762163	0.0018308240656	0.00181870355603
ATATANNT	503563	448016	442999	2198	1370	40.699346174	0.00488212272386	0.00308302334321	0.00179909938065
NTATNTAT	158036	127724	126416	628	393	12.0440331577	0.00489279481426	0.00309914911402	0.00179364570024
NAANATAT	71111	144980	147870	590	336	17.1024389703	0.00405303290513	0.00226711469171	0.00178591821342
NAAATNTT	35564	112030	116557	399	206	15.9220671729	0.00354890642094	0.00176425751308	0.00178464890786
TATTTNNT	42730	95991	98546	623	462	6.87828689482	0.00644834082017	0.00466628959276	0.00178205122741
ATTTANNT	23534	55185	55579	207	109	7.4498228787	0.0037370017331	0.00195733371642	0.00177966801668
TTNNATTT	62713	176702	180216	625	317	24.1138310195	0.00352456196744	0.00175591166158	0.00176865030586
NTANATAT	153013	124441	122891	585	359	11.9576332661	0.00467902676243	0.00291277890467	0.00176624785777
TNNAATTT	17231	52790	53744	186	94	7.62092353548	0.00351102385986	0.00174597867677	0.00176504518309
AANTTNTT	21669	68367	70456	324	209	6.87823146828	0.00471677512338	0.00295761692493	0.00175915819845
NTTNATTT	23910	62358	63083	237	129	7.90920052775	0.00378624490774	0.002040751756	0.00174549315174
NANTATTT	57563	168045	169931	608	320	21.005059563	0.0036050351906	0.00187957779984	0.00172545739076
ANATANAT	159563	139130	137470	699	452	11.6937604017	0.00499896301912	0.00327721465756	0.00172174836156
TNNTATTT	73543	188542	193099	710	395	22.0743858799	0.0037516116078	0.00204140696869	0.00171020463911
TNATANTT	24312	68290	68425	224	107	9.76895546626	0.00326940479318	0.00156131442246	0.00170809037072
AATANTNT	49464	135375	136214	503	273	15.9633281892	0.00370185018914	0.00200019049433	0.00170165969481
AATANNTT	44347	127040	128100	448	233	15.9744320558	0.0035140562249	0.0018155891314	0.0016984670935
TNNCATTT	9867	37737	37769	99	35	7.27903201593	0.00261655566127	0.000925827954714	0.00169072770656
NAATATNT	42503	88934	89814	336	187	10.3114057527	0.00376386243979	0.00207775469161	0.00168610774817
TTANANTT	18258	50826	51308	170	85	7.00515547348	0.00333359479175	0.00165392174031	0.00167967305143
AANTATNT	32205	70609	71598	271	154	8.07914658309	0.00382336343115	0.00214628163675	0.0016770817944
TTATANNT	33005	64276	64527	236	129	7.61256493328	0.00365823412698	0.00199517446177	0.00166305966522
TAANNATT	17584	51154	51742	167	84	6.84106113623	0.0032540285653	0.0016208080886	0.0016332204767
TNATTNTT	42108	113045	115378	587	410	8.39681860536	0.00516579836666	0.0035409541576	0.00162484420906
AATNANTT	16020	52273	52557	155	71	7.55826913505	0.00295643549248	0.00134909173824	0.00160734375425
ANNTATAT	229934	195369	194057	923	605	14.772213084	0.0047021783873	0.00310795121801	0.00159422716929
AAAATNNT	49903	153029	157729	528	294	16.9094708632	0.00343846259044	0.00186048866304	0.0015779739274
NATNAATT	15366	47628	47940	131	56	7.2993033694	0.00274293850374	0.00116676389699	0.00157617460675
TTTTNANA	28111	83446	84604	360	231	7.23244931716	0.00429563515739	0.00272293275181	0.00157270240557
NTATANAT	150176	119544	117833	595	401	8.37565924849	0.00495259657563	0.00339157941032	0.00156101716531
TTANATNT	32949	68358	69140	244	141	6.94222609701	0.00355674761669	0.00203519002324	0.00152155759345
AANNATAT	44509	97161	98459	353	212	8.80901644356	0.00361999302664	0.00214855428647	0.00147143874018
NAAANTAT	29651	77601	79485	273	163	7.33015156179	0.00350566299407	0.00204650462033	0.00145915837374
TNATATNT	45452	89747	89937	321	190	8.09172435308	0.0035639738864	0.00210813629656	0.00145583758984
TTNTATNT	47577	98550	100393	357	221	8.25526293467	0.00360945130274	0.00219651340768	0.00141293789506
NNAAATAT	39238	92474	93829	327	201	7.66666634705	0.00352366892598	0.00213761565458	0.0013860532714
ATATNNAT	151090	136618	135151	622	427	8.18820915207	0.00453220635383	0.00314947852896	0.00138272782487
ATANNTAT	150082	126324	124947	557	378	7.77736591826	0.00438994018017	0.00301615798923	0.00137378219094
