#Sequence	Occurrence	Forward Match	Backward Match	Forward Mismatch	Backward Mismatch	Strand Bias Score	FER (Forward Error Rate)	RER (Reverse Error Rate), ERD (Error rate Difference)
TTTAGGGT	3295	29292	35295	477	126	60.5839090543	0.0160233800262	0.00355721182349	0.0124661682027
TNTAGGGT	3480	30119	36225	481	127	60.9460079052	0.0157189542484	0.00349361795775	0.0122253362906
NTTAGGGT	3400	30146	36418	480	129	60.4127126719	0.0156729576177	0.00352970148029	0.0121432561374
TTTNGGGT	3710	32053	38243	506	133	63.5102864727	0.0155410178445	0.003465707734	0.0120753101105
TTTAGNGT	3640	30916	36936	478	127	59.6832500831	0.0152258393324	0.00342659795483	0.0117992413775
NNTAGGGT	3790	32421	38733	485	131	59.7908876943	0.0147389533824	0.00337072869494	0.0113682246874
TNTNGGGT	4345	36309	42657	532	140	65.1431929094	0.014440433213	0.00327125733112	0.0111691758819
TTTANGGT	4110	32361	38440	480	133	57.4733357296	0.0146158764958	0.00344800767376	0.0111678688221
NTTAGNGT	4205	34578	40897	491	133	59.4719777549	0.0140009695172	0.00324153058738	0.0107594389299
TTNAGGGT	6796	62808	71471	911	264	97.2036853049	0.0142971484173	0.00368021189099	0.0106169365263
TTNAGGGN	6613	57906	63718	834	247	82.4882670163	0.0141981613892	0.00386148675057	0.0103366746386
NTTNGGGT	4953	43017	49842	584	155	69.4792396809	0.0133941882067	0.00310018601116	0.0102940021955
TNNAGGGT	7147	63605	71252	869	256	89.0565105274	0.0134783013308	0.00358001901885	0.00989828231192
NTNAGGGT	7335	66029	74066	875	267	86.9347161137	0.0130784407509	0.00359194435849	0.00948649639243
TTNNGGGT	8655	75815	84188	978	289	98.3903496432	0.012735535791	0.00342104951644	0.00931448627459
TTTNGNGT	6245	44654	50940	544	143	63.7542397224	0.0120359307934	0.00279936573811	0.00923656505529
TTNAGNGT	9800	80001	89605	1005	297	102.588577541	0.0124064884083	0.00330359725034	0.00910289115793
NTNAGGGN	8236	67202	72811	816	274	69.0050547144	0.01199682437	0.0037490593145	0.00824776505552
TTTTTTTT	1702460	1459284	1744478	37324	29778	9223372036854775807	0.0249390621993	0.0167833728616	0.00815568933768
TTNANGGT	9982	77956	86281	895	284	83.5957966911	0.0113505218704	0.00328077167446	0.0080697501959
TNNNGGGT	9292	78636	85822	903	287	82.1075420709	0.0113529212085	0.0033329849377	0.00801993627077
NNNAGGGT	8969	76269	83780	857	288	74.2843980511	0.0111116873687	0.00342579816339	0.00768588920533
NTNNGGGT	10708	87854	94659	959	296	87.8261941953	0.0107979687658	0.0031172660734	0.00768070269243
TNNAGNGT	12539	85424	92736	899	265	87.4125510346	0.0104143739212	0.00284943172654	0.00756494219466
TNTTTTTT	2459837	2599859	2971497	53133	41189	9223372036854775807	0.0200275764118	0.0136718529578	0.00635572345405
NTTTTTTT	2266839	2406011	2752612	49923	39793	9223372036854775807	0.0203275006576	0.0142504400329	0.00607706062472
TTNNGNGT	23193	137719	147906	1230	422	99.5226626423	0.00885216878135	0.00284504611402	0.00600712266733
TNTNGNGT	13290	81004	88079	685	212	63.9412854256	0.0083854619349	0.00240115074017	0.00598431119473
NTTNGNGT	13587	87234	95112	710	208	70.2592846381	0.00807331938506	0.0021821233739	0.00589119601116
TNNANGGT	15020	104191	112296	935	349	68.8040250307	0.00889408899796	0.00309822894935	0.00579586004861
TTNTTTTT	2220697	2453361	2786218	46715	36706	9223372036854775807	0.0186854319629	0.0130028296901	0.0056826022728
TATNTTTT	499540	780065	819156	8533	4299	9223372036854775807	0.0108204687306	0.00522068601199	0.0055997827186
TTTTTTNT	2471455	2614249	2976038	50849	40987	9223372036854775807	0.0190795985739	0.0135852371127	0.00549436146114
TTTTNTTT	1843985	2040084	2307737	35215	28022	9223372036854775807	0.0169686392178	0.0119969568778	0.00497168233994
NTNTTTTT	3725365	5071608	5579597	78718	59370	9223372036854775807	0.0152840810465	0.0105285241073	0.00475555693918
TTNANNGT	27245	141294	150621	1013	360	77.6634159188	0.0071184130085	0.00238440598486	0.00473400702364
ATATNTTT	358365	524486	538167	4499	2043	214.322789844	0.00850496705956	0.00378186260899	0.00472310445057
NNTTTTTT	3381870	4611175	5087853	74909	58077	9223372036854775807	0.015985415541	0.011286006611	0.00469940892994
TTTTTTNN	2696838	3718520	4134213	70146	58720	9223372036854775807	0.0185146962018	0.0140045166474	0.00451017955436
TNTNTTTT	3988622	5304973	5811148	74947	55383	9223372036854775807	0.0139308762956	0.00944050240253	0.00449037389303
TNNTTTTT	3657155	5130126	5627831	75290	57151	9223372036854775807	0.014463781569	0.0100529781801	0.00441080338899
NNNAGNGT	25049	164951	174930	1171	463	76.8092215167	0.00704903625047	0.0026397860804	0.00440925017006
NATATTTT	200965	399425	412433	2953	1233	166.202774081	0.00733887041538	0.0029806655611	0.00435820485428
TNTTTTNT	3735527	4973900	5448674	72359	56892	9223372036854775807	0.0143391371707	0.010333542455	0.00400559471569
TANNTTTT	874479	1695748	1762577	14421	7870	9223372036854775807	0.00843249994591	0.00444520508098	0.00398729486494
NATNTTTT	1019485	2159543	2257028	19095	10850	9223372036854775807	0.00876465020807	0.00478420796886	0.00398044223921
NTTNTTTT	3287242	4578416	5000870	63299	49050	9223372036854775807	0.0136369854677	0.00971302515683	0.00392396031082
NTTTTTNT	3497643	4832666	5288179	71123	56916	9223372036854775807	0.0145036827645	0.0106482672431	0.00385541552135
NNCTTTTT	170120	557859	575762	4299	2216	159.760908548	0.00764731623494	0.00383405596753	0.00381326026741
TCNNTTTT	158699	536452	553306	4111	2188	141.304248138	0.00760503401084	0.00393883642308	0.00366619758776
NNNTTTTT	5852378	10512993	11297570	126143	93351	9223372036854775807	0.0118565078969	0.00819521090525	0.00366129699164
TTNNTTTT	3008301	4352734	4734795	55397	42635	9223372036854775807	0.0125670040205	0.00892425425386	0.00364274976667
TNTTNTTT	3177502	4371508	4758299	55793	43117	9223372036854775807	0.0126020345127	0.00898005921586	0.00362197529681
ATANNTTT	702107	1263037	1291690	8367	3900	9223372036854775807	0.00658091369856	0.00301021156384	0.00357070213471
TTNTTTNT	3399700	4598558	5001974	62286	49671	9223372036854775807	0.013363674047	0.00983263867512	0.00353103537189
TTNTNTTT	3050082	4213414	4574368	52014	40019	9223372036854775807	0.0121943214139	0.00867265792834	0.00352166348559
NTATNTTT	1174385	1984154	2045480	14194	7413	9223372036854775807	0.00710286696812	0.003611001645	0.00349186532312
TNTTTNTT	3090664	4185176	4561494	52837	41338	9223372036854775807	0.0124673992269	0.00898099257153	0.00348640665542
NNTNTTTT	6118193	10666614	11413663	117508	85947	9223372036854775807	0.0108963900816	0.0074739056368	0.00342248444484
ATNTNTTT	1129413	1898092	1962019	15076	8857	9223372036854775807	0.00788012343924	0.00449394076543	0.00338618267381
TATNTTTN	799523	1317869	1357780	12461	8199	219.386671256	0.00936684882698	0.00600228846856	0.00336456035842
NANATTTT	405859	1010543	1040147	6248	2922	283.500374999	0.00614482228895	0.00280134871231	0.00334347357664
TATNNTTT	992127	1826785	1882636	12461	6496	9223372036854775807	0.00677505891001	0.00343861625339	0.00333644265662
NNGNTTTT	231612	936577	988665	6282	3320	235.193505288	0.0066627141492	0.00334682480078	0.00331588934842
TNNNTTTT	5943561	10618681	11327065	108091	77504	9223372036854775807	0.0100767500232	0.00679587277695	0.00328087724626
TTTTTNNT	3023063	4214613	4598043	53964	43483	9223372036854775807	0.0126421521739	0.00936825518159	0.0032738969923
TTTNTTNT	2956065	4094685	4440810	52145	41821	9223372036854775807	0.0125746654674	0.00932956560556	0.0032450998618
TTTTNTNT	3229028	4349277	4732497	53988	43091	9223372036854775807	0.0122609018535	0.00902318206679	0.00323771978672
NGNNTTTT	228093	858615	906605	5672	3034	206.683330961	0.0065626348655	0.00333538909392	0.00322724577159
NTNNTTTT	5679483	10304970	10978105	105891	77125	9223372036854775807	0.01017120486	0.00697633608708	0.00319486877292
CNNNTTTT	610958	2269490	2349833	16057	9059	9223372036854775807	0.00702545167524	0.00384036233961	0.00318508933564
TATNTNTT	1447336	1986140	2033416	14043	7920	9223372036854775807	0.00702085759153	0.00387981204466	0.00314104554687
NNTATTTT	874267	1757409	1819037	11238	5871	9223372036854775807	0.00635400959038	0.00321714848091	0.00313686110947
TTTNNTTT	2450154	3518914	3816267	40331	31743	9223372036854775807	0.0113313357187	0.00824919893659	0.00308213678208
ANATNTTT	602954	1213086	1247462	7741	4086	268.215603121	0.00634078374741	0.00326475692502	0.00307602682239
NATANTTT	362231	831753	847675	4476	1939	229.019298336	0.0053526007828	0.00228221286372	0.00307038791908
NTNTNTTT	6069142	9895111	10505500	97941	71499	9223372036854775807	0.00980090967204	0.00675985693106	0.00304105274098
TATNTTNT	957843	1511088	1552110	10584	6146	282.145648893	0.00695550683722	0.00394415295048	0.00301135388674
ATATATNT	1469294	617192	605851	3904	1993	127.640227221	0.00628566276389	0.00327880179783	0.00300686096606
NCNNTTTT	580069	2156352	2224660	14762	8539	9223372036854775807	0.00679927447384	0.00382366282629	0.00297561164756
NNGTNTTT	240705	852525	888607	4877	2421	202.91815431	0.00568811362698	0.00271708633174	0.00297102729524
TNTTTTNN	5440358	9544693	10204940	126045	104036	9223372036854775807	0.0130336485178	0.010091787972	0.00294186054587
NTTTTTNN	4336195	7813840	8380265	111885	94788	9223372036854775807	0.0141166896404	0.0111843548353	0.00293233480508
TNTNTTTN	4394646	7270338	7743404	94037	77000	9223372036854775807	0.0127691759314	0.00984603864455	0.00292313728688
NANNTTTT	2214686	5645179	5868735	39732	24062	9223372036854775807	0.00698902762066	0.00408329015916	0.00290573746151
NTNTTTNT	5861421	9832051	10433248	103968	79594	9223372036854775807	0.0104637481068	0.00757112111073	0.00289262699603
NNTTTTNT	5560498	9861479	10510449	109187	85661	9223372036854775807	0.0109508231446	0.00808419316145	0.00286662998316
ANGNNTTT	127802	470927	487531	2418	1105	117.264476355	0.00510832479481	0.00226139703174	0.00284692776307
ANNNTTTT	1817441	4645561	4825719	33648	21152	9223372036854775807	0.00719095898473	0.00436405260218	0.00282690638255
NNNNTTTT	10270595	23535197	24766075	196264	135552	9223372036854775807	0.00827020300183	0.00544349973598	0.00282670326585
TTTTTNNN	2986200	5530836	5931951	68692	56560	9223372036854775807	0.0122674625433	0.00944475179222	0.00282271075105
NNANTTTT	1793477	4743124	4917304	31508	18733	9223372036854775807	0.00659904260684	0.00379514983376	0.00280389277308
TNNATTTT	611757	1380403	1423315	7997	4301	266.789293711	0.00575986747335	0.00301271490373	0.00274715256962
ATATNTTN	243771	393253	396494	2707	1632	60.648038266	0.00683654914638	0.00409920477437	0.00273734437201
NNCTNTTT	457953	1647013	1687756	9262	4859	9223372036854775807	0.00559206653484	0.00287070597862	0.00272136055623
TNNTNTTT	5539311	9752517	10333519	90177	67030	9223372036854775807	0.00916182094049	0.00644485209387	0.00271696884662
NNNCTTTT	753349	2871877	2952089	14696	7151	9223372036854775807	0.00509115826969	0.00241649883078	0.0026746594389
TNNTTTNT	5802645	9975933	10580533	100485	77917	9223372036854775807	0.00997229372581	0.00731035000399	0.00266194372182
TNTNTTNT	6363006	10341402	10944797	100005	76220	9223372036854775807	0.00957773219644	0.00691587718266	0.00266185501378
TNTNNTTT	5853337	10150506	10734095	88203	64589	9223372036854775807	0.00861466030532	0.00598119178226	0.00263346852306
NNTTNTTT	5025167	8752721	9287999	85676	66125	9223372036854775807	0.0096936129934	0.00706907456006	0.00262453843334
ATATNTNT	3324402	2214117	2212009	13276	7415	9223372036854775807	0.00596033120334	0.00334095693297	0.00261937427037
NTGNNTTT	227923	846058	875413	4275	2119	175.027288614	0.00502744219029	0.0024147267564	0.00261271543389
NTANATTT	367575	699477	709167	3238	1426	159.167553984	0.00460784243968	0.00200677462345	0.00260106781623
NTANNTTT	1949222	4194611	4302636	23631	13165	9223372036854775807	0.00560209679767	0.00305041868242	0.00255167811525
TNTNTNTT	6389292	10073274	10633882	87756	65197	9223372036854775807	0.00863652602148	0.00609370208408	0.0025428239374
TNTATNTT	436230	679519	692111	3838	2171	108.036161145	0.00561639084695	0.00312697146116	0.00248941938579
NTATATNT	2620807	1545462	1535215	8275	4376	255.796499048	0.00532586917863	0.00284231331568	0.00248355586295
ATNNNTTT	2442091	5254884	5398700	30883	18235	9223372036854775807	0.00584267146093	0.0033662947774	0.00247637668353
ANCNNTTT	125923	549848	559736	2468	1121	115.982163726	0.00446845646333	0.00199872694822	0.00246972951511
NATATNTT	734081	1182492	1196960	6556	3655	187.358338744	0.00551365462118	0.00304427314335	0.00246938147783
ANNTNTTT	1994440	4285039	4416199	27114	16945	9223372036854775807	0.00628781028874	0.00382234369107	0.00246546659767
TCNNNTTT	422021	1615110	1645605	8492	4569	272.493345384	0.00523034586062	0.00276879892666	0.00246154693396
TANNNTTT	1610197	3616264	3718024	21469	12861	9223372036854775807	0.00590175254753	0.00344717138159	0.00245458116595
ANANNTTT	1575696	3772732	3865587	19655	10615	9223372036854775807	0.00518275165483	0.00273850537201	0.00244424628282
ATATNNTT	473652	868435	878263	4344	2238	152.326953468	0.00497720499691	0.00254173476237	0.00243547023454
NNTTTNTT	4743773	8317051	8838664	78029	61168	9223372036854775807	0.00929461065291	0.00687293872514	0.00242167192777
TNTTNTNT	5653768	9154409	9661789	83070	64547	9223372036854775807	0.00899271327166	0.00663631196784	0.00235640130383
NTNTTNTT	5335915	9438956	9955588	81579	62353	9223372036854775807	0.00856874114743	0.00622413328248	0.00234460786495
NCTNNTTT	239510	891880	912277	4753	2708	132.798475833	0.00530094252609	0.00295961135975	0.00234133116635
NNCNTTTT	763650	2837091	2907834	15224	8748	9223372036854775807	0.00533741890359	0.00299940135405	0.00233801754954
NNTTTTCN	455254	1711266	1736626	11306	7373	193.053219029	0.00656344117982	0.00422764003878	0.00233580114103
ATNTATNT	2312374	1380446	1370583	7231	3960	203.188320626	0.00521086679393	0.00288095752552	0.00232990926841
NNATNTTT	2562729	5847855	6007472	32243	19026	9223372036854775807	0.00548341201116	0.00315705738225	0.00232635462891
TCNNTTNT	265183	961492	975229	5359	3173	129.257096198	0.005542736161	0.00324304324807	0.00229969291293
NTTTNTNT	5427194	9099378	9611788	83876	66218	9223372036854775807	0.00913358162586	0.00684211189784	0.00229146972802
NATNNTTT	2194554	5479810	5628492	29894	17704	9223372036854775807	0.00542569981981	0.00313556242114	0.00229013739867
NTTNNTTT	4639158	8264052	8729026	70651	54369	9223372036854775807	0.00847672676519	0.0061899755163	0.00228675124889
TTNNNTTT	4617733	8402968	8877758	69413	52766	9223372036854775807	0.00819285629388	0.00590849988198	0.0022843564119
NNNTNTTT	10620682	22740444	23767362	168329	121219	9223372036854775807	0.0073477964097	0.00507434912103	0.00227344728867
NNNATTTT	2126891	5482173	5642853	28647	16690	9223372036854775807	0.00519831894346	0.0029490013593	0.00224931758416
NNGNNTTT	632631	2648515	2756704	13882	8215	9223372036854775807	0.00521409842334	0.00297115394701	0.00224294447633
NTTNTNTT	4556169	8005347	8456747	67099	51842	9223372036854775807	0.00831210267619	0.00609290212513	0.00221920055106
TTNTNTNT	5763386	9172246	9658687	79469	61930	9223372036854775807	0.00858965067558	0.00637099476299	0.00221865591259
NANANTTT	1192542	3223621	3297787	14960	7952	9223372036854775807	0.00461930703601	0.00240551356293	0.00221379347309
TNTTTNNT	5429028	9175304	9705884	82881	65854	9223372036854775807	0.00895218663269	0.00673923103546	0.00221295559723
NNANCTTT	103799	443774	450470	1523	545	104.633722535	0.00342018922202	0.00120838553041	0.00221180369161
NTTNTTNT	5320519	9479495	9972495	86223	68467	9223372036854775807	0.00901375098032	0.00681876895859	0.00219498202173
TNNTTNTT	5147088	9168614	9652040	76348	58914	9223372036854775807	0.00825833572923	0.00606675718987	0.00219157853936
NTNTATTT	613994	1015381	1031398	4420	2234	164.330598126	0.00433417892314	0.00216131079533	0.00217286812781
TANNTTTN	1243349	2624255	2688002	19123	13696	224.357842525	0.00723430398528	0.00506940450043	0.00216489948485
NNTANTTT	1670324	3913393	4008311	17961	9720	9223372036854775807	0.00456865497231	0.00241909532306	0.00214955964925
NTCNNTTT	403273	1514351	1538804	7103	3888	216.2494576	0.00466856046913	0.00252026976221	0.00214829070692
NATNTTNT	1899640	4253548	4355103	24747	15929	9223372036854775807	0.00578431361091	0.00364421948867	0.00214009412224
ANATATNT	2426568	1583231	1578804	7937	4511	203.344948796	0.00498815964122	0.00284908562099	0.00213907402023
NNNTTTNT	10548810	22872696	23907140	183645	140273	9223372036854775807	0.00796505395197	0.00583318463404	0.00213186931793
NTTTTNNT	5011023	9119003	9653909	82696	66732	9223372036854775807	0.00898703598107	0.00686497937739	0.00212205660368
NNTCTNTT	317615	1189341	1209554	4734	2235	204.68548482	0.0039645750895	0.00184438049859	0.00212019459092
TANNTNTT	2559734	4976078	5069156	25500	15173	9223372036854775807	0.00509839094782	0.00298426793388	0.00211412301394
NATNTNTT	2860271	5662286	5796661	30538	18903	9223372036854775807	0.00536429722753	0.00325041560887	0.00211388161865
TANNTTNT	1475259	3010149	3071317	16665	10508	9223372036854775807	0.00550578925563	0.00340966797271	0.00209612128292
TTNNTTNT	4964448	8780249	9245434	76831	61257	9223372036854775807	0.00867452930311	0.00658203866444	0.00209249063867
TNNNNTTT	9571172	21402551	22314118	142172	101676	9223372036854775807	0.00659892447909	0.00453590892208	0.00206301555702
NTATNTNT	6740266	6379999	6429282	33408	20325	9223372036854775807	0.00520908777503	0.00315135480348	0.00205773297155
NTNNNTTT	10164956	22222793	23151940	146868	104940	9223372036854775807	0.00656549958446	0.00451221316015	0.00205328642431
TNANNTTT	1049363	2796200	2866099	13635	8090	9223372036854775807	0.00485259810629	0.00281470703562	0.00203789107068
TCNNTNTT	286197	1044711	1057070	4774	2671	135.317205147	0.00454889779273	0.00252042716098	0.00202847063175
NNTNNTTT	9964166	22227140	23153350	147755	106929	9223372036854775807	0.00660360640799	0.00459706437743	0.00200654203055
TATNNNTT	2200893	3992780	4051449	18704	10858	9223372036854775807	0.00466261363625	0.00267286544321	0.00198974819304
TNNANTTT	1304238	3247715	3319661	14165	7865	9223372036854775807	0.00434258771015	0.0023636178951	0.00197896981506
NATNTTTN	1112848	2518404	2583713	19857	15234	159.603165139	0.00782307256819	0.00586160471914	0.00196146784905
NNTTTTNN	8997265	20640066	21603063	211562	178275	9223372036854775807	0.0101460662928	0.00818475889773	0.00196130739503
TTTNNTNT	4953366	8675311	9136536	70458	56039	9223372036854775807	0.00805623839367	0.00609611561505	0.00196012277863
TTTTNNNT	4374708	7687531	8110183	60983	48384	9223372036854775807	0.00787028325689	0.00593045322788	0.00193983002902
ATNTNTNT	6003568	6227254	6293225	34877	22934	9223372036854775807	0.00556950980425	0.00363100422266	0.00193850558159
NGNNNTTT	830204	3523413	3648499	14642	8057	9223372036854775807	0.00413843199159	0.00220343952069	0.0019349924709
CNNNNTTT	1332525	5631589	5767082	27117	16525	9223372036854775807	0.0047920849749	0.00285721350016	0.00193487147475
NCNNNTTT	1468539	6043668	6172730	27871	16474	9223372036854775807	0.00459043415516	0.00266173162171	0.00192870253345
NNNTTTTN	8329307	18975486	19929343	206068	177335	9223372036854775807	0.0107430294751	0.00881970656714	0.00192332290795
TTTNTNNT	4245596	7441677	7821371	60195	48099	9223372036854775807	0.0080239972103	0.00611210157736	0.00191189563293
TATNNTNT	2184125	3719770	3775998	18243	11252	9223372036854775807	0.00488040036244	0.00297102118952	0.00190937917292
TNTTNNTT	4188529	7466406	7855789	56588	44365	9223372036854775807	0.00752200520165	0.00561571331394	0.00190629188771
NNANATTT	1015598	2552096	2587932	9763	4941	9223372036854775807	0.00381090450333	0.00190560818058	0.00190529632275
ATANNTNT	4069360	3976760	3979071	18835	11228	9223372036854775807	0.00471394122778	0.00281382422721	0.00190011700057
ATANNNTT	1149941	2440388	2464488	9913	5307	9223372036854775807	0.004045625415	0.00214876133444	0.00189686408056
NTNTNTNT	15916975	23446527	24193719	159769	118644	9223372036854775807	0.00676806729866	0.00487998636743	0.00188808093123
TATNTTNN	1734559	3350057	3398057	20768	14588	254.285052661	0.00616110299407	0.00427469015969	0.00188641283439
ANNNNTTT	5307368	14268448	14635574	69559	43670	9223372036854775807	0.00485137160276	0.00297494884614	0.00187642275662
TANANNTT	917477	1843790	1862751	7933	4509	213.054389842	0.00428411808894	0.00241476816298	0.00186934992596
NNTNTNTT	10666537	21882646	22768026	141869	104675	9223372036854775807	0.00644141312533	0.00457641622649	0.00186499689884
NNTNTTNT	11090681	23532213	24436700	168943	129360	9223372036854775807	0.00712804894411	0.00526580167923	0.00186224726488
ANATNTNT	4745320	4817918	4854721	23145	14226	9223372036854775807	0.00478097475699	0.00292178165012	0.00185919310687
NNTNTTTN	7222740	15576165	16266721	158349	134692	9223372036854775807	0.0100637998733	0.00821221927647	0.00185158059685
TNNNTTNT	10080924	21283545	22093093	147011	111230	9223372036854775807	0.00685987801716	0.0050093848842	0.00185049313297
ANNNATTT	1072863	2581939	2617690	9922	5197	9223372036854775807	0.00382813738854	0.00198140446005	0.00184673292849
NTNTTTNN	9465042	20291871	21141344	193866	162491	9223372036854775807	0.00946346231039	0.00762731217173	0.00183615013866
TTNTTNNT	4454399	7901869	8269728	63468	51037	9223372036854775807	0.00796802445396	0.00613369083251	0.00183433362144
NNANNTTT	5182687	14640743	15005556	66755	40755	9223372036854775807	0.00453884134473	0.00270863735304	0.0018302039917
NNTTTTAN	520509	1170127	1201420	6669	4651	91.0193988762	0.00566708248498	0.00385632354977	0.00181075893521
GNNNNTTT	805059	3268993	3372600	13886	8179	9223372036854775807	0.00422982388324	0.00241926490906	0.00181055897418
TTNTNNTT	3890695	7017204	7357235	50857	39928	9223372036854775807	0.00719532556383	0.00539774505442	0.00179758050941
NCNNTTNT	944559	3687688	3742927	18091	11581	9223372036854775807	0.00488183456164	0.00308455861594	0.0017972759457
NANNNTTT	4700107	13631783	13998808	66024	42541	9223372036854775807	0.00482004163148	0.00302969465398	0.0017903469775
NNCCNNTT	108843	567765	568474	1823	804	87.1371602616	0.00320055900054	0.00141231524844	0.0017882437521
NNNTTNTT	9299101	20746626	21579917	136474	103134	9223372036854775807	0.00653514085552	0.00475643395387	0.00177870690165
NNCNNTTT	1574154	6503375	6620050	26666	15389	9223372036854775807	0.00408358844914	0.00231921354412	0.00176437490502
NTANATNT	3762264	3452576	3442168	14714	8558	9223372036854775807	0.00424366003421	0.00248005781972	0.00176360221449
TATNNTTN	1449592	2820664	2857049	16411	11544	198.330289522	0.0057844787325	0.00402427252664	0.00176020620586
CNNNTTNT	1069259	4395215	4455244	21489	13895	9223372036854775807	0.00486539283592	0.00310909998548	0.00175629285045
TNNTTTNN	8242096	18395779	19137130	165663	138221	9223372036854775807	0.0089251147621	0.00717086812064	0.00175424664146
TNNNTTTN	7758406	16988988	17705328	152266	127161	9223372036854775807	0.0088830140432	0.00713086098076	0.00175215306243
NATANNTT	1101612	2249880	2266721	9178	5266	237.195989268	0.00406275536086	0.00231779495217	0.00174496040869
NTATNTTN	1432016	2711854	2751446	16186	11583	181.062584872	0.00593319746045	0.00419213841042	0.00174105905003
CNNTNTNT	807835	2999810	3037073	14489	9351	254.969024514	0.00480675606501	0.00306950050288	0.00173725556212
TTTNNNTT	3134877	5743426	6054449	41479	33136	9223372036854775807	0.00717021282113	0.0054432094172	0.00172700340393
NTNCTNTT	189126	711817	721896	2501	1285	89.5930482464	0.00350124174387	0.00177687190344	0.00172436984044
CNNNTNTT	1147612	4704451	4793733	19517	11584	9223372036854775807	0.00413148437923	0.00241066302182	0.00172082135742
ANANATNT	3494136	3751519	3768146	16112	9663	9223372036854775807	0.00427642728282	0.00255783180145	0.00171859548137
TNNTNTNT	10620951	20697295	21412636	135352	102887	9223372036854775807	0.00649711004079	0.00478198926422	0.00171512077658
TNNNTNTT	10835742	23133784	23950452	136301	99639	9223372036854775807	0.00585734860874	0.00414297808686	0.00171437052188
NNTATNTT	2584888	4974313	5065502	21172	12890	9223372036854775807	0.00423822711909	0.00253820500662	0.00170002211246
TNTNTTNN	9615804	19869454	20589291	166455	137025	9223372036854775807	0.00830783369998	0.0066111604204	0.00169667327958
TATNTNNT	2171413	3499952	3541850	17383	11537	272.389191975	0.00494209394328	0.00324676147011	0.00169533247317
NNNCTNTT	1334990	5590627	5680057	19474	10126	9223372036854775807	0.0034712387531	0.00177955612324	0.00169168262986
NNNGTNTT	833406	3489302	3577628	11661	5905	9223372036854775807	0.00333079784048	0.00164781515895	0.00168298268153
NNNANTTT	4462583	13241333	13553769	53473	31902	9223372036854775807	0.00402209705053	0.00234820937442	0.00167388767611
NTNNTTNT	10782916	23462468	24284289	157174	121704	9223372036854775807	0.0066543768953	0.0049866440591	0.00166773283619
NNTTNTNT	10421013	21583153	22400997	148864	116737	9223372036854775807	0.00684998543854	0.00518422502016	0.00166576041838
NTTTTNNN	5583170	13102268	13676334	118045	100087	9223372036854775807	0.00892906242084	0.00726509446829	0.00166396795254
NNATATNT	5207089	4897324	4898573	20474	12301	9223372036854775807	0.00416324542	0.00250484944228	0.00165839597772
TNTNNTNT	10780879	21251996	21964037	132858	100499	9223372036854775807	0.00621271484949	0.0045547751378	0.00165793971169
CTNNNTNT	580699	2463570	2484236	10161	6126	225.212826575	0.0041075606038	0.00245988334226	0.00164767726154
NTNNTNTT	9734492	21688285	22462410	127241	94401	9223372036854775807	0.00583258913858	0.0041850330705	0.00164755606808
NTNNCTTT	222659	843000	850549	2671	1289	108.466108605	0.0031584386836	0.00151319851897	0.00164524016463
NCNNTNTT	970614	3917975	3982573	16228	9918	9223372036854775807	0.00412485070038	0.00248416339573	0.00164068730465
NNCTNTNT	842864	3223026	3262921	13622	8413	282.092513084	0.00420867514787	0.00257173373309	0.00163694141478
NANATNTT	1462619	3219172	3272028	13087	7954	290.996865998	0.00404887108366	0.002425013308	0.00162385777566
NTNTATNT	5613232	5234500	5252998	21844	13339	9223372036854775807	0.00415574018748	0.00253288006445	0.00162286012302
TNTTTNNN	7884358	16947791	17616772	141079	117657	9223372036854775807	0.00825560730464	0.00663438332297	0.00162122398167
ANNTATNT	4247194	4028723	4035483	16751	10304	9223372036854775807	0.00414067671675	0.00254684688047	0.00159382983627
NNTATTNT	1314869	2748389	2790424	11753	7458	223.650846371	0.00425811425644	0.00266558775531	0.00159252650113
NNNTATTT	1718339	3524169	3579107	12333	6869	9223372036854775807	0.00348734427409	0.00191551756063	0.00157182671346
NNNTCTTT	270058	1023976	1035086	3148	1550	122.852775951	0.00306486850663	0.00149522108049	0.00156964742613
NTATANNT	2594328	2321170	2305841	9916	6206	180.925491006	0.0042538113137	0.00268420148898	0.00156960982471
TNTANTNT	941722	1720530	1738898	6987	4315	144.343347989	0.004044533281	0.00247531426165	0.00156921901935
NTCNTNTT	227831	878794	881952	3225	1846	83.5410263419	0.0036563838194	0.00208871257912	0.00156767124028
TCNNNTNT	732140	2873219	2894253	11573	7110	239.372643021	0.00401172770862	0.00245057236892	0.0015611553397
TNNATNTT	1732359	3715831	3766484	14897	9197	9223372036854775807	0.0039930544387	0.00243585196949	0.00155720246922
ATNNATNT	3020109	2992309	2979276	12258	7570	236.997288481	0.00407978920091	0.00253444603438	0.00154534316653
NTTTNTNN	6519191	14318736	14852489	122986	104260	9223372036854775807	0.00851602045795	0.00697076617385	0.0015452542841
NTNTNNTT	9057957	18905235	19534088	107026	80126	9223372036854775807	0.00562931468277	0.00408509869424	0.00154421598853
TNTNNTTN	6832124	14644987	15131098	113939	94080	9223372036854775807	0.00772000618473	0.00617923810152	0.00154076808321
NNTTTNNT	8617703	19159342	19916464	129750	103840	9223372036854775807	0.00672659967613	0.00518673442721	0.00153986524892
NNNTTTCN	970315	3970523	3985164	19635	13520	250.327557946	0.00492085777054	0.00338111238597	0.00153974538457
NNGNTTNT	286153	1189069	1225566	4851	3104	96.1971536074	0.00406308630394	0.00252630893568	0.00153677736826
NNAANNTT	1672203	5354507	5460789	18713	10723	9223372036854775807	0.00348264169344	0.00195978734946	0.00152285434398
NNGNTNTT	629060	2890264	2978271	10021	5767	278.21436845	0.00345517768081	0.00193261613961	0.00152256154121
TNTNTNNT	10788765	20687690	21353295	128727	100073	9223372036854775807	0.00618391724186	0.00466467549524	0.00151924174662
NANNTTNT	4259244	11552103	11798243	54358	37529	9223372036854775807	0.00468342589528	0.00317081133364	0.00151261456164
ATATNTNN	2325394	2357765	2337470	12632	8968	128.999251416	0.00532906513128	0.00382196333336	0.00150710179793
ATATNNNT	2510110	2795668	2790321	11749	7505	202.169103094	0.00418498570038	0.00268243986581	0.00150254583457
GNNTNTNT	562347	1834291	1887138	7625	5002	136.013799148	0.00413971104003	0.00264356760071	0.00149614343932
NANNTNTT	5649062	14752540	15066887	60779	39400	9223372036854775807	0.00410299676933	0.00260818558525	0.00149481118408
NTNNATTT	1471476	3331450	3379740	11078	6169	9223372036854775807	0.00331425795087	0.00182196272847	0.0014922952224
TTTTNNNN	5306977	12393281	12877350	93422	77734	9223372036854775807	0.00748171875314	0.00600026985545	0.00148144889769
NNATNTNT	11299571	16869688	17060879	72902	48513	9223372036854775807	0.00430288403367	0.00283546019636	0.0014674238373
TNTTNTNN	8994574	19235827	19855035	148660	123905	9223372036854775807	0.007669019046	0.00620178047484	0.00146723857116
NCTNNTNT	485575	1944707	1964090	7825	5010	141.14495131	0.00400761677658	0.00254430958306	0.00146330719352
TNTNNNTT	9647828	20155161	20821852	107300	80193	9223372036854775807	0.00529550679949	0.00383661024555	0.00145889655394
NNNCNTTT	1955830	7988931	8099093	26074	14574	9223372036854775807	0.00325314831369	0.00179622851172	0.00145691980197
NGNNTNTT	463024	1800513	1855687	6290	3778	154.076693212	0.0034812871132	0.00203176720186	0.00144951991135
NTANNTNT	9209505	13105318	13199929	55113	36446	9223372036854775807	0.00418778078013	0.00275347291082	0.0014343078693
NNNNCTTT	1443444	6131836	6220050	17550	8844	9223372036854775807	0.00285394346688	0.00141983472507	0.0014341087418
ANNNTNTT	4016102	10890578	11126073	44785	29724	9223372036854775807	0.004095428748	0.00266444432433	0.00143098442367
ANNTNTNT	9618222	14583532	14782189	68033	47676	9223372036854775807	0.00464339474998	0.00321486405979	0.00142853069019
TTNTNTNN	6237077	13028251	13432464	99618	83364	9223372036854775807	0.0075882841305	0.00616787961492	0.00142040451558
NNCTNNTT	688939	2998649	3013494	10142	5889	250.44102141	0.00337078913092	0.00195039847545	0.00142039065547
TTNNNTNT	9124485	19089392	19712181	112115	87596	9223372036854775807	0.00583886462661	0.00442409023092	0.0014147743957
NTTNNTNT	9652723	20673459	21330295	123930	97561	9223372036854775807	0.00595892109341	0.00455299867612	0.0014059224173
NANTNTNT	3659291	8431221	8587447	36935	25603	9223372036854775807	0.00436163433928	0.00297258230244	0.00138905203685
NNTTNTCN	821431	3407475	3407535	15782	11018	184.674349042	0.00461022938097	0.00322300107677	0.0013872283042
ANANNTNT	7584534	11690687	11812554	46303	30298	9223372036854775807	0.00394504894355	0.00255833645477	0.00138671248879
TANNNNTT	4540520	10818475	10972070	41672	26987	9223372036854775807	0.00383714879734	0.00245357397457	0.00138357482277
NTGNNNTT	490292	2017033	2058509	6213	3492	178.925484663	0.00307080799863	0.00169350063361	0.00137730736502
TANNNTNT	3768064	7870967	7972153	33399	22776	9223372036854775807	0.00422538632447	0.00284880578677	0.0013765805377
ANANNNTT	3324947	8998020	9151824	30773	18705	9223372036854775807	0.00340831825472	0.0020396860421	0.00136863221262
NNNCTTNT	852939	3548901	3577948	13048	8277	241.112889272	0.00366316306045	0.00230799796443	0.00135516509601
NTNTTNNT	9681471	21518509	22213759	131701	105541	9223372036854775807	0.00608312806204	0.00472868772766	0.00135444033438
NATNNTNT	4644184	11161156	11313032	45971	31169	9223372036854775807	0.00410194334373	0.002747571204	0.00135437213973
NNCNTNTT	1565160	6445641	6503697	22143	13534	9223372036854775807	0.00342358371894	0.0020766488099	0.00134693490904
NNTTNNTT	7419343	16482375	17083498	93416	73630	9223372036854775807	0.00563568881871	0.00429151079365	0.00134417802506
TNNTTNNT	9019176	19638796	20265735	118428	94729	9223372036854775807	0.00599416193287	0.0046525953436	0.00134156658927
ATNNNNTT	4642430	11494144	11662768	41440	26369	9223372036854775807	0.00359236255399	0.00225585515851	0.00133650739548
TTTNNTNN	4982686	11349105	11726307	83328	70238	9223372036854775807	0.0072887372268	0.0059541162264	0.0013346210004
NANANNTT	3837593	10238577	10402647	35966	22587	9223372036854775807	0.00350049632378	0.00216657007411	0.00133392624967
NTANANNT	4954625	7050284	7044230	28460	18991	9223372036854775807	0.00402048725028	0.0026887166634	0.00133177058688
NACNNNTT	207252	979067	980703	2931	1625	82.8397182259	0.0029847311298	0.00165423361647	0.00133049751333
NTANNNTT	3736778	9003961	9133142	31529	19854	9223372036854775807	0.00348946210997	0.00216912582503	0.00132033628494
NATNNNTT	5038120	12622520	12808702	45969	29672	9223372036854775807	0.00362860953662	0.0023111961063	0.00131741343032
NNANTNTT	3977909	10843475	11062260	40355	26544	9223372036854775807	0.00370779403941	0.00239376582001	0.0013140282194
TNNTNNTT	8751704	19816233	20416244	103361	79429	9223372036854775807	0.00518891097881	0.00387540335953	0.00131350761928
NNNTCTNT	474235	1868805	1882381	5616	3174	152.226635471	0.00299612520346	0.00168332400805	0.00131280119541
NANANTNT	2237030	5754334	5838603	20512	13142	9223372036854775807	0.00355195619069	0.00224582581777	0.00130613037292
NTNNCTNT	179713	732498	737694	2218	1268	58.7405195555	0.00301885354341	0.00171592043975	0.00130293310366
NANNTTTN	2113537	5707420	5831358	35592	28734	192.843348571	0.00619744482512	0.00490333598858	0.00129410883654
NNTGNNTT	582842	2356133	2406783	6474	3488	209.426430068	0.00274019335421	0.00144714017635	0.00129305317785
NNNNCCTT	126401	612986	616874	1428	639	67.5496246247	0.00232416579049	0.00103479602859	0.00128936976191
NTTTNNNT	7799783	16940772	17540543	99058	79823	9223372036854775807	0.00581332090754	0.00453015561652	0.00128316529103
CNTNNTNT	771539	3090524	3112941	11966	8043	174.138874048	0.00385690203675	0.00257707184657	0.00127983019018
ANNANNTT	2535161	7646644	7774170	24733	15152	9223372036854775807	0.00322406264221	0.00194522706854	0.00127883557367
TNTTNNNT	8871429	18801713	19403339	106848	85296	9223372036854775807	0.00565077374212	0.00437670467942	0.0012740690627
ATNNNTNT	10214659	15882093	16012073	66265	46451	9223372036854775807	0.00415497319536	0.0028926070665	0.00126236612886
NTTNNNTT	7085964	15836475	16393878	82367	64467	9223372036854775807	0.00517418289597	0.00391697950189	0.00125720339408
NTTNTNNT	8782336	19371916	19967425	112058	90451	9223372036854775807	0.00575129077877	0.00450950040772	0.00124179037105
TCNNNNTT	792707	3385952	3407763	10712	6537	226.223739821	0.00315368255441	0.0019145944996	0.00123908805481
NTCNNTNT	489800	1913926	1921610	6901	4535	109.397266184	0.0035927233426	0.00235444372049	0.00123827962211
NCTNNNTT	363202	1632816	1651141	5092	3102	110.895317506	0.00310884372016	0.00187517795149	0.00123366576867
NNTNTTCN	979887	3996425	3988844	17700	12750	173.52118977	0.00440942920313	0.00318623028723	0.0012231989159
TTTNNNNT	8204858	18335916	18964648	98706	78874	9223372036854775807	0.00535438155445	0.00414177587528	0.00121260567916
NATNTNNT	3909342	9004386	9100998	36943	26312	9223372036854775807	0.0040860143459	0.00288277707232	0.00120323727358
TTNNNNTT	7424875	16969333	17530879	84063	65627	9223372036854775807	0.00492939939939	0.00372954721807	0.00119985218133
TNANNTNT	2712235	6639996	6707706	24656	16823	9223372036854775807	0.00369951799434	0.00250173655285	0.00119778144149
NNANATNT	8075674	12219490	12292714	43241	28696	9223372036854775807	0.00352621288031	0.00232895423495	0.00119725864537
NTCNNNTT	786080	3343475	3355751	9935	5946	221.728715513	0.00296265592337	0.00176874953335	0.00119390639003
NNNTATNT	10014966	13820937	13900282	48596	32223	9223372036854775807	0.00350379497277	0.00231279299738	0.00119100197538
NNNATNTT	5886145	15321897	15568926	51478	33692	9223372036854775807	0.00334851650988	0.00215938120128	0.00118913530859
TTNTNNNT	8423235	17536027	18033461	94738	75925	9223372036854775807	0.00537344806082	0.00419257726353	0.00118087079729
NNANTTTN	1446957	4237916	4331618	25151	20542	124.808648793	0.0058997430723	0.00471995514871	0.00117978792359
NNNNATTT	4626671	12668314	12854320	37542	22856	9223372036854775807	0.00295470057271	0.0017749233217	0.00117977725102
NNTCNNTT	813099	3426371	3444736	9105	5095	251.564078138	0.00265028776216	0.00147688394011	0.00117340382205
TNNCNNTT	779413	3096031	3110602	8127	4542	224.983263754	0.00261810126933	0.0014580385369	0.00116006273243
TANNTTNN	2531616	6378093	6433657	31674	24440	216.95994228	0.00494152127527	0.00378439654901	0.00115712472625
NTANNTTN	2565995	6301216	6365584	30503	23492	214.088083699	0.00481749111102	0.00367690101041	0.00114059010061
TATNNNNT	4686688	9112455	9157368	34293	23953	9223372036854775807	0.0037492013555	0.00260888384144	0.00114031751406
NNATNNTT	3790998	10017549	10145700	33302	22131	9223372036854775807	0.00331335127742	0.0021765704013	0.00113678087612
NANNNCTT	291017	1584447	1586396	3494	1692	137.571120343	0.0022003336396	0.0010654321423	0.0011349014973
TTNNTNNT	7328385	16586269	17028781	89256	72137	9223372036854775807	0.0053525151382	0.00421831155497	0.00113420358323
NNTANNTT	4354872	10974714	11112826	34275	22040	9223372036854775807	0.00311336490571	0.00197936822949	0.00113399667623
TNNANTNT	2443570	5955781	6020410	20315	13698	296.003406108	0.00339937644911	0.00227009526512	0.00112928118399
NNNATTNT	3477940	9171684	9300284	33479	23390	9223372036854775807	0.00363698068139	0.00250866772047	0.00112831296091
TNNANNTT	3234239	8521305	8623550	26486	17059	9223372036854775807	0.00309857833445	0.00197428213683	0.00112429619762
TANNNTTN	1595813	3798652	3840142	19370	15247	117.465809966	0.00507330759226	0.00395472415365	0.00111858343861
ANNNATNT	6609084	10312040	10366082	35456	23980	9223372036854775807	0.00342652947148	0.00230797467811	0.00111855479337
TANNTNNT	3346425	7651220	7710102	29198	20779	9223372036854775807	0.0038016160058	0.00268779198645	0.00111382401935
TNNCNTNT	560173	2121021	2123232	6398	4045	116.738250147	0.00300740004672	0.00190149190726	0.00110590813946
NATNTTNN	2949328	7702818	7789675	40662	32446	221.519237578	0.00525112740008	0.00414797981264	0.00110314758745
NTATNTNN	7189588	9996687	9984022	45736	34694	9223372036854775807	0.00455427938058	0.00346291880117	0.00109136057941
NNTANTNT	3648401	8229176	8313485	28316	19492	9223372036854775807	0.00342912836004	0.00233914002163	0.00108998833841
NTATNNNT	7470025	10849197	10879670	39890	28096	9223372036854775807	0.00366330069729	0.00257577949509	0.00108752120221
NTNNATNT	8431351	12713369	12756013	42672	29004	9223372036854775807	0.00334523854227	0.00226859299444	0.00107664554783
TNTANNNT	2436209	5161684	5194347	18199	12691	221.745997401	0.00351339982003	0.00243727816083	0.00107612165921
TNCNNNTT	661219	2744512	2757674	7593	4663	156.239132315	0.00275897903605	0.00168806340428	0.00107091563176
NNTCNTNT	835752	3356114	3358609	10354	6747	166.814757626	0.003075627037	0.00200483990401	0.00107078713299
NTNNANTT	1601133	4410129	4449984	11834	7239	250.434389045	0.00267618702373	0.00162410541272	0.00105208161101
TNANNNTT	2013351	5808482	5889890	18057	12093	275.385222117	0.00309909536347	0.00204897235387	0.00105012300961
ATNTNTNN	5722579	8755991	8766365	46406	37193	223.344961044	0.00527197307733	0.00422476912176	0.00104720395558
NNNNTCTT	784479	3718131	3726059	7591	3710	292.286028755	0.00203745743778	0.000994699671749	0.00104275776603
NATNNTTN	2166704	5703686	5764877	28469	22712	155.063923209	0.00496654399611	0.00392425930729	0.00104228468882
ATNTNNNT	5953840	9697054	9742697	36970	27038	9223372036854775807	0.00379801816803	0.00276752644775	0.00103049172028
ANNTANNT	3746622	5465791	5467818	18486	12957	212.471609692	0.003370726898	0.00236408172202	0.00100664517598
NNNTNTAT	3926082	4799350	4833484	17942	13189	165.918267663	0.00372449915845	0.00272124816343	0.00100325099502
ANNNNCTT	332654	1613562	1613621	3524	1904	106.136705446	0.00217922856298	0.00117856424382	0.00100066431916
NTNTNTAN	3244787	4049981	4054639	16301	12234	127.861867321	0.00400882181806	0.00300820802617	0.0010006137919
NNATANNT	5951732	8253634	8245902	27794	19478	9223372036854775807	0.0033561844648	0.00235657646714	0.000999607997661
TATNNTNN	3591470	7625586	7637954	32015	24394	226.982746131	0.00418081328604	0.00318361943363	0.000997193852416
NTNTANNT	4742214	6607383	6613724	22659	16078	244.988219421	0.00341762540871	0.00242511013149	0.000992515277214
NANNATNT	2824346	6974418	7044229	21674	14864	291.368940557	0.00309801529197	0.00210565295003	0.000992362341934
NTNCNNTT	606806	2460557	2471604	6015	3591	136.314815282	0.0024386071033	0.00145079478587	0.000987812317434
NNATNTTN	2362333	5874533	5951676	29142	23671	139.895328058	0.00493624733746	0.00396144357809	0.000974803759375
NNTTNTAN	1288989	2820939	2847323	10963	8426	78.3570273781	0.00387124978195	0.00295053942066	0.000920710361292
TNNNNCTT	429638	2081386	2082820	3912	2067	125.069219992	0.00187599086557	0.000991420638145	0.000884570227429
NTNNNCTT	260802	1118474	1116418	2143	1150	65.7361048629	0.00191233936305	0.00102902015806	0.00088331920499
TNNNATNT	3256490	7416299	7462355	21764	15332	251.823698481	0.0029260306077	0.00205036664412	0.000875663963576
NTNTATNN	2706583	3273310	3258849	12063	9244	79.3670135718	0.003671729207	0.00282856087633	0.000843168330676
