#Sequence	Occurrence	Forward Match	Backward Match	Forward Mismatch	Backward Mismatch	Strand Bias Score	FER (Forward Error Rate)	RER (Reverse Error Rate), ERD (Error rate Difference)
CCGNNTTT	268	1849	1998	24	0	7.60008741473	0.0128136679124	0.0	0.0128136679124
TTTTTTTT	50879	41335	49591	901	722	15.0303224687	0.0213325125485	0.0143501679486	0.0069823445999
CTNTTTTT	4298	12087	12722	114	43	8.41244522772	0.00934349643472	0.00336858597728	0.00597491045744
TNTTTTTT	62555	63185	72867	1120	846	19.7182350842	0.0174169971231	0.0114769443653	0.00594005275778
TATNTTTT	15887	22993	24303	222	89	14.7274107027	0.00956278268361	0.00364873729092	0.00591404539269
NTATTTTT	13767	23036	24303	216	87	14.1953432308	0.00928952348185	0.00356703567036	0.00572248781149
TTTTTTNT	61931	63077	72465	1085	823	18.4782272385	0.0169103207506	0.0112296692501	0.00568065150052
NTTTTTTT	63572	65059	74987	1137	885	17.5823441449	0.0171762644269	0.0116643821173	0.0055118823096
TTNTTTTT	61903	64479	73819	1059	810	17.1594682896	0.0161585644969	0.0108536895845	0.00530487491246
NTNTTTTT	85150	112079	124291	1530	1063	31.0589117377	0.0134672429121	0.00847998468338	0.00498725822872
NNGTTTTT	4831	17991	18969	146	60	9.4869815534	0.00804984286266	0.00315308213779	0.00489676072487
TANTTTTT	11875	20186	21572	189	98	8.32700486805	0.00927607361963	0.00452238117213	0.0047536924475
NNTTTTTT	84542	113511	126244	1581	1168	25.5047013264	0.0137368366177	0.00916711141808	0.00456972519959
TNNTTTTT	82330	111377	123287	1438	1021	26.755894528	0.0127465319328	0.00821346976864	0.00453306216417
TTTTTNTT	62019	65815	74977	970	758	14.0321454236	0.0145242195104	0.0100085825576	0.00451563695277
TTTNTTTT	62970	65064	73661	979	773	13.0553850118	0.0148236754842	0.010385039095	0.00443863638912
TNTNTTTT	85808	108448	119096	1347	940	25.9196668409	0.0122683182294	0.00783098403812	0.00443733419131
TTTTNTTT	62800	65495	74204	968	760	13.3214655222	0.0145644945308	0.0101381996692	0.00442629486162
NATATTTT	11644	20009	20655	126	38	11.5400336851	0.0062577601192	0.00183636978688	0.00442139033231
CTNNTTTT	7474	25462	26468	170	61	12.8159034558	0.00663233458177	0.00229937050021	0.00433296408157
TANNTTTT	24653	45843	47870	352	159	18.4869565508	0.00761987228055	0.00331049990631	0.00430937237424
ATATNTTT	17107	20764	21360	154	67	8.65072415439	0.00736208050483	0.00312689597237	0.00423518453246
TNTTTTNT	84301	108213	119192	1376	1003	22.5558265409	0.0125560047085	0.00834477307708	0.00421123163142
NATNTTTT	29546	61640	64440	480	233	21.8623424458	0.00772698003863	0.00360273993784	0.00412424010079
NTATNTTT	32598	50948	52396	337	133	21.2916055283	0.00657112216048	0.00253193474081	0.00403918741967
NATTTTTT	13853	27439	29069	270	169	7.07475221644	0.00974412645711	0.00578014912101	0.0039639773361
CTNTNTTT	7147	21984	22749	141	55	9.51922888505	0.00637288135593	0.00241185756885	0.00396102378708
NTTTTTNT	84650	114053	125593	1430	1069	20.9666375043	0.0123827749539	0.00843978462364	0.00394299033025
ATNTTTTT	16291	27672	29427	274	174	6.95751218636	0.00980462320189	0.00587817979122	0.00392644341067
TTNTTTNT	84471	108317	120033	1301	962	20.7210904854	0.0118684887518	0.00795074176619	0.00391774698566
CNNTTTTT	9734	32866	34544	259	141	9.611894965	0.00781886792453	0.00406515784921	0.00375371007531
CNANTTTT	3909	16996	17573	92	31	7.63259756867	0.00538389513109	0.00176096341741	0.00362293171368
TTATNTTT	11897	20210	20550	122	49	7.67667797466	0.00600039346842	0.0023787562503	0.00362163721812
TTTTTNNT	81293	111408	122505	1247	922	19.1780957967	0.0110691935555	0.00747000251161	0.00359919104394
TTTTNTNT	83476	109463	119216	1238	912	18.4571055663	0.0111832774772	0.00759190197123	0.00359137550594
ACNTNTTT	5422	18985	19287	105	37	7.93621095234	0.00550026191723	0.0019147174498	0.00358554446743
NNATTTTT	25800	58967	61624	417	213	17.1735250766	0.0070220934932	0.00344453967689	0.0035775538163
TNTTNTTT	83698	110553	120960	1241	924	18.0570867164	0.0111007746391	0.00758097863542	0.00351979600364
NTANTTTT	22255	44917	46522	304	150	13.3168335746	0.00672254041264	0.00321391840932	0.00350862200332
TNTTTNTT	85811	110822	122377	1226	920	18.0527031625	0.0109417392546	0.00746165762346	0.00348008163114
TTTNTTNT	83390	110456	120408	1243	930	17.3609259654	0.0111281211112	0.00766454037482	0.00346358073638
TTNTNTTT	82259	108874	118396	1180	866	17.7957020939	0.0107220091955	0.00726132380809	0.0034606853874
CTNTTNTT	7844	26201	26678	142	52	10.1051699831	0.00539042629921	0.00194537972316	0.00344504657605
NTGNTTTT	5434	20713	21434	119	49	7.50574209696	0.0057123655914	0.00228087324862	0.00343149234278
TATNTNTT	40131	50517	52430	327	158	14.9749661299	0.00643143733774	0.00300448771583	0.00342694962191
NTTNTTTT	84590	113594	124616	1301	992	17.1542165294	0.0113233822185	0.00789758614101	0.00342579607754
NCNTTTTT	11224	38216	39596	288	162	9.39022988893	0.00747974236443	0.00407465164244	0.00340509072199
NTTTTTCN	10941	37082	37788	293	169	8.45754547082	0.00783946488294	0.00445240667071	0.00338705821224
ANNTTTTT	26810	57730	60437	495	311	11.8209412277	0.0085015027909	0.00511951010733	0.00338199268357
ATATATNT	91047	27600	27154	167	72	8.54904403923	0.00601433356142	0.00264453096305	0.00336980259837
NTTTNTTT	86727	111603	122771	1251	956	16.5942062284	0.0110851188261	0.00772668859667	0.00335843022943
TCNNTTTT	9309	32932	33986	219	111	9.14216446841	0.00660613556152	0.00325541836525	0.00335071719627
CTNTTTNT	7943	25109	26050	158	76	7.57963646312	0.00625321565679	0.00290897956059	0.00334423609619
TTTTNNCT	7348	24319	25105	155	76	7.08325688826	0.00633325161396	0.00301814860411	0.00331510300985
NTTTTNTT	84732	115564	126552	1246	943	16.9008331948	0.0106668949576	0.00739636848504	0.00327052647258
TATNTTNT	33543	48426	49768	296	140	13.8384367427	0.00607528426583	0.00280516149715	0.00327012276868
ATATANAT	85996	24608	23906	141	59	7.45004561847	0.00569719988686	0.00246192363864	0.00323527624822
TNTATTTT	14924	21396	21905	113	45	7.34189166014	0.00525361476591	0.00205011389522	0.0032035008707
NANCTTTT	4296	17932	18377	87	30	6.93922846645	0.00482823686109	0.00162981474439	0.0031984221167
TATNNTTT	27845	48949	50239	285	132	13.8431339013	0.0057886826177	0.00262055547835	0.00316812713935
TTNNTTTT	82054	113536	123820	1221	935	15.3308544609	0.0106398738203	0.0074946895916	0.00314518422873
TATNTTTN	32598	50876	52200	417	262	9.31558357595	0.00812976429532	0.00499409096108	0.00313567333425
ANATATAT	91047	27097	26527	153	67	7.57342036593	0.00561467889908	0.00251936527036	0.00309531362872
NANATTTT	19725	45644	46928	244	106	13.4231085368	0.00531729428173	0.00225368882085	0.00306360546088
ATANNTTT	25226	41109	41617	231	109	10.5671039097	0.005587808418	0.00261228011312	0.00297552830488
NNAAAAAT	25800	58729	60415	634	471	6.98240944848	0.0106800532318	0.00773576848537	0.00294428474644
NANTTTTT	23311	53735	56346	427	282	8.76241565631	0.00788375613899	0.00497986861623	0.00290388752276
NATANTTT	19456	40288	40710	176	60	13.3771506133	0.00434954527481	0.00147167034584	0.00287787492897
TNNCTTTT	8985	30499	31053	149	62	8.81435414858	0.00486165492039	0.00199260806685	0.00286904685354
ANANTTTT	18014	43905	45235	275	153	9.09171426749	0.00622453598914	0.00337093504891	0.00285360094022
NTTTTNCT	8581	30014	30897	170	87	7.02306214046	0.00563212297906	0.00280790085205	0.00282422212701
TTTNNTTT	82433	112012	121363	1089	832	13.432782006	0.00962856208168	0.00680878923033	0.00281977285135
NTATTTNT	31597	48099	50020	281	150	10.5466432624	0.0058081852005	0.00298983456249	0.00281835063801
CNTNTTTT	10471	34783	36302	207	113	7.59253982031	0.00591597599314	0.00310311684745	0.00281285914569
TTTNTNTT	82749	110881	120198	1087	836	13.0090265645	0.00970813089454	0.00690715005701	0.00280098083753
NNTATTTT	26666	49510	51231	240	104	13.4727848348	0.00482412060302	0.00202590824973	0.00279821235328
ATNTNTTT	37672	57924	60344	387	235	10.2361418481	0.00663682667078	0.00387923207712	0.00275759459366
TTTTTTNN	84542	113870	125687	1766	1599	7.89518181693	0.015272060604	0.0125622613642	0.00270979923979
TTNTTNTT	87383	121929	131670	1158	889	13.6484515231	0.00940797972166	0.00670644769499	0.00270153202667
TANTNTTT	22385	41743	43484	246	138	8.3039700504	0.00585867727262	0.00316354133236	0.00269513594026
TANANTTT	15741	29676	30050	142	64	7.28602448048	0.0047622241599	0.00212525735538	0.00263696680452
TTTTNNTT	81481	112878	122890	1061	826	12.2477998228	0.00931200028085	0.00667658184875	0.0026354184321
ATNNTTTT	28711	60886	63131	407	255	9.57789261994	0.00664023624231	0.00402297037201	0.00261726587031
AANNTTTT	15959	44058	45437	260	149	8.01868231516	0.00586669073514	0.00326854736103	0.00259814337411
ATATNTNT	112497	59892	60120	320	164	11.8186832045	0.00531455523816	0.00272045650587	0.00259409873229
ANTNTTTT	24908	54084	56282	367	237	7.98155776794	0.00674000477494	0.00419328013588	0.00254672463905
NTATTNTT	31800	55311	56084	268	128	11.9366740832	0.00482196513071	0.00227709385896	0.00254487127175
ANATATNT	111716	56696	56547	273	130	11.6988663221	0.00479207990311	0.00229369938423	0.00249838051888
NTATATNT	111574	51264	50660	246	117	10.3672640203	0.00477577169482	0.00230419284322	0.0024715788516
TANTTTNT	23082	42197	43756	245	145	7.07890809573	0.00577258376137	0.00330288603904	0.00246969772233
NATTTTNT	27092	58275	60432	369	232	8.6475763158	0.00629220380602	0.00382434392721	0.00246785987881
NNTCTTTT	9217	32014	32659	143	65	7.35659825841	0.0044469322387	0.00198630974209	0.00246062249662
ANATNTTT	26989	48851	50269	256	140	8.84419589986	0.00521310607449	0.00277728183459	0.0024358242399
TNATNTTT	23737	51102	52432	251	129	9.93994338011	0.00488773781473	0.00245429120451	0.00243344661023
TANTTNTT	25023	43610	45376	227	129	7.43323952401	0.00517827406072	0.00283485331282	0.0023434207479
TNANTTTT	19305	44552	46188	249	149	6.96249902812	0.00555791165376	0.00321557286833	0.00234233878542
ANATANAT	109724	51331	50504	247	124	9.15564430712	0.00478886346892	0.00244923757604	0.00233962589288
ATANATNT	106054	50169	49655	233	117	8.81224137324	0.00462283242728	0.00235071927992	0.00227211314737
TNTANTTT	22937	40132	40343	161	70	8.57878828226	0.00399573126846	0.0017321159033	0.00226361536516
NATATTNT	27218	43044	43435	185	88	8.37503967724	0.0042795345717	0.00202191944489	0.00225761512681
NATATNTT	33546	46417	46747	211	107	8.25368517411	0.00452517800463	0.00228368975968	0.00224148824495
TATTNTNT	30417	44515	46150	224	129	7.01290222009	0.00500681731822	0.0027874413881	0.00221937593012
AANANTTT	13794	39139	40228	162	77	7.76287542229	0.00412203251826	0.00191043294877	0.00221159956949
TNTATTNT	30557	43713	44133	185	89	8.20197280438	0.00421431500296	0.0020125729275	0.00220174207546
ATATANNT	105512	49674	48856	233	123	7.69463895723	0.00466868375178	0.00251128034464	0.00215740340714
ATANANAT	104341	52343	51474	272	156	7.11475711826	0.00516962843296	0.00302149912841	0.00214812930454
ATNTTTNT	33419	60542	62750	372	250	6.90191180842	0.00610697048298	0.00396825396825	0.00213871651472
ATNTATNT	109724	52022	51850	240	130	7.73066956017	0.00459224675673	0.00250096190843	0.0020912848483
NTANATTT	21371	35500	35693	130	57	6.92462787373	0.0036486107213	0.00159440559441	0.0020542051269
TATTNNTT	26849	45887	47396	202	111	7.09113283783	0.00438282453514	0.00233649777927	0.00204632675586
NTTNTCTT	9141	32672	32650	74	21	7.00253933817	0.00225981799304	0.0006427718772	0.00161704611584
