#Sequence	Occurrence	Forward Match	Backward Match	Forward Mismatch	Backward Mismatch	Strand Bias Score	FER (Forward Error Rate)	RER (Reverse Error Rate), ERD (Error rate Difference)
TGGCAGGT	5	28	88	16	0	8.57748208725	0.363636363636	0.0	0.363636363636
TGGCNGGT	8	65	131	16	0	7.12244429222	0.197530864198	0.0	0.197530864198
NGGCAGGT	13	140	169	22	0	7.16565702559	0.135802469136	0.0	0.135802469136
TGNCAGGT	16	125	236	17	0	7.50294046051	0.119718309859	0.0	0.119718309859
NGGCNGGT	26	297	318	29	0	8.68633239668	0.0889570552147	0.0	0.0889570552147
TGGCNGGN	29	323	417	23	0	8.07854998413	0.0664739884393	0.0	0.0664739884393
ATTGTTGC	47	562	576	28	0	8.24769505647	0.0474576271186	0.0	0.0474576271186
NGNCAGGT	61	620	724	33	3	7.77091519868	0.0505359877489	0.0041265474553	0.0464094402936
CNGCNGGT	52	645	677	26	1	6.81798716445	0.0387481371088	0.00147492625369	0.0372732108551
TTTTTTTC	2254	19185	20277	860	190	99.591175295	0.0429034671988	0.00928323642937	0.0336202307694
NNGCAGGT	113	1242	1326	46	3	10.8161638864	0.0357142857143	0.00225733634312	0.0334569493712
TTTTTTTG	1487	11809	12234	551	139	56.0833859648	0.0445792880259	0.0112341388507	0.0333451491752
AAAAAAAC	811	6953	6863	336	103	26.3112238603	0.0460968582796	0.0147861039334	0.0313107543462
AAAAAAGT	530	4929	5027	192	42	21.8428375092	0.0374926772115	0.00828565792069	0.0292070192908
ATTGTNGC	83	983	945	29	0	8.33692306584	0.0286561264822	0.0	0.0286561264822
ATTGNTGC	82	930	961	28	1	7.34286153344	0.0292275574113	0.0010395010395	0.0281880563718
ATNGTTGC	84	1003	991	28	0	8.1474209189	0.0271580989331	0.0	0.0271580989331
TTTTTTTA	3777	26559	26968	1176	435	75.4208187485	0.0424012979989	0.0158741743605	0.0265271236384
ANTGTTGC	104	1268	1241	31	0	9.01190078706	0.0238645111624	0.0	0.0238645111624
TTTTTTNC	3475	30761	31939	942	230	99.1528890479	0.0297132763461	0.00714974043334	0.0225635359128
TTTTTNTC	3450	31961	33512	935	205	108.461292666	0.0284229085603	0.00608001898152	0.0223428895788
TTTNTTTC	3435	31386	32333	944	237	95.9228094205	0.0291988864831	0.00727663494013	0.021922251543
TGGNNGGT	125	1481	1560	38	5	7.07181113709	0.0250164581962	0.00319488817891	0.0218215700173
TTTTTGGT	232	2330	2191	57	5	10.955002559	0.02387934646	0.00227686703097	0.021602479429
TTTTTTNG	2346	19692	20047	591	181	48.992235428	0.0291377015234	0.00894799288115	0.0201897086423
TTTTNTTC	3742	35520	36522	969	242	98.7333516906	0.026555948368	0.00658252638451	0.0199734219835
AANAAAGT	866	8233	8355	227	59	22.4380679966	0.0268321513002	0.00701212265272	0.0198200286475
AAANAAGT	951	9222	9061	235	48	26.5860437498	0.0248493179655	0.0052695136678	0.0195798042977
AAAANAGT	923	9005	9036	242	60	24.4159569051	0.0261706499405	0.0065963060686	0.0195743438719
TNTTTTTG	2388	20720	21280	587	173	51.5249789178	0.0275496315765	0.00806414021349	0.019485491363
NTTTTTTC	3591	32902	34403	911	263	83.7809262716	0.0269423002987	0.00758668435931	0.0193556159394
TTTTNTTG	2381	20634	21767	590	187	50.3367525212	0.027798718432	0.00851780996629	0.0192809084657
AAAAANAC	1604	14222	14529	399	122	33.6380534583	0.027289515081	0.00832707665006	0.018962438431
NTTTTTTG	2420	21526	21758	581	166	51.2076443213	0.0262812683765	0.00757161101989	0.0187096573566
TTTTTNTG	2661	22141	22628	594	170	53.2721634433	0.0261271167803	0.00745679445565	0.0186703223246
TNTTTTTC	3789	35458	36519	947	292	79.2413999363	0.0260129103145	0.00793241150743	0.0180804988071
TTNTTTTC	3778	35908	37317	925	284	79.1105579606	0.0251133494421	0.00755299061195	0.0175603588301
TTTNTTTG	2551	22280	22948	595	196	46.5412408475	0.0260109289617	0.00846871759419	0.0175422113676
AAAAAANC	1528	14543	14205	395	130	28.158352226	0.0264426295354	0.00906871294036	0.0173739165951
AAANAAAC	1585	14890	14563	408	140	27.6344368517	0.0266701529612	0.00952186628579	0.0171482866754
AAAAAGGT	253	2396	2607	52	11	7.55303918165	0.0212418300654	0.00420168067227	0.0170401493931
NAAAAAGT	1129	11146	11271	263	74	23.9975537241	0.0230519765098	0.00652269722345	0.0165292792863
TTNTTTTG	2630	23817	24250	585	187	46.428910039	0.0239734447996	0.00765233048247	0.0163211143171
AAAAANGT	1674	16142	16347	368	102	33.8885642092	0.0222895215021	0.0062009848623	0.0160885366398
NAAAAAAC	1398	13088	13164	349	132	22.0431014438	0.0259730594627	0.00992779783394	0.0160452616287
TANAAGGT	250	2433	2384	43	4	8.52336978898	0.017366720517	0.00167504187605	0.0156916786409
TAATAAGT	171	1582	1491	25	0	7.10473027495	0.0155569383945	0.0	0.0155569383945
ANAAAAGT	1186	12348	12463	280	86	23.2665300605	0.0221729490022	0.00685313570802	0.0153198132942
TTTTTTNA	7725	60790	62025	1529	585	95.3051303246	0.024535053515	0.0093435553426	0.0151914981724
TTTTNGGT	383	3942	3765	77	15	9.88476212378	0.0191589947748	0.00396825396825	0.0151907408066
AAAANAAC	1613	15197	14977	371	131	24.6871769263	0.0238309352518	0.00867090283294	0.0151600324189
TTTTTNTA	7497	57801	58227	1433	534	90.3561341938	0.0241921869197	0.00908766018277	0.0151045267369
TNGNAGGT	258	2866	2980	51	9	7.93355666308	0.0174837161467	0.00301104048177	0.014472675665
TTTNTGGT	432	4458	4367	79	13	11.6743401266	0.0174123870399	0.00296803652968	0.0144443505102
TTTTTNNC	5859	54650	56770	1070	284	105.605231833	0.0192031586504	0.0049777403863	0.0142254182641
ANAAAAAC	1669	15498	15507	373	146	22.1396793548	0.0235019847521	0.00932728550438	0.0141746992477
TTTTNTTA	6948	55619	56268	1446	637	70.1755609825	0.025339525103	0.0111940954222	0.0141454296808
ANAAAGGT	442	4379	4702	80	18	10.840188624	0.017941242431	0.00381355932203	0.014127683109
NAAAAGGT	523	5174	5583	93	20	12.037536561	0.0176571103095	0.00356951633054	0.0140875939789
NAGANGGT	254	3018	2873	50	7	7.99603910756	0.01629726206	0.00243055555556	0.0138667065044
TTNTTGGT	416	4499	4387	76	13	10.9559822444	0.0166120218579	0.00295454545455	0.0136574764034
AANAAGGT	404	3878	4130	69	16	9.01300512927	0.017481631619	0.00385914134105	0.0136224902779
AANAAAAC	1723	16037	16142	356	132	23.2133693009	0.0217165863478	0.00811109745606	0.0136054888918
TTTNTTNC	5784	54952	56108	1053	294	96.3487462779	0.0188018926882	0.00521258111414	0.013589311574
AAAAAAAT	5042	36478	40118	1197	743	33.6871028042	0.0317717319177	0.0181835980519	0.0135881338658
TTTTTGGN	548	5581	5342	110	31	9.44285246627	0.0193287647162	0.00576958868416	0.0135591760321
AANNAAGT	1702	17172	16910	318	79	31.0190468612	0.0181818181818	0.00465006769086	0.013531750491
AAANNAGT	1828	18850	18597	338	77	35.4362945996	0.0176151761518	0.00412338010067	0.0134917960511
TTTNTNTC	5780	56794	58299	1034	269	101.955952479	0.0178806114685	0.00459295178254	0.0132876596859
ATTGNNGC	182	2096	2116	29	1	7.27697516916	0.0136470588235	0.000472366556448	0.0131746922671
AANANAGT	1660	16482	16408	311	89	27.1224775397	0.0185196212708	0.00539492028854	0.0131247009822
ANTGTNGC	205	2428	2350	32	0	9.27217472245	0.0130081300813	0.0	0.0130081300813
ANNGTTGC	205	2364	2369	31	0	9.0675018489	0.0129436325678	0.0	0.0129436325678
TNNTGGGT	366	4843	5017	78	15	10.2919243597	0.0158504369031	0.00298092209857	0.0128695148045
TTTNNTTC	5920	58492	59751	1068	312	93.5567682926	0.0179314976494	0.00519454572699	0.0127369519224
TTTTNNTC	6036	60980	62663	1062	277	104.689937082	0.0171174365752	0.00440101684144	0.0127164197338
TTTTNTNC	6289	60966	62464	1085	300	100.859591373	0.0174856166702	0.00477981008221	0.0127058065879
TNTTTGGT	435	4702	4577	71	10	11.4030771047	0.0148753404567	0.00218007412252	0.0126952663342
TNCTGGGT	151	2620	2809	39	6	6.98157082268	0.0146671681083	0.00213143872114	0.0125357293872
NAANAAGT	2104	21409	21400	371	97	35.380101885	0.0170339761249	0.00451225752431	0.0125217186006
NAGNAGGT	320	3860	3882	56	7	9.92539971583	0.0143003064351	0.0017999485729	0.0125003578622
NTTTTTTA	6698	53151	53794	1376	698	50.0972675299	0.0252352045775	0.012809219702	0.0124259848756
AAANAGGT	428	4244	4564	72	20	8.25697829116	0.0166821130677	0.0043630017452	0.0123191113225
TTNTTTTA	7065	52998	52372	1414	728	46.1662098814	0.0259869146512	0.0137099811676	0.0122769334836
NNCTGGGT	182	2943	3213	43	7	7.50607385703	0.0144005358339	0.00217391304348	0.0122266227904
NANAAGGT	953	9682	9941	161	42	16.4466652123	0.0163568017881	0.00420715215867	0.0121496496294
TNTTTTTA	7362	57855	57929	1364	640	57.1790561158	0.023033148145	0.0109272823507	0.0121058657943
NTTTTTNC	6065	57213	58924	1023	326	82.9355383425	0.01756645374	0.00550210970464	0.0120643440353
TNCTGGGN	191	3049	3185	43	6	7.6907230819	0.0139068564036	0.00188028831087	0.0120265680927
NAAANAGT	1999	20415	20709	360	112	29.6703866058	0.0173285198556	0.00537918447721	0.0119493353784
NTTNTTTC	5813	55813	57877	1018	352	75.9119610087	0.0179127588816	0.0060450978035	0.0118676610781
TNTTTNTC	6115	60671	62986	1042	319	89.5892187384	0.016884611022	0.00503909643788	0.0118455145841
NTTTTNTC	5922	58213	61214	1004	315	86.1037508734	0.0169545907425	0.00511953712883	0.0118350536137
NNGAAGGT	324	3836	3504	57	10	7.6409540529	0.0146416645261	0.00284575981787	0.0117959047082
NANTGGGT	269	3211	3438	46	9	7.07490778231	0.0141234264661	0.00261096605744	0.0115124604086
TTNTTTNC	6114	59489	61178	1027	336	80.5909517502	0.0169707184877	0.00546217121306	0.0115085472746
NTTTTGGT	440	4767	4737	75	19	8.33524387996	0.0154894671623	0.00399495374264	0.0114945134197
NNAAAGGT	1008	10286	11065	163	47	16.448228069	0.0155995789071	0.00422966162707	0.01136991728
TNCTGNGT	353	5301	5416	85	24	8.25242968233	0.0157816561456	0.00441176470588	0.0113698914397
NANAAAGT	1986	19604	19600	339	111	25.7001815242	0.0169984455699	0.00563137334483	0.011367072225
TNTTTTNC	6349	60772	61917	1053	355	78.2648934854	0.0170319450061	0.00570079650565	0.0113311485004
AAANGAGT	277	3189	3032	43	6	6.87380474149	0.0133044554455	0.0019749835418	0.0113294719037
ANNAAAGT	1966	20661	20773	356	120	26.3121747543	0.0169386686968	0.00574355047145	0.0111951182253
TNTNTTTC	6380	61632	62868	1076	379	75.8228778512	0.0171588951968	0.00599237908517	0.0111665161116
NTTTNTTC	6386	63054	64482	1052	341	82.5707864405	0.0164103204068	0.00526047853385	0.011149841873
AAAANNGT	3058	30281	30728	499	158	40.102797667	0.0162118258609	0.0051155863498	0.0110962395111
AAAAANNC	3305	31640	32110	520	166	41.3817324185	0.0161691542289	0.00514314041393	0.0110260138149
TTNNTTTC	6003	59715	61595	1022	362	73.1898957738	0.0168266460312	0.00584276191552	0.0109838841157
NTTTTTNG	3966	36853	36626	633	218	43.9343577754	0.0168863042202	0.00591683856259	0.0109694656577
TNTTTTNG	3926	36057	36415	635	237	40.8562848411	0.0173062247901	0.00646622285278	0.0108400019374
TTTTNTNG	4124	37604	38310	648	236	43.9189096027	0.0169402907038	0.00612255486951	0.0108177358342
NGAANGGT	331	4375	4374	55	7	9.65542451275	0.0124153498871	0.00159780871947	0.0108175411677
ANANAAGT	2266	23287	23312	371	114	30.2621400447	0.0156817989686	0.00486638777427	0.0108154111944
NNGATGGT	352	4664	4330	62	10	8.84065773789	0.0131189166314	0.00230414746544	0.010814769166
ATNGNTGC	220	2563	2511	29	1	7.23135793297	0.0111882716049	0.000398089171975	0.010790182433
ANNAAGGT	934	10038	10515	143	35	15.9622458621	0.0140457715352	0.00331753554502	0.0107282359902
TTTTTNNG	4445	38838	39323	668	245	44.2442088814	0.0169088239761	0.00619187221998	0.0107169517561
NAANAGGT	913	9359	9864	136	36	14.4126473261	0.0143233280674	0.00363636363636	0.010686964431
AAAAAANT	8027	62279	67115	1544	919	45.6583436248	0.0241919057393	0.0135079519064	0.0106839538329
AANNAGGT	789	8058	8441	116	31	12.1508722836	0.01419133839	0.00365911237016	0.0105322260199
NAAAANGT	3556	35386	36062	542	171	44.046649232	0.0150857270096	0.0047194546408	0.0103662723688
TTTTTTGA	649	6131	6164	82	18	9.52763534943	0.013198132947	0.00291167906826	0.0102864538788
TTTNTTNG	4161	38401	38914	649	250	40.1890417307	0.0166197183099	0.00638341333878	0.0102363049711
AAANANGT	3340	32166	32737	479	146	40.4242488547	0.0146729973962	0.00443998418636	0.0102330132099
TTNTNTTC	6762	69075	71136	1070	360	81.4966720321	0.015254116473	0.00503524672709	0.0102188697459
TTTNTTTA	8209	61962	58328	1469	765	39.8125650531	0.0231590231906	0.0129456957677	0.0102133274229
TTNTTNTC	6656	70127	72727	1031	320	87.3314407599	0.0144888838922	0.00438074116665	0.0101081427255
TTNTNGGT	823	8897	8681	120	28	12.5422770023	0.0133081956305	0.00321506487542	0.0100931307551
AAAANGGT	589	5787	6207	85	28	7.70784937942	0.0144754768392	0.00449077786688	0.00998469897236
TTTTNGGN	956	9716	9509	149	49	11.1288086048	0.0151039026863	0.00512659552208	0.00997730716419
NTGNAGGT	457	5710	5685	81	23	7.52169072001	0.0139872215507	0.00402943237561	0.00995778917507
AANAANGT	3041	31309	31398	469	152	35.9689460929	0.0147586380515	0.0048177496038	0.00994088844768
CGAANNGT	221	2996	3000	31	1	7.84143628457	0.0102411628675	0.000333222259247	0.00990794060828
TTNTTTNG	4188	39772	40053	640	240	40.6895273341	0.0158368801346	0.00595636959273	0.00988051054188
TTTTNNTG	4640	42463	43803	664	244	45.6503781656	0.0153963874139	0.00553953731242	0.0098568501015
NGNATGGT	356	4885	4651	57	8	9.09435111904	0.011533791987	0.00171710667525	0.0098166853118
NTTTNGGT	837	9259	9231	153	60	9.37314260179	0.0162558436039	0.00645786244753	0.00979798115638
ANAAANGT	3477	34683	35055	526	182	37.7231559313	0.0149393620949	0.00516502539944	0.00977433669548
TAATNAGT	317	3044	3118	33	3	7.0155604094	0.0107247318817	0.00096123037488	0.00976350150682
TTTTTNGA	1208	11828	11490	149	31	16.7016067412	0.0124405109794	0.00269073865116	0.00974977232822
NTTTNTTG	4211	40291	41139	631	235	41.7337984192	0.0154195787107	0.0056798955866	0.00973968312412
ANAANAGT	2384	25994	25434	391	130	27.8393377111	0.0148190259617	0.00508527616961	0.00973374979211
TTTNNTTG	4176	39392	40494	650	267	37.6768717554	0.0162329553968	0.00655037903879	0.00968257635805
AAAANNAC	3365	33073	33310	488	164	36.1080683403	0.0145406871071	0.00489932484914	0.00964136225792
ANTGNTGC	267	3282	3178	33	1	8.33438756369	0.00995475113122	0.000314564328405	0.00964018680282
TNNAAGGT	629	6434	6434	88	25	8.19464568247	0.0134927936216	0.00387056819941	0.00962222542218
NNTTTTTC	6497	64060	65996	1039	423	60.8762177066	0.0159603066099	0.0063686595703	0.00959164703963
AAANANAC	3536	32740	33039	507	188	33.071645004	0.0152494961951	0.00565804917687	0.00959144701827
TNTTNTTC	7202	74814	76364	1107	386	79.2457530123	0.0145809459833	0.00502931596091	0.00955163002241
TTNNTGGT	887	9739	9578	125	30	12.9208725901	0.0126723438767	0.00312239800167	0.00954994587506
NAAANGGT	1204	12321	13055	161	44	16.6610669979	0.0128985739465	0.00335903504084	0.00953953890564
NNAAAAGT	2538	26628	27066	409	154	26.6589397273	0.0151274179828	0.00565760470242	0.00946981328034
AAANAANC	3132	31599	30963	482	176	30.2307723565	0.0150244693121	0.00565207617457	0.00937239313748
TANNAGGT	568	6098	6019	68	10	9.73929515176	0.0110282192669	0.00165864985901	0.00936956940793
TNTTTNTG	4790	43304	43216	641	228	43.0560539152	0.0145864148367	0.0052481355308	0.00933827930593
NTTTTNTG	4855	44626	44802	641	218	46.2040546939	0.0141604259173	0.00484229231453	0.00931813360281
NTNTTTTC	6522	64574	66719	1002	401	60.7462289814	0.0152799804807	0.00597437425507	0.0093056062256
NNTTTTTG	4367	41849	41697	636	243	38.4772158392	0.014969989408	0.00579399141631	0.00917599799172
TTTTTNNA	15867	133453	134668	2006	769	122.208733506	0.0148089089688	0.00567791666974	0.00913099229902
AANTNGGT	557	5854	6130	75	22	7.38255150249	0.0126496879744	0.00357607282185	0.00907361515252
NAAAANAC	2960	28066	28411	428	170	25.5373726044	0.0150207061136	0.00594800741752	0.00907269869605
AANANGGT	1047	11060	11315	146	45	12.7401194603	0.0130287346065	0.00396126760563	0.00906746700083
NTTNTTTG	4514	43486	44378	645	249	40.4879032803	0.0146155763522	0.00557958186748	0.00903599448474
ANAANGGT	1103	11849	12306	155	48	13.7892628228	0.0129123625458	0.00388538125304	0.00902698129278
TTNTNTTG	4467	42860	43887	636	248	39.6391803648	0.01462203421	0.0056191231449	0.00900291106515
CNAANGGT	360	4365	4771	48	9	7.61667260625	0.0108769544528	0.00188284518828	0.00899410926447
ANGNAGGT	389	4820	4787	58	14	6.80061894352	0.0118901189012	0.00291605915434	0.00897405974685
NAATAAGT	490	4511	4427	48	7	7.85681549661	0.0105286246984	0.00157870996843	0.00894991472997
TTTNNGGT	918	10376	11124	162	72	9.57741580366	0.015372936041	0.0064308681672	0.00894206787379
AANNGAGT	414	4841	4672	52	8	7.93442202324	0.0106274269364	0.0017094017094	0.00891802522704
TNTNTTTG	4701	43814	44270	663	272	37.0336081149	0.0149065809295	0.00610659602173	0.00879998490774
AAANNAAC	3177	31432	30954	471	186	26.5911834516	0.014763501865	0.00597302504817	0.00879047681686
TNNTTTTC	6678	68219	70151	1026	426	58.0685640863	0.0148169542927	0.00603596072375	0.00878099356898
TNTTNGGT	772	8650	8352	108	30	9.59366671415	0.0123315825531	0.00357909806729	0.00875248448581
AANNAAAC	3104	30070	30171	451	183	25.480234252	0.0147767111169	0.00602885945839	0.00874785165854
TTTTTGTA	663	5931	5831	73	20	6.90993506364	0.0121585609594	0.00341821910784	0.00874034185152
AAATNAGT	507	5097	5159	57	12	7.00423596278	0.011059371362	0.00232063430671	0.00873873705534
NAANAAAC	2900	29018	28825	441	181	23.9119036043	0.0149699582471	0.0062400882576	0.00872986998945
NGANTGGT	295	4291	4134	44	6	7.37918944831	0.0101499423299	0.00144927536232	0.00870066696755
AAAAAAGN	2832	26594	26262	353	117	25.7888315725	0.0130997884737	0.00443534629819	0.00866444217548
NAAAAANC	2772	28088	27700	418	170	22.6650378388	0.0146635795973	0.00609974883387	0.00856383076341
ANAAANAC	3437	32120	32721	453	182	26.9131533365	0.0139072237743	0.00553141050968	0.00837581326461
TTTTNNTA	14219	121113	122531	1847	821	88.5650707048	0.0150211450878	0.00665574940009	0.00836539568774
TTTTTNGT	1875	16722	16964	195	54	18.4572381189	0.0115268664657	0.00317311082383	0.00835375564185
TANANGGT	712	7204	7190	78	17	9.04414634297	0.0107113430376	0.00235881781601	0.00835252522161
ANANAGGT	1128	12748	13343	149	43	14.4351561984	0.0115530743584	0.00321231137009	0.00834076298829
TNTTNTTG	4771	48336	49448	681	277	39.6780371433	0.013893139115	0.00557063851181	0.00832250060319
TTNTTNTG	5148	48659	49407	649	241	42.6388204694	0.0131621643547	0.0048541733806	0.00830799097407
AAAANANC	3236	32321	32000	453	178	26.1329846887	0.0138219320193	0.00553172975325	0.00829020226604
ANANAAAC	3550	34254	34060	502	213	25.7072165291	0.0144435493152	0.00621480465673	0.0082287446585
CNANTGGT	337	4638	4816	46	8	7.25800628397	0.00982066609735	0.0016583747927	0.00816229130465
AAANNGGT	1057	10875	11422	144	57	9.7681715026	0.0130683365097	0.00496558933705	0.00810274717261
TTTTNTNA	15112	130203	132465	1958	897	89.9120353821	0.0148152632017	0.00672605389841	0.00808920930329
AANAANAC	3552	34722	35109	448	165	29.7614847223	0.0127381290873	0.00467766626977	0.00806046281752
TTTNTNTG	5403	48732	49101	665	267	38.2365660221	0.0134623560135	0.00540836169178	0.00805399432174
TNNTTTTG	4659	45807	46241	641	268	34.6865232329	0.0138003789184	0.00576232557139	0.00803805334697
AAAAANAT	9877	75735	80995	1458	894	38.732862684	0.0188877229801	0.0109172172087	0.0079705057714
NTNTTTTG	4794	46562	46693	632	256	35.4888601278	0.013391532822	0.00545272529766	0.00793880752431
TTNTTTNA	14197	118536	119165	1894	951	69.3475799297	0.0157269783277	0.00791734656499	0.00780963176267
TTTNTGGN	1146	12101	12065	145	49	10.8968928515	0.0118406010126	0.0040449067195	0.00779569429308
NAAANAAC	2994	29759	29715	407	171	21.5614245112	0.0134920108732	0.00572174262196	0.00777026825121
ANAAAANC	3171	31777	31385	439	187	22.0700226782	0.0136267693072	0.00592296972001	0.00770379958717
TTNNTTTG	4639	44851	45538	640	293	29.8808623595	0.0140687168891	0.00639305273723	0.00767566415182
AANAAANC	3304	33246	33108	425	166	25.1337366315	0.0126221377446	0.00498888020677	0.00763325753788
TNNTTGGT	849	9681	9599	103	28	9.79342863034	0.0105273916599	0.00290848654825	0.0076189051116
AAAANAAT	8613	69645	74544	1420	934	30.1608520241	0.0199817068881	0.012374466732	0.00760724015603
TNTTTGGN	1087	11770	11677	135	44	10.5275434143	0.0113397732045	0.00375394590905	0.00758582729548
NTTTTGGN	1083	11614	11514	141	51	9.6287814332	0.011994895789	0.00440985732815	0.00758503846088
TNTNTGGT	1105	12122	12393	127	36	12.113417793	0.0103681933219	0.00289645184649	0.00747174147542
NNTTTGGT	975	10866	10937	123	42	9.37462962362	0.011193011193	0.00382548501685	0.00736752617616
TTTTTNGN	3966	37068	36729	407	130	31.208698	0.0108605737158	0.00352695406821	0.0073336196476
TNTTTTNA	15067	128887	129761	1830	877	74.69920984	0.0139997092957	0.0067132074894	0.00728650180626
NTTTTTNA	14151	121629	123445	1813	932	64.7460121326	0.0146870595097	0.00749334684065	0.00719371266908
TTNTTGGN	1011	10892	10771	133	53	7.90016819156	0.0120634920635	0.00489652623799	0.0071669658255
TTTTTGNA	1540	14319	14290	145	41	13.2405557739	0.0100248893805	0.00286093084921	0.00716395853132
AANANAAC	3482	34295	33974	423	174	22.7796392757	0.01218388156	0.00509546679161	0.00708841476838
NTTTTNTA	14228	118644	119407	1728	880	61.5772721205	0.0143554979563	0.00731583629154	0.0070396616648
TTTTTTTN	36995	255384	246564	3043	1196	161.01547554	0.0117750854206	0.00482725217953	0.00694783324111
TTTNTTNA	15651	132344	128946	1943	982	63.7492744756	0.0144690104031	0.00755803214088	0.00691097826221
ATNANGGT	797	9385	9542	91	26	8.67156099617	0.00960320810469	0.00271739130435	0.00688581680034
NTNTAGGT	909	10841	10755	128	52	7.45336461793	0.0116692497037	0.00481169612288	0.00685755358083
ANNAAAAC	3352	33069	33226	415	185	20.1158186465	0.012393979214	0.00553709856035	0.0068568806536
AAANAAAT	10005	72929	79650	1540	1118	24.402656625	0.0206797459345	0.0138421156894	0.00683763024517
TTTNNTTA	13688	112893	109520	1858	1042	45.2071688724	0.0161915800298	0.00942457625586	0.00676700377395
ATNNAGGT	895	10506	10783	103	32	9.12742683876	0.00970873786408	0.00295885344429	0.00674988441979
NANAAAAC	3201	30896	31205	394	185	17.5670245169	0.0125918823905	0.00589359668684	0.0066982857037
TTNTTNTA	15134	122302	122248	1805	969	55.183486518	0.0145439016333	0.0078641745863	0.00667972704697
NTTNTGGT	1057	11772	11933	120	41	9.28105201408	0.0100908173562	0.00342408551862	0.00666673183758
AAAAAGGN	1125	10895	11329	108	36	9.06004951119	0.00981550486231	0.00316761988561	0.0066478849767
NTNTTGGT	931	10622	10615	114	43	7.57249804248	0.0106184798808	0.00403452805404	0.00658395182673
AAAAANGN	6731	66934	67321	677	233	48.3333852521	0.0100131635385	0.00344909257779	0.00656407096069
NAATNAGT	1034	10530	10754	101	32	8.70115217727	0.00950051735491	0.00296680882626	0.00653370852865
CAAANNGT	813	8870	9292	85	28	7.41668229831	0.00949190396427	0.00300429184549	0.00648761211877
AAAAANNT	16211	134275	140666	2028	1192	56.5027529779	0.0148786160246	0.00840276896615	0.00647584705844
GAAANNGT	889	9904	10205	97	33	7.86463948325	0.00969903009699	0.00322328579801	0.00647574429898
GAANANGT	1041	11497	11989	113	40	8.86794932065	0.00973298880276	0.00332529719844	0.00640769160432
TTTTTTGN	2420	21886	21851	224	82	14.9690232329	0.01013116237	0.00373865864223	0.00639250372774
NTTTNTTA	13207	114530	115303	1772	1033	43.9724744474	0.0152361954223	0.00887945262	0.00635674280227
ATANNGGT	942	11206	11383	101	30	9.21310785233	0.00893251967808	0.00262858144222	0.00630393823586
AAAANAGN	4465	43734	43599	439	160	28.7938472211	0.00993819754148	0.00365639068534	0.00628180685614
TNTTTNTA	16740	136139	133562	1752	868	61.7521575004	0.0127056878259	0.00645689206278	0.00624879576311
NNAAAAAC	2962	29346	29483	399	214	13.0306369505	0.0134140191629	0.0072061150958	0.00620790406708
TTTNTNTA	17488	136163	131111	1885	990	53.9999507455	0.0136546708391	0.00749426575121	0.00616040508792
TTTNTTGA	1201	11929	11983	104	30	9.56621910804	0.00864289869525	0.00249729459752	0.00614560409774
TTNTGNGT	1029	9974	9647	96	33	6.82428287841	0.00953326713009	0.00340909090909	0.006124176221
TTTTNNGT	3672	33286	33674	314	109	22.8440855699	0.00934523809524	0.00322647485422	0.00611876324102
TTTNTNGT	3372	32167	32845	285	88	24.2439169474	0.00878220140515	0.00267209182279	0.00611010958236
ANNATGGT	1055	12875	12703	118	38	9.30887533369	0.00908181328408	0.00298249744918	0.0060993158349
AANNTGGT	923	10549	10532	95	30	7.91632600928	0.00892521608418	0.00284037114183	0.00608484494235
TTTTTTGT	1236	10547	10763	102	38	7.23980630873	0.00957836416565	0.00351819275993	0.00606017140572
TTNTTTGA	1224	12174	12357	109	35	9.12280962961	0.00887405356997	0.00282440284054	0.00604965072943
NAATGNGT	782	8199	8215	66	16	7.19065882882	0.00798548094374	0.0019438707326	0.00604161021114
TTNTNTTA	13774	113109	113050	1789	1088	37.6529769517	0.0155703319466	0.00953232052428	0.00603801142232
TTNNGTGT	969	9454	9061	80	22	7.21412409478	0.00839102160688	0.00242210723329	0.00596891437359
NNATAGGT	841	10145	10120	88	27	7.58281728765	0.0085996286524	0.00266088499064	0.00593874366176
AAANAAGN	4809	47795	46782	435	145	30.9311199604	0.00901928260419	0.00308990559806	0.00592937700613
TTTTNTGA	1404	13548	13428	123	42	9.11561048636	0.008997147246	0.00311804008909	0.00587910715691
NNAGAGGA	511	6604	6312	44	5	6.84506896398	0.00661853188929	0.000791514959633	0.00582701692966
NGAATNGT	653	8281	8047	61	12	7.38006759191	0.00731239510909	0.00148901848865	0.00582337662044
NNAATGGT	1014	12222	12171	99	27	9.48465916344	0.00803506208912	0.00221347761928	0.00582158446983
AAANAGGN	1760	17720	18409	154	52	12.5103753285	0.00861586662191	0.00281674882184	0.00579911780007
ANANTGGT	885	10671	10396	96	33	6.92317230471	0.00891613262747	0.00316425352383	0.00575187910365
AAAAAANG	3528	32260	33227	595	416	8.76190060079	0.0181098767311	0.0123651279612	0.00574474876985
TTTTTTNN	49704	365323	357301	3770	1609	178.349368527	0.0102142278504	0.0044830180268	0.00573120982363
NTTNTTGC	821	8914	8959	68	17	7.25651043432	0.00757069694945	0.00189393939394	0.00567675755552
NTTTTTGA	1177	11470	11668	99	34	7.74831022424	0.00855735154292	0.00290548624167	0.00565186530125
AAAANTGT	1335	13252	13243	133	57	7.21628580084	0.0099364960777	0.00428571428571	0.00565078179198
TTTTCTNA	1231	11826	12677	114	50	7.05233651527	0.00954773869347	0.00392865561405	0.00561908307942
TNNTTTTA	13405	110787	108716	1733	1076	31.4224167603	0.0154017063633	0.00980034975226	0.00560135661105
TTTTNNGA	2718	27040	26283	233	78	16.5670884265	0.00854324790085	0.00295891658131	0.00558433131954
ANGAANGT	912	10729	10498	86	25	7.58340883555	0.00795191863153	0.00237574836073	0.0055761702708
NANATGGT	1156	12956	12972	109	36	8.62368604468	0.00834290088021	0.00276752767528	0.00557537320494
AANAAAGN	4721	47312	46740	428	160	26.6042789366	0.00896522832007	0.00341151385928	0.00555371446079
TTTNTNGA	2444	25057	24669	199	58	17.0450394076	0.00787931580615	0.00234561410604	0.00553370170011
ATNNAAGT	1542	16046	15725	146	56	8.97202150338	0.00901679841897	0.00354857106647	0.0054682273525
TTTTTNCA	1980	19418	19919	212	107	8.77403414329	0.0107997962303	0.00534305402976	0.0054567422005
TTNTTTCA	1783	17540	17775	193	98	7.66994200388	0.0108836632268	0.00548313097969	0.00540053224706
TTTTTNTN	49753	370369	361733	3516	1465	173.271234231	0.00940396111104	0.00403361251989	0.00537034859114
NAAAATGT	1612	16063	16142	151	64	8.38973234623	0.00931293943506	0.00394915463409	0.00536378480097
AAAAAAGA	1616	15301	14798	120	36	9.86778486894	0.00778159652422	0.0024268572199	0.00535473930432
TCNNGAGA	308	4475	4390	24	0	6.91935937144	0.00533451878195	0.0	0.00533451878195
AANTNAGT	1060	11999	11846	94	29	7.88246537656	0.00777309187133	0.00244210526316	0.00533098660817
AAAAANTC	991	10313	10530	75	20	7.74081578217	0.00721986907971	0.00189573459716	0.00532413448255
NNTTTTTA	13367	114494	115133	1678	1062	31.5329481923	0.0144441001274	0.00913980808124	0.00530429204615
ANAAAAGN	5299	53964	52984	489	197	26.6349060972	0.0089802214754	0.00370433049397	0.00527589098143
AAAANANT	15029	128587	134542	1858	1219	36.1468217326	0.0142435509218	0.00897901459182	0.00526453633003
AAAAAAAN	36995	243104	263619	2699	1517	94.8757686847	0.0109803379129	0.00572159193772	0.00525874597516
TTTNGTGN	953	9613	9614	70	19	6.90725215013	0.00722916451513	0.00197238658777	0.00525677792736
AAANAANT	15794	127083	134530	1961	1355	32.8336452016	0.0151963671306	0.0099716672186	0.00522469991199
NANATAGT	1476	15878	15536	137	52	8.55224311974	0.00855448017484	0.0033358994098	0.00521858076503
NTNTTTTA	13731	111805	110508	1778	1168	26.6155255127	0.0156537510015	0.0104588273219	0.00519492367957
TTNNTTTA	13774	110196	104621	1784	1138	24.8910892501	0.0159314163243	0.0107603135431	0.00517110278129
NAAAAAGN	5550	55366	54893	467	176	28.8565691631	0.00836422904017	0.00319599048466	0.00516823855551
ANNTAGGT	1031	13252	13294	104	36	7.83486431687	0.00778676250374	0.00270067516879	0.00508608733495
NTTTTNGT	3452	33527	33414	268	96	18.2774382298	0.00793016718449	0.00286481647269	0.0050653507118
ANAANAAC	3945	41853	41789	442	227	15.6945130954	0.0104504078496	0.00540270373191	0.00504770411772
NTTTTNGA	2315	23661	23395	186	65	13.0787183753	0.00779972323563	0.00277067348679	0.00502904974884
NAAAAAAT	8479	68104	72553	1403	1119	12.1011192211	0.0201850173364	0.0151889455967	0.00499607173968
TTTTNTGT	2383	20808	20998	170	66	10.8456264594	0.00810372771475	0.00313330801367	0.00497041970108
TTTTNTTN	49708	372368	362459	3526	1617	143.285601072	0.00938030402188	0.00444138037113	0.00493892365075
ANAAAAAT	8893	72094	76113	1337	1027	13.5797991629	0.0182075690104	0.0133134560539	0.00489411295644
AAAAAANN	49704	352286	376795	3538	1920	129.621557352	0.00994311794595	0.00506977542479	0.00487334252116
ANATAGGN	934	10506	10820	70	19	7.24310849417	0.00661875945537	0.00175292923701	0.00486583021836
TNTTTTGA	1393	14238	14069	111	41	7.44023124715	0.00773573071294	0.0029057406095	0.00482999010344
NTTNTTTA	14494	122416	118965	1811	1173	26.5331698658	0.0145781512876	0.00976377166259	0.00481437962497
TTTNTTGT	2078	19038	19788	145	55	10.2405156383	0.00755877599958	0.00277175830268	0.00478701769691
NNAATAGT	1559	17477	17278	135	50	8.92440915588	0.00766522825346	0.00288550323176	0.0047797250217
AAAAAATG	1198	12262	12553	86	28	7.30039031111	0.00696469063816	0.00222557825292	0.00473911238524
TTTTTGNN	4367	42195	42051	319	117	20.9524157982	0.0075034106412	0.00277461582242	0.00472879481878
NAAAAGGN	2119	21683	22217	168	66	10.8919632482	0.00768843531189	0.00296189920567	0.00472653610621
AANAATGT	1532	16460	16294	144	65	6.94797033343	0.00867260900988	0.00397334800416	0.00469926100572
AAATNNGT	2262	21739	22755	161	61	11.4942071952	0.00735159817352	0.00267356241234	0.00467803576117
AANAAAAT	8977	69686	75322	1392	1140	11.2482916291	0.0195841188553	0.0149093667443	0.00467475211108
ANAAAGGN	1924	19563	19970	149	58	9.77080393864	0.0075588474026	0.00289594567605	0.00466290172654
TNTNTTTA	17124	133557	126522	1880	1183	27.5076605808	0.0138809926386	0.00926353705806	0.00461745558058
TTNTTNGA	2492	26052	25762	194	72	12.5696381984	0.00739160252991	0.00278702485097	0.00460457767894
TNTTTTTN	50160	371003	361010	3412	1635	126.033601545	0.00911288276378	0.00450854141102	0.00460434135276
AAAANGGN	2237	22597	23509	180	78	10.3507534026	0.00790270887299	0.00330690634672	0.00459580252627
AANAAGGN	1855	19038	19177	143	56	9.05988745028	0.00745529430165	0.00291166224718	0.00454363205447
AANTANGT	1922	17739	18490	125	46	9.30880904931	0.0069973130318	0.00248165731549	0.0045156557163
TTTNTTTN	50886	375606	361545	3530	1745	117.338600368	0.00931064314652	0.00480332516722	0.0045073179793
AAANATGT	1743	16584	16999	138	64	6.92638602244	0.00825260136347	0.00375080583719	0.00450179552628
ATNAANGT	1966	19867	19912	152	62	8.93033777798	0.00759278685249	0.00310403524582	0.00448875160667
AAAAANGA	3554	35971	35882	241	78	18.7570644663	0.00665525240252	0.00216907675195	0.00448617565057
TTTTNTGN	4855	44904	44924	345	142	19.1781779613	0.00762447788901	0.00315093418542	0.0044735437036
AAAAATGN	2423	25545	25933	179	65	12.6517830945	0.00695848235111	0.00250019232249	0.00445829002863
NTTTTTTN	49704	366953	357525	3360	1658	116.469309886	0.00907340547051	0.00461603138233	0.00445737408818
TTNTTNGT	3617	35005	35693	265	110	15.329388646	0.00751346753615	0.0030723682373	0.00444109929885
TTNTTTTN	49669	370046	359982	3427	1737	110.762225055	0.0091760314668	0.0048020701152	0.0043739613516
TNTTTNGA	2612	27349	26773	193	71	12.4017063632	0.00700747948588	0.00264491133959	0.00436256814628
TTTNTTGN	4211	40609	41232	295	118	17.8360788357	0.00721200860552	0.00285368802902	0.00435832057649
NAAANTGT	2811	28224	28570	215	92	11.7484929474	0.00756004078906	0.00320982485521	0.00435021593385
TNTTTNGT	3642	34894	35730	246	96	15.8223150077	0.00700056915196	0.00267961815441	0.00432095099755
TTTTNGNA	2733	26563	26164	190	73	11.6312370207	0.00710200725152	0.00278233029691	0.00431967695461
TNTTNTTA	18201	171923	171270	1917	1158	40.8258262457	0.0110273815002	0.00671584661424	0.00431153488599
ANAAAANT	14828	127169	132379	1821	1317	23.0131077384	0.0141173734398	0.00985070607946	0.00426666736034
AAAAANAN	50160	356787	380958	3216	1794	109.720469432	0.00893325888951	0.00468710810133	0.00424615078818
AANATNGT	2071	21726	21791	158	65	9.15728980147	0.0072198866752	0.00297401171303	0.00424587496217
AAANTNGT	1825	19001	19299	137	57	8.08900023838	0.00715853276204	0.0029448233106	0.00421370945144
NAAAAANT	14272	121037	127290	1854	1411	19.1108422317	0.0150865401046	0.0109633957778	0.00412314432683
TANAANGT	2002	18696	17948	137	57	7.11425039265	0.00727446503478	0.00316578728131	0.00410867775347
AAAANNAT	17547	150096	157766	1811	1248	29.8047330108	0.0119217679238	0.00784836555272	0.00407340237108
TTTTTGTN	2222	20836	20783	134	49	9.18865323092	0.00639008106819	0.00235215053763	0.00403793053056
AAAANAGA	2390	23429	23136	146	51	10.3710476336	0.00619300106045	0.00219950834519	0.00399349271525
ANAATNGT	2259	24841	24068	176	74	9.03681082357	0.00703521605308	0.00306519758098	0.0039700184721
NAATANGT	2364	21645	22280	141	56	9.17660587379	0.00647204626825	0.00250716332378	0.00396488294446
NAAATNGT	1978	20567	21367	141	61	8.22010178246	0.00680896271972	0.0028467425798	0.00396222013992
TAANANGT	2154	20291	20281	141	60	7.73168457834	0.00690093970243	0.00294970748734	0.00395123221509
AAAANTNC	2534	25392	26291	161	62	11.0050324702	0.00630063006301	0.00235267331993	0.00394795674308
TTTTTATA	2511	20002	19873	135	55	7.85263695203	0.00670407707206	0.00275993576877	0.00394414130329
NTTTTTGN	4367	42208	41825	297	130	14.6206520407	0.0069874132455	0.00309855797879	0.00388885526671
AAAAATTA	1986	16496	17553	106	44	7.05807033258	0.00638477291893	0.00250042620901	0.00388434670991
TTTNTAGN	1607	15526	15114	83	22	7.94238245249	0.00531744506375	0.00145348837209	0.00386395669165
NTTTTTGT	2222	20787	20696	139	58	7.8079912285	0.00664245436299	0.00279464199672	0.00384781236627
AAAAANNG	5754	55441	56616	679	472	9.7940720505	0.0120990734141	0.00826793721973	0.00383113619438
AANAAAGA	2755	28332	27653	157	48	12.723716928	0.00551089894345	0.00173278942998	0.00377810951347
AANAAANT	14500	120933	127853	1808	1416	16.4013263439	0.0147302042512	0.0109539023277	0.00377630192352
NNAAATGT	3367	33677	33878	251	124	10.2278529813	0.00739801933506	0.00364684430328	0.00375117503179
TTTNNTGT	4025	37160	38050	247	109	13.0850609324	0.00660304221135	0.00285646898504	0.00374657322631
AAAANAAN	49669	356430	380209	3111	1880	85.0979554945	0.00865269885771	0.0049203196114	0.00373237924631
AAANAAAN	50886	358164	384864	3282	2070	80.8015100517	0.00908019455188	0.00534974956969	0.00373044498219
AAANNAAT	16337	132761	141855	1863	1453	18.4876580707	0.0138385429047	0.0101390013119	0.00369954159282
NTTNTTGA	2340	24286	24452	152	63	8.80649286254	0.00621982158933	0.0025698551907	0.00364996639863
AAANANAT	22695	167583	179178	1988	1463	26.6322504991	0.0117237027558	0.00809893656479	0.00362476619099
AAANNGGA	1845	19873	20055	129	57	6.83105735767	0.00644935506449	0.00283412887828	0.00361522618621
AAAANNTC	2326	24493	24667	139	51	9.6610137332	0.0056430659305	0.00206327372765	0.00357979220285
AAANAAGA	2642	26799	25853	150	52	10.2632752615	0.0055660692419	0.00200733449141	0.00355873475049
NANAATGT	3289	34512	33838	242	116	9.81796545463	0.00696322725442	0.00341638687636	0.00354684037805
TANATNGT	2060	20512	20505	130	57	6.81916741395	0.00629783935665	0.00277210388095	0.00352573547571
ATAANNGT	2360	24520	24056	174	85	6.93682036108	0.00704624605167	0.00352098090386	0.00352526514782
ANTTANGT	1840	19603	18831	112	41	7.17853505231	0.00568095358864	0.00217253073336	0.00350842285528
NTTTTGNA	3313	33448	33028	206	87	10.891778744	0.0061211148749	0.0026272082138	0.0034939066611
TNNTTTGA	2686	28539	28404	175	75	9.27580069037	0.00609458800585	0.00263351943537	0.00346106857048
TTNTTTGN	4514	43839	44432	290	139	12.7458023157	0.00657164223073	0.00311861973032	0.00345302250041
ANAAAAGA	2783	28252	27065	163	62	9.62001540207	0.00573640682738	0.00228554576621	0.00345086106117
NTTTNTGA	2628	26402	26353	163	71	8.4955538226	0.00613589309241	0.00268695125643	0.00344894183598
AAAANTGN	3941	41596	42154	237	96	14.1325318871	0.00566538378792	0.00227218934911	0.00339319443881
AAAANNGA	5563	57758	57985	325	128	19.5773246977	0.00559544100684	0.00220260526904	0.00339283573779
AANNATGT	3446	35588	36004	231	111	10.171737504	0.00644909126441	0.00307351515991	0.00337557610451
TTNNTTGA	2323	24372	24527	155	73	7.17466898994	0.00631956619236	0.0029674796748	0.00335208651756
AAANNTGT	3193	31555	32072	214	109	8.48585224182	0.00673612641254	0.00338709176222	0.00334903465032
NAAAAAGA	2980	29870	29117	158	56	10.6982289014	0.00526175569468	0.00191958317622	0.00334217251846
AANAAAAN	49708	358219	382213	3148	2065	66.1242755074	0.00871136545396	0.00537371382176	0.00333765163219
ANAANTGT	2969	29611	29258	205	104	7.59057620637	0.00687550308559	0.00354199305224	0.00333351003335
TTTNNTGA	2860	30009	29732	178	77	9.17908502325	0.00589657799715	0.00258311248281	0.00331346551434
NAAAAGNT	2656	28538	28013	193	96	7.35972662008	0.00671748285824	0.00341527624604	0.00330220661219
NTNTTTGA	2467	25031	25130	154	71	7.38033286963	0.00611475084376	0.00281734851792	0.00329740232584
TTTNTGNA	3485	32844	32869	230	121	8.06512205882	0.00695410292072	0.00366777811458	0.00328632480614
TTTTNNCA	3870	39138	40775	327	205	7.92223558973	0.00828582288103	0.00500244021474	0.00328338266629
ANNAATGT	3105	32744	32617	220	111	8.40200494531	0.00667394733649	0.00339159129797	0.00328235603852
AAANANGA	6093	64181	63250	335	123	21.460563364	0.00519251038502	0.00194088965332	0.0032516207317
AAAAAGNN	5550	55497	55230	298	116	17.9801452591	0.00534098037459	0.00209590575651	0.00324507461807
AANANTGT	2854	29839	29969	200	103	7.51581801405	0.00665801125204	0.00342511306198	0.00323289819005
TTNTTNCA	3798	38087	38800	310	189	7.57135111455	0.00807354741256	0.00484752109569	0.00322602631686
NAAAATGN	4846	51063	51813	270	106	16.8414468455	0.00525977441412	0.00204164178817	0.00321813262595
NAAANTAC	1938	19132	19651	92	31	7.54348697375	0.00478568456097	0.00157504318667	0.0032106413743
NAAAAAAN	49704	353912	375461	3099	2078	58.656032829	0.00868040480545	0.00550406712949	0.00317633767597
TTTTTANA	5072	42543	42585	222	86	13.821772535	0.00519116099614	0.00201542030887	0.00317574068727
NTTTNTGT	4553	42822	42098	253	114	11.6700234879	0.00587347649449	0.00270065384251	0.00317282265198
ANAAAAAN	49753	357977	379723	3053	2023	60.383693429	0.00845636096723	0.00529933516003	0.0031570258072
TTTTNATA	5179	45060	45720	240	99	13.944986372	0.00529801324503	0.00216067570222	0.00313733754281
ATANANGT	4591	37866	37722	231	111	9.76576338216	0.00606346956453	0.0029339465546	0.00312952300994
NAANATGT	3787	37008	37663	235	121	9.08283976422	0.00630991058722	0.00320241372009	0.00310749686713
AAAANTTA	3339	28778	30043	171	85	7.78248966917	0.00590693979067	0.00282129580457	0.0030856439861
AANAANGA	6570	72303	71426	349	124	23.4809586651	0.00480372185212	0.00173305380853	0.00307066804359
AAAAAGAN	2980	29877	29307	146	53	9.73847540465	0.00486293841388	0.00180517711172	0.00305776130217
GNTGNAAA	1240	14934	14604	54	8	7.72240173051	0.00360288230584	0.000547495209417	0.00305538709643
AANAAANG	6154	60054	60639	708	526	6.92567225389	0.0116520193542	0.00859968936483	0.00305232998937
TTTNCNTA	3059	28947	29638	174	87	7.42437425223	0.00597506953745	0.00292682926829	0.00304824026915
TNTNTTGA	2710	28152	27905	160	73	7.55676605185	0.00565131393049	0.00260919293731	0.00304212099318
TNTTTGNA	3401	33403	33539	198	96	8.47124498996	0.00589268176542	0.00285416976364	0.00303851200178
TTNTNTGA	3110	31494	31642	190	94	7.82938894207	0.00599671758616	0.00296193597177	0.0030347816144
NAAAATNC	2290	22626	23284	106	39	7.78174264706	0.00466303008974	0.00167216910346	0.00299086098628
TTTNTNCA	4450	45738	45980	318	182	8.91905901495	0.0069046378322	0.00394263680083	0.00296200103137
AANANAGA	4293	45542	44618	210	73	14.5542830362	0.00458996328029	0.00163343849992	0.00295652478037
TTNNTTCA	3694	38410	38534	262	148	7.66422765537	0.00677492759619	0.00382606897265	0.00294885862354
TNATANGT	2766	25790	25546	128	51	7.68641404985	0.00493865267382	0.00199242098683	0.00294623168698
TNTTTTGN	4794	46865	46800	283	144	10.5288801763	0.00600237549843	0.00306748466258	0.00293489083585
ANNAAAGA	4706	49939	48411	233	83	15.2375641812	0.00464402455553	0.00171155194457	0.00293247261096
AANAATGN	4898	56194	55761	278	113	15.6298822646	0.00492279359683	0.00202240755987	0.00290038603696
NATATNGT	2505	25415	24974	130	55	6.964413614	0.00508905852417	0.00219745095689	0.00289160756728
NTGANCAA	1155	14206	14518	48	7	7.34406969446	0.00336747579627	0.000481927710843	0.00288554808542
NAAAANGA	6735	70597	69928	338	135	19.3212285486	0.00476492563615	0.00192683727502	0.00283808836112
NAAAATGA	2225	23881	24512	99	32	8.46019088334	0.00412844036697	0.0013037809648	0.00282465940217
TTTCTNNA	3158	34068	35347	162	68	9.81369507395	0.00473269062226	0.00192009035719	0.00281260026507
AAANANTC	2239	23509	24111	101	36	7.68869070669	0.00427784836934	0.00149086843086	0.00278697993847
TNTTNTGA	3299	34731	34444	183	85	8.29754821658	0.00524145042103	0.00246169886183	0.00277975155921
ANAAANGA	6344	66813	65947	330	144	16.13103149	0.00491488315982	0.0021788140594	0.00273606910042
TTTNAATA	3467	31388	31464	136	50	9.35770499429	0.00431417332826	0.00158659643333	0.00272757689493
AAAAAGNA	3358	32390	32340	135	47	9.89191404247	0.00415065334358	0.00145119955538	0.0026994537882
TNTTTTAA	4316	36398	36780	188	90	8.42198111778	0.00513857759799	0.00244100895037	0.00269756864762
TTTNTCNA	2975	32410	32795	174	87	7.19479635335	0.00534004419347	0.00264582446323	0.00269421973024
NAAAANAT	18113	150662	157491	1782	1432	12.7857821422	0.0116895384535	0.00901065295772	0.00267888549574
TTNNTTGT	3931	38782	40008	205	105	8.40162667651	0.0052581629774	0.00261760526513	0.00264055771228
TTTTTNAA	5182	44406	45032	212	97	10.3766018151	0.00475144560491	0.00214939395954	0.00260205164537
TTTNTTAA	4119	36553	36848	185	90	7.9831469211	0.0050356579019	0.00243651524176	0.00259914266014
AAANATGN	5016	52130	52783	251	116	11.9085712193	0.00479181382562	0.00219285808805	0.00259895573757
ANAANAGA	4293	44686	43294	218	99	9.62509344396	0.004854801354	0.00228147397046	0.00257332738354
AANAATGA	2444	28854	29037	113	39	8.57705732858	0.00390099078261	0.00134131242262	0.00255967836
AANNAAGA	4938	54238	52949	238	97	12.9242009434	0.00436889639474	0.00182860159107	0.00254029480367
TTNTNTGT	5164	47626	47971	252	131	9.22001800243	0.00526337775179	0.00272337948526	0.00253999826653
ANANAAGA	4899	51847	49490	232	95	11.8748819322	0.00445477063692	0.00191590198649	0.00253886865043
TTTCNNTA	3173	33967	34609	157	73	7.68243033476	0.00460086742469	0.00210483824462	0.00249602918006
TTNTTTAA	4125	35824	36661	178	90	7.40402796686	0.00494416976835	0.00244891295475	0.0024952568136
NAANAAGA	5296	57305	55222	242	95	13.5394407764	0.0042052583106	0.0017173744057	0.0024878839049
NTTNTTGT	4598	48647	48998	229	108	10.3604380427	0.00468532613143	0.00219932391154	0.0024860022199
ANAAATGN	4747	49666	50148	243	120	10.0473586171	0.00486886132762	0.00238720458343	0.00248165674418
AANAANTC	2369	25909	26239	96	32	7.75179727937	0.00369159776966	0.00121807316052	0.00247352460914
NANAAAGA	5290	56363	54803	230	88	13.684845219	0.00406410686834	0.00160317720574	0.00246092966261
ANATANGT	4889	40521	40541	214	114	7.32122773347	0.00525346753406	0.00280408313861	0.00244938439546
ANAAANAT	20173	161860	168737	1717	1371	12.6426578887	0.0104965857058	0.00805958567498	0.00243700003083
NAAANAGA	4477	45829	45221	197	84	10.2671998975	0.00428018945813	0.00185409998896	0.00242608946917
AANANTAC	2602	26954	27409	105	40	7.19661880529	0.00388040947559	0.00145724798718	0.00242316148841
AAAAATNT	5959	49401	51080	287	172	7.83665522881	0.00577604250523	0.00335596659643	0.00242007590881
NAAGANGA	2138	28003	26079	101	31	7.6531010605	0.00359379447765	0.0011872845653	0.00240650991235
AAANNAGA	4199	44101	43010	198	89	9.11934687679	0.00446962685388	0.00206501310935	0.00240461374453
AAAAAANA	36621	243204	262248	1004	455	55.3251625147	0.00411124942672	0.0017319939247	0.00237925550202
AANAANAT	19261	162298	170090	1766	1440	11.7004127008	0.0107640920616	0.00839503293884	0.00236905912279
TTTNNATA	12664	106823	105766	450	197	21.8021015677	0.00419490458923	0.00185913951096	0.00233576507826
TNTTNTGT	4820	44629	45668	231	129	7.49592209159	0.00514935354436	0.0028167783916	0.00233257515276
AAAAATNN	15719	137163	143035	663	356	23.8738613124	0.0048104131296	0.00248272206763	0.00232769106196
TNTTAATA	3853	36320	36237	140	55	8.68123159728	0.00383982446517	0.00151548550645	0.00232433895872
AAANAGAN	4477	45796	45458	191	84	9.58521517975	0.00415334768522	0.00184445127575	0.00230889640947
AAAAAAAA	29477	185916	202424	718	312	43.6666268219	0.00384710181425	0.00153894720227	0.00230815461197
NNAAAAGA	5508	58475	56016	244	104	11.7207432097	0.00415538411758	0.00185317177477	0.00230221234281
TNTNTTGT	4388	41965	42847	205	110	7.34858432616	0.00486127578848	0.00256070023512	0.00230057555336
ANANATGT	5839	49362	49327	271	157	7.28009076814	0.00546007696492	0.00317274270471	0.00228733426021
AAAAANNA	48665	353229	375434	1427	656	73.6346065071	0.00402361725165	0.00174426334122	0.00227935391043
TTTTNANA	11592	103865	104742	432	196	20.5470877685	0.00414201750769	0.00186776954011	0.00227424796758
TTTNTATA	6737	50380	48699	236	117	8.5767649181	0.00466255729414	0.00239675516224	0.00226580213189
TTTTNTAA	4790	41054	41707	200	108	6.96893150876	0.00484801473796	0.00258280521344	0.00226520952452
AAANAGNA	5006	49522	49812	186	74	11.3507180562	0.00374185241812	0.00148338211121	0.00225847030691
CAANTNAA	2115	21866	22003	66	17	6.91711066219	0.00300930147729	0.000772025431426	0.00223727604587
NAAANAAT	15801	139876	145210	1729	1475	7.41693929079	0.0122100208326	0.0100555612367	0.00215445959593
NTTNTGAA	2759	28528	28167	91	29	7.40300350058	0.00317970578986	0.00102851468293	0.00215119110693
NANAATGA	4813	55886	56369	192	72	12.8170886213	0.00342380256072	0.00127566839709	0.00214813416363
NNTTTTGT	4632	46567	46343	227	126	6.85801191656	0.00485104927982	0.00271148507607	0.00213956420375
NTTTTNAA	10059	90276	90580	330	137	18.289848174	0.00364214290444	0.00151019103365	0.00213195187079
NTTTTAAA	3529	30938	30963	92	26	8.65742389994	0.00296487270383	0.000839007389719	0.00212586531412
ANAACNAA	3224	33692	33861	101	30	9.07919614593	0.00298878465954	0.000885190758608	0.00210359390094
AAAAAATN	8479	69239	73663	364	231	9.12835662644	0.00522965964111	0.003126099548	0.00210356009311
TNTATATT	9996	66957	61970	385	226	7.24208139543	0.00571708591963	0.00363367419127	0.00208341172837
AANAAAAA	36145	246073	264025	858	368	51.3756164003	0.0034746548631	0.0013918674095	0.0020827874536
AAAGNAAA	3137	30427	30863	86	23	8.72462059141	0.00281847081572	0.000744673962313	0.0020737968534
ANAAAGAA	3264	32863	32246	100	31	8.24850277147	0.00303370445651	0.000960436223937	0.00207326823258
NTNAACAA	2768	30450	30723	94	31	7.64255530557	0.00307752750131	0.00100799895948	0.00206952854182
NTTTTANA	10213	87376	86941	343	162	14.7021063855	0.00391021329473	0.00185986705395	0.00205034624078
AAAAANAA	36196	244655	262864	869	392	47.9931745347	0.00353936886007	0.00148904488407	0.002050323976
AANANTGA	3676	42944	42956	157	69	8.1304988586	0.00364260690007	0.00160371876816	0.00203888813191
AAAANANA	50648	358761	382926	1299	608	65.6494853592	0.00360773204466	0.00158525710889	0.00202247493577
AAAAATNA	7273	63207	66429	243	121	11.006181635	0.00382978723404	0.00181818181818	0.00201160541586
AAANAAAA	36637	246429	266307	846	378	48.1749766629	0.00342129208371	0.00141740255357	0.00200388953014
NAAAAAAA	36995	246296	263876	838	370	47.710338742	0.0033908729677	0.00140021041	0.0019906625577
AAAANAAA	36691	246596	265607	838	372	47.8776529184	0.00338676172232	0.00139860665692	0.0019881550654
NNTTTTAA	8230	72567	72271	278	133	11.7519025072	0.00381632232823	0.00183691508756	0.00197940724067
TNTTTNAA	10081	89367	90433	326	150	15.4019277031	0.00363462031597	0.00165593985626	0.0019786804597
TNGAANAA	3067	32910	32835	102	37	7.198252061	0.00308978553253	0.00112557799951	0.00196420753302
ANAAAAAA	36158	242302	259770	822	370	45.3810652047	0.00338099077014	0.00142231106327	0.00195867970687
TTTNTNAA	10351	93444	93856	335	152	15.9272586919	0.00357222832404	0.00161688366947	0.00195534465456
AAAAANTA	7305	56398	60999	243	143	8.18748094688	0.00429017849261	0.00233881783389	0.00195136065872
TNNTTTAA	8100	73732	73580	294	149	11.009253892	0.00397157755383	0.00202091442987	0.00195066312396
AANAAANA	50732	363941	387509	1274	598	63.675896891	0.00348835617376	0.0015408121987	0.00194754397506
NAAGNAAA	5508	55627	56013	150	42	14.0818888036	0.00268928052782	0.000749264115601	0.00194001641222
NATGTNAA	2732	27803	27744	73	19	7.44688595732	0.00261874013488	0.000684364081691	0.00193437605319
ANNAATGA	4361	50962	50691	176	77	9.00456240703	0.00344166764441	0.00151670343523	0.00192496420918
AAAAANTN	14272	122503	128718	588	369	14.2065394735	0.00477695363593	0.00285853726557	0.00191841637036
AAAANGNA	7039	70513	71234	259	125	11.2150353556	0.00365963940541	0.0017517061618	0.00190793324361
NAAGAAAA	3528	36010	35824	99	30	8.57745834594	0.00274169874547	0.000836726725052	0.00190497202041
NAAAAANA	50160	360101	380809	1254	599	59.5858924464	0.00347027161655	0.00157049668596	0.00189977493059
AAANAANA	49594	359605	382772	1245	598	59.5364800631	0.00345018705833	0.00155985079688	0.00189033626145
TTTNNTAA	9343	87362	88142	324	160	13.1833233762	0.003695002623	0.00181196348894	0.00188303913406
TTTNTANA	12622	102804	101006	390	192	14.7013172973	0.00377928949358	0.00189727069705	0.00188201879653
NAANATGA	4892	55702	54790	179	73	10.0263000906	0.00320323544675	0.00133058709877	0.00187264834798
ANANAGAA	5044	51294	50563	151	54	10.3731603451	0.00293517348625	0.00106683525298	0.00186833823327
ANAAAGAN	5290	56342	55037	204	97	8.43636536609	0.00360768224101	0.0017593499474	0.00184833229361
ANTAANGA	3037	36650	35807	113	44	6.87870309647	0.00307374262166	0.00122730188837	0.00184644073329
TNTNTTAA	9125	79695	79864	292	145	11.5811725176	0.0036505932214	0.00181229611669	0.00183829710471
NATNAAGA	3220	38058	37175	117	46	7.0017735897	0.00306483300589	0.00123586147605	0.00182897152985
AANAAGNA	5790	60202	59118	202	90	9.61891459754	0.00334414939408	0.0015200648561	0.00182408453798
NTNTTTAA	8393	74153	74077	281	145	10.1550061726	0.0037751565145	0.00195359866347	0.00182155785103
TTNTTNAA	9922	91647	92592	323	157	13.6414237789	0.00351201478743	0.00169274062254	0.00181927416489
TTNNTTAA	7620	70410	71390	261	135	9.83721357672	0.00369316975846	0.00188745193988	0.00180571781858
NAAAAGAN	5508	58469	56340	219	109	7.85920348879	0.00373159760087	0.0019309465181	0.00180065108278
AANNAAAA	47610	348096	370491	1081	483	59.1335703951	0.0030958511013	0.0013019780362	0.00179387306511
NNAAATGA	4301	46868	47752	160	77	7.33082139105	0.00340222845964	0.00160990194234	0.0017923265173
NANAAAAA	49753	361352	380166	1100	474	62.2275420825	0.0030348846192	0.00124527112232	0.00178961349688
AAANNAAA	48191	348189	372570	1068	477	59.2274765799	0.00305792009895	0.00127865925741	0.00177926084154
NTTNTTAA	8429	78142	79013	287	149	10.584795883	0.00365936069566	0.00188221621485	0.00177714448081
ANANCAAA	3683	38306	38643	101	33	8.26518740484	0.00262972895566	0.000853242320819	0.00177648663484
ANNAAAAA	47764	350034	368699	1063	464	59.0465596275	0.00302765332657	0.0012568973597	0.00177075596687
CATNNAAA	3546	34265	34684	86	26	7.75590134359	0.00250356612617	0.000749063670412	0.00175450245576
TNTAATAA	4255	37553	37575	104	38	7.30481495425	0.00276177071992	0.00101028899583	0.00175148172409
ANAAAANA	49865	356151	377547	1240	651	48.6836407919	0.00346958932933	0.00172132057811	0.00174826875122
AANCANAA	3426	35540	35855	97	35	7.06770882344	0.00272189017033	0.00097520200613	0.0017466881642
NNTTTAAA	7256	66338	66467	177	61	13.0712054258	0.00266105389762	0.000916907166907	0.00174414673071
NACANAAA	4553	41913	43469	101	29	9.8965335317	0.00240396058457	0.000666697319417	0.00173726326515
ANCANAAA	3730	37228	38229	90	26	8.67276313724	0.00241170480733	0.000679649718991	0.00173205508834
AAAGNNAA	4881	49676	49939	134	48	9.61148068994	0.00269022284682	0.000960249664913	0.00172997318191
TNTTNTAA	10349	90956	92507	341	186	11.2613672183	0.00373506248836	0.00200662401692	0.00172843847145
AANANAAA	48699	356354	376970	1064	476	57.2460445626	0.00297690659116	0.00126110754916	0.001715799042
NAANAAAA	49708	361631	382735	1090	495	57.1574714289	0.00300506449861	0.00129165253242	0.00171341196619
TTTTNNAA	11655	104519	105595	362	184	13.8137657815	0.00345153078251	0.00173947569934	0.00171205508317
AAAAATAN	8409	66384	70802	280	178	7.18139278874	0.00420016800672	0.00250774866159	0.00169241934513
ANAANAAA	49094	358140	377509	1057	478	55.320905187	0.00294267491098	0.00126459375587	0.00167808115511
NAAAANAA	49669	359784	380082	1095	518	53.0031149224	0.00303425802	0.00136100893326	0.00167324908674
AAAANNAA	48061	349945	372790	1075	519	51.1437018485	0.00306250356105	0.00139026918719	0.00167223437386
NAAGANAA	5407	58024	57073	153	55	10.3882222877	0.00262990528903	0.000962750315082	0.00166715497395
TTTNAANA	9733	89325	89567	289	140	12.1085429924	0.0032249425313	0.00156063629371	0.00166430623759
NNAAAAAA	49704	357430	375828	1051	479	53.917936106	0.00293181507528	0.00127289686347	0.00165891821181
NNAACAAA	4351	44922	45856	108	34	9.36977227771	0.00239840106596	0.000740902157333	0.00165749890862
ANANAAAA	49188	354081	374589	1047	485	52.9471897952	0.00294823274988	0.00129307816591	0.00165515458397
NAAANAAA	50886	361717	385133	1066	496	54.3219657017	0.00293839568006	0.00128621032132	0.00165218535874
NNCAAAAA	4367	41695	43088	102	34	8.52563160511	0.00244036653348	0.000788460646538	0.00165190588695
TTNTNTAA	9918	87107	88055	313	171	10.1503948659	0.00358041638069	0.0019382041575	0.00164221222319
TATAANAA	5714	46585	45825	114	37	8.91713258947	0.00244116576372	0.000806768130478	0.00163439763324
AAAANNTA	15010	119346	126757	459	281	12.5986919858	0.00383122574183	0.0022119365859	0.00161928915593
AATNANGA	3998	49501	49065	143	62	7.46560793779	0.00288050922569	0.00126203513343	0.00161847409226
NATAANGA	4192	50260	49887	146	64	7.49373264214	0.00289648057771	0.00128125563052	0.00161522494719
NNAAAGAA	5899	62359	60341	171	68	9.6337026369	0.00273468735007	0.00112566008376	0.00160902726631
CAANNAAA	4176	40457	40549	105	40	6.99271685473	0.00258862975198	0.000985488679199	0.00160314107279
AANAANAA	52321	411689	430901	1217	581	56.3998607409	0.00294740207214	0.00134652198701	0.00160088008513
ANAAANAA	49991	360706	382652	1119	574	46.4460110768	0.00309265528916	0.00149781069134	0.00159484459782
ANAGNAAA	4827	48314	48386	115	38	9.10656548462	0.00237461025419	0.000784734842227	0.00158987541196
AAANANAA	48459	350841	373216	1092	572	43.6475556088	0.0031028633291	0.00153027919569	0.00157258413341
TTTAANNA	7107	65358	64524	211	107	7.80613592272	0.00321798410834	0.00165555228915	0.00156243181919
NNAGAAAA	5714	60693	59584	157	61	9.50548506081	0.00258011503698	0.00102271774667	0.00155739729031
NNATGAAA	4211	45071	45475	121	51	6.97096655136	0.00267746503806	0.00112023898432	0.00155722605374
NAAAAGNA	6273	64809	63868	212	109	7.55701453865	0.00326048507405	0.00170373728059	0.00155674779347
NNATTTAA	5988	56817	54962	164	73	7.63242948915	0.00287815236658	0.00132642863632	0.00155172373026
NTATNTAA	12221	87492	86463	353	215	7.66453913264	0.00401844157323	0.0024804448649	0.00153799670832
NANAAGAA	6348	68301	65371	188	79	9.37722950191	0.00274496634496	0.00120702826585	0.00153793807911
TAAAAAAA	3777	27478	28217	52	10	6.95723649094	0.00188884852888	0.000354270733695	0.00153457779518
NTTNTAAA	8380	73526	74293	175	63	12.4418313887	0.00237445896256	0.000847275270321	0.00152718369224
AAAANTNA	11721	103926	109061	368	220	10.5015685174	0.00352848677776	0.00201315873757	0.0015153280402
NTTTNTAA	9292	81387	81627	292	169	7.93559875167	0.00357497031061	0.00206611570248	0.00150885460813
TTNTNATA	12562	112282	112208	407	238	10.3773283925	0.0036117101048	0.00211657150988	0.00149513859492
NANGAAAA	7044	74469	73627	186	74	10.9392161354	0.00249146071931	0.00100405693274	0.00148740378657
TANAANAA	15134	123357	124019	284	101	19.9374435518	0.00229697268705	0.000813728649694	0.00148324403736
AANGNAAA	6201	62972	63465	158	65	9.28535628508	0.00250277205766	0.00102313867464	0.00147963338302
TNTNAATA	11155	97107	99292	287	146	11.4437810291	0.00294679343697	0.00146825157385	0.00147854186312
TNTTNATA	13699	123037	120462	440	253	10.9137453502	0.00356341666869	0.00209584558671	0.00146757108198
NTTTNAAA	9038	81780	82192	194	74	12.5543907407	0.00236660404519	0.000899521065811	0.00146708297937
TNTAATNA	8468	76112	75133	251	137	7.67397979652	0.00328693215301	0.00182011425535	0.00146681789766
ANNAAGAA	5919	64545	62705	169	72	8.58320299836	0.00261149055846	0.00114691686446	0.001464573694
NANACAAA	4456	44077	44858	100	36	7.42158777059	0.00226362134142	0.000801888893839	0.00146173244758
NAGAANAA	5645	59954	58903	156	67	8.06384046321	0.00259524205623	0.00113617093437	0.00145907112186
ANAANGAA	6826	71456	71013	196	91	8.9203033905	0.00273544353263	0.00127981548155	0.00145562805108
TAANAAAA	6948	56730	57674	123	41	9.88320571157	0.002163474223	0.000710387247683	0.00145308697531
TTNTTANA	11104	97326	97270	352	210	8.5245371049	0.00360367738897	0.00215428805909	0.00144938932988
NAAANGAA	7189	73901	73447	197	89	9.43904823537	0.00265864125887	0.00121029155788	0.001448349701
AAAANATA	9764	71854	77442	239	145	7.36113880553	0.00331516235973	0.00186886978489	0.00144629257484
NTGAANAA	4732	52831	52860	135	59	7.13622314237	0.00254880489371	0.00111491146847	0.00143389342523
NTTNTATA	14725	106103	105237	394	239	8.72842505364	0.00369963473149	0.00226591831317	0.00143371641832
TNTTAANA	9346	86676	86516	271	146	8.82846767016	0.00311684129412	0.00168470609956	0.00143213519456
TNTAANAA	11104	97763	97035	231	91	13.7737948879	0.00235728718085	0.000936927290324	0.00142035989052
ANAGANAA	4725	49422	48669	119	48	6.96746468265	0.00240205082659	0.000985282344972	0.00141676848162
NTTTNATA	10414	92447	92141	350	218	7.29450595152	0.00377167365324	0.00236035470284	0.0014113189504
NNTTAATA	7473	71310	71209	214	113	7.44697648792	0.00299200268441	0.0015843638709	0.00140763881352
TANAAAAA	7497	58832	59570	114	32	10.9043991556	0.00193397346724	0.000536894735076	0.00139707873217
CANANAAA	5403	49118	49780	116	48	6.96749207435	0.00235609538124	0.00096331379947	0.00139278158177
TNATTNAA	6186	59828	58693	157	72	7.17844312858	0.00261732099692	0.001225219093	0.00139210190392
AAANGANA	6362	66052	66241	170	78	8.16662737235	0.00256712270847	0.00117613353639	0.00139098917207
AAANNGAA	5984	60512	61385	160	77	7.25257122041	0.00263713080169	0.00125280661222	0.00138432418947
ANTTNAAA	6670	60825	61143	141	57	8.51950847485	0.00231276449168	0.00093137254902	0.00138139194266
NTATTNAA	7469	68589	68176	176	81	8.20330989786	0.00255944157638	0.00118669147487	0.00137275010152
ATTNNAAA	8299	75400	76283	166	63	11.0506963023	0.00219675515443	0.000825190579729	0.00137156457471
NNGAAAAA	6497	66197	65860	167	76	7.9939509496	0.00251642456754	0.0011526328561	0.00136379171143
AAAANTAN	13685	115070	122097	417	275	9.06417607983	0.00361079602033	0.00224724610205	0.00136354991828
TNATNTAA	8669	80040	78049	215	103	8.68979584737	0.00267896081241	0.00131794451837	0.00136101629404
TTNNAATA	8693	77941	77502	223	116	7.91855303212	0.00285297579448	0.00149449869876	0.00135847709573
NATNTTAA	7148	63810	62600	153	65	8.03988849169	0.00239200787956	0.0010372616293	0.00135474625026
ANANGAAA	6724	69037	67829	157	64	8.84626364592	0.00226898285979	0.000942659773467	0.00132632308632
NATTTNAA	6618	61775	61027	152	69	7.22595977318	0.00245450288243	0.00112937017153	0.00132513271089
TNTTTANA	12141	102008	99615	359	218	7.5083622834	0.00350698955718	0.00218364668997	0.00132334286721
TNTNATAA	10792	99043	99307	268	137	10.0370209053	0.00269859330789	0.00137765978842	0.00132093351947
NAAAATNA	14045	124645	130591	362	206	11.7558926337	0.00289583783308	0.00157495967033	0.00132087816275
ANGANAAA	6189	65628	64079	148	60	8.32353981166	0.00225006081245	0.00093546827983	0.00131459253262
AANANGAA	7292	78508	77239	193	88	8.87201075458	0.00245231953851	0.00113802423474	0.00131429530376
AANNGAAA	5700	57835	58079	137	61	7.06762878907	0.00236320982543	0.00104919160647	0.00131401821897
NTNTTAAA	7984	72219	72766	159	65	9.42955142484	0.00219680013264	0.00089247710453	0.00130432302811
ATNAAAAA	6965	60219	60773	134	56	7.7814864018	0.00222027074048	0.000920613523155	0.00129965721732
AANAANTA	15296	120782	128025	385	241	9.91758130729	0.00317743279936	0.00187890789453	0.00129852490483
ANGNAAAA	6447	64762	64333	153	69	7.46058167725	0.00235692829084	0.00107139529828	0.00128553299256
NAAGAANA	6503	70223	68774	184	92	6.93465191882	0.00261337651086	0.00133592774373	0.00127744876712
TNAAAAAA	7725	62720	63104	120	40	9.47042615778	0.00190961171229	0.000633472697327	0.00127613901496
ANGAAANA	6609	67613	66863	158	71	7.65353885309	0.00233138067905	0.00106074640691	0.00127063427214
TATNANAA	12562	112754	111551	267	122	12.1856865254	0.00236239282965	0.00109247535214	0.00126991747751
TNTANTAA	8485	76398	76020	190	93	7.81881931828	0.00248080639265	0.0012218674865	0.00125893890615
TATNNTAA	9706	82641	82186	212	107	8.09553486555	0.00255874862709	0.00130023209751	0.00125851652958
NATTNAAA	7628	70532	71579	153	65	8.69573707698	0.00216453278631	0.000907263692703	0.0012572690936
ATATNNAA	15066	112906	112291	390	246	7.65253172761	0.00344231040813	0.00218594773275	0.00125636267539
NGAANAAA	6386	64544	64848	136	55	8.22163953282	0.00210265924552	0.000847418455233	0.00125524079028
ANNTTAAA	6410	56412	57525	123	53	6.99984487912	0.00217564340674	0.000920490465108	0.00125515294163
TATANNAA	13399	105633	105463	235	102	12.1246788874	0.00221974534326	0.000966229337375	0.00125351600588
AAANGNAA	6472	64938	65488	153	72	7.15656386263	0.00235055537632	0.00109823062843	0.00125232474789
TANNAAAA	14219	122951	123371	257	103	15.2249158641	0.00208590351276	0.00083418371479	0.00125171979797
NAAAANTA	13685	115063	121710	380	249	8.39170920746	0.00329166774945	0.00204166974147	0.00124999800798
TANANAAA	17488	132517	137026	269	107	17.1831382376	0.00202581597458	0.000780264414838	0.00124555155974
TNNAAAAA	15867	135272	136371	275	107	17.1645841517	0.00202881657285	0.000784009144331	0.00124480742852
ATNTNAAA	9758	84796	85434	187	82	9.80105996622	0.00220044008802	0.000958884887039	0.00124155520098
TATNTNAA	10539	82390	83557	190	89	8.97225903949	0.00230079922499	0.00106400784257	0.00123679138242
TTTTTANN	13367	116083	116241	444	300	6.82415361797	0.00381027573009	0.00257420135403	0.00123607437606
NTTAAANA	8393	74419	74519	187	95	7.23691260845	0.00250650081763	0.00127321950304	0.00123328131459
NAANGAAA	6495	67102	66917	153	70	7.33662749842	0.00227492379749	0.0010449788765	0.00122994492099
TTTNANAA	9893	91862	92193	214	101	9.62995342154	0.00232416699248	0.00109432899213	0.00122983800035
ATNTTNAA	7951	71926	71638	181	92	6.90713696887	0.00251015851443	0.00128258748083	0.0012275710336
ANTNTAAA	7769	68080	68958	137	54	8.75214999638	0.00200829705205	0.000782472613459	0.0012258244386
ATNANAAA	14292	130216	130172	279	119	14.7658577191	0.00213801295069	0.000913340138613	0.00122467281207
ATTNTNAA	7614	72095	72497	168	80	7.5775212264	0.00232484120504	0.00110227758105	0.00122256362399
ANGAANAA	7524	81533	80500	188	87	8.49097266876	0.00230051027276	0.00107957859208	0.00122093168068
NTNATAAA	9838	90470	91265	203	93	9.82424813068	0.00223881420048	0.0010179732481	0.00122084095238
NATNTAAA	11456	95400	96342	196	80	11.5879424841	0.00205029499142	0.000829686171206	0.00122060882022
ATNNTAAA	9088	82251	82315	172	72	9.63620129253	0.00208679616127	0.000873924284171	0.00121287187709
NTTATNAA	8000	75408	75723	176	85	7.66786806621	0.00232853513971	0.00112125369354	0.00120728144617
ATTTNNAA	7651	70493	69562	168	82	6.85587426975	0.00237754914309	0.00117741657573	0.00120013256736
NATAAAAA	7407	63193	64096	129	54	7.57452110427	0.00203720665803	0.000841777084957	0.00119542957308
TAAAANAA	7065	53077	54878	102	40	6.97174511309	0.00191805035822	0.000728358643796	0.00118969171443
AANAATNA	17697	178434	180936	493	285	13.5531945534	0.00275531361952	0.00157266541957	0.00118264819995
TNTTNAAA	9733	89046	89621	196	91	9.21626822971	0.00219627529639	0.00101435705368	0.0011819182427
NTNAAAAA	14151	124400	124458	264	117	13.1241050523	0.00211769235706	0.000939193257074	0.00117849909998
TTTANNAA	8225	77367	76821	173	81	7.79139626482	0.00223110652566	0.00105328860108	0.00117781792459
ATNNAAAA	14265	125344	126522	261	114	13.6101659994	0.00207794275706	0.000900217947503	0.00117772480955
TAANNAAA	13688	110669	114751	228	101	12.446869633	0.00205596183846	0.000879392609619	0.00117656922884
NTTNAAAA	10059	90508	91136	189	83	9.86190962543	0.00208386164923	0.000909898157182	0.00117396349205
TAAANAAA	8209	59540	63335	115	48	7.57546095409	0.00192775123628	0.000757300853541	0.00117045038273
TTTTNTAN	14228	120240	120117	407	266	7.11756236813	0.0033734779978	0.00220961431431	0.00116386368348
TNAAANAA	14197	120299	121074	241	103	12.9994836351	0.00199933631989	0.000849996286424	0.00114934003347
NTTAANAA	8429	79249	78269	169	77	7.92139008356	0.00212798106223	0.000982819799352	0.00114516126288
TTNAANAA	9922	92790	92123	194	87	9.4094818188	0.00208638045255	0.000943498535951	0.0011428819166
ANTAAANA	13327	107733	112771	237	119	10.4690306178	0.00219505418172	0.00105412348304	0.00114093069868
TNANAAAA	15112	133016	133096	277	125	13.2995079429	0.00207812863391	0.000938290509754	0.00113983812416
ATANNAAA	14533	125016	125504	255	113	12.807111004	0.00203558684771	0.000899559772961	0.00113602707475
NNTAAAAA	13367	116282	116803	235	103	12.0973546847	0.00201687307432	0.000881049732264	0.00113582334205
TTTNNAAA	10734	96914	97647	204	95	9.54324976157	0.00210053749048	0.000971946553171	0.0011285909373
TNTANAAA	12622	101125	102400	201	88	10.651393929	0.00198369618854	0.000858637108735	0.00112505907981
TNNAATAA	9671	83428	84322	185	92	7.69840387714	0.00221257459964	0.0010898666098	0.00112270798984
TNTAAANA	12141	100134	101541	238	127	8.4017732617	0.00237117921333	0.00124916394539	0.00112201526794
ATTANNAA	8116	79057	79060	181	92	6.98780732451	0.00228425755319	0.00116232059834	0.00112193695485
NNTATAAA	11936	93436	95469	184	81	9.91339997938	0.00196539201025	0.000847723704867	0.00111766830539
TNTNTAAA	10598	84462	86100	176	83	8.35246652858	0.00207944422127	0.000963066962162	0.00111637725911
NATANAAA	17076	142033	144097	287	130	14.1432568712	0.00201658234963	0.000901356888793	0.00111522546084
AATNAANA	14465	123369	129433	282	152	10.6452258967	0.00228061236868	0.0011729752672	0.00110763710148
NTAANAAA	13207	116222	116709	239	112	10.8583165208	0.00205218914486	0.000958731734876	0.00109345740999
NTTANAAA	9292	81655	81965	166	77	7.84638910395	0.00202881900735	0.000938543672753	0.00109027533459
NATNAAAA	14175	129934	130953	269	128	11.9001264054	0.00206600462355	0.000976495449379	0.00108950917417
TNNTAATA	14342	148988	147849	353	189	11.3017262714	0.00236371793412	0.00127669922587	0.00108701870825
AAAANATN	18113	152012	158828	556	409	7.11315510784	0.00364427665041	0.00256849852735	0.00107577812306
TNAANAAA	15651	130259	134294	252	115	12.8231864794	0.00193087172729	0.000855597467431	0.00107527425986
TTTTNATN	14175	130422	130148	395	254	7.32668318185	0.0030194852351	0.00194782288615	0.00107166234895
TAANANAA	13774	113865	115167	238	117	10.0117471689	0.00208583472827	0.0010148849797	0.00107094974857
TNTNAAAA	11592	104375	104388	215	103	9.30589014143	0.00205564585524	0.000985730828492	0.00106991502675
ANTANAAA	12204	106918	108588	214	101	9.93245358059	0.00199753575029	0.00092925687052	0.00106827887977
AAANTANA	13765	108325	115809	275	170	7.74878777457	0.00253222836096	0.00146578259857	0.00106644576238
NATAANAA	19347	188893	188223	400	198	15.5092352014	0.00211312621175	0.00105083828236	0.00106228792939
AAANNATA	17115	139655	147434	378	242	8.95244591438	0.00269936372141	0.00163872260895	0.00106064111245
ANTNAAAA	11259	100975	103224	207	102	8.98960699564	0.0020458184262	0.000987166831194	0.00105865159501
AAAATNNA	14970	123431	131120	337	219	7.84622656769	0.00272283627432	0.00166744074494	0.00105539552938
AAANAATN	15801	141299	146516	467	330	6.98980247383	0.00329416080019	0.00224725222342	0.00104690857677
NTANAAAA	14228	120187	120666	241	116	10.3725061876	0.00200119573521	0.000960408007816	0.0010407877274
TNNATAAA	12344	92878	97822	190	98	8.17736303861	0.00204151802983	0.00100081699346	0.00104070103636
AATNNAAA	12396	113369	116100	230	115	9.67869741313	0.00202466571009	0.000989545239427	0.00103512047066
ATNATNAA	10295	102442	101628	225	119	7.62509817343	0.00219155132613	0.0011695676531	0.00102198367303
ANNATAAA	14282	122258	125698	233	112	10.7230873761	0.00190218056837	0.000890231301168	0.0010119492672
NNTAATAA	13746	143727	143108	311	165	10.3668422783	0.00215915244588	0.00115164755397	0.00100750489191
TTNTNAAA	9893	91732	92361	191	99	7.17037743476	0.00207782600655	0.00107073329007	0.00100709271648
ANATNAAA	14179	120022	123841	251	134	9.28944532304	0.00208691892611	0.00108086307723	0.00100605584888
AANTNAAA	10693	91645	96841	185	98	7.60310461845	0.0020145921812	0.00101094502729	0.00100364715392
TTNANAAA	10351	93670	93951	190	96	7.47039515177	0.00202429149798	0.00102076621264	0.00100352528534
NAAANATA	19754	151289	159598	415	277	8.45637176005	0.00273559036018	0.00173260359656	0.00100298676362
TATNNAAA	12664	105932	106145	211	105	8.49241638769	0.00198788426933	0.000988235294118	0.000999648975217
ANANTAAA	11677	96600	100798	184	93	8.07164500546	0.00190114068441	0.000921786878909	0.000979353805502
TAAANNAA	13774	106021	111774	207	109	8.50239387818	0.00194863877697	0.000974232010225	0.000974406766745
TTNNAAAA	11655	105101	105619	211	109	7.88501894133	0.00200357034336	0.00103094733656	0.000972623006799
TAANAANA	18201	172596	173336	351	185	12.1275819204	0.00202952349564	0.00106615337625	0.000963370119389
NAANTAAA	12196	93374	100831	180	97	7.58372983234	0.00192402248969	0.000961081166772	0.000962941322913
NATAAANA	18250	145102	151770	315	183	9.71670916492	0.00216618414628	0.00120431975677	0.000961864389516
NANATAAA	18048	138501	145703	267	141	10.6735712646	0.00192407471463	0.000966786429335	0.000957288285296
TANAAANA	16740	134672	137472	277	151	9.38748425398	0.00205262728883	0.00109720032262	0.000955426966207
NATATNAA	13607	115687	116824	231	123	8.11267420983	0.00199278800531	0.00105175848889	0.000941029516426
TNAAAANA	15067	130960	131446	280	158	8.21842547707	0.0021334958854	0.0012005714112	0.000932924474197
ANTAANAA	15158	151502	152209	301	164	9.67292917448	0.00198283301384	0.00107630616973	0.000906526844112
NNAATAAA	14702	118840	125763	228	127	8.27886201227	0.00191487217388	0.00100881722138	0.0009060549525
NAATNAAA	12266	107608	112158	212	120	7.10016657608	0.00196624002968	0.00106877571742	0.000897464312263
NATNATAA	16406	172300	170701	358	201	10.0450457641	0.0020734631468	0.00117611262595	0.000897350520849
NAAATNAA	14270	116567	124882	225	131	7.61336362253	0.00192650181519	0.00104789101933	0.000878610795859
NATANTAA	14001	141350	139817	296	170	7.84056819673	0.00208971661748	0.00121439847986	0.000875318137624
ATNAANAA	15820	140357	144046	319	203	6.99640751937	0.00226762205351	0.00140728878536	0.000860333268149
AANANATA	24517	169600	180715	447	322	7.05116735352	0.00262868501061	0.00177864193507	0.000850043075541
AATAANNA	18809	177492	181370	386	240	8.86800231327	0.00217002664748	0.00132151313254	0.000848513514941
AANATNAA	14215	127618	131682	230	128	7.74739332323	0.00179901132595	0.000971094757606	0.000827916568344
AANATANA	21860	156396	164745	359	244	6.8829779391	0.00229019807981	0.00147888647122	0.000811311608587
NANAATAA	18723	179003	182083	357	215	8.96034374283	0.0019904103479	0.00117938759613	0.00081102275177
NANTAATA	13962	143007	144062	278	163	7.42410123353	0.00194018913355	0.00113017854047	0.00081001059307
NAANAATA	20390	191508	196865	428	282	8.18989167739	0.00222990996999	0.00143040472338	0.000799505246611
TANTAANA	13588	140428	139922	280	167	6.8296860146	0.00198993660631	0.0011920993083	0.000797837298008
AATNANAA	16421	166436	167485	318	187	8.31115825574	0.00190700073162	0.00111527267522	0.000791728056394
NAATAANA	18353	174784	179115	323	196	8.19309275549	0.00184458645285	0.00109307292916	0.000751513523698
AATANNAA	17152	170078	171472	320	197	7.30808903122	0.00187795631404	0.00114755721767	0.000730399096372
