#Sequence	Occurrence	Forward Match	Backward Match	Forward Mismatch	Backward Mismatch	Strand Bias Score	FER (Forward Error Rate)	RER (Reverse Error Rate), ERD (Error rate Difference)
GGGT	1080	288465	293562	5327	1089	9223372036854775807	0.0181318756127	0.00369589785882	0.0144359777539
AGGT	1258	348913	347929	5230	1501	9223372036854775807	0.0147680456765	0.00429556706637	0.0104724786101
NGGT	5433	1466997	1481801	19661	5986	9223372036854775807	0.0132249649886	0.00402342539624	0.00920153959234
CGGT	1424	364850	371719	4547	1564	9223372036854775807	0.0123092499398	0.00418985059593	0.00811939934384
CGGG	1030	245043	254779	2908	1309	145.689148091	0.0117281237019	0.00511152416357	0.00661659953829
GNGT	4193	1138614	1143270	12027	4810	9223372036854775807	0.0104524347733	0.00418960351195	0.00626283126136
GGGN	4474	1182636	1196517	12565	5410	9223372036854775807	0.0105128760769	0.00450110530839	0.00601177076852
TGGT	1671	464769	468591	4557	1832	256.94709428	0.00970966875903	0.00389436740976	0.00581530134927
GGGG	1010	270018	274018	2850	1346	122.29548333	0.0104446105809	0.00488807542017	0.00555653516077
ANGT	4210	1173444	1170574	11201	5279	9223372036854775807	0.00945515323156	0.00448950676658	0.00496564646498
NNGT	18221	5016203	5024302	44860	21594	9223372036854775807	0.00886375055991	0.00427951745339	0.00458423310652
AAGG	1588	431302	432752	3891	1939	143.74685963	0.00894086072156	0.00446063985682	0.00448022086475
GAGT	944	267895	264801	2383	1184	85.210382461	0.00881684783815	0.00445137883715	0.004365469001
CGGN	5558	1355746	1383509	12272	7009	9223372036854775807	0.00897064219915	0.00504056761581	0.00393007458334
CNGT	5141	1400711	1398758	11713	6209	9223372036854775807	0.00829283557912	0.00441932088085	0.00387351469827
NGGG	4474	1190663	1199871	10695	6078	283.306127985	0.0089024254219	0.00504001412995	0.00386241129195
ACGT	824	224336	224810	1743	886	61.8817392523	0.00770969439886	0.00392563448178	0.00378405991708
NGGN	21756	5726340	5777975	49152	27603	9223372036854775807	0.00851044378557	0.00475456535077	0.0037558784348
TAGT	508	153409	150110	1144	553	42.8160436763	0.00740199154982	0.00367044330725	0.00373154824258
TNGT	4677	1303434	1311700	9919	5296	9223372036854775807	0.00755242497638	0.00402127265383	0.00353115232255
CCGT	1184	311038	306579	2596	1464	65.8314803671	0.0082771638279	0.00475258324325	0.00352458058465
AGGN	5044	1375551	1376779	11448	6575	286.719400699	0.00825379109862	0.0047529410404	0.00350085005822
GNGG	5112	1324503	1330382	11320	6662	266.242202303	0.00847417659376	0.00498263333144	0.00349154326232
GGGA	1114	304142	305602	2375	1315	68.040958598	0.00774834674749	0.00428454598475	0.00346380076274
GCGG	1561	360957	370245	3108	1890	72.1174236361	0.00853693708541	0.00507880204764	0.00345813503777
GCGT	1276	328301	329022	2600	1471	69.3328883916	0.0078573349733	0.00445092634337	0.00340640862993
NAGT	3798	1081480	1076122	8664	4922	219.89738764	0.00794757389849	0.00455300616811	0.00339456773038
AAGT	1092	299868	302096	2606	1595	55.2846340779	0.00861561654886	0.00525204895766	0.0033635675912
NCGT	4447	1173764	1174127	9064	5129	237.237968017	0.00766299073069	0.00434935247308	0.0033136382576
GGNT	5674	1521031	1539837	11273	6410	9223372036854775807	0.0073568952375	0.00414552138177	0.00321137385573
GTGG	1300	350137	349649	2683	1569	63.8754774803	0.00760444419251	0.00446731090092	0.00313713329158
CNGG	6456	1676140	1686111	13274	8191	267.801498636	0.00785716230598	0.00483443919679	0.00302272310919
NAGG	5044	1382238	1381725	10826	6780	201.784029319	0.00777135867412	0.00488294964728	0.00288840902683
CTGG	2229	602890	600931	4393	2650	93.2087983969	0.00723385966675	0.00439046292047	0.00284339674628
NNGG	21756	5757744	5780054	43800	27927	9223372036854775807	0.0075497143519	0.0048083834985	0.0027413308534
ANGG	5389	1468386	1468646	10914	6940	192.542217146	0.00737781383087	0.00470321621376	0.0026745976171
CAGG	1671	452228	453570	3471	2260	57.20674142	0.00761686990755	0.00495798872387	0.00265888118368
TCGT	1163	310089	313716	2125	1308	45.2147431801	0.00680622906084	0.0041520646046	0.00265416445623
AGGG	1096	304219	304542	2352	1558	36.0860233482	0.00767195853489	0.00508983992159	0.0025821186133
CAGT	1254	360308	359115	2531	1590	46.8847115035	0.00697554562768	0.00440803426623	0.00256751136145
GTGT	893	253953	255885	1717	1066	35.0566124851	0.00671568819181	0.0041486509101	0.00256703728171
GNGN	20520	5357875	5378639	39419	26030	9223372036854775807	0.00730347466712	0.00481620613584	0.00248726853128
TTTC	1694	445637	455674	2539	1460	69.4744361128	0.00566518510585	0.00319381188011	0.00247137322575
CGNT	5872	1517472	1536974	10306	6601	187.171578966	0.00674574447335	0.0042764361952	0.00246930827815
NTGG	6680	1820484	1820131	12563	8047	214.975490089	0.00685361586473	0.00440165016754	0.00245196569719
TGGN	6680	1812407	1821170	12867	8609	188.183158604	0.00704935259035	0.00470493977688	0.00234441281347
GAGG	1241	343391	336470	2679	1857	29.7134294947	0.00774120842604	0.00548877269624	0.0022524357298
AGNT	5261	1459587	1457416	9795	6598	135.01532922	0.00666606777543	0.0045067875034	0.00215928027203
NGNT	23587	6384800	6424920	41271	27518	9223372036854775807	0.0064224313737	0.00426474458182	0.00215768679188
CGGA	1187	304013	308047	2325	1721	22.2359814731	0.00758965587031	0.00555577077038	0.00203388509993
TTGG	1630	443177	449173	2814	1933	39.0593730818	0.006309544363	0.00428502391899	0.00202452044401
NCGG	5558	1364359	1378327	9716	7022	100.959689939	0.00707093863144	0.00506875884705	0.00200217978439
ATTC	1038	286114	289899	1467	919	29.857492914	0.00510117149603	0.00316005199128	0.00194111950475
AAAG	1805	499404	498119	3294	2317	37.3286663892	0.00655264194407	0.00462996267255	0.00192267927152
TGGG	1338	371383	366532	2585	1865	24.1922175654	0.00691235613742	0.00506247336433	0.00184988277309
NGGA	5076	1380218	1390175	9432	6994	83.2636665272	0.00678732054834	0.00500583680285	0.00178148374549
ATGG	1521	424280	420378	2673	1895	28.1647701074	0.0062606422721	0.0044876181996	0.0017730240725
AANG	6047	1654903	1648777	10469	7628	95.4088355844	0.00628628318478	0.00460515393276	0.00168112925201
TNGG	4799	1288715	1294915	8292	6134	73.2576939183	0.00639318060735	0.00471465717279	0.00167852343456
CTNG	5368	1430217	1431101	8869	6466	82.970616297	0.00616293953245	0.00449787731633	0.00166506221613
GCGN	6036	1439447	1456491	9940	7617	73.6758780304	0.00685807172274	0.00520248506258	0.00165558666016
ANGN	21116	5751664	5749938	36872	27518	294.425640032	0.0063698316811	0.00476299603147	0.00160683564963
CNGN	24930	6479929	6499168	42357	32211	9223372036854775807	0.00649419544007	0.00493173034362	0.00156246509644
TCGG	1287	318838	320277	2108	1612	15.7246536306	0.00656808310432	0.00500793751883	0.00156014558549
NTTC	6154	1651456	1674645	8338	5828	105.24237503	0.00502351496632	0.00346807119186	0.00155544377445
AAGN	5968	1633045	1635328	10361	7879	74.9874137436	0.0063045893711	0.00479489193997	0.00150969743113
ACGG	1184	308585	310974	1998	1548	14.0282257764	0.00643306298155	0.00495325129111	0.00147981169044
ATCC	1386	381349	377430	1780	1205	23.7203018047	0.00464595475675	0.00318248445072	0.00146347030603
NTGT	4543	1293962	1292252	7471	5557	61.466287592	0.0057405951747	0.00428183191826	0.00145876325645
TGGA	1569	439737	444979	2851	2231	18.9621148376	0.00644165680046	0.00498870776593	0.00145294903453
TNGN	21018	5654128	5701711	34337	26297	246.621441487	0.00603625055265	0.00459095029197	0.00144530026068
GTTC	1595	432021	436915	2176	1569	23.8157983172	0.00501155005677	0.00357823774642	0.00143331231035
CCGG	1526	375979	376831	2502	1972	14.7669677647	0.0066106356726	0.00520587218158	0.00140476349101
TTNC	5857	1574488	1605209	7636	5515	84.4262806249	0.00482642321335	0.00342392613508	0.00140249707827
GAGN	5282	1441876	1433576	9167	7082	56.4472538902	0.00631752470464	0.0049158093038	0.00140171540084
GTGN	4728	1293916	1292055	7747	5921	53.3600531643	0.00595161727728	0.00456171762806	0.00138989964922
CTCG	1226	306285	310718	1810	1405	13.2381600312	0.00587481134066	0.00450143052579	0.00137338081487
TGTC	1299	353304	357594	1708	1240	18.2934510598	0.00481110497673	0.0034556368683	0.00135546810843
TTGT	1335	375167	379283	2093	1603	16.1831333158	0.00554789800138	0.00420860835	0.00133928965137
CGNG	4592	1107294	1116135	7479	6038	36.8366762348	0.00670898918435	0.00538063204158	0.00132835714276
GTCC	902	241627	242798	1175	870	11.0325961162	0.00483933410763	0.00357043189914	0.00126890220849
GAAG	1827	488714	487500	2949	2336	16.0025052462	0.00599801083262	0.00476894307483	0.0012290677578
NCGN	21398	5339789	5363864	33949	27465	155.64721471	0.00631757633141	0.00509429122207	0.00122328510934
TNTC	5382	1473682	1487729	6834	5067	61.6811653116	0.00461595821997	0.00339430169963	0.00122165652034
NAAG	5968	1639868	1635290	9774	7749	50.5582289952	0.00592492189214	0.00471626053916	0.00120866135298
TAAG	661	198070	194409	1027	771	7.68282058388	0.0051582896779	0.00395019981555	0.00120808986234
GAAC	1595	433121	435137	2071	1555	17.3803055749	0.00475881909594	0.00356086211792	0.00119795697802
NAGN	20612	5655044	5650885	33945	27087	166.841354015	0.00596678952974	0.00477054131299	0.00119624821675
CTGT	1279	364515	361345	2039	1591	12.0243062724	0.00556261833181	0.0043836929927	0.00117892533911
CCGN	5558	1371089	1364938	8947	7288	36.1638105948	0.00648316420731	0.00531107849582	0.00117208571149
GGCT	1660	431189	436385	2582	2102	12.8294650962	0.0059524495644	0.00479375671343	0.00115869285098
GGGC	1270	320011	323335	2013	1660	8.98468048335	0.00625108687551	0.00510777088878	0.00114331598673
ATAC	792	235170	234258	937	669	10.3081109322	0.00396853968751	0.00284769311318	0.00112084657433
ATNC	4656	1284223	1283509	5930	4481	44.6316513348	0.00459635407583	0.00347906427845	0.00111728979739
TACC	987	283210	275225	1237	894	10.7892705348	0.00434878905385	0.00323773445507	0.00111105459878
TTCC	1461	396953	400087	1794	1363	14.4097900296	0.00449909341011	0.00339519242745	0.00110390098266
CGCT	1631	411951	417810	2452	2031	10.763068754	0.00591694558196	0.00483754564228	0.00107939993968
TAGN	2455	705122	704772	3728	2964	19.7901582228	0.00525922268463	0.00418800230594	0.00107122037869
NTCC	5076	1384133	1385124	6220	4745	44.3345267428	0.00447368402125	0.00341399081496	0.00105969320629
TGNT	6780	1886710	1890693	9897	7909	50.1083550719	0.00521826609308	0.0041656966547	0.00105256943838
GGNN	21756	5729532	5759859	34108	28336	123.336702807	0.00591778806449	0.00489548123379	0.0010223068307
TTGN	6526	1780348	1809230	9610	7910	43.0011021787	0.00536884105661	0.00435299426571	0.00101584679089
ACGN	4447	1173002	1175896	6930	5746	25.606775739	0.00587321981267	0.00486272492007	0.0010104948926
NTNG	21018	5674582	5686720	31522	25797	127.638049282	0.00552425963495	0.00451587277552	0.00100838685942
ATGT	1036	300327	295739	1622	1297	7.58776914675	0.00537176808004	0.00436647409742	0.00100529398262
TCGN	5357	1356251	1366539	8132	6814	28.4087884212	0.00596020325671	0.00496157943369	0.000998623823018
GTNC	4413	1209174	1214603	5684	4500	32.0499710675	0.00467873611566	0.00369123855819	0.000987497557475
CCCG	1030	253344	245971	1540	1251	5.4974806322	0.00604196418763	0.00506022926762	0.000981734920009
GTNG	5140	1380461	1378533	7582	6237	28.9934734668	0.00546236679988	0.00450399705366	0.000958369746213
NANG	21116	5768180	5755028	32962	27491	105.674447843	0.00568198468508	0.00475415644981	0.000927828235274
CGNN	21397	5337850	5376453	31859	27049	93.8460520481	0.00593309618827	0.00500582770211	0.000927268486158
NTGN	23818	6522423	6536732	35939	29901	123.947431392	0.00547987439547	0.00455347512188	0.000926399273589
TTAC	903	259519	263948	1050	824	7.55400440008	0.00402964282014	0.00311211155258	0.000917531267555
TTGC	1799	472379	485500	2253	1868	11.1223498198	0.00474683544304	0.00383283268495	0.000914002758085
CNNG	22232	5794216	5786992	33732	28390	99.1731830553	0.0057879720272	0.00488188050243	0.000906091524771
CTGN	6907	1878093	1873512	10449	8752	32.6570888299	0.00553283961913	0.00464971969926	0.000883119919879
ANTC	4034	1121698	1125389	4981	4032	23.3517836779	0.00442095752206	0.00356997080805	0.000850986714011
CGAT	1438	372517	374306	1928	1617	7.02338249281	0.00514895378494	0.00430141278932	0.000847540995614
TATC	1092	313380	312542	1276	1006	7.56146458788	0.00405522221092	0.00320844017503	0.000846782035893
NTNC	20624	5600156	5641224	25463	20857	107.860484886	0.00452625746607	0.0036836279806	0.000842629485471
CAGN	6907	1875001	1877209	10689	9162	26.8667199595	0.00566848209409	0.00485694489578	0.000811537198306
TANC	3637	1033145	1025976	4365	3497	20.4756398037	0.00420718836445	0.00339688364824	0.000810304716214
GNGA	5305	1417620	1417492	8305	7151	19.6222914292	0.00582428949629	0.00501950313166	0.00080478636463
GTAC	782	234770	235191	979	792	5.06422731992	0.00415272175068	0.00335617396168	0.000796547788992
TAGC	795	217108	219969	938	778	4.38650381501	0.00430184456491	0.00352439670754	0.000777447857365
GANG	6437	1721429	1718300	9908	8547	22.2119141967	0.00572274490755	0.00494948307522	0.000773261832325
AGAC	990	270712	271023	1140	933	5.25363755091	0.0041934582052	0.00343070202533	0.000762756179872
TGAC	1419	383617	392114	1705	1442	6.87551482712	0.00442487062768	0.00366402748275	0.000760843144936
TNNC	21323	5728650	5785724	26060	21897	88.6891025772	0.00452846450994	0.00377039066427	0.000758073845674
GGNG	5817	1504073	1510340	9204	8098	17.2856209122	0.00608216473256	0.00533311205331	0.000749052679256
TTNG	5384	1455245	1474671	7679	6672	19.3235696647	0.00524907650705	0.00450402101336	0.000745055493686
AATC	1142	314605	316354	1368	1144	5.33068601422	0.0043294838483	0.00360317230345	0.000726311544856
GNNT	19919	5415424	5436973	28374	24539	64.6995459429	0.0052121698858	0.00449307810731	0.000719091778496
GGAT	1386	377342	381074	1928	1671	5.27386259413	0.00508344978511	0.00436583103633	0.000717618748784
CATC	2098	575201	571880	2384	1961	9.24666995836	0.00412753101275	0.00341732291698	0.000710208095776
TNAC	4486	1250109	1265360	5149	4313	19.2718335423	0.00410194557613	0.0033969376367	0.00070500793943
GNNG	24927	6467287	6475540	36839	32303	66.8413934317	0.00566394316469	0.00496370302725	0.000700240137438
AGAG	1286	370612	365231	1912	1631	4.68671352578	0.00513255521792	0.00444581341213	0.000686741805791
ANAG	5256	1495130	1476941	7790	6683	16.4864280851	0.0051832432864	0.0045045105768	0.000678732709599
TCAC	1401	387526	391058	1480	1228	6.35619267588	0.00380456856707	0.00313036916943	0.000674199397633
CANG	5816	1571558	1568954	8769	7686	16.0071392826	0.00554885159844	0.00487492388878	0.000673927709659
ANNG	21327	5845863	5796009	31988	27800	57.1419584255	0.00544212502154	0.00477350819713	0.000668616824416
NATC	5856	1608143	1604247	6849	5753	21.0941773678	0.00424088788056	0.00357329192547	0.000667595955093
ATNG	5126	1408659	1402415	7392	6422	14.77795651	0.00522015096914	0.00455836977592	0.000661781193217
NNTC	21945	5938565	5959719	26209	22375	69.7279550485	0.00439396362712	0.00374032905534	0.000653634571777
TGNC	6524	1702275	1727537	8349	7371	17.4640652081	0.00488067512206	0.00424864027372	0.00063203484834
NAAC	5527	1521935	1524268	6830	5879	16.705358035	0.00446765853483	0.00384211451579	0.000625544019036
TNCC	5266	1414841	1418335	6315	5460	14.8601972048	0.00444356566063	0.00383482172644	0.000608743934189
GNAC	4413	1208141	1214214	5435	4720	12.6139678022	0.00447849990441	0.00387223590449	0.000606263999928
CTTC	1827	487684	492157	2156	1880	5.39338999263	0.00440143720398	0.00380538299763	0.000596054206355
ANAC	4182	1173667	1169931	4925	4210	12.5531959181	0.00417871494122	0.00358560002589	0.000593114915327
NGAC	4653	1224651	1240714	5473	4861	10.5593765236	0.00444914496425	0.00390261525801	0.000546529706234
NGGC	6773	1688462	1706128	9364	8545	10.9535166904	0.00551528837466	0.00498345748723	0.000531830887433
NGNG	20520	5381302	5375238	31126	28224	31.0907858685	0.00575083862547	0.0052233179395	0.000527520685976
CNCG	4592	1114711	1110016	6290	5684	6.89756142196	0.00561105654678	0.00509455946939	0.000516497077391
TNGC	6189	1590018	1614300	7762	7057	10.6522700549	0.00485799046177	0.00435252692652	0.000505463535247
NGTC	4653	1236369	1231227	5507	4871	8.72719400585	0.00443442018366	0.00394062606687	0.000493794116792
ANNC	19919	5419951	5416865	24204	21513	35.092650426	0.00444586900997	0.0039557750491	0.00049009396087
ATGN	5657	1570066	1561935	8133	7318	9.2773665576	0.00515334251257	0.00466336530821	0.000489977204366
NTCG	5357	1357189	1358656	7085	6432	7.8115812094	0.00519323830843	0.00471178414871	0.000481454159719
NTAC	3313	968724	971306	3811	3352	7.45481793455	0.00391862503663	0.00343915506773	0.000479469968905
GANC	6092	1610191	1620963	7633	6901	9.95403878044	0.00471806574757	0.00423929763174	0.000478768115829
NNAC	18221	5010183	5033807	21014	18724	32.0725663191	0.00417673965062	0.00370586543655	0.000470874214073
ANCC	5674	1535405	1523739	6866	6150	8.22943992093	0.00445187648604	0.0040198994829	0.000431977003135
NANC	23587	6394437	6392895	28268	25568	30.2834912914	0.00440126083947	0.00398350820126	0.000417752638212
GCNG	7533	1861324	1868367	10145	9421	7.22157234048	0.00542087525895	0.00501707327984	0.000403801979117
TNGA	5353	1471961	1480796	8364	7810	5.61857064238	0.0056501106176	0.00524651922671	0.000403591390888
TTTN	6382	1733903	1767309	8034	7491	7.48647936988	0.00461210709687	0.00422075726842	0.000391349828445
CNTC	6437	1722394	1726931	7192	6608	6.485277231	0.00415822052214	0.003811855401	0.000346365121133
GNAG	5698	1535540	1526197	7914	7354	4.45285594837	0.00512746087671	0.00479540621733	0.000332054659374
NTTG	6526	1788297	1802123	8787	8251	5.35428002198	0.0048895877989	0.00455762179528	0.000331966003625
AANC	6026	1640900	1645100	7236	6713	5.29322562156	0.00439041438328	0.00406401935328	0.000326395029999
GNTC	6092	1620791	1619670	7202	6668	5.11763220074	0.00442385194531	0.00410000873127	0.000323843214037
NGNC	22852	5843128	5880753	28418	26707	14.9682300963	0.00483995186276	0.00452089392057	0.000319057942195
NACC	5433	1474706	1467443	6376	5893	4.32703231187	0.00430496083269	0.00399976651626	0.000305194316429
TGNN	23818	6515399	6536871	32528	30639	14.576719898	0.00496767908378	0.00466523842369	0.000302440660082
GNNC	21414	5590701	5617081	26589	25076	12.1265665	0.0047334212761	0.00444439954436	0.000289021731737
NNCC	21756	5748962	5745897	26073	24393	12.8587695323	0.00451477783252	0.00422734385967	0.000287433972848
AGNN	20612	5654814	5635087	29152	27486	10.2804493183	0.00512881322654	0.00485397715844	0.000274836068099
TNNG	19098	5217561	5220369	25856	24455	9.48934082361	0.00493113555531	0.00466269220855	0.00026844334676
CANC	7832	2110201	2100856	9034	8457	4.29679968242	0.00426285900337	0.00400936229	0.00025349671337
NNAG	20613	5679543	5639170	28109	26473	9.11129985687	0.00492479219125	0.00467254996476	0.000252242226494
NCNG	24930	6500863	6461924	32805	31436	5.42546074992	0.00502091627551	0.00484125321867	0.000179663056841
NNGC	25661	6517200	6563870	31654	30707	5.51703574816	0.00483351743679	0.00465640176769	0.000177115669096
CNNT	21327	5846191	5842198	28417	27371	4.83295756491	0.0048372589286	0.00466320440223	0.000174054526365
