#Sequence	Occurrence	Forward Match	Backward Match	Forward Mismatch	Backward Mismatch	Strand Bias Score	FER (Forward Error Rate)	RER (Reverse Error Rate), ERD (Error rate Difference)
CGGCGGGT	310	15548	23749	5627	16	9223372036854775807	0.265737898465	0.000673258994319	0.265064639471
TGGCGGGT	277	13886	21386	4800	8	9223372036854775807	0.256876806165	0.000373936617743	0.256502869547
GGCGGGGT	189	10847	14342	3108	13	9223372036854775807	0.222715872447	0.00090560780216	0.221810264645
NGGCGGGT	881	49007	68006	13036	47	9223372036854775807	0.210112341441	0.000690638179066	0.209421703262
CGGNGGGT	453	26597	35038	5971	24	9223372036854775807	0.183339474331	0.000684501739775	0.182654972591
AGGCGGGT	162	10569	13095	1920	13	9223372036854775807	0.153735287053	0.00099176075679	0.152743526296
GGNGGGGT	325	20783	25267	3445	19	9223372036854775807	0.142190853558	0.000751403938939	0.141439449619
TGGNGGGT	516	33055	41280	5327	38	9223372036854775807	0.138789015684	0.000919696016264	0.137869319668
GGCGGGGA	248	14868	18494	2248	22	9223372036854775807	0.13133909792	0.00118816158998	0.13015093633
NGGNGGGT	1488	97374	117779	14383	94	9223372036854775807	0.128698873449	0.000797468461819	0.127901404987
GGCGGGGN	764	47272	56665	6244	71	9223372036854775807	0.1166753868	0.00125141003948	0.115423976761
NGCGGGGT	457	31523	35818	3594	32	9223372036854775807	0.102343594271	0.000892608089261	0.101450986181
GNCGGGGT	499	34303	38829	3882	33	9223372036854775807	0.101662956658	0.000849158561062	0.100813798097
CGGCGGGA	375	23361	27906	2595	22	9223372036854775807	0.0999768839575	0.000787739902607	0.0991891440549
CGGCNGGT	1068	72437	83465	7900	63	9223372036854775807	0.0983357606084	0.000754238099799	0.0975815225086
AGGNGGGT	285	20768	23455	2157	17	9223372036854775807	0.0940894220284	0.000724267211997	0.0933651548164
TGNCGGGT	763	52374	60242	5406	33	9223372036854775807	0.0935617860852	0.000547490667773	0.0930142954174
CGGCGGGN	1459	91132	107138	9429	110	9223372036854775807	0.0937639840495	0.00102566015217	0.0927383238973
CNGCGGGT	978	66071	75580	6607	46	9223372036854775807	0.0909078400616	0.00060825641975	0.0902995836419
TNGCGGGT	815	56712	65352	5479	34	9223372036854775807	0.0880995642456	0.000519988988468	0.0875795752572
GCGGGGGT	77	5285	5898	514	7	115.24524822	0.0886359717193	0.00118543607113	0.0874505356481
CGNCGGGT	991	66853	75922	6433	93	9223372036854775807	0.0877793848757	0.00122344274156	0.0865559421341
TGGCNGGT	1077	75492	84651	6590	78	9223372036854775807	0.0802855680904	0.000920582091138	0.0793649859993
TGGCGGGN	1426	92371	107786	8141	250	9223372036854775807	0.0809953040433	0.00231404346699	0.0786812605763
GGCNGGGT	739	52685	58190	4443	55	9223372036854775807	0.0777727209074	0.000944287063267	0.0768284338442
TGGCGGGA	338	23117	26525	1957	48	9223372036854775807	0.0780489750339	0.00180634478606	0.0762426302478
ACGGCGGT	397	27452	31191	2237	28	9223372036854775807	0.0753477719021	0.000896889714597	0.0744508821875
NGNCGGGT	2771	195528	217253	15500	203	9223372036854775807	0.0734499687245	0.000933522183798	0.0725164465407
GGNGGGGA	497	34385	38653	2679	43	9223372036854775807	0.0722803798834	0.00111122596651	0.0711691539169
GGGCGGGT	132	9004	9776	689	10	151.100815222	0.0710822242856	0.00102186797466	0.0700603563109
NGGCGGGN	4219	279723	315648	21159	528	9223372036854775807	0.070323249646	0.00166995597389	0.0686532936722
GTGGCGGT	318	20927	24553	1551	15	9223372036854775807	0.069000800783	0.000610550309345	0.0683902504736
NGGCNGGT	3532	251701	277570	18452	253	9223372036854775807	0.0683020362535	0.000910651745896	0.0673913845076
TCGGCGGT	374	25900	29334	1839	14	9223372036854775807	0.0662965499838	0.000477034210168	0.0658195157736
NNGCGGGT	3309	235192	258802	16649	153	9223372036854775807	0.066109172057	0.00059083624568	0.0655183358113
NGGCGGGA	1061	73072	81602	5169	107	9223372036854775807	0.0660651065298	0.00130952526649	0.0647555812633
GGCGGGGC	200	12503	14324	884	28	195.387403631	0.0660342122955	0.00195094760312	0.0640832646924
NGNGGGGT	897	65460	72033	4497	54	9223372036854775807	0.064282344869	0.00074909484373	0.0635332500253
CGGNGGGA	590	40611	45285	2781	39	9223372036854775807	0.0640901548673	0.000860471273497	0.0632296835938
GGNGGGGN	1566	108458	120105	7107	139	9223372036854775807	0.0614978583481	0.0011559828349	0.0603418755132
TGGCGNGT	1159	82624	90875	5298	76	9223372036854775807	0.0602579559155	0.000835614781586	0.0594223411339
CGGNGGGN	2332	157169	174086	10089	200	9223372036854775807	0.0603199846943	0.00114753910239	0.0591724455919
ATGGCGGT	448	31097	35805	1985	36	9223372036854775807	0.0600024182335	0.00100443626015	0.0589979819733
CGGCGNGT	1472	103001	111533	6449	111	9223372036854775807	0.058921882138	0.000994231664935	0.057927650473
NCGGCGGT	1971	135954	149056	8342	86	9223372036854775807	0.0578117203526	0.000576631666466	0.0572350886861
GGGACCCA	6	544	584	33	0	10.2263759555	0.0571923743501	0.0	0.0571923743501
AGNCGGGT	524	39273	42613	2402	35	9223372036854775807	0.0576364727055	0.0008206715438	0.0568158011617
GGCGGTTA	293	19881	22888	1220	30	277.299861704	0.0578171650633	0.00130901474823	0.056508150315
GNNGGGGT	1334	99805	106918	6077	101	9223372036854775807	0.0573940802025	0.000943757650511	0.056450322552
CNGNGGGT	1845	134478	145382	8077	112	9223372036854775807	0.0566588334327	0.000769791194139	0.0558890422386
GCGGGAGT	110	7939	8918	475	6	109.482681303	0.0564535298312	0.000672344240251	0.055781185591
TNGNGGGT	1520	115142	125224	6671	100	9223372036854775807	0.0547642698234	0.000797931760876	0.0539663380625
GCGGCGGT	779	52650	57083	2994	21	9223372036854775807	0.0538063403062	0.000367750070048	0.0534385902362
CGGGGGGT	17	1254	1416	69	0	22.2148557998	0.0521541950113	0.0	0.0521541950113
NNCGGGGT	1319	98614	104877	5496	96	9223372036854775807	0.052790317933	0.000914520876797	0.0518757970562
CGGCAGGT	338	25624	27475	1417	27	9223372036854775807	0.0524019082135	0.000981746782052	0.0514201614314
GNGGCGGT	1461	100007	109073	5441	57	9223372036854775807	0.051598892345	0.0005223128379	0.0510765795071
GGGNGGGT	234	16954	18006	928	15	199.853932301	0.0518957611005	0.000832362244049	0.0510633988565
ANGGCGGT	1214	86772	95662	4740	94	9223372036854775807	0.0517964857068	0.000981661723547	0.0508148239832
CGGGGAGT	75	5217	5841	284	6	64.1730699479	0.0516269769133	0.00102616726526	0.050600809648
