#Sequence	Occurrence	Forward Match	Backward Match	Forward Mismatch	Backward Mismatch	Strand Bias Score	FER (Forward Error Rate)	RER (Reverse Error Rate), ERD (Error rate Difference)
CTNNTTTT	3223	11933	12284	117	34	11.0704637332	0.00970954356846	0.00276018834226	0.0069493552262
CNNCTTTT	1106	5916	6078	48	7	7.37342397983	0.00804828973843	0.00115036976171	0.00689791997672
NTATTTTT	6433	10763	11379	100	36	7.9479479333	0.00920556015834	0.00315374507227	0.00605181508606
TTTTTTNT	27972	32918	38449	611	494	8.8009588275	0.0182230308092	0.012685206584	0.00553782422517
NTTTTTTT	28726	33985	39441	638	517	8.76954661111	0.0184270571585	0.0129385855148	0.00548847164375
TNTTTTTT	28426	33338	38987	612	499	8.53111554093	0.0180265095729	0.0126373904675	0.00538911910539
NTNTTTTT	38624	56019	62722	829	588	16.5814768309	0.0145827469744	0.00928763228558	0.00529511468881
CNNTTTTT	4257	16129	16759	141	62	7.99855087073	0.00866625691457	0.00368586885441	0.00498038806016
TTNTTTTT	28049	34039	39300	582	472	7.81756130278	0.0168106062794	0.0118676455798	0.00494296069962
NNTTTTTT	38370	56923	64280	872	659	14.0615268657	0.0150878103642	0.0101479850321	0.00493982533211
ANNTTTTT	12210	25445	27125	251	132	10.4838891147	0.00976805728518	0.00484279267711	0.00492526460807
NTANTTTT	10264	21432	22181	161	61	11.2328179274	0.0074561200389	0.00274255912238	0.00471356091652
NATNTTTT	13466	27898	29963	251	136	10.0337936793	0.00891683541156	0.00451842253895	0.00439841287261
ATNTNTTT	17108	26810	27670	223	107	10.3790385637	0.0082491769319	0.00385210785902	0.00439706907288
NTTTTTNT	38218	56160	62815	798	615	11.3242734717	0.0140103233962	0.0096957275737	0.00431459582248
NNCTTTTT	3921	13872	14350	95	36	6.81631231678	0.00680174697501	0.0025024329209	0.00429931405412
ANTNTTTT	11258	23983	25030	204	105	8.52552534702	0.00843428287923	0.0041774418142	0.00425684106503
TNTTTTNT	38167	54732	61491	776	604	10.7823470789	0.0139799668516	0.00972703116193	0.0042529356897
NTATNTTT	14881	24134	24885	168	68	10.5742222381	0.00691301127479	0.00272512323168	0.00418788804312
NCNTTTTT	4886	18108	18861	141	67	7.03391379792	0.00772645076443	0.00353972950127	0.00418672126316
TNTNTTTT	38975	55287	61873	747	575	10.73685674	0.0133311917764	0.00920766077376	0.00412353100266
TNNTTTTT	37408	56281	62890	760	587	10.6615403521	0.0133237495836	0.00924744395608	0.00407630562755
ATNNTTTT	13054	27653	28672	208	98	10.1831459872	0.00746563296364	0.00340632603406	0.00405930692958
ATNTATNT	48665	25515	25436	170	66	10.577989574	0.00661864901694	0.00258803231119	0.00403061670574
NTATTTTN	12030	23322	24082	190	98	7.71268385954	0.00808097992514	0.004052936311	0.00402804361414
NTATATNT	49364	24862	24772	161	62	10.1547415216	0.00643408064581	0.00249657727309	0.00393750337271
NTTNTTTT	38201	56870	62909	746	578	9.79759478842	0.0129477922799	0.00910422606203	0.00384356621789
NNATTTTT	11834	27003	28325	198	99	8.92875718196	0.00727914414911	0.00348297213622	0.00379617201289
ATATNTNT	49850	28663	28579	192	82	10.2247702614	0.00665395945243	0.00286103066885	0.00379292878358
TTTTTNNT	36702	54978	61196	687	530	9.56593720762	0.0123416868769	0.00858633314973	0.00375535372713
TTNTTTNT	38466	55914	62067	723	575	8.52878819594	0.0127655066476	0.0091791449826	0.003586361665
ATNTTTNT	15236	27042	28218	197	105	7.64830223825	0.00723227724953	0.00370723440314	0.0035250428464
ANATNTTT	12215	22108	23034	138	62	7.62314104533	0.00620336240223	0.00268444752338	0.00351891487885
NTTTTNTT	38165	57667	63812	705	552	8.85630585451	0.0120777084904	0.0085762227332	0.00350148575717
AATNNTTT	7316	19468	19924	108	41	7.51368320979	0.0055169595423	0.00205359378913	0.00346336575317
TTNNTTTT	37040	57340	63240	694	545	8.44739478767	0.0119585070821	0.0085443286039	0.00341417847815
TTTNTTNT	37731	56524	62270	700	557	7.91120898731	0.0122326296659	0.00886561510179	0.00336701456409
TTTTNTNT	37514	54437	60635	666	539	7.36653959789	0.0120864562728	0.00881093274921	0.00327552352359
TNTTTNTT	39024	56249	62584	673	541	7.65871031414	0.0118231966551	0.0085702970297	0.00325289962537
NTTTNTTT	39291	56599	62712	695	565	7.25073701015	0.0121304150522	0.00892899473742	0.00320142031476
TNTTNTTT	37977	56138	62108	662	538	6.88643372397	0.0116549295775	0.00858793857549	0.00306699100198
TTTNTNTT	37413	55275	60942	619	496	6.84689557947	0.0110745339392	0.00807317946548	0.00300135447376
ATNTNTAT	46388	26231	26458	145	68	6.84013796855	0.0054974218987	0.00256352258162	0.00293389931708
TTNTTNTT	39632	61110	66709	656	522	7.07601132903	0.0106207298514	0.00776427540867	0.00285645444271
