#Sequence	Occurrence	Forward Match	Backward Match	Forward Mismatch	Backward Mismatch	Strand Bias Score	FER (Forward Error Rate)	RER (Reverse Error Rate), ERD (Error rate Difference)
NCCC	4640	30588	30074	259	148	6.85062032145	0.00839627840633	0.00489709483158	0.00349918357475
TTTT	91887	218519	231768	1797	1113	45.0872394491	0.00815646616678	0.00477926494647	0.0033772012203
TTGG	3888	24806	25328	127	69	4.59067347968	0.00509365098464	0.00271685632161	0.00237679466303
NTTT	166018	469886	486393	2506	1552	57.0880832921	0.00530491625599	0.00318068634785	0.00212422990814
CCTT	6121	35171	35303	102	30	9.23531483681	0.00289173021858	0.000849064613817	0.00204266560476
CTTC	5949	38416	37522	166	94	4.58578567247	0.00430252449329	0.00249893662271	0.00180358787057
TNTT	179381	494155	508917	2333	1490	46.9265290839	0.00469900581686	0.00291923896028	0.00177976685658
TTNT	177214	480389	495423	2548	1777	36.1993199003	0.00527605049934	0.00357401448109	0.00170203601825
ATCT	8461	42216	41795	138	73	4.82179698392	0.00325825187704	0.00174357504538	0.00151467683166
AAAT	49016	136904	138720	698	517	7.13216655029	0.00507260068894	0.00371309350245	0.0013595071865
NTGG	12079	76520	78923	294	197	5.51685672672	0.0038274272919	0.00248988877654	0.00133753851536
CTTT	14676	66360	66907	187	101	6.40660396613	0.00281004402903	0.00150728271251	0.00130276131652
NTNT	418065	1147895	1168361	4537	3132	62.4582899322	0.00393689172116	0.00267351149345	0.00126338022771
ATTT	49016	138453	139939	398	230	10.9506311522	0.002866381949	0.00164087637067	0.00122550557833
NNTT	336980	1128484	1149822	3739	2459	63.7957818112	0.0033023529817	0.00213402807128	0.00116832491042
NTCT	29707	150807	150411	467	291	9.56016178354	0.00308711344977	0.00193096309273	0.00115615035704
CTNC	12062	81445	79493	277	178	4.82589207887	0.00338954014831	0.00223418809856	0.00115535204975
TTCT	15358	69900	69859	218	138	4.52772681699	0.00310904475313	0.00197151306485	0.00113753168828
TCTT	16142	79241	78649	182	93	6.79385783619	0.00229152764313	0.00118107236291	0.00111045528022
CCTN	13133	86969	86445	251	154	5.59303873943	0.00287778032561	0.00177831152785	0.00109946879777
ATNT	182059	397810	400607	1268	840	20.4640700312	0.0031773237312	0.00209243063219	0.00108489309901
NCTT	33189	177386	176867	386	193	14.6853636985	0.00217132056792	0.00109002597989	0.00108129458802
CTNT	28794	139293	140326	375	239	7.50336739372	0.00268493856861	0.00170028100879	0.00098465755982
TNCT	32661	168348	167659	503	344	7.08563476986	0.00297895777934	0.00204758248365	0.000931375295698
TNNT	369963	1208603	1225387	4155	3174	32.553320979	0.00342607511144	0.00258351030189	0.00084256480955
CNTT	38582	187756	187477	396	239	9.1564601791	0.00210468132148	0.00127319994034	0.000831481381149
ANTT	95416	327698	331257	786	520	13.2635625996	0.00239281060874	0.00156731780684	0.000825492801896
TTTN	166018	467920	482839	3220	2923	6.22108979465	0.0068344865645	0.00601735006032	0.000817136504186
ATAT	106962	149255	149127	496	374	4.35314304563	0.00331216486033	0.00250165550732	0.000810509353014
NNCT	69330	400133	398855	1145	834	11.2496622571	0.00285338343991	0.00208662234888	0.000766761091033
NAAT	110010	333668	335885	1243	992	7.26257620734	0.0037114337839	0.00294469494801	0.000766738835893
ANAT	182059	397877	398402	1449	1147	8.52264490169	0.00362861421495	0.00287073675569	0.00075787745926
NTGT	39210	167295	169597	520	402	4.30009013419	0.00309865029944	0.00236471979247	0.000733930506968
CTTN	33189	177501	176569	522	395	4.33866500589	0.00293220538919	0.00223209240297	0.000700112986217
ANNT	333240	1026171	1032355	3046	2370	20.1837468675	0.00295953137191	0.00229046364976	0.000669067722145
AANT	95416	325882	328899	1131	923	5.73192361453	0.00345857809934	0.00279847917968	0.000660098919663
CNNT	77289	401434	401245	998	741	9.03537001821	0.00247992207379	0.00184334777828	0.000636574295511
NTTN	336980	1127206	1143379	5090	4561	8.87037965882	0.00449529098398	0.00397320417443	0.000522086809549
TTNN	336978	1126520	1141536	5214	4719	7.6796176897	0.00460708965181	0.00411688498633	0.000490204665484
CTNN	69330	403353	399635	1032	826	5.27260335035	0.00255202344301	0.00206262282719	0.000489400615814
NANT	259880	901911	908933	2348	1996	7.60492584287	0.00259660119501	0.00219116967404	0.000405431520976
ATNN	365794	1047719	1045325	2956	2586	5.94155260483	0.00281342946201	0.00246776682371	0.000345662638303
NNAT	365794	1044583	1047538	3066	2727	5.25401604037	0.00292655269083	0.00259648755314	0.000330065137693
