#Sequence	Occurrence	Forward Match	Backward Match	Forward Mismatch	Backward Mismatch	Strand Bias Score	FER (Forward Error Rate)	RER (Reverse Error Rate), ERD (Error rate Difference)
CCCC	1389	40831	53720	1424	1051	45.0023922478	0.0337001538279	0.0191889868726	0.0145111669553
GCGT	722	23226	25494	704	413	23.3678389531	0.0294191391559	0.0159416373953	0.0134775017606
CGGC	405	26401	26664	730	385	24.4173619411	0.0269064907302	0.0142334282229	0.0126730625073
ACCC	2770	47023	54901	1332	874	39.3529397748	0.0275462723607	0.0156701030928	0.0118761692679
AGGC	977	32433	28345	819	378	24.2275962614	0.0246300974377	0.0131601852174	0.0114699122203
GGCC	378	15650	15713	504	324	9.2381513714	0.03119970286	0.0202032799152	0.0109964229448
GGGC	479	21030	17323	599	296	12.0845403329	0.0276942993204	0.0168000454055	0.0108942539148
NCCC	6777	147956	177441	4365	3317	85.9121406091	0.028656587076	0.0183505017759	0.0103060853001
CCGC	420	24487	28452	595	392	17.5658854056	0.0237221912128	0.0135903480793	0.0101318431335
CATC	6854	121903	130711	2876	1826	68.1050391278	0.0230487501903	0.0137772848337	0.00927146535667
CAGC	1366	47993	48385	993	551	28.8447987809	0.0202710978647	0.0112596043812	0.00901149348346
GCTC	1141	32415	37077	754	521	17.9766785953	0.0227320691007	0.0138571200596	0.00887494904109
AGCC	905	27543	25808	671	395	12.5180238428	0.0237825193167	0.0150746097775	0.00870790953914
CCTC	2389	62406	80858	1396	1099	34.3065834445	0.0218801918435	0.0134094708201	0.00847072102345
CGAC	1106	55044	53282	1298	793	23.6222259485	0.0230378758298	0.0146648173833	0.00837305844649
NGGC	3139	130942	125212	3327	2091	49.9984015603	0.0247786160618	0.0164253788206	0.00835323724118
CNGC	3540	151946	160449	3409	2212	70.4439400808	0.0219432911718	0.0135988343856	0.00834445678621
GTGC	1891	70944	69833	1719	1091	28.8721035673	0.0236571570125	0.0153826631324	0.00827449388014
GNGC	3823	142190	133310	3391	2048	54.654989133	0.023292874757	0.0151302471963	0.00816262756068
GACC	2045	63398	64863	1496	985	26.0147121072	0.0230529787037	0.0149586927469	0.0080942859568
NATC	31379	418850	445231	10335	7258	159.554650178	0.0240805247154	0.0160401689323	0.00804035578317
CCNC	7079	254078	301860	6198	4864	102.493568681	0.0238131829289	0.0158579048265	0.0079552781024
AATC	8113	102159	108424	2429	1684	40.1193536845	0.0232244616973	0.0152940749083	0.00793038678905
CAAC	4812	112599	114259	2716	1820	41.6691498758	0.0235528769024	0.0156789772483	0.00787389965414
TATC	13242	136885	147754	3802	2888	44.5969870585	0.0270245296296	0.0191712802538	0.00785324937576
NCTC	9942	202210	237920	4774	3677	81.8894057586	0.0230645847022	0.0152195598455	0.00784502485667
CANC	15705	394737	421542	8980	6165	156.001583683	0.0222433040967	0.0144140731856	0.00782923091107
AAAC	12859	153585	152085	4255	2980	46.2323784205	0.0269576786619	0.0192177473963	0.00773993126568
CGNC	3443	172283	186018	4043	2877	64.3801188027	0.0229291199256	0.0152306837132	0.00769843621242
GGNC	4508	148136	143792	3704	2442	48.6155277824	0.0243940990516	0.0166992628253	0.0076948362263
AGNC	6834	184377	166948	4406	2668	59.2863508306	0.0233389659027	0.0157296481464	0.00760931775625
TCGT	3461	84810	93982	2116	1601	29.6417816204	0.024342544233	0.0167498404528	0.00759270378023
CNTC	17668	377954	443899	8636	6676	143.798613037	0.0223389120257	0.0148166232037	0.00752228882198
TCGC	838	31426	36976	727	568	12.4231994373	0.0226106428638	0.0151289154059	0.00748172745788
TCTC	4101	60173	69880	1567	1274	20.173096789	0.0253806284419	0.0179048261517	0.00747580229013
AANC	29156	409432	415075	10148	7081	126.630196534	0.0241860908528	0.0167734202522	0.00741267060053
CGTC	1449	61498	73634	1364	1076	23.6696254289	0.0216983233114	0.0144023557757	0.00729596753571
GTTC	5235	76295	79868	1885	1368	23.9150857078	0.0241110258378	0.0168398247083	0.00727120112955
GNCC	4508	142312	149552	3491	2540	43.9179831102	0.0239432659136	0.016700418168	0.00724284774564
ANCC	13627	238126	253342	6005	4484	70.3799222076	0.0245974497299	0.0173915741624	0.00720587556744
GNTC	11591	230829	239646	5398	3819	72.1943389437	0.0228509018867	0.0156860329	0.00716486898674
NAAC	33091	481265	478500	12301	8711	127.392234321	0.0249227053727	0.0178793171747	0.00704338819804
CNCC	6774	244867	291467	5884	4871	76.8842887456	0.0234655096091	0.0164373114484	0.00702819816072
NANC	86905	1464319	1514073	35031	25175	9223372036854775807	0.0233641244539	0.0163553891251	0.00700873532885
GGTC	2045	64216	64359	1531	1070	18.5892335584	0.0232862335924	0.0163536046707	0.0069326289217
GTNC	13142	272275	276941	6482	4599	76.3817722723	0.0232532277216	0.0163351566385	0.00691807108315
CNNC	40613	1152438	1294183	26539	20508	9223372036854775807	0.022510193159	0.0155991027549	0.00691109040404
NAGC	7744	200288	192290	4034	2505	64.9124125251	0.0197433462867	0.0128596729896	0.00688367329719
GNNC	33064	790089	796489	18548	13050	214.746418248	0.0229373625001	0.0161202857429	0.00681707675723
GAGC	1141	36668	32549	793	474	10.8812402103	0.021168682096	0.0143536323169	0.00681504977918
AACC	5234	88408	93655	2166	1630	24.3995538063	0.0239141475479	0.0171065750118	0.00680757253605
ANTC	24133	308953	323484	7438	5501	83.4429432509	0.0235088861567	0.0167211271031	0.00678775905363
NCGC	2292	94994	102480	2177	1630	27.8438520876	0.022403803604	0.0156565171453	0.00674728645863
AAGC	2950	65280	60911	1298	787	20.746682997	0.0194959295863	0.0127556808973	0.00674024868908
NNGC	23846	698791	702045	15678	10850	193.559070846	0.0219435692801	0.0152196326247	0.0067239366554
NNTC	94004	1382071	1521021	34142	26912	9223372036854775807	0.0241079555123	0.0173857654046	0.00672219010777
GCGC	312	13548	13605	280	187	4.69976939807	0.0202487706104	0.0135585846868	0.00669018592358
GCCC	479	17121	21214	488	456	4.68865171316	0.027713101255	0.0210429164744	0.00667018478065
GANC	11591	237173	232605	5312	3615	63.1505592641	0.021906509681	0.0153035306071	0.00660297907395
ANNC	82139	1209447	1220503	29545	21490	287.792003558	0.0238459973914	0.0173028350401	0.00654316235129
ACTC	2311	47216	50105	1057	783	13.423697456	0.0218962981377	0.015386731646	0.00650956649171
NCNC	34114	860366	958096	20637	16514	216.582462757	0.0234244378282	0.0169442135829	0.00648022424538
ACNC	11404	225770	233020	5364	3967	55.6396296899	0.0232073169676	0.0167393148147	0.00646800215291
AGAC	3079	78126	68627	1860	1172	18.0258932944	0.0232540694622	0.0167910715053	0.00646299795683
CTCC	2229	62454	77122	1414	1229	18.4256594257	0.0221394125384	0.0156858240482	0.00645358849017
NGNC	24980	767163	772744	18238	13222	179.497007096	0.0232212589493	0.0168226106473	0.00639864830197
TAAC	10185	135877	135305	3535	2615	29.5000825949	0.0253564972886	0.0189602668213	0.00639623046727
GTAC	4410	78893	79478	1875	1365	18.8842044862	0.0232146394612	0.0168845787514	0.00633006070977
ANAC	35675	467786	457022	11918	8635	97.1325451292	0.0248444874339	0.0185436920308	0.00630079540309
NGTC	9351	249037	266308	5775	4439	60.0170903416	0.0226637677974	0.0163953801889	0.00626838760855
GATC	3170	57903	58342	1228	860	15.371014762	0.0207674485464	0.0145265362657	0.00624091228078
NGAC	9351	264147	250202	6072	4128	59.3364920309	0.0224706626847	0.0162308811387	0.00623978154603
AGTC	1873	46275	44168	1056	723	11.0526317921	0.0223109589909	0.0161056781983	0.00620528079263
GGAC	1606	47240	46397	1070	752	11.5137314949	0.0221486234734	0.0159494368916	0.00619918658184
ATTC	11836	113303	120787	2896	2311	24.1085517167	0.0249227618138	0.0187736600107	0.00614910180306
TCCC	2139	42981	47606	1121	936	9.5491984621	0.0254183483742	0.019282271023	0.00613607735119
NNCC	40099	936030	1040207	22950	18866	203.101613934	0.0239316774072	0.0178136917852	0.00611798562207
TANC	30453	422977	444851	10591	8314	86.604196479	0.0244275407779	0.0183465183763	0.00608102240161
GCNC	3823	132505	143151	3050	2394	30.4858553376	0.0225000922135	0.016448521076	0.00605157113754
TTGC	3376	77222	81330	1838	1427	16.9848181088	0.0232481659499	0.0172432543471	0.00600491160285
GGCA	1373	56935	51198	1410	951	10.93373793	0.0241665952524	0.0182362077892	0.00593038746316
ANGC	8704	194582	186655	4184	2870	42.3757882014	0.0210498777457	0.0151431209603	0.0059067567854
NACC	14691	363916	398052	8361	6701	78.5075256804	0.0224590828872	0.0165557759918	0.00590330689543
NTGC	10671	272567	282063	6140	4624	58.4638108764	0.0220303042263	0.0161290885181	0.00590121570816
GCTT	2950	60492	65094	1500	1220	12.1789538679	0.0241966705381	0.0183973218325	0.00579934870564
CACC	2673	112242	128187	2395	1968	26.2476833834	0.0208920331132	0.0151204333295	0.00577159978373
TNTC	40612	464335	513992	12670	10916	79.7988101288	0.0265615664406	0.0207960252082	0.00576554123238
GCNT	8704	185468	194464	4563	3615	35.0288300892	0.0240118717472	0.0182502940746	0.00576157767265
ATAC	14136	130077	131743	3403	2656	22.6604900276	0.0254944560983	0.019762051801	0.00573240429731
NCGT	8354	218872	231840	5365	4318	39.7694261726	0.0239255787404	0.0182843689394	0.00564120980091
GNAC	13142	274758	273981	6268	4643	51.7731650936	0.022303986108	0.0166640346847	0.00563995142331
CNAC	12631	377671	398368	8610	6749	72.8120522015	0.0222894732073	0.0166593848197	0.00563008838763
CTTC	6976	132147	158696	3000	2675	27.9663072189	0.0221980510111	0.0165767083305	0.00562134268063
GAAC	5235	79204	76851	1795	1296	15.0492776247	0.0221607674169	0.016584129909	0.00557663750786
NNAC	91043	1594542	1628787	38407	29842	270.506424118	0.0235200242016	0.0179919680652	0.00552805613642
NTTC	43332	511974	571562	13258	11538	82.9637657087	0.0252421786944	0.0197873435088	0.00545483518554
TCGN	7510	190296	207685	4713	3967	32.1743295393	0.0241681153178	0.0187430310132	0.00542508430458
TNGC	7779	210073	221631	4694	3720	37.5801106252	0.0218562442088	0.0165075815062	0.00534866270266
GTCC	1606	46143	47762	1003	775	8.84874757475	0.0212743392865	0.0159672002802	0.00530713900627
ATNC	34745	389868	405460	9627	7774	60.0684968714	0.0240979236286	0.0188125856053	0.00528533802333
TCNC	11808	248013	280065	6025	5289	39.3298135182	0.0237169242397	0.0185348724742	0.00518205176549
NTNC	102993	1519586	1647147	37271	31559	224.145145855	0.0239398994256	0.0187995992151	0.00514030021046
NGCC	3139	123037	131022	3064	2564	18.3104355707	0.0242979833625	0.0191936280748	0.00510435528774
CCAC	2881	126354	138830	2783	2322	21.5885774973	0.0215507561737	0.0164503513942	0.00510040477943
ACAC	5601	105998	104567	2400	1827	15.885770749	0.0221406299009	0.0171720209786	0.00496860892229
TAGC	2287	50347	50445	950	693	9.53623053028	0.0185196015362	0.0135515663499	0.00496803518628
TNNC	93176	1459460	1580885	36545	31422	193.748489697	0.0244283942901	0.0194888442462	0.00493955004396
CCCN	6777	149415	177031	4005	3833	20.0209115333	0.0261048103246	0.0211927193914	0.00491209093323
CTGC	1349	53065	56948	1091	884	9.11602111071	0.0201455055765	0.0152856550007	0.00485985057579
TGTC	3984	77048	84147	1824	1570	11.1085398564	0.0231260776955	0.0183160866573	0.00480999103825
NTCC	15492	301121	333692	7160	6284	40.0471392793	0.0232255636903	0.01848365767	0.00474190602032
CTNC	14386	331340	384763	7318	6602	48.5633317956	0.0216088206982	0.0168691630575	0.00473965764066
CGGN	2488	102735	99962	2578	2019	12.2891101853	0.0244794089998	0.0197978054736	0.00468160352627
GTCA	3560	81773	84103	1855	1499	11.2054643071	0.0221815659827	0.0175112731011	0.00467029288159
NTAC	33498	433924	459830	10713	9113	51.9451178574	0.0240938113562	0.0194330654259	0.00466074593037
TNAC	29595	474327	499416	11611	9815	55.9559836338	0.0238939947071	0.0192741604498	0.00461983425737
TGAC	3560	83737	81896	1844	1411	11.1952610813	0.0215468386675	0.0169373522033	0.00460948646416
GCAT	4055	73555	71172	1688	1294	9.34363530018	0.0224339805696	0.0178566500152	0.00457733055444
GCAC	1891	69421	71255	1528	1230	9.46685795779	0.0215365967103	0.0169690280748	0.00456756863554
TTAC	11120	141280	156612	3622	3278	16.0506626995	0.0249962043312	0.0205015948465	0.00449460948475
TTNC	40720	526103	579983	13844	12584	53.4345611851	0.0256395535117	0.0212364171478	0.00440313636397
NCAC	15103	415206	440255	9321	7890	47.5559902814	0.0219562006657	0.0176059088018	0.00435029186384
ATGC	4055	71336	73952	1492	1222	8.82767045931	0.020486626023	0.0162556202943	0.00423100572871
ATCC	4718	75152	78978	1836	1585	7.83197961124	0.0238478723957	0.0196740439159	0.00417382847976
TTTC	19285	190229	212211	5477	5184	16.2363298284	0.0279858563355	0.0238459946181	0.00413986171743
TGNC	10195	262367	275986	6085	5235	25.3561665779	0.022666994472	0.0186152527727	0.00405174169928
TNCC	15190	310725	345846	7570	6971	28.8817411271	0.0237829686297	0.0197581182313	0.00402485039847
TACC	4739	99868	111347	2304	2118	9.63449907356	0.0225502094507	0.0186665491561	0.0038836602946
TTCC	6939	117372	129830	2907	2695	10.1674639749	0.0241688075225	0.0203357857008	0.0038330218217
TCNT	47289	585084	656588	14981	14360	39.9137558122	0.0249656287236	0.0214025528059	0.00356307591767
GTCT	3079	68176	78793	1662	1629	5.50301852988	0.0237979323577	0.0202556514387	0.00354228091908
GGCN	3139	130956	124544	3053	2455	9.0232016241	0.0227820519517	0.0193308608729	0.00345119107881
ATGT	19907	198673	201581	5447	4797	11.7713931959	0.0266852831668	0.023243756602	0.0034415265648
GATT	8113	106816	101928	2832	2337	6.52819717222	0.0258281044798	0.0224140411452	0.00341406333463
GCGN	2292	102274	94607	2302	1793	7.16376630974	0.0220126988984	0.0185995850622	0.00341311383617
TCCT	6517	110619	129208	2520	2507	7.72477764406	0.0222734865961	0.019033519341	0.00323996725513
GTCN	9351	249645	265653	5599	5077	15.5157844099	0.0219358731253	0.0187530011451	0.00318287198027
ACGT	3222	79302	79250	1853	1589	4.99671150354	0.0228328507178	0.0196563539876	0.00317649673021
AGGT	5246	125601	113645	2803	2170	7.15005195276	0.0218295380206	0.0187367784829	0.0030927595377
GNCA	10195	275341	263068	6485	5348	14.4834108693	0.0230106519626	0.0199242966142	0.00308635534835
TTGT	17132	204904	212927	5709	5257	9.35050535403	0.027106588862	0.0240943423899	0.00301224647213
NTGT	45755	569987	590436	15323	14032	24.6909441177	0.0261792896072	0.0232138012269	0.00296548838035
GNGT	11404	231397	226808	5550	4744	11.1070396787	0.0234229595648	0.0204878385849	0.00293512097994
TCAC	4730	113433	125603	2610	2511	6.16475301033	0.0224916625734	0.0195997314891	0.00289193108421
GTGT	5601	103889	106281	2540	2277	5.19508448427	0.0238656757087	0.0209749626928	0.00289071301593
NCGN	20644	624920	623423	14402	12508	28.5003061114	0.0225269895295	0.019668800546	0.00285818898356
GCTN	7744	191514	199763	4107	3693	10.0232868657	0.0209946784854	0.0181513447625	0.00284333372293
TCTT	17551	198555	229304	5409	5564	8.64508505515	0.026519385774	0.0236899024133	0.00282948336069
NCTT	36376	498394	562398	12762	12776	20.476593376	0.0249669376863	0.0222124087667	0.0027545289196
TCAT	19760	191100	204094	4936	4688	7.86373134125	0.0251790487461	0.0224540429731	0.0027250057731
GANT	24133	319745	308791	8033	6883	12.2065001239	0.0245074410119	0.0218041397138	0.00270330129815
ANGT	37512	556448	533373	13925	11848	20.3611987584	0.0244138484816	0.021730637668	0.00268321081358
NCNT	110472	1581594	1719226	38809	37389	60.2544278803	0.023950214854	0.0212846867413	0.0026655281127
CGNN	20644	624524	622317	14208	12492	23.252234912	0.0222440710658	0.0196783599476	0.00256571111816
TNGT	35063	641761	640897	16210	14519	20.3065885659	0.024636344155	0.0221523429394	0.00248400121554
CGAN	7510	207544	189350	4783	3873	7.30285696754	0.022526574576	0.0200441976369	0.00248237693908
NNGT	91044	1619350	1598352	40238	35568	50.0428907767	0.0242457766626	0.0217685076381	0.00247726902457
GNCT	6834	166300	186055	3835	3821	6.25850501889	0.0225409233844	0.0201236596516	0.00241726373281
GNNT	82139	1210367	1212583	29954	26941	36.2135382898	0.0241501998273	0.0217349563219	0.00241524350536
GNTT	29156	411168	409491	10593	9518	12.2068681715	0.0251161202672	0.022715502531	0.00240061773619
NCCT	15688	286669	329809	6507	6703	9.46160198601	0.0221948590608	0.0199190519209	0.00227580713989
GTNT	35675	453188	469252	11894	11258	10.7995842116	0.0255739848027	0.023429273064	0.00214471173864
TAAT	45836	268535	269905	8082	7530	5.50095868018	0.0292172932249	0.0271414926019	0.00207580062306
NGCA	10671	280804	272184	6138	5361	7.44163257602	0.0213910825184	0.0193157866292	0.00207529588922
GNAT	34745	401502	390229	9976	8858	9.01093346528	0.0242443095378	0.0221956615976	0.00204864794022
GCNN	23846	699681	697607	15330	13812	16.8882658549	0.0214402295909	0.0194147190334	0.0020255105575
CCNT	16967	277754	310599	6764	6919	6.57183774167	0.0237735398112	0.0217908905952	0.00198264921601
NAAT	122252	845379	837304	24804	22822	14.6203452795	0.0285043490852	0.0265333218621	0.00197102722305
AAAT	54468	334924	327726	10293	9394	5.81092176322	0.0298160287587	0.027865448505	0.00195058025374
GCAN	10671	280952	272059	6015	5289	6.37385425443	0.0209605982569	0.0190699049569	0.00189069329999
TCNN	94004	1384824	1514200	33681	33842	26.7370911939	0.0237440121818	0.0218611639736	0.00188284820825
CGTN	8354	219391	231292	4803	4618	4.99383738712	0.0214234100823	0.0195752617524	0.00184814832998
GNCN	24980	770748	770345	16887	15449	14.4225921108	0.0214401340723	0.0196603690026	0.00177976506969
NCCN	40099	940718	1038220	21756	22146	16.2569424142	0.0226042469719	0.0208852415109	0.00171900546092
AGCN	7744	199838	190959	3969	3453	4.16853724319	0.0194743065744	0.0177612493056	0.00171305726876
CTCN	9942	202949	236884	4367	4682	4.17669013189	0.0210644619807	0.0193818666534	0.00168259532732
CNGN	22542	662731	660192	14631	13442	10.6752897119	0.0215999716547	0.0199544559805	0.0016455156742
TNAT	142194	947196	964177	26945	25769	11.7813176982	0.0276602668402	0.0260307127864	0.00162955405387
NCAT	50054	577659	595179	14175	13592	8.47309505587	0.023950972739	0.0223269505282	0.00162402221078
CNCN	34114	863601	953874	19199	19608	13.6341581208	0.0217478477571	0.0201421289762	0.00160571878095
NAGT	22244	433919	411038	10807	9571	5.65033331344	0.0243003557246	0.0227551003426	0.00154525538205
NGCN	23846	697963	697768	14785	13671	10.1189852898	0.0207436569447	0.0192159833802	0.00152767356451
TCTN	33079	406414	457478	10430	11041	5.04056962207	0.0250213509131	0.0235657465332	0.00145560437983
CCNN	40099	942028	1037784	21484	22116	11.5884801048	0.022297594633	0.0208661194452	0.00143147518774
CNAT	28493	404812	422957	10760	10634	4.21681204387	0.0258920235242	0.0245254168099	0.00136660671435
ATCN	31379	419620	442726	9844	9764	4.70733760156	0.0229215952909	0.0215783774227	0.00134321786817
NTCN	94004	1385436	1514779	32493	33435	13.8625038464	0.0229158159541	0.0215958517363	0.00131996421785
GTAN	33498	456687	434624	11186	10058	4.34125496088	0.02390819731	0.0226184104596	0.00128978685034
TCAN	37923	486376	516262	11592	11658	4.30990422094	0.0232786042477	0.0220828913472	0.00119571290049
GTNA	29595	497183	474730	11760	10639	4.16415210057	0.0231067133255	0.0219194056481	0.00118730767739
NTCA	37923	487076	516829	11035	11076	4.34911598949	0.022153696666	0.0209810477264	0.00117264893961
NNAT	408326	2782714	2791614	78887	75951	14.8239849493	0.0275674351526	0.0264862348369	0.00108120031569
AANT	105302	846650	826666	23745	22245	4.90433837353	0.0272807173754	0.026204160389	0.00107655698643
ANCN	86906	1467220	1506953	32945	32198	9.42782647457	0.0219609176324	0.0209193250045	0.00104159262789
GTNN	91043	1621157	1596872	37498	35287	8.94007421045	0.0226074741281	0.0216198299308	0.000987644197349
TNGN	81865	1536139	1515305	36721	34821	6.73062937435	0.0233466424221	0.0224633352386	0.00088330718353
ANNT	369824	2806853	2815083	77127	75013	8.46254877643	0.0267432506467	0.0259551931839	0.000788057462782
NANT	288992	2526181	2531222	68812	67121	5.98752089652	0.0265172198923	0.0258322323111	0.000684987581177
