#Sequence	Occurrence	Forward Match	Backward Match	Forward Mismatch	Backward Mismatch	Strand Bias Score	FER (Forward Error Rate)	RER (Reverse Error Rate), ERD (Error rate Difference)
GGGT	2354	21923	22682	505	104	60.5530235255	0.0225164972356	0.00456420609146	0.0179522911441
AGGT	5322	57054	58488	1203	248	141.140676466	0.0206498789845	0.00422228275674	0.0164275962278
AAGT	10403	115552	116762	2052	522	200.075435308	0.0174483861093	0.00445073496811	0.0129976511412
NGGT	14641	159145	162654	2636	612	282.099425578	0.0162936315142	0.00374848406894	0.0125451474453
CGGT	831	9432	9974	132	41	12.1542648766	0.0138017565872	0.00409385921118	0.00970789737602
NAGT	24706	275551	278023	3635	1044	9223372036854775807	0.0130199938392	0.00374103709862	0.00927895674061
GAGT	2561	29253	30149	361	107	32.3156802169	0.0121901803201	0.00353648863035	0.00865369168976
ANGT	42268	469350	473676	5607	1594	9223372036854775807	0.0118052792147	0.00335388305595	0.0084513961588
GNGT	11688	127665	129341	1497	441	128.241993524	0.0115900961583	0.00339800588679	0.00819209027152
TGGT	6134	70736	71510	796	219	73.1921736135	0.0111278868199	0.0030531584157	0.00807472840418
NNGT	100583	1130712	1144461	10861	3550	9223372036854775807	0.00951406524156	0.00309230486467	0.00642176037688
CAGT	2396	27098	27514	259	90	19.0675150562	0.00946741236247	0.00326039704391	0.00620701531856
TAGT	9346	103648	103598	963	325	69.2672714583	0.00920553287895	0.00312731541622	0.00607821746273
GCGT	711	7916	8074	82	36	4.63860617844	0.0102525631408	0.00443896424168	0.00581359889911
ATGT	23183	259327	260868	2048	688	149.072017005	0.00783548541368	0.00263041184297	0.00520507357071
GGGN	6798	71355	71669	864	493	23.1561766639	0.0119636106842	0.00683185055847	0.0051317601257
GTGT	6062	68573	68436	549	194	37.4856321338	0.00794247851625	0.00282675214921	0.00511572636704
AGGN	16799	185598	186532	1800	856	74.5736901954	0.00960522524253	0.00456806198903	0.0050371632535
ACGT	3360	37417	37558	304	136	14.8248360897	0.0080591712839	0.00360800127341	0.00445117001049
NGGN	42980	480608	482883	4362	2296	141.734940306	0.00899437078582	0.00473227406792	0.0042620967179
TNGT	38746	442546	449058	3092	1219	183.190974301	0.00693836701538	0.00270722244307	0.00423114457231
CNGT	7881	91151	92386	665	296	32.701915249	0.00724274636229	0.00319371614769	0.0040490302146
NTGT	52457	595806	602657	3908	1572	222.476983963	0.00651643950283	0.00260166261467	0.00391477688816
NCGT	8779	100210	101127	682	322	29.6068171822	0.00675970344527	0.00317400861517	0.0035856948301
AAGN	43363	499525	499195	3534	1744	132.216621991	0.007025020922	0.00348146181471	0.00354355910729
CGGN	2605	29784	30129	222	119	7.70330739168	0.00739852029594	0.00393414440624	0.0034643758897
GGNT	14152	155267	157625	1055	525	41.2424541614	0.00674889011144	0.00331963325956	0.00342925685187
TTCC	8172	93385	95528	594	278	27.308445353	0.00632056097639	0.00290169717972	0.00341886379667
TACC	5244	59564	58943	391	186	16.1528063203	0.00652155783504	0.00314566456392	0.00337589327112
TGGN	16778	193871	194553	1476	828	40.9431405222	0.00755578534608	0.00423787369294	0.00331791165314
TNCC	17357	197302	199666	1327	678	48.1986684715	0.00668079686249	0.00338417921176	0.00329661765074
AGNT	27693	317502	320167	2226	1225	65.7379118718	0.00696216784267	0.00381154478021	0.00315062306246
TCCC	2452	27769	28301	234	149	5.09139077468	0.00835624754491	0.00523725834798	0.00311898919693
ATCC	5828	68579	68257	360	145	20.4802901396	0.00522200786202	0.00211982105786	0.00310218680416
NTCC	18149	209696	211934	1139	500	56.4969483884	0.00540232883535	0.00235367219937	0.00304865663598
CACC	2662	30332	30451	150	59	9.36665161406	0.00492093694639	0.00193379219928	0.00298714474712
AAAC	14279	161985	160371	2077	1571	14.9526568349	0.0126598481062	0.00970100406318	0.00295884404302
NNCC	42979	481251	482959	2995	1564	99.4648835688	0.00618487297778	0.00322791694099	0.00295695603679
NACC	14640	161909	160779	976	494	34.4910372044	0.00599195751604	0.00306312898005	0.00292882853599
ANGN	128143	1471583	1468046	9428	5114	275.817286706	0.00636592165757	0.00347144912976	0.00289447252781
NCCC	6798	71459	71735	609	405	9.84688432912	0.00845035244491	0.00561408372609	0.00283626871882
ANCC	14152	156324	154846	991	540	28.8188524588	0.00629946286114	0.00347521655748	0.00282424630366
NAGN	90180	1035090	1034938	6323	3406	190.372321185	0.00607155854594	0.00328022312451	0.00279133542142
NGCC	3392	38187	38511	271	165	6.47369677289	0.00704664829164	0.0042662116041	0.00278043668755
GNGN	35687	402716	403948	2705	1610	61.9548227207	0.00667207668078	0.0039698390859	0.00270223759488
CNCC	6871	77593	78136	438	231	15.0366665566	0.00561315374659	0.00294766929958	0.00266548444701
TCGT	3712	43327	43906	223	111	9.2014015137	0.0051205510907	0.00252175295908	0.00259879813162
AACC	4961	53679	52741	355	211	8.14152873397	0.00656993744679	0.00398474089742	0.00258519654938
ATAC	16739	187855	186093	1569	1077	19.7307476189	0.0082830053214	0.00575412726398	0.00252887805741
GAGN	11080	129302	129987	716	391	21.9696040554	0.00550692980972	0.00299897221924	0.00250795759048
GNCC	4599	50032	50311	239	115	10.3214069535	0.00475423206222	0.00228056954746	0.00247366251477
TTGT	19554	224835	230044	1110	564	42.3789179833	0.00491269999336	0.00244570873517	0.00246699125819
AANC	32778	375136	372448	3424	2505	30.3816854087	0.00904480135249	0.00668083733161	0.00236396402088
ANAC	40186	452604	449929	4285	3182	34.8293709056	0.00937864557912	0.00702256180053	0.00235608377859
GTCC	1766	19796	19797	83	37	4.38710301882	0.00417526032497	0.00186548351316	0.00230977681181
AATC	9935	117773	117925	738	472	13.5989630744	0.00622727004244	0.00398658749799	0.00224068254445
CTCC	2383	27936	28352	102	40	6.70147632141	0.00363791996576	0.00140884756269	0.00222907240307
TAGN	26003	293310	292537	1565	929	35.7993403231	0.00530733361594	0.00316561373379	0.00214171988215
ATGN	59202	685481	682038	3604	2174	76.2411300996	0.00523012400502	0.0031773777718	0.00205274623322
NGNT	97730	1127160	1136131	5852	3593	122.107154787	0.00516499383943	0.00315251762707	0.00201247621236
TNGN	92090	1056938	1065493	5970	3913	97.4868155422	0.00561666672939	0.00365904062629	0.0019576261031
GTGN	15565	176826	176878	971	632	16.4568419162	0.00546128449861	0.00356036279646	0.00190092170215
ATNC	42161	484140	483030	3476	2559	30.7189330912	0.0071285601785	0.00526988873306	0.00185867144544
ANNC	94045	1071291	1066723	8164	6141	61.1200447143	0.0075630758114	0.00572393145823	0.00183914435318
NAAC	36537	416873	412377	3779	3006	18.2115736341	0.00898367296483	0.00723669480937	0.00174697815546
CTGT	3658	43071	43309	201	126	4.44796223007	0.00464503605103	0.00290088638195	0.00174414966908
TCAC	4891	56498	56531	239	141	6.18131499263	0.00421241870384	0.00248800112931	0.00172441757454
NTGN	125776	1451034	1455735	7532	5030	110.864868128	0.00516397612449	0.00344340123155	0.00172057489295
NTAC	38808	436112	434809	3019	2261	24.0528003642	0.00687494164611	0.00517308440296	0.00170185724316
TTAA	38620	441991	443120	1854	1115	41.3428688125	0.00417713390936	0.00250993280583	0.00166720110353
AAGG	7874	90110	89982	504	355	6.27941861706	0.00556205442868	0.00392972978957	0.00163232463911
ACAC	6062	67951	68342	448	338	4.11930397836	0.0065498033597	0.00492137449039	0.00162842886931
NNAC	100583	1138210	1133060	8248	6430	48.0340537878	0.00719433245701	0.00564287532142	0.0015514571356
NANC	97730	1128984	1122360	7531	5733	51.5810048726	0.00662639736387	0.00508202781154	0.00154436955233
ACNC	11688	128583	127998	783	582	6.97164142028	0.00605259496313	0.00452636490901	0.00152623005412
TAAC	11453	128754	127354	938	738	5.42001055815	0.0072325201246	0.00576148393342	0.00147103619118
CAGN	9734	112953	113219	508	342	7.87812874221	0.00447730938384	0.00301159729132	0.00146571209252
ACGN	8779	100979	100281	490	340	6.38076540947	0.00482906109255	0.00337901630872	0.00145004478383
NCGN	21662	250647	250537	1193	827	15.2417456572	0.00473713468869	0.00329004948998	0.00144708519871
TCNC	12840	148378	149117	780	567	8.31924529261	0.00522935410772	0.00378798001122	0.0014413740965
TTGN	41275	475439	483580	2517	1862	24.7026506764	0.00526617512909	0.00383567964865	0.00143049548044
ATGG	7339	86682	85274	441	312	5.02623280637	0.00506180916635	0.00364545603253	0.00141635313382
NCAC	15565	176259	176607	887	640	9.58257852829	0.00500716922764	0.00361078043634	0.0013963887913
TNAC	32892	371137	369711	2286	1760	15.2922875834	0.00612174397399	0.00473792032218	0.00138382365181
CNGN	24678	286142	286606	1307	922	15.4597787109	0.0045468935359	0.00320664422248	0.00134024931342
CGNT	7672	89467	90764	393	279	5.24391932725	0.00437346984198	0.0030644860121	0.00130898382987
ANGG	18811	214010	212409	1122	837	9.3478898924	0.00521540263652	0.00392504431502	0.0012903583215
NCNC	35687	403069	403044	2114	1595	16.6626437577	0.00521739559656	0.00394178514676	0.0012756104498
TANC	35314	407188	403818	2476	1939	14.1036662086	0.00604397750352	0.00477872224016	0.00126525526336
TCGN	8034	94318	94823	412	294	5.09823628837	0.00434920299799	0.00309093011764	0.00125827288035
TTAC	12763	143124	143143	881	704	4.98776986654	0.00611784313045	0.0048940888583	0.00122375427215
ANTC	29234	342138	342876	2169	1765	10.0206539109	0.00629961052201	0.0051212711198	0.0011783394022
NATC	37478	444502	443701	2231	1703	16.0819530793	0.00499403446802	0.00382349507413	0.00117053939388
TNAA	127515	1463721	1459999	4702	2980	83.9459357256	0.00320207460657	0.00203693969633	0.00116513491024
GANC	12178	140486	140464	780	616	4.86353975009	0.00552149844973	0.00436631698327	0.00115518146646
NTNC	121049	1385187	1392942	10373	8824	29.9784630562	0.00743285849408	0.00629491655526	0.00113794193882
TNNC	107549	1230803	1236685	9056	7719	25.4697619617	0.00730405634834	0.00620296945365	0.00110108689469
TGNT	48213	564924	567575	2178	1564	23.4678961234	0.00384057894347	0.00274801059144	0.00109256835203
GNAC	14325	162590	162632	1044	869	4.14725848532	0.00638009215689	0.00531495220213	0.00106513995476
TGAA	19149	224798	224005	681	448	11.0910655426	0.00302023691785	0.0019959635202	0.00102427339765
GTNT	40186	454131	457771	1616	1165	17.5955371252	0.00354582696101	0.00253848031098	0.00100734665003
TCAA	12461	147197	146336	434	291	6.67321573468	0.00293976197411	0.00198462766066	0.000955134313448
TTNC	48436	550490	558083	5078	4612	7.11493440665	0.00914019525963	0.0081962697376	0.000943925522024
TAAA	57285	649735	646538	1733	1126	28.3373952019	0.00266014600871	0.00173855579436	0.000921590214344
ATNT	247314	2669701	2677867	10221	7808	72.7965676665	0.00381391697221	0.00290727656921	0.000906640403005
GNNT	94045	1073878	1080969	4524	3587	25.8484361682	0.00419509607734	0.00330734420353	0.000887751873817
CAAA	19669	231134	227154	608	397	9.64484649539	0.00262360728741	0.0017446638336	0.000878943453812
CANC	17460	206174	205630	851	673	5.11493757065	0.00411061466007	0.00326219201854	0.000848422641529
TATT	76024	857293	865162	2660	1949	26.2459700511	0.00309319230237	0.00224769377854	0.000845498523834
AGNN	90180	1037273	1036083	4686	3810	20.3487031654	0.00449729787832	0.00366383849108	0.000833459387248
NAAA	227407	2582706	2567831	6406	4370	82.1331083694	0.00247420737303	0.00169893410352	0.000775273269513
CNAA	37334	432023	425857	1221	876	12.1386470027	0.00281827330557	0.00205280585284	0.000765467452734
NGAA	51935	612301	607441	1718	1244	16.5873727533	0.00279795902081	0.00204375005134	0.000754208969472
NNAA	454980	5215248	5177755	14598	10707	125.005856129	0.00279128677976	0.00206361731087	0.000727669468892
CNNC	43626	508761	508355	2135	1761	8.54381288456	0.00417893269863	0.00345215598021	0.000726776718423
NTAA	134363	1534213	1523834	5140	3992	30.6956837567	0.00333906517868	0.00261286298309	0.000726202195594
AAAA	126702	1422638	1417971	3373	2341	40.8142250233	0.0023653393978	0.00164822940312	0.000717109994686
GGNN	42979	483719	484126	2329	1992	6.53251442584	0.00479170781487	0.00409777050017	0.000693937314699
NATT	147675	1693785	1706554	5009	3929	31.1647775267	0.00294856233304	0.00229701201357	0.000651550319478
GNNC	35376	401171	401852	2267	2009	4.15255754229	0.00561920295064	0.00497448379517	0.000644719155472
GAAA	23751	279199	276168	692	506	6.5854110867	0.00247239103794	0.00182886718665	0.000643523851287
AGAA	20979	248556	246569	624	467	5.34360165791	0.00250421382133	0.00189041273337	0.000613801087967
TNGA	31458	370381	370110	1566	1343	4.36181706818	0.00421027727069	0.00361553144005	0.000594745830639
ANAA	241695	2756063	2734575	7164	5613	39.3735807118	0.00259262087407	0.00204839959886	0.000544221275213
ATAT	146496	1521890	1521834	6168	5379	12.5968278188	0.00403649599688	0.00352210202506	0.000514393971818
NTNT	568223	6300936	6353154	19354	16233	66.2767418362	0.00306220125975	0.00254859690579	0.000513604353959
TGAN	44383	522772	521558	1746	1477	5.47362113746	0.00332877041398	0.00282390279809	0.000504867615888
ATAN	248757	2691682	2677986	10939	9549	19.9391613967	0.00404755235751	0.00355307000653	0.000494482350978
AATT	41550	480623	482840	1541	1308	5.09188004749	0.00319600799728	0.00270165321348	0.000494354783799
NNTC	110166	1285025	1290169	8708	8118	5.76526874999	0.00673090970084	0.00625285472319	0.000478054977657
GNAA	48436	563441	557324	1511	1238	6.00885764917	0.00267456350274	0.00221640569892	0.00045815780382
TNTT	244400	2750248	2782359	6291	5106	30.8862893186	0.00228220968396	0.00183177187875	0.000450437805205
NCAA	41275	486028	478649	1334	1101	4.80424212533	0.00273718509034	0.002294945284	0.000442239806341
ATTT	66257	753085	759744	1665	1358	8.18281850738	0.00220602848625	0.00178425493561	0.000421773550647
ANNT	443410	4900241	4908414	24512	22471	20.9677224387	0.0049773054608	0.00455719409396	0.000420111366841
ANTT	126135	1440336	1451196	3723	3143	12.5092013846	0.00257814950774	0.00216111924386	0.000417030263879
NGAN	110166	1296566	1292617	4519	3981	7.85702798334	0.00347325501408	0.00307034254256	0.000402912471523
NNTT	454983	5169574	5221515	12147	10280	39.0263395069	0.0023442018588	0.00196490879325	0.00037929306555
AANA	244400	2775653	2758516	7160	6092	18.25969306	0.00257293609021	0.00220356737736	0.000369368712844
NTAN	447932	4945093	4944019	18643	16825	21.1406064448	0.00375584035896	0.00339155998455	0.000364280374404
TTTT	126702	1408591	1428269	2641	2205	10.7587031154	0.0018714144804	0.00154144710075	0.000329967379646
NTTT	227409	2558465	2589409	5089	4404	13.525341416	0.00198513469972	0.00169788647061	0.000287248229105
ATNN	493112	5513860	5507725	22730	21260	11.2031419511	0.00410541506595	0.00384519039209	0.000260224673864
NANA	568221	6348689	6304864	18739	17625	6.62765793801	0.00294294650839	0.00278766795798	0.000155278550403
