#Sequence	Occurrence	Forward Match	Backward Match	Forward Mismatch	Backward Mismatch	Strand Bias Score	FER (Forward Error Rate)	RER (Reverse Error Rate), ERD (Error rate Difference)
TTTTTTTTTT	51170	24281	29416	841	588	23.6423031746	0.033476634026	0.0195973870151	0.0138792470109
TTTTTTTTNT	58122	32380	38234	979	657	28.3558719737	0.0293474025001	0.0168933686457	0.0124540338544
NTTTTTTTTT	60254	33078	38548	1014	717	23.6780765377	0.0297430482225	0.0182605373743	0.0114825108482
TNTTTTTTTT	58388	32021	37490	969	685	23.1064125069	0.0293725371325	0.0179436804191	0.0114288567133
TTNTTTTTTT	57179	32226	37501	966	684	22.3730998861	0.0291033984093	0.0179127929815	0.0111906054277
TTTNTTTTTT	57214	32563	37916	935	660	21.9819286673	0.0279121141561	0.0171090833679	0.0108030307882
CATANTNTTT	1591	4001	4281	53	10	8.23075880546	0.0130735076468	0.00233045910044	0.0107430485463
TTTTTTTNTT	57111	32560	38437	866	603	22.5366284024	0.0259079758272	0.0154456967213	0.0104622791059
TTTTNTTTTT	57687	33614	39064	923	648	21.9628085129	0.0267249616353	0.0163174858985	0.0104074757369
TTTTTTTTTN	60251	33290	39520	1048	814	18.671344167	0.0305201234784	0.0201814846036	0.0103386388748
TTTTTTNTTT	56887	32655	38024	865	612	20.2718031036	0.0258054892601	0.0158401490838	0.00996534017639
NTTTTTTTNT	70499	47295	53887	1222	835	29.2338673207	0.0251870478389	0.015258945214	0.00992810262491
TNTNTTTTTT	69324	46190	52403	1175	802	27.7864264413	0.0248073471973	0.0150737712621	0.0097335759352
TNTTTTTTNT	68940	46378	52761	1157	795	27.0699144482	0.0243399600295	0.0148442751512	0.00949568487821
NTNTTTTTTT	71026	46990	53229	1241	883	25.162677127	0.0257303394083	0.0163180070964	0.00941233231187
TTTTTTTTNN	72569	48954	56388	1303	951	25.7729984948	0.025926736574	0.0165855700309	0.00934116654314
TTTTTNTTTT	57540	33981	39477	870	634	18.2225097402	0.0249634156839	0.0158061379671	0.00915727771677
TTTTTTNTNT	67666	46627	52803	1041	694	26.5467431663	0.0218385499706	0.0129726900574	0.00886585991324
TTNTTTTTNT	68575	48482	54453	1153	796	25.2492047473	0.0232295759041	0.0144075005882	0.00882207531585
TTTTNTTTNT	68427	48126	54216	1081	726	26.3619259127	0.0219684191274	0.0132139346948	0.00875448443259
TTTTTTTNNT	67911	47369	54157	1048	708	26.554255675	0.0216452898775	0.0129044017133	0.00874088816423
TTTNTTTTNT	69150	48699	54651	1125	768	25.5536921628	0.0225794797688	0.0138580631191	0.00872141664964
NNTTTTTTTT	72576	48125	54217	1236	903	22.1374484132	0.025040011345	0.0163824383164	0.00865757302859
NTTNTTTTTT	69763	47647	53532	1185	850	22.5651465569	0.0242668741809	0.015630171748	0.00863670243286
NTTTNTTTTT	70493	48937	54947	1159	814	23.8457533606	0.023135579687	0.0145980165349	0.00853756315215
TTNTNTTTTT	66915	47429	53269	1110	780	22.8594167147	0.022868209069	0.0144313493312	0.00843685973783
TNTTNTTTTT	68772	48252	54068	1115	784	22.690596867	0.0225859379748	0.014293006636	0.00829293133872
NTTTTTTNTT	69558	47979	54342	1065	740	23.6828139871	0.0217151945192	0.0134345158128	0.00828067870642
TTNNTTTTTT	66641	47022	52771	1129	814	21.0273570342	0.0234470727503	0.015190818326	0.00825625442428
TTNTTTTTTN	69760	47803	54384	1295	1016	17.8471136931	0.026375819789	0.0183393501805	0.00803646960849
TNNTTTTTTT	68505	46649	52548	1162	869	18.9659977933	0.0243040304532	0.0162682292154	0.00803580123782
TTTNNTTTTT	67106	49106	54971	1078	755	22.2089881581	0.0214809501036	0.0135484334063	0.00793251669731
NTTTTTTTTN	72574	48129	54960	1349	1091	16.3251760945	0.0272646428716	0.0194644163351	0.00780022653646
TNTTTTTTTN	71024	47213	54195	1302	1055	16.094955291	0.0268370607029	0.0190950226244	0.00774203807844
TTTTTNTTNT	68562	49643	56219	1034	721	22.7476045686	0.0204037334491	0.0126624517035	0.00774128174555
TTTNTTTTTN	70490	49153	55822	1248	967	18.1037278382	0.024761413464	0.0170279455528	0.00773346791118
TATNNTTTTT	12946	13874	14563	205	101	9.46742194537	0.0145606932311	0.00688761593017	0.00767307730088
ATNTATNTTT	14646	11159	11075	129	42	10.100454051	0.011428065202	0.00377799766124	0.00765006754074
TTTTNTNTTT	66623	48286	53883	975	678	20.4434544701	0.0197925336473	0.0124264584593	0.00736607518797
TTNTTTTNTT	68110	48773	54476	1009	715	19.7909782852	0.0202683700936	0.0129550107807	0.00731335931286
TNTTTTTNTT	68847	48306	54595	1006	725	19.4885465089	0.0204007138222	0.0131055676067	0.00729514621554
TTTTTTTNTN	70495	47980	55143	1107	856	17.3133583215	0.0225517957911	0.0152859872498	0.00726580854137
NTTTTTNTTT	70185	49545	55408	1052	760	19.2353009728	0.0207917465462	0.0135308360632	0.007260910483
TNTTTNTTTT	68901	48391	54166	1038	755	18.5601021125	0.0209998179207	0.0137470184447	0.00725279947598
TTTNTTNTTT	66363	47421	52992	977	695	18.9535795861	0.0201867845779	0.0129454057779	0.00724137879994
NATATNTTTT	11332	11731	12070	141	57	8.90260010741	0.0118766846361	0.00470025562794	0.00717642900818
NTATATNTTT	15411	11529	11491	133	49	8.98939152396	0.0114045618247	0.00424610051993	0.0071584613048
TTTNTTTNTT	69562	48641	54505	975	690	19.5210009303	0.0196509190584	0.0125011323489	0.00714978670942
NTTTTNTTTT	71527	51094	56947	1084	787	19.120859546	0.0207750392886	0.0136314823154	0.00714355697314
TTTTNTTNTT	67632	49743	56012	967	677	20.5624881709	0.0190692171169	0.0119423521318	0.00712686498513
TNTTTTNTTT	69064	48108	53596	1002	722	18.2368400566	0.0204031765425	0.0132920947016	0.00711108184088
TTNTTTNTTT	69110	48087	53327	1007	725	18.0076894411	0.0205116714874	0.0134130096944	0.00709866179298
TTTTNTTTTN	71525	51329	57875	1194	929	16.4362356923	0.0227328979685	0.0157982450173	0.00693465295116
TTTTTTNNTT	65992	47328	53430	898	632	19.0021580162	0.0186206610542	0.0116902815286	0.00693037952559
TTTNTNTTTT	66906	48397	54148	998	729	17.5488493278	0.0202044741371	0.0132842538769	0.00692022026021
TTTTTTNTTN	69554	48376	55259	1104	871	15.2988549165	0.0223120452708	0.015517548548	0.0067944967228
TTNTTNTTTT	67547	49528	55182	1030	761	16.9308592274	0.0203726413228	0.0136031317591	0.00676950956373
ATATNTNTTT	16990	12680	12989	151	66	8.32035439549	0.0117683734705	0.00505553427805	0.00671283919245
TTTTNNTTTT	67535	51246	57160	983	715	17.3681666312	0.0188209615348	0.0123542116631	0.00646674987171
TTTTTNTNTT	66751	48461	54590	909	660	16.9666695442	0.0184119910877	0.0119457013575	0.00646628973024
NTNTATATTT	13282	10301	10289	88	23	8.84370670325	0.00847049764174	0.00223041117145	0.00624008647029
TTTTTNNTTT	66495	49297	54994	904	672	14.686998992	0.0180076094102	0.0120720008623	0.00593560854789
TTTTTNTTTN	70182	49792	56315	1099	897	12.1891394529	0.0215951739993	0.0156785289799	0.0059166450194
NTTTATNTTT	10308	13392	13721	114	35	10.1531782284	0.00844069302532	0.00254434428613	0.00589634873919
