#Sequence	Occurrence	Forward Match	Backward Match	Forward Mismatch	Backward Mismatch	Strand Bias Score	FER (Forward Error Rate)	RER (Reverse Error Rate), ERD (Error rate Difference)
CGGCGGGT	3230	105868	161044	47100	423	9223372036854775807	0.307907536217	0.00261973034738	0.305287805869
TGGCGGGT	2710	90073	138045	37163	350	9223372036854775807	0.292079285737	0.00252899309946	0.289550292637
NGGCGGGT	8880	319313	448753	104937	1218	9223372036854775807	0.247347083088	0.00270684110754	0.24464024198
CGGNGGGT	4820	180361	241401	52612	922	9223372036854775807	0.225828744103	0.00380483899589	0.222023905108
GGCGGGGT	1880	70738	93744	20523	316	9223372036854775807	0.22488247992	0.00335955772911	0.221522922191
CGGCNGGT	11160	451994	564442	95773	1649	9223372036854775807	0.174842588181	0.00291295922387	0.171929628957
TGGNGGGT	5040	202416	256253	42923	838	9223372036854775807	0.174953839381	0.00325954623071	0.171694293151
AGGCGGGT	1580	65137	81487	13211	252	9223372036854775807	0.168619492521	0.00308298364306	0.165536508877
CGGGGGGT	220	8966	11183	1754	14	9223372036854775807	0.163619402985	0.00125033491114	0.162369068074
NGGNGGGT	15060	616539	763303	122222	2602	9223372036854775807	0.165441868209	0.00339728817543	0.162044580034
CGGCAGGT	3650	154956	186726	27008	599	9223372036854775807	0.14842496318	0.00319765114106	0.145227312038
GGNGGGGT	3330	140333	168519	24224	615	9223372036854775807	0.147207350644	0.00363617013729	0.143571180507
GCGGGGGT	790	33472	39388	5812	190	9223372036854775807	0.147948274107	0.00480064682399	0.143147627283
TGGCNGGT	11300	484582	575256	76009	1781	9223372036854775807	0.135587264155	0.00308645719425	0.132500806961
CGGCGGGA	3830	160005	192223	23979	617	9223372036854775807	0.13033198539	0.00319954366314	0.127132441727
CNGCGGGT	9960	428619	500278	61010	1576	9223372036854775807	0.124604547525	0.00314035556158	0.121464191963
TGGCAGGT	2260	100232	115786	14229	439	9223372036854775807	0.124313084806	0.00377715637772	0.120535928428
CGGCGGGN	15000	629319	747632	87738	2295	9223372036854775807	0.122358473594	0.00306029786899	0.119298175725
CGNCGGGT	10250	442531	512766	61281	1547	9223372036854775807	0.121634657372	0.00300789596996	0.118626761402
GNCGGGGT	5120	222542	258632	30616	782	9223372036854775807	0.120936332251	0.00301448649649	0.117921845755
NGCGGGGT	4620	203715	233524	27851	747	9223372036854775807	0.120272406139	0.00318861489472	0.117083791244
TGNCGGGT	7840	343523	400662	46149	1068	9223372036854775807	0.11843037221	0.00265850197894	0.115771870232
TGGCGGGA	3470	149473	175580	19694	489	9223372036854775807	0.116417504596	0.00277732025513	0.113640184341
NGGCNGGT	36940	1620914	1877085	213705	5778	9223372036854775807	0.11648467611	0.00306873096981	0.11341594514
GGCGGGGA	2350	101468	118606	13630	611	9223372036854775807	0.118420823993	0.00512510799634	0.113295715997
CGGCTGGT	3590	158048	182429	20485	549	9223372036854775807	0.114740692197	0.0030003606991	0.111740331498
TNGCGGGT	8120	355915	416287	45875	1051	9223372036854775807	0.114176559894	0.00251834244665	0.111658217448
GGGCGGGT	1360	58235	68177	7463	193	9223372036854775807	0.113595543243	0.0028228755302	0.110772667713
GGCNGGGT	7720	339954	390274	43263	1204	9223372036854775807	0.112894260954	0.00307552403967	0.109818736914
GGCTCGGT	820	35984	41325	4556	121	9223372036854775807	0.112382831771	0.00291946146793	0.109463370303
AGGNGGGT	2970	133289	153233	16787	411	9223372036854775807	0.111856659293	0.00267501496967	0.109181644323
NGGCAGGT	8650	388471	443616	47871	1519	9223372036854775807	0.109709814778	0.00341244790906	0.106297366869
TGGCGGGN	14370	606498	719824	74710	2796	9223372036854775807	0.109672816526	0.00386925354958	0.105803562976
GGCGGGGN	7730	336119	386476	40055	1519	9223372036854775807	0.106479980009	0.00391499890463	0.102564981105
TGGCTGGT	3900	175619	199505	20335	660	9223372036854775807	0.103774355206	0.00329727974421	0.100477075462
TCGGCTCG	940	39747	46484	4549	109	9223372036854775807	0.10269550298	0.00233940720709	0.100356095773
GGCTAGGT	25	1031	1411	115	0	41.5237153143	0.10034904014	0.0	0.10034904014
NGNCGGGT	28650	1275914	1450820	145687	4142	9223372036854775807	0.102480935227	0.00284680974486	0.0996341254824
AGGGGGGT	290	13435	14842	1496	25	9223372036854775807	0.100194226777	0.00168157664626	0.0985126501302
ACGGCTCG	1040	43571	51379	4832	174	9223372036854775807	0.0998285230254	0.00337516730355	0.0964533557219
CGGNAGGT	7130	324716	362614	35057	1197	9223372036854775807	0.0974419981488	0.00329016989591	0.0941518282529
NGGGGGGT	870	39296	43555	4517	398	9223372036854775807	0.10309725424	0.00905512706755	0.0940421271721
CGGNNGGT	26830	1209897	1357570	127531	4448	9223372036854775807	0.0953554135251	0.00326574244981	0.0920896710753
GGCAGGGT	2020	91761	103376	9532	364	9223372036854775807	0.0941032450416	0.00350877192982	0.0905944731118
NGGCGGGN	42920	1875418	2147736	193613	7408	9223372036854775807	0.0935766549655	0.00343735731812	0.0901392976474
NNGCGGGT	33400	1500864	1692531	153772	4927	9223372036854775807	0.0929340350385	0.00290257549819	0.0900314595403
GNGGGGGT	2050	92751	103174	9645	504	9223372036854775807	0.0941931325442	0.00486120488435	0.0893319276599
ATGGCTCG	670	29774	34525	2959	79	9223372036854775807	0.0903980692268	0.0022829730667	0.0881150961601
NGGCGGGA	11010	492033	555682	49199	1672	9223372036854775807	0.09090186833	0.00299988876011	0.0879019795699
CGGNGGGA	5950	266583	300180	26348	980	9223372036854775807	0.089946096521	0.00325408420773	0.0866920123133
NCGGGGGT	1950	88766	98198	8748	334	9223372036854775807	0.0897101954591	0.00338976170178	0.0863204337573
GGGNGGGT	2230	100473	112416	9900	431	9223372036854775807	0.0896958495284	0.00381933059807	0.0858765189304
CGGCTNGT	5740	258918	289301	25304	983	9223372036854775807	0.089028998459	0.0033863388957	0.0856426595632
CGGCTCGT	980	42688	48093	4096	175	9223372036854775807	0.0875512995896	0.0036255904533	0.0839257091363
NGNGGGGT	9200	425369	469892	39851	1656	9223372036854775807	0.0856605476979	0.0035118376072	0.0821487100907
GTGGCTCG	380	16337	19254	1578	124	9223372036854775807	0.088082612336	0.00639900918567	0.0816836031504
GGCTNGGT	3380	153994	171617	14111	433	9223372036854775807	0.083941584129	0.00251671025865	0.0814248738703
GGCTGGGT	2120	96537	107093	8725	272	9223372036854775807	0.0828884117725	0.00253341405486	0.0803549977177
CNGNGGGT	19590	897550	993242	81684	3303	9223372036854775807	0.0834162212505	0.00331445142969	0.0801017698208
TGGCTNGT	5470	252435	281422	22950	932	9223372036854775807	0.0833378724331	0.00330082095525	0.0800370514779
GGCTCGGA	330	14985	16751	1380	78	273.694940651	0.0843263061412	0.00463485649771	0.0796914496434
CGGNGGGN	23930	1071257	1196626	96840	4111	9223372036854775807	0.0829040738911	0.00342373059213	0.079480343299
GGNNGGGT	16840	773428	857456	68494	2629	9223372036854775807	0.081354329736	0.003056674631	0.078297655105
TGGCGNGT	11450	522065	579895	44997	1785	9223372036854775807	0.0793511115187	0.00306869756567	0.076282413953
GNNGGGGT	13950	646326	712485	55503	2193	9223372036854775807	0.0790833664611	0.00306851477169	0.0760148516894
GTCGGGGT	740	33888	37770	2917	125	9223372036854775807	0.0792555359326	0.00329858820425	0.0759569477284
TGGNAGGT	4820	226039	248435	19392	894	9223372036854775807	0.079012023746	0.00358562381432	0.0754263999317
NGGCTGGT	12790	589808	650697	50244	2082	9223372036854775807	0.0784998718854	0.00318944083679	0.0753104310486
TNGNGGGT	15270	707700	783649	59760	2259	9223372036854775807	0.0778672504104	0.00287438224321	0.0749928681672
CGNNGGGT	22290	1026484	1121498	86944	3575	9223372036854775807	0.07808677346	0.00317757158869	0.0749092018713
CGGCGNGT	15340	698293	767400	59040	2883	9223372036854775807	0.0779577807913	0.00374278025089	0.0742150005404
AGNCGGGT	5360	250145	274292	20512	786	9223372036854775807	0.0757859578729	0.00285737136376	0.0729285865091
GCGGAGGT	1180	54719	59912	4402	236	9223372036854775807	0.0744574685814	0.00392365498437	0.070533813597
TGGNNGGT	26750	1244012	1365660	99080	4455	9223372036854775807	0.0737700768078	0.00325155187703	0.0705185249308
GCGGGAGT	1020	47578	52359	3743	196	9223372036854775807	0.072933107305	0.00372942631529	0.0692036809897
GGGAGGGT	370	17827	19509	1379	51	284.811602722	0.071800479017	0.00260736196319	0.0691931170538
TGGNGGGA	6050	280995	310103	21814	891	9223372036854775807	0.0720388099429	0.00286500704194	0.069173802901
GGNAGGGT	3860	182101	199577	14069	618	9223372036854775807	0.0717184075037	0.00308699018457	0.0686314173191
NGGNAGGT	18730	885064	961301	68768	3436	9223372036854775807	0.0720965536908	0.003561592434	0.0685349612568
NNCGGGGT	13590	635070	691351	48715	2069	9223372036854775807	0.0712431539153	0.00298376164518	0.0682593922702
TGGCTCGT	610	28352	31173	2165	122	9223372036854775807	0.0709440639643	0.00389838632369	0.0670456776407
TGNNGGGT	18490	868073	949147	65291	2882	9223372036854775807	0.069952344423	0.00302721870867	0.0669251257143
CNNCGGGT	25070	1166003	1266292	87613	3893	9223372036854775807	0.069888227336	0.00306490786775	0.0668233194682
GGACGGGT	940	43761	48493	3267	135	9223372036854775807	0.0694692523603	0.00277617833347	0.0666930740268
GGGGGGGT	60	2685	2703	203	11	45.175327298	0.0702908587258	0.00405305821665	0.0662378005091
GGNCGGGT	5200	239715	263100	17745	741	9223372036854775807	0.0689233278956	0.0028085096706	0.066114818225
GCGGGNGT	8370	380028	418115	28634	1802	9223372036854775807	0.0700676842966	0.00429132423789	0.0657763600587
CGGGAGGT	650	31270	33046	2305	105	9223372036854775807	0.068652271035	0.00316732526922	0.0654849457658
GCNGGGGT	5020	235278	255363	17272	780	9223372036854775807	0.0683904177391	0.00304517398484	0.0653452437542
AGGCNGGT	6570	311057	337936	22719	980	9223372036854775807	0.0680666075452	0.00289157195293	0.0651750355922
NGGCGNGT	39590	1834215	1995183	134117	7012	9223372036854775807	0.068137387392	0.00350215638337	0.0646352310086
CGGAGGGT	432	19945	21060	1727	322	216.657757414	0.0796880767811	0.0150593957534	0.0646286810277
TGGNGGGN	25540	1160222	1286779	84883	4822	9223372036854775807	0.0681733669048	0.00373335108907	0.0644400158157
CGGNTGGT	8180	382984	416945	27588	1304	9223372036854775807	0.0671940609686	0.00311775999464	0.064076300974
CGGCGGGC	5280	231852	261367	16551	797	9223372036854775807	0.0666296300769	0.00304008178087	0.0635895482961
NCGGCTCG	5250	234345	259140	16685	754	9223372036854775807	0.0664661594232	0.00290118278991	0.0635649766333
CGGCNGGN	51380	2362206	2574582	168530	7861	9223372036854775807	0.0665932756321	0.00304401684761	0.0635492587845
GCTAGGGT	24	1288	1257	87	0	25.1018145943	0.0632727272727	0.0	0.0632727272727
GGNGGGGA	4770	222125	241752	16034	1078	9223372036854775807	0.0673247704265	0.00443931968867	0.0628854507378
TGGCGGGC	5630	242717	277500	17718	1528	9223372036854775807	0.0680323305239	0.00547615293089	0.062556177593
ANGCGGGT	7580	357848	388487	24785	1193	9223372036854775807	0.0647748625968	0.00306148634777	0.061713376249
GGCGNGGT	13870	643005	697855	44496	2414	9223372036854775807	0.0647213604053	0.00344724670091	0.0612741137044
CGGCANGT	9230	433363	468535	30184	1992	9223372036854775807	0.0651152957521	0.00423355089081	0.0608817448613
ANGGCTCG	2560	116945	129189	7917	359	9223372036854775807	0.0634060002242	0.00277117361904	0.0606348266052
GCAGGGGT	800	38034	40956	2586	128	9223372036854775807	0.0636632200886	0.00311556810437	0.0605476519843
CGGCGGNT	17070	790146	859654	53133	2129	9223372036854775807	0.0630076166963	0.00247045950083	0.0605371571954
NGGCTNGT	18580	872949	946304	59095	3143	9223372036854775807	0.0634036590547	0.00331034802364	0.0600933110311
NNGGGGGT	7750	368100	395723	24941	1419	9223372036854775807	0.0634564841836	0.00357302929431	0.0598834548893
CGNCNGGT	44760	2106586	2257239	141539	7259	9223372036854775807	0.0629586877954	0.00320556697334	0.059753120822
GNCNGGGT	24780	1167686	1255865	77975	3767	9223372036854775807	0.0625972877051	0.0029905559719	0.0596067317332
TNGCGGGA	7020	328746	355807	21810	1043	9223372036854775807	0.0622154520248	0.00292279669329	0.0592926553315
TCGGGGGT	340	15926	17866	1050	46	219.781175973	0.0618520263902	0.00256811076373	0.0592839156265
GCTCGGGT	410	19360	20859	1273	52	257.283014651	0.0616972810546	0.00248672947253	0.0592105515821
GTGGGGGT	500	23207	25120	1533	81	9223372036854775807	0.0619644300728	0.00321415816833	0.0587502719044
GCGGGCGT	5180	235314	256788	15800	1118	9223372036854775807	0.0629196301281	0.00433491272014	0.058584717408
TGNCNGGT	32390	1538634	1653283	100469	5148	9223372036854775807	0.0612951108015	0.00310413879142	0.05819097201
CNGGGGGT	2540	120795	130079	7795	327	9223372036854775807	0.0606190216969	0.00250755333344	0.0581114683634
CGGCNGGA	11680	546014	585621	35673	1992	9223372036854775807	0.061326796026	0.00338998626647	0.0579368097596
NGGCTCGT	2370	109190	118682	7148	429	9223372036854775807	0.061441661366	0.00360168246426	0.0578399789018
TGGCNNGT	29680	1402594	1511229	90699	4934	9223372036854775807	0.0607375779569	0.00325426751609	0.0574833104408
CGGCNNGT	39770	1862055	2000012	121473	7617	9223372036854775807	0.0612408798867	0.00379402768141	0.0574468522053
CGNGGGGT	2020	96611	102081	6104	224	9223372036854775807	0.0594265686609	0.00218953130346	0.0572370373574
GNGGAGGT	2900	137051	147759	9065	746	9223372036854775807	0.0620397492403	0.00502339988553	0.0570163493548
CNGCAGGT	13280	630663	675137	40466	2434	9223372036854775807	0.0602954126554	0.00359224346969	0.0567031691857
GNCTAGGT	117	5814	6401	363	14	76.2771017619	0.0587663914522	0.00218238503507	0.0565840064171
GGNGGGGN	15810	735369	794225	47263	3039	9223372036854775807	0.0603898128367	0.00381178630918	0.0565780265275
GACGGGGT	590	28534	29776	1813	98	9223372036854775807	0.0597423139025	0.00328044453371	0.0564618693688
GCGNGGGT	6890	321082	346491	20477	1287	9223372036854775807	0.0599515749841	0.00370063661301	0.0562509383711
NGGNGGGA	19020	898686	970251	56435	3044	9223372036854775807	0.0590867544531	0.00312752043317	0.0559592340199
CGNCAGGT	13430	638821	682483	40508	2546	9223372036854775807	0.0596294284507	0.00371663097475	0.055912797476
TGGNTGGT	8210	391703	422949	24644	1410	9223372036854775807	0.0591910113439	0.00332265840951	0.0558683529344
TGGCANGT	5130	246793	265927	15548	908	9223372036854775807	0.0592663746803	0.00340285194971	0.0558635227306
TNGCAGGT	6390	308893	329593	19356	1047	9223372036854775807	0.058967430213	0.003166586015	0.055800844198
AGGCGGGN	7030	329011	354698	20496	1129	9223372036854775807	0.0586426022941	0.00317289019664	0.0554697120974
GNGCGGGT	7740	358482	387479	22102	1107	9223372036854775807	0.0580739074685	0.00284879022919	0.0552251172393
TGNCAGGT	6260	301397	322925	18895	1230	9223372036854775807	0.0589930438475	0.00379448103531	0.0551985628122
GGGGAGGT	450	20698	22530	1517	301	192.943264368	0.0682871933378	0.0131838290044	0.0551033643334
CTGGGGGT	1040	49930	53923	3042	135	9223372036854775807	0.0574265649777	0.00249731769581	0.0549292472819
GGCGGGGC	2090	94707	104630	5840	378	9223372036854775807	0.0580822898744	0.00359972573518	0.0544825641392
NGCAGGGT	6810	325328	347917	19932	1154	9223372036854775807	0.0577304060708	0.00330591770729	0.0544244883635
CNGCNGGT	52390	2477091	2639809	151066	8641	9223372036854775807	0.0574798233134	0.00326266306708	0.0542171602464
GCCGGGGT	1910	89382	97342	5363	243	9223372036854775807	0.056604570162	0.00249013680381	0.0541144333582
TNNCGGGT	24280	1157964	1243597	69941	3618	9223372036854775807	0.0569596182115	0.00290086312304	0.0540587550885
GGCGGGNT	11010	507107	557314	30266	1440	9223372036854775807	0.0563221449533	0.00257716275857	0.0537449821948
GCGGNGGT	13250	618996	666140	37251	2242	9223372036854775807	0.0567636880626	0.00335436920803	0.0534093188545
CNGCGGGA	9760	457089	489861	27267	1506	9223372036854775807	0.0562953695216	0.00306491888955	0.053230450632
GCGGCGGT	7810	363846	390835	21490	1059	9223372036854775807	0.0557695102456	0.00270226132577	0.0530672489198
NGCNGGGT	31170	1481465	1576468	87978	4769	9223372036854775807	0.0560568303532	0.00301599317496	0.0530408371782
TGNCTGGT	8510	408756	435789	24320	1367	9223372036854775807	0.0561564252002	0.00312703016772	0.0530293950325
TNGCGGGN	31700	1467251	1601204	87544	5294	9223372036854775807	0.0563058152361	0.00329536669202	0.0530104485441
GGNTGGGT	4450	211279	226260	12456	655	9223372036854775807	0.0556730060116	0.00288654341934	0.0527864625922
NGGAGGGT	1640	79866	84704	5043	569	9223372036854775807	0.0593929972088	0.00667268654791	0.0527203106609
GNGNGGGT	15740	744241	796297	43735	2645	9223372036854775807	0.055502959481	0.00331062830593	0.0521923311751
NGGGAGGT	1810	86915	92852	5298	510	9223372036854775807	0.0574539381649	0.00546260791328	0.0519913302516
NCGGAGGT	4270	205526	217817	12059	783	9223372036854775807	0.0554220189811	0.00358188472095	0.0518401342601
CGGGNGGT	5100	240124	258284	13942	807	9223372036854775807	0.0548755047901	0.00311473574922	0.0517607690409
GAGGGGGT	660	31615	34130	1820	93	9223372036854775807	0.0544339763721	0.00271747070683	0.0517165056652
TGCGGGGT	830	39812	42693	2288	127	9223372036854775807	0.0543467933492	0.00296590378328	0.0513808895659
CGGNGNGT	27520	1298885	1387804	75704	5175	9223372036854775807	0.0550739166398	0.0037150595953	0.0513588570445
GTGAGGGT	420	20105	21959	1168	79	222.594567082	0.0549052789921	0.00358471730647	0.0513205616857
GCGAGGGT	920	44220	47183	2519	123	9223372036854775807	0.0538950341257	0.00260009301146	0.0512949411142
TGGCGGNT	16020	753878	813114	42603	2043	9223372036854775807	0.0534890348922	0.00250626566416	0.0509827692281
TTGGGGGT	300	14183	15194	801	38	158.918073276	0.0534570208222	0.00249474789916	0.0509622729231
CNGCGGGN	40450	1888954	2024314	107876	6318	9223372036854775807	0.0540236274495	0.00311134661524	0.0509122808343
GNGAGGGT	2250	109628	116695	6217	326	9223372036854775807	0.0536665371833	0.00278582476649	0.0508807124168
GNCAGGGT	7720	369910	394301	21109	1231	9223372036854775807	0.0539845889842	0.00311226398875	0.0508723249954
CGAAGGGT	740	35738	36772	2032	113	9223372036854775807	0.053799311623	0.0030635759794	0.0507357356436
GGCGGAGT	1880	88757	96792	5140	402	9223372036854775807	0.0547408330405	0.00413605778134	0.0506047752591
GGCGAGGT	2020	97179	102730	5519	325	9223372036854775807	0.0537400923095	0.00315365581486	0.0505864364946
TGGCNGGN	55490	2598925	2800673	147959	9317	9223372036854775807	0.0538643058826	0.00331567016253	0.0505486357201
GTNGGGGT	2360	112676	121262	6343	342	9223372036854775807	0.0532940118805	0.0028124074866	0.0504816043939
TNGCNGGT	40400	1933088	2058641	108720	6061	9223372036854775807	0.0532469262536	0.00293553258533	0.0503113936683
CGCGGGGT	830	40256	41790	2234	105	9223372036854775807	0.0525770769593	0.00250626566416	0.0500708112951
