#Sequence	Occurrence	Forward Match	Backward Match	Forward Mismatch	Backward Mismatch	Strand Bias Score	FER (Forward Error Rate)	RER (Reverse Error Rate), ERD (Error rate Difference)
CGGCGGGT	323	13307	20368	5958	68	9223372036854775807	0.309265507397	0.00332746134273	0.305938046054
TGGCGGGT	271	11310	17558	4671	47	9223372036854775807	0.292284587948	0.00266969610906	0.289614891839
NGGCGGGT	888	40043	56659	13292	176	9223372036854775807	0.249217211962	0.00309668338172	0.24612052858
CGGNGGGT	482	22804	30477	6623	100	9223372036854775807	0.225065416114	0.00327043202407	0.22179498409
GGCGGGGT	188	9026	11837	2578	36	9223372036854775807	0.222164770769	0.00303208961509	0.219132681154
CGGCNGGT	1116	56596	70905	12077	228	9223372036854775807	0.175862420456	0.00320526337987	0.172657157076
TGGNGGGT	504	25575	32482	5409	80	9223372036854775807	0.174573973664	0.00245685154475	0.172117122119
AGGCGGGT	158	8209	10164	1659	35	9223372036854775807	0.168119173085	0.00343170899108	0.164687464094
NGGNGGGT	1506	77633	96327	15511	333	9223372036854775807	0.166527097827	0.00344506517691	0.16308203265
CGGGGGGT	22	1137	1414	214	2	66.8459240912	0.158401184308	0.00141242937853	0.156988754929
CGGCAGGT	365	19393	23597	3379	69	9223372036854775807	0.148383980327	0.00291557508662	0.14546840524
GGNGGGGT	333	17637	21295	3128	119	9223372036854775807	0.150638092945	0.00555711216961	0.145080980775
GCGGGGGT	79	4271	4984	711	18	195.565650489	0.14271376957	0.00359856057577	0.139115208995
TGGCNGGT	1130	60957	72416	9500	223	9223372036854775807	0.134834012234	0.00306997618359	0.131764036051
CGGCGGGA	383	19829	24086	3034	82	9223372036854775807	0.132703494729	0.0033929162529	0.129310578477
CNGCGGGT	996	53685	63002	7671	202	9223372036854775807	0.125024447487	0.00319600025315	0.121828447234
CGGCGGGN	1500	78706	94230	11082	305	9223372036854775807	0.123424065577	0.00322631829481	0.120197747282
GGGCGGGT	136	7217	8569	1004	26	226.253878554	0.122126262012	0.00302501454334	0.119101247469
CGNCGGGT	1025	55677	64752	7739	231	9223372036854775807	0.122035448467	0.00355477586446	0.118480672603
GNCGGGGT	512	28072	32728	3863	98	9223372036854775807	0.120964459057	0.00298543837202	0.117979020685
TGGCAGGT	226	12801	14435	1769	56	9223372036854775807	0.121413864104	0.00386446760058	0.117549396504
GGCTCGGT	82	4595	5213	628	16	135.800407575	0.120237411449	0.00305985848155	0.117177552968
NGCGGGGT	462	25837	29254	3488	91	9223372036854775807	0.1189428815	0.00310103935935	0.115841842141
TGNCGGGT	784	43574	50575	5836	138	9223372036854775807	0.118113742157	0.00272119574862	0.115392546409
TGGCGGGA	347	18817	22150	2498	63	9223372036854775807	0.117194463992	0.00283617701346	0.114358286979
GGCGGGGA	235	12635	14919	1708	73	9223372036854775807	0.119082479258	0.00486926360726	0.114213215651
NGGCNGGT	3694	203443	235706	26921	760	9223372036854775807	0.11686287788	0.00321399270931	0.113648885171
CGGCTGGT	359	19666	22639	2595	79	9223372036854775807	0.116571582588	0.00347741878687	0.113094163802
TNGCGGGT	812	44488	52678	5800	137	9223372036854775807	0.115335666561	0.00259396004923	0.112741706511
GGCNGGGT	772	42738	49007	5504	148	9223372036854775807	0.114091455578	0.00301088393856	0.11108057164
AGGNGGGT	297	16780	19194	2103	53	9223372036854775807	0.111370015358	0.00275367589754	0.10861633946
TCGGCTCG	94	4959	5806	607	12	138.567846205	0.109054976644	0.00206256445514	0.106992412189
NGGCAGGT	865	49032	55644	5981	173	9223372036854775807	0.108719757148	0.00309941415698	0.105620342991
TGGCGGGN	1437	75960	90718	9326	376	9223372036854775807	0.109349717421	0.00412760445254	0.105222112969
GGCGGGGN	773	41962	48909	5053	182	9223372036854775807	0.107476337339	0.00370740054185	0.103768936797
NGGGGGGT	87	4886	5535	629	71	106.278346613	0.114052583862	0.0126650017838	0.101387582078
TGGCTGGT	390	21908	25047	2537	80	9223372036854775807	0.103784004909	0.00318382616309	0.100600178746
NGNCGGGT	2865	160623	182787	18471	551	9223372036854775807	0.103135783443	0.00300537804492	0.100130405398
ACGGCTCG	104	5512	6514	616	29	132.378909505	0.100522193211	0.00443221763717	0.0960899755743
AGGGGGGT	29	1698	1924	183	4	51.5040964385	0.097288676236	0.00207468879668	0.0952139874394
CGGNAGGT	713	40593	45610	4380	139	9223372036854775807	0.0973917683944	0.00303831777744	0.0943534506169
GGCAGGGT	202	11502	12975	1225	41	260.230596399	0.0962520625442	0.00314996926859	0.0931020932756
GGGNGGGT	223	12474	14174	1376	100	262.991997339	0.0993501805054	0.00700574471066	0.0923444357948
CGGNNGGT	2683	151387	170707	16002	569	9223372036854775807	0.0955976796564	0.00332212335645	0.0922755562999
GNGGGGGT	205	11665	13013	1284	97	238.547761229	0.0991582361572	0.00739893211289	0.0917593040443
GGCTAGGT	5	269	350	27	0	9.44322277605	0.0912162162162	0.0	0.0912162162162
NNGCGGGT	3340	187724	212549	19489	661	9223372036854775807	0.0940529793015	0.00310022982036	0.0909527494811
NGGCGGGN	4292	234986	270538	24430	956	9223372036854775807	0.0941730656552	0.00352125645502	0.0906518092001
NGGCGGGA	1101	61595	69722	6256	204	9223372036854775807	0.0922020309207	0.00291736979092	0.0892846611298
CGGNGGGA	595	33227	37798	3342	122	9223372036854775807	0.0913888812929	0.00321729957806	0.0881715817148
NCGGGGGT	195	11251	12432	1116	34	234.950867686	0.0902401552519	0.00272741857853	0.0875127366733
GTGGCTCG	38	2038	2511	212	17	50.6802388906	0.0942222222222	0.0067246835443	0.0874975386779
GGCTNGGT	338	19456	21538	1880	58	9223372036854775807	0.0881139857518	0.0026856825338	0.085428303218
CGGCTNGT	574	32568	36309	3163	141	9223372036854775807	0.0885225714366	0.0038683127572	0.0846542586794
GGCTGGGT	212	12144	13407	1155	37	242.284483769	0.0868486352357	0.0027521570961	0.0840964781396
ATGGCTCG	67	3760	4328	352	9	98.4444479622	0.0856031128405	0.00207516716624	0.0835279456742
NGNGGGGT	920	53842	59160	5093	214	9223372036854775807	0.0864172393315	0.00360427122983	0.0828129681016
TGGCTNGT	547	31681	35294	2901	125	9223372036854775807	0.083887571569	0.00352917925407	0.080358392315
CGGNGGGN	2393	134454	151115	12235	495	9223372036854775807	0.0834077538193	0.00326495613746	0.0801427976818
CNGNGGGT	1959	112945	124824	10225	382	9223372036854775807	0.0830153446456	0.00305097199815	0.0799643726475
GGNNGGGT	1684	97162	107590	8787	379	9223372036854775807	0.0829361296473	0.00351026683585	0.0794258628114
GTCGGGGT	74	4224	4860	373	16	96.9209592651	0.0811398738308	0.00328137817884	0.0778584956519
GGCTCGGA	33	1940	2160	173	9	42.394813813	0.0818741126361	0.00414937759336	0.0777247350427
TGGCGNGT	1145	65505	73144	5741	242	9223372036854775807	0.0805799623839	0.00329763170087	0.077282330683
GNNGGGGT	1395	81195	89886	7087	330	9223372036854775807	0.080276840126	0.0036578877361	0.0766189523899
NGGCTGGT	1279	73620	81491	6320	274	9223372036854775807	0.0790592944709	0.00335106708249	0.0757082273884
TNGNGGGT	1527	89291	98691	7593	265	9223372036854775807	0.0783720738202	0.00267795788027	0.07569411594
TGGNAGGT	482	28452	31094	2445	117	9223372036854775807	0.0791338964948	0.00374867835058	0.0753852181442
CGNNGGGT	2229	129586	141174	11068	470	9223372036854775807	0.0786895502439	0.0033181779673	0.0753713722766
CGGCTCGT	98	5485	6108	475	27	94.5618556212	0.0796979865772	0.00440097799511	0.0752970085821
CGGCGNGT	1534	87750	96808	7537	374	9223372036854775807	0.079097883237	0.00384844930131	0.0752494339356
AGNCGGGT	536	31477	34517	2647	86	9223372036854775807	0.0775700386825	0.00248533364159	0.0750847050409
GCGGGAGT	102	5899	6606	480	21	100.009280501	0.0752469039034	0.00316885468538	0.0720780492181
TGGCTCGT	61	3517	3894	298	26	63.0905057245	0.0781127129751	0.00663265306122	0.0714800599139
TGGNNGGT	2675	156458	172167	12539	528	9223372036854775807	0.0741965833713	0.00305741335881	0.0711391700125
CGGAGGGT	48	2776	2915	235	21	46.8808090685	0.0780471604118	0.00715258855586	0.070894571856
TGGNGGGA	605	35374	39087	2776	110	9223372036854775807	0.0727653997379	0.00280633721969	0.0699590625182
NGNNGGGT	7170	422929	459563	32916	1431	9223372036854775807	0.072208755169	0.00310416187629	0.0691045932927
NNCGGGGT	1359	79874	87067	6209	274	9223372036854775807	0.0721280624514	0.00313712918332	0.068990933268
NGGNAGGT	1873	111131	120687	8642	408	9223372036854775807	0.0721531563875	0.00336925554317	0.0687839008443
GCGGAGGT	118	6738	7474	534	37	102.432434558	0.0734323432343	0.00492610837438	0.0685062348599
GGNAGGGT	386	22973	25181	1764	79	9223372036854775807	0.0713101831265	0.00312747426762	0.0681827088589
GCGGGNGT	837	47416	52398	3647	212	9223372036854775807	0.0714215772673	0.00402965215738	0.0673919251099
TGNNGGGT	1849	110198	119419	8272	320	9223372036854775807	0.0698235840297	0.00267247930916	0.0671511047205
GGNCGGGT	520	29895	32943	2249	96	9223372036854775807	0.0699664011946	0.00290565695088	0.0670607442437
CNNCGGGT	2507	146294	159617	11019	522	9223372036854775807	0.070045069384	0.00325966816328	0.0667854012207
GGGAGGGT	37	2267	2516	167	7	42.7098311067	0.0686113393591	0.00277447483155	0.0658368645275
NGGCGNGT	3959	230549	251389	17156	930	9223372036854775807	0.06925980501	0.00368581042252	0.0655739945875
NNGNGGGT	6574	387874	421192	28407	1346	9223372036854775807	0.0682399629097	0.00318551230895	0.0650544506007
NGGNNGGT	8762	516052	561326	37811	1922	9223372036854775807	0.0682677846327	0.00341235122007	0.0648554334126
TGGNGGGN	2554	145528	161953	10643	601	9223372036854775807	0.0681496564663	0.00369723291952	0.0644524235468
CGGNTGGT	818	47884	52137	3498	193	9223372036854775807	0.0680783153634	0.0036881330021	0.0643901823613
NCGGCTCG	525	29546	32608	2145	110	9223372036854775807	0.0676848316557	0.00336206369582	0.0643227679599
AGGCNGGT	657	39157	42372	2841	142	9223372036854775807	0.0676460783847	0.00334007621019	0.0643060021745
CGGCGGGC	528	29021	32880	2080	97	9223372036854775807	0.0668788784927	0.00294144403675	0.0639374344559
GCNGGGGT	502	29610	32179	2123	96	9223372036854775807	0.0669019632559	0.00297443841983	0.0639275248361
CGGCNGGN	5138	296067	323735	21299	1046	9223372036854775807	0.0671117889125	0.00322063174878	0.0638911571637
TCGGGGGT	34	1988	2266	142	7	36.1103248444	0.0666666666667	0.00307963044435	0.0635870362223
CGGGAGGT	65	4003	4122	285	12	68.1157657146	0.0664645522388	0.00290275761974	0.0635617946191
GGACGGGT	94	5472	6043	385	16	80.1189442601	0.0657333105686	0.00264069978544	0.0630926107831
ANGCGGGT	758	45142	48500	3218	171	9223372036854775807	0.0665425971878	0.00351338579442	0.0630292113933
GGNGGGGA	477	27766	30585	1999	130	9223372036854775807	0.0671594154208	0.00423245971024	0.0629269557106
GGCGNGGT	1387	80845	87997	5640	292	9223372036854775807	0.0652136208591	0.00330732027772	0.0619063005814
CGGCANGT	923	54451	58932	3815	235	9223372036854775807	0.0654755775238	0.00397180860953	0.0615037689142
NNGGGGGT	775	46377	49940	3237	192	9223372036854775807	0.065243681219	0.0038298890928	0.0614137921262
GTGGGGGT	50	2903	3134	200	10	48.2713119157	0.0644537544312	0.00318066157761	0.0612730928536
GNCNGGGT	2478	146131	157926	9961	472	9223372036854775807	0.0638149296569	0.00297983560398	0.0608350940529
CGGCGGNT	1707	99088	108394	6744	318	9223372036854775807	0.0637236374631	0.00292516005593	0.0607984774072
GACGGGGT	59	3610	3762	250	15	56.1317909317	0.0647668393782	0.00397140587768	0.0607954335006
CGNCNGGT	4476	264120	284783	18009	923	9223372036854775807	0.0638325021533	0.00323059368722	0.0606019084661
GCGGGCGT	518	29304	32050	2022	135	9223372036854775807	0.0645470216434	0.00419450054373	0.0603525210996
NGGCTNGT	1858	109561	118898	7442	419	9223372036854775807	0.0636052067041	0.00351165382971	0.0600935528744
CGGCNGGA	1168	67987	73415	4568	245	9223372036854775807	0.0629591344497	0.00332609285908	0.0596330415906
TGGCGGGC	563	30548	34934	2138	203	9223372036854775807	0.0654102673928	0.00577738566184	0.0596328817309
GCTCGGGT	41	2381	2581	155	4	41.9154047096	0.061119873817	0.00154738878143	0.0595724850356
TNGCGGGA	702	41545	45262	2777	141	9223372036854775807	0.0626551148414	0.00310552166156	0.0595495931798
ANGGCTCG	256	14759	16327	979	53	196.053673657	0.0622061253018	0.00323565323565	0.0589704720662
GNCTAGGT	13	788	884	52	3	12.7551292298	0.0619047619048	0.00338218714769	0.0585225747571
TGNCNGGT	3239	193965	208143	12729	662	9223372036854775807	0.0615837905309	0.00317042216422	0.0584133683667
CGNGGGGT	202	12389	12729	791	29	154.42477871	0.0600151745068	0.00227308355542	0.0577420909514
TGGCNNGT	2968	176239	190048	11480	674	9223372036854775807	0.0611552373494	0.00353393945114	0.0576212978983
CGGCNNGT	3977	234384	251555	15363	996	9223372036854775807	0.0615142524235	0.00394375789445	0.057570494529
CGNCAGGT	1343	79900	86319	5186	293	9223372036854775807	0.0609500975484	0.00338290306193	0.0575671944864
GCAGGGGT	80	4849	5149	316	19	60.0499960762	0.0611810261375	0.00367647058824	0.0575045555492
GGNGGGGN	1581	92071	100573	6021	412	9223372036854775807	0.0613811523876	0.00407981383374	0.0573013385538
CNGGGGGT	254	15276	16472	972	42	195.704820792	0.0598227474151	0.00254329659683	0.0572794508182
NGGNGGGN	7543	438447	478383	28282	1674	9223372036854775807	0.0605961917944	0.00348708590855	0.0571091058858
GGCGGGGC	209	11651	13282	755	50	151.308601109	0.0608576495244	0.0037503750375	0.0571072744869
NGGNGGGA	1902	112605	121816	7212	378	9223372036854775807	0.0601917924835	0.00309344157651	0.057098350907
GCGNGGGT	689	39997	43400	2573	154	9223372036854775807	0.0604416255579	0.00353584056573	0.0569057849922
TGGGGGGT	26	1542	1661	97	4	24.6150664578	0.0591824283099	0.0024024024024	0.0567800259075
TGGNTGGT	821	49217	53430	3137	175	9223372036854775807	0.0599190128739	0.00326462083761	0.0566543920363
CNGCAGGT	1328	79077	84561	5069	308	9223372036854775807	0.0602405343094	0.00362912253002	0.0566114117794
AGGCGGGN	703	41039	44530	2603	138	9223372036854775807	0.0596443792677	0.00308946001612	0.0565549192516
NGGCTCGT	237	13790	14958	894	66	165.702774142	0.0608825932988	0.00439297124601	0.0564896220528
GGGGAGGT	45	2627	2874	202	44	26.9543719765	0.0714033227289	0.0150788211103	0.0563245016185
GNGGAGGT	290	17046	18510	1126	106	196.528769751	0.0619634602685	0.00569402664375	0.0562694336248
GNGCGGGT	774	44409	48369	2800	151	9223372036854775807	0.05931072465	0.00311211871393	0.056198605936
NGCAGGGT	681	40906	43693	2586	148	9223372036854775807	0.0594592108894	0.00337583540521	0.0560833754841
NGGAGGGT	164	10153	10717	641	45	116.81291848	0.0593848434315	0.00418137892585	0.0552034645057
GGNTGGGT	445	26657	28171	1646	85	9223372036854775807	0.0581563791824	0.00300821064553	0.0551481685369
TNGCAGGT	639	39206	41149	2428	136	9223372036854775807	0.0583177210933	0.0032941746397	0.0550235464536
TGGCANGT	513	31150	33323	1940	122	9223372036854775807	0.0586279842853	0.00364777993721	0.0549802043481
GAGGGGGT	66	3982	4359	238	8	62.6847081146	0.0563981042654	0.00183192122739	0.054566183038
TGNCAGGT	626	38370	40580	2390	166	9223372036854775807	0.0586359175662	0.00407401953566	0.0545618980306
AGTCGGGT	78	4644	5016	285	17	55.4212417858	0.0578210590383	0.00337770713292	0.0544433519054
GGCGGGNT	1101	63799	70077	3849	174	9223372036854775807	0.0568974692526	0.00247683306999	0.0544206361826
TNNCGGGT	2428	145656	157117	8833	437	9223372036854775807	0.0571755917897	0.00277365220813	0.0544019395816
CNGCNGGT	5239	310701	331960	19001	1124	9223372036854775807	0.0576308302649	0.00337452414406	0.0542563061208
NGCNGGGT	3117	186682	198348	11255	603	9223372036854775807	0.0568615266474	0.00303089705505	0.0538306295923
CNGCGGGA	976	57196	61616	3425	171	9223372036854775807	0.0564985731017	0.0027675724667	0.053731000635
GTNGGGGT	236	14020	15305	843	50	164.577482549	0.0567180246249	0.00325626831651	0.0534617563084
CGAGGGGT	38	2372	2456	138	4	35.6992562123	0.0549800796813	0.00162601626016	0.0533540634211
GNGNGGGT	1574	92850	99904	5616	377	9223372036854775807	0.0570349156054	0.00375943598488	0.0532754796205
GCGAGGGT	92	5594	6010	327	12	67.5395463652	0.0552271575747	0.00199269345732	0.0532344641174
GCCGGGGT	191	11212	12269	662	31	134.582335963	0.0557520633316	0.00252032520325	0.0532317381284
NCGGAGGT	427	25870	27327	1572	112	284.797096586	0.0572844544858	0.00408178140603	0.0532026730798
TGNCTGGT	851	51216	54751	3050	167	9223372036854775807	0.0562046216784	0.00304089733785	0.0531637243405
ACGGAGGT	73	4427	4718	266	17	60.0085996676	0.0566801619433	0.00359028511088	0.0530898768324
GNCAGGGT	772	46156	49475	2738	152	9223372036854775807	0.0559986910459	0.00306284885244	0.0529358421935
GGAGGGGT	41	2459	2680	139	2	40.2095465472	0.0535026943803	0.000745712155108	0.0527569822252
TNGCGGGN	3170	184183	202149	10967	714	9223372036854775807	0.0561977965667	0.00351961668712	0.0526781798796
GCGGNGGT	1325	77448	83127	4594	299	9223372036854775807	0.0559957095146	0.00358401457579	0.0524116949388
GGCGAGGT	202	12216	13031	721	44	136.753543534	0.0557316224782	0.00336520076482	0.0523664217133
CGGNGNGT	2752	163169	174421	9662	639	9223372036854775807	0.0559043227199	0.00365017708214	0.0522541456377
NGGGAGGT	181	10994	11665	679	72	111.901006673	0.0581684228562	0.00613444662179	0.0520339762344
CTGGGGGT	104	6400	6818	375	23	71.3604223756	0.0553505535055	0.00336208156702	0.0519884719385
CGGGGGGA	53	3281	3445	199	18	40.0558728885	0.057183908046	0.00519780537107	0.0519861026749
NNNCGGGT	9257	552797	592280	32158	1808	9223372036854775807	0.0549751690301	0.00304332018152	0.0519318488486
TNGGGGGT	114	6805	7383	392	19	78.9751454142	0.0544671390857	0.00256687381789	0.0519002652678
GGCTCGGN	260	15378	16668	887	46	175.736207049	0.0545342760529	0.00275218379801	0.0517820922549
GCGGCGGT	781	45450	48733	2624	138	9223372036854775807	0.0545825186171	0.00282376051237	0.0517587581048
NTCGGGGT	237	14196	15330	819	44	160.812403789	0.0545454545455	0.00286197476259	0.0516834797829
TCGAGGGT	50	3094	3268	181	13	39.5881061697	0.0552671755725	0.00396220664432	0.0513049689282
CNGCGGGN	4045	236820	254686	13571	748	9223372036854775807	0.0541992324005	0.0029283493975	0.051270883003
CGAAGGGT	74	4509	4596	255	11	60.6316136189	0.0535264483627	0.00238767093553	0.0511387774272
CGGGNGGT	510	29951	32358	1717	102	9223372036854775807	0.054218769736	0.00314232902033	0.0510764407157
GGCGGAGT	188	11159	12137	643	45	121.580571842	0.0544822911371	0.0036939747168	0.0507883164203
CGCGGGGT	83	5132	5199	291	15	54.1792591691	0.0536603356076	0.00287686996548	0.0507834656421
GGCNNGGT	3329	198188	211715	11293	682	9223372036854775807	0.0539094237664	0.00321096813985	0.0506984556265
TGGCNGGN	5549	326494	353018	18653	1198	9223372036854775807	0.0540436393768	0.00338211712627	0.0506615222506
TGGCGGNT	1602	95133	102107	5341	272	9223372036854775807	0.0531580309334	0.00265679485051	0.0505012360829
