#Sequence	Occurrence	Forward Match	Backward Match	Forward Mismatch	Backward Mismatch	Strand Bias Score	FER (Forward Error Rate)	RER (Reverse Error Rate), ERD (Error rate Difference)
CTANAGTA	141	0	16	16	0	8.47790256386	1.0	0.0	1.0
CTAGNAAT	148	0	9	19	0	6.83928316822	1.0	0.0	1.0
CTANNAAT	942	0	9	19	0	6.83928316822	1.0	0.0	1.0
AGTCTNCN	652	0	10	27	0	8.54199104934	1.0	0.0	1.0
CCTAGGNN	384	2	25	20	0	10.625948163	0.909090909091	0.0	0.909090909091
NACTCCAG	235	1	30	8	0	6.83480027519	0.888888888889	0.0	0.888888888889
NACTCNAG	1053	1	52	8	0	8.51481738972	0.888888888889	0.0	0.888888888889
NANTCCAG	1186	1	30	8	0	6.83480027519	0.888888888889	0.0	0.888888888889
AGTCNCNC	776	4	46	27	0	16.144030642	0.870967741935	0.0	0.870967741935
GCTNGAGT	395	3	31	16	0	9.70596689764	0.842105263158	0.0	0.842105263158
TCNCCGCT	601	2	29	10	0	7.2301001877	0.833333333333	0.0	0.833333333333
CCGCTANA	359	2	29	10	0	7.2301001877	0.833333333333	0.0	0.833333333333
TNNGCTAG	853	4	72	10	2	7.87626255003	0.714285714286	0.027027027027	0.687258687259
GAGGCGGG	2	58	277	98	0	55.7018758239	0.628205128205	0.0	0.628205128205
GAGGAAGG	74	40	39	59	0	11.6187513244	0.59595959596	0.0	0.59595959596
GAGGAAGN	288	40	39	59	0	11.6187513244	0.59595959596	0.0	0.59595959596
GAGGNAGG	152	40	39	59	0	11.6187513244	0.59595959596	0.0	0.59595959596
NAGGAAGG	248	40	39	59	0	11.6187513244	0.59595959596	0.0	0.59595959596
GNGGAAGG	284	40	39	59	0	11.6187513244	0.59595959596	0.0	0.59595959596
NTAGNGTA	547	12	35	16	0	7.0807655144	0.571428571429	0.0	0.571428571429
TGGNCANA	1887	18	54	24	1	9.71085819216	0.571428571429	0.0181818181818	0.553246753247
AAGGTGGN	542	44	45	50	0	11.0627414846	0.531914893617	0.0	0.531914893617
NNCCTCCG	361	29	44	34	1	8.88544680393	0.539682539683	0.0222222222222	0.51746031746
ACCNTCAT	988	74	221	74	0	35.6579548877	0.5	0.0	0.5
NCCGTCAT	702	79	245	77	0	38.1281685807	0.49358974359	0.0	0.49358974359
NCNGTCAT	2652	104	257	77	0	34.7589970009	0.425414364641	0.0	0.425414364641
NNCCCTAC	449	38	186	30	4	15.5520868817	0.441176470588	0.0210526315789	0.420123839009
AGGAAGNN	2072	261	211	154	0	32.6625566316	0.371084337349	0.0	0.371084337349
CCGTCATT	152	99	245	58	0	27.0682293791	0.369426751592	0.0	0.369426751592
CNGTCATT	650	99	245	58	0	27.0682293791	0.369426751592	0.0	0.369426751592
CCGTCNTT	450	99	245	58	0	27.0682293791	0.369426751592	0.0	0.369426751592
CCGTCATN	702	100	245	58	0	26.9370582432	0.367088607595	0.0	0.367088607595
ANNGTCAT	2984	132	220	73	0	26.633908271	0.356097560976	0.0	0.356097560976
CCGTNNTT	2662	109	255	58	0	26.4663504482	0.347305389222	0.0	0.347305389222
CCGTNATT	714	109	255	58	0	26.4663504482	0.347305389222	0.0	0.347305389222
ATNTNAAA	2229	45	79	25	1	8.25107545716	0.357142857143	0.0125	0.344642857143
ACNGTCAN	2746	145	128	75	0	17.3866178489	0.340909090909	0.0	0.340909090909
GNAAGGTG	988	151	209	76	0	24.6832149657	0.334801762115	0.0	0.334801762115
NCCTTACC	277	65	72	33	1	7.88492438285	0.336734693878	0.013698630137	0.323036063741
AAGGTGNT	1320	189	240	93	2	25.5207022714	0.329787234043	0.00826446280992	0.321522771233
CNGTCATN	2652	125	257	58	0	24.8041786199	0.31693989071	0.0	0.31693989071
GACTACGG	2	198	500	90	0	43.8312685345	0.3125	0.0	0.3125
CNGTNATT	3582	139	301	58	0	25.9214754188	0.294416243655	0.0	0.294416243655
CCTCACCN	634	165	252	64	1	21.4201280511	0.279475982533	0.00395256916996	0.275523413363
AGNTGGTT	1124	173	155	60	0	14.6771943509	0.257510729614	0.0	0.257510729614
ACCGTCNT	530	214	237	74	0	21.2529207851	0.256944444444	0.0	0.256944444444
GNCTCAGA	230	89	135	30	1	9.61469492791	0.252100840336	0.00735294117647	0.24474789916
GGAAGNTG	388	99	89	32	0	7.82787967153	0.24427480916	0.0	0.24427480916
GGANGGTG	570	200	194	64	0	16.7801438474	0.242424242424	0.0	0.242424242424
GTGTGCGG	4	335	627	107	0	44.7388498456	0.242081447964	0.0	0.242081447964
GTGTGNGG	12	335	627	107	0	44.7388498456	0.242081447964	0.0	0.242081447964
GNNTCAGA	1116	91	137	30	1	9.58244422162	0.247933884298	0.00724637681159	0.240687507486
GGCGGGGT	16	1966	3403	632	11	230.688772308	0.243264049269	0.00322202694786	0.240042022321
GAGNAAGG	478	183	138	60	1	11.4317110487	0.246913580247	0.00719424460432	0.239719335643
CTCANAGC	390	113	151	35	0	11.6898805388	0.236486486486	0.0	0.236486486486
GAGNAAGN	2234	188	143	60	1	11.7215547267	0.241935483871	0.00694444444444	0.234991039427
AAGGNGGT	402	156	96	50	1	7.89062234114	0.242718446602	0.0103092783505	0.232409168251
CTCNGAGN	676	106	140	32	0	10.6228551826	0.231884057971	0.0	0.231884057971
GTGGCGGG	8	749	1477	231	6	90.1373873035	0.235714285714	0.00404585300067	0.231668432714
GTCTCANA	126	100	183	31	1	11.5028462484	0.236641221374	0.0054347826087	0.231206438765
GTCTCNNA	509	100	183	31	1	11.5028462484	0.236641221374	0.0054347826087	0.231206438765
AGGCGGGG	6	614	1309	182	1	81.0679862238	0.22864321608	0.000763358778626	0.227879857302
TGGCGGGG	14	1662	3212	494	14	188.433231804	0.229128014842	0.00433973961562	0.224788275227
TCGAAAAA	4	309	572	92	3	33.9528142251	0.229426433915	0.00521739130435	0.224209042611
CNCTTACC	332	107	127	33	2	7.71415397621	0.235714285714	0.015503875969	0.220210409745
GNANGGTG	2954	281	378	76	0	25.8313705046	0.212885154062	0.0	0.212885154062
NAGGAAGN	1036	223	158	60	0	12.5643790392	0.212014134276	0.0	0.212014134276
CCTNANCA	1354	119	134	33	1	8.51597008143	0.217105263158	0.00740740740741	0.20969785575
GGCGGGGA	12	1309	2795	351	9	146.085565695	0.211445783133	0.00320970042796	0.208236082705
CTNAGAGC	286	123	209	32	0	12.749794868	0.206451612903	0.0	0.206451612903
CCTANGNA	498	77	181	20	0	9.75565559894	0.20618556701	0.0	0.20618556701
TGTGGAGG	4	913	1315	239	2	81.4967785426	0.207465277778	0.00151860288535	0.205946674892
NTNAGAGC	1315	124	209	32	0	12.6899405857	0.205128205128	0.0	0.205128205128
GGCGGGCT	8	533	1605	141	10	65.9448855466	0.209198813056	0.0061919504644	0.203006862592
GTATACTT	2	312	632	78	0	34.9150942	0.2	0.0	0.2
GTATACNT	4	312	632	78	0	34.9150942	0.2	0.0	0.2
GAGNTCTG	203	136	180	35	1	10.4380744905	0.204678362573	0.00552486187845	0.199153500695
ANGTGGTT	1246	247	231	60	0	15.673710312	0.195439739414	0.0	0.195439739414
AAGGTNGT	431	206	118	50	0	8.8718673143	0.1953125	0.0	0.1953125
GCGGAGGG	4	599	764	150	4	43.2576539312	0.200267022697	0.00520833333333	0.195058689364
CCCTNACC	191	135	142	33	1	8.23741507705	0.196428571429	0.00699300699301	0.189435564436
CNTCACCA	1052	139	118	34	1	6.84479713438	0.196531791908	0.00840336134454	0.188128430563
CATGTTAT	2	152	486	36	2	18.5345537842	0.191489361702	0.00409836065574	0.187391001046
NCCTCACC	317	109	176	25	0	9.71225625205	0.186567164179	0.0	0.186567164179
CNCAGAGC	413	133	132	32	1	7.54179293033	0.193939393939	0.00751879699248	0.186420596947
CNTCACNA	2260	141	119	34	1	6.83833114067	0.194285714286	0.00833333333333	0.185952380952
ANACTGAC	400	132	177	32	2	8.71451274248	0.19512195122	0.0111731843575	0.183948766862
ANACTNAC	1164	133	177	32	2	8.42108364311	0.193939393939	0.0111731843575	0.182766209582
AACNTTGN	2199	100	176	24	2	7.76133239943	0.193548387097	0.0112359550562	0.182312432041
TNGACAGN	835	117	188	27	1	9.24264615898	0.1875	0.00529100529101	0.182208994709
CTCAGNGC	432	145	113	32	0	7.13982886611	0.180790960452	0.0	0.180790960452
CGGCGGGT	6	415	1028	95	6	40.2487156088	0.186274509804	0.00580270793037	0.180471801874
TGGCGGGA	4	393	688	91	6	29.6924480141	0.188016528926	0.00864553314121	0.179370995784
GAGGANGG	284	505	598	110	1	32.9844921615	0.178861788618	0.0016694490818	0.177192339536
NGAAACTG	553	90	195	20	1	8.24236572623	0.181818181818	0.00510204081633	0.176716141002
ATGTGANA	258	113	211	25	1	9.4907763157	0.18115942029	0.00471698113208	0.176442439158
CNCTGGAC	123	110	181	25	2	7.75536798727	0.185185185185	0.0109289617486	0.174256223437
ATGTNANA	1025	115	213	25	1	9.4481920195	0.178571428571	0.00467289719626	0.173898531375
GGCGGGGN	38	4784	7876	1024	30	9223372036854775807	0.176308539945	0.00379458639008	0.172513953555
CTNCTCGA	332	246	396	59	9	14.0781335078	0.193442622951	0.0222222222222	0.171220400729
GTAGNNTT	1021	123	242	29	5	8.34364830165	0.190789473684	0.0202429149798	0.170546558704
TNACGTNG	1171	167	194	39	4	8.11116499363	0.18932038835	0.020202020202	0.169118368147
TTCCTNNG	844	155	183	34	2	8.32174190709	0.179894179894	0.0108108108108	0.169083369083
TTCCTCNG	207	154	158	34	2	7.29743806122	0.18085106383	0.0125	0.16835106383
NTANAATT	964	116	221	27	5	7.39164924042	0.188811188811	0.0221238938053	0.166687295006
CCTCNCCN	1560	307	341	64	2	16.5984726642	0.172506738544	0.00583090379009	0.166675834754
GTAGAATN	147	116	220	27	5	7.36177673799	0.188811188811	0.0222222222222	0.166588966589
GTAGAATT	50	116	220	27	5	7.36177673799	0.188811188811	0.0222222222222	0.166588966589
GTAGANTT	213	116	220	27	5	7.36177673799	0.188811188811	0.0222222222222	0.166588966589
NTAGAATN	601	116	220	27	5	7.36177673799	0.188811188811	0.0222222222222	0.166588966589
NTAGAATT	198	116	220	27	5	7.36177673799	0.188811188811	0.0222222222222	0.166588966589
GTANAATT	217	116	220	27	5	7.36177673799	0.188811188811	0.0222222222222	0.166588966589
ANGTNGTT	1662	158	142	33	1	7.26505169305	0.17277486911	0.00699300699301	0.165781862117
ACCGNCAT	1098	371	311	77	2	15.9801668367	0.171875	0.00638977635783	0.165485223642
GTANAANT	1243	117	221	27	5	7.34039107115	0.1875	0.0221238938053	0.165376106195
NTAGANTT	872	117	221	27	5	7.34039107115	0.1875	0.0221238938053	0.165376106195
GTAGANTN	573	117	220	27	5	7.3106282754	0.1875	0.0222222222222	0.165277777778
GTAGAANT	270	117	220	27	5	7.3106282754	0.1875	0.0222222222222	0.165277777778
GTNGAATT	348	117	220	27	5	7.3106282754	0.1875	0.0222222222222	0.165277777778
NTAGAANT	950	117	220	27	5	7.3106282754	0.1875	0.0222222222222	0.165277777778
GAGATCNG	316	172	156	37	2	7.24464072357	0.177033492823	0.0126582278481	0.164375264975
GANATCNG	1510	172	156	37	2	7.24464072357	0.177033492823	0.0126582278481	0.164375264975
CCNTTACC	478	161	168	33	1	8.25724004513	0.170103092784	0.00591715976331	0.16418593302
GTNGAATN	1231	118	220	27	5	6.98732992126	0.186206896552	0.0222222222222	0.16398467433
NTAGNATT	755	121	240	27	5	7.68589511234	0.182432432432	0.0204081632653	0.162024269167
GTAGNATT	188	121	240	27	5	7.68589511234	0.182432432432	0.0204081632653	0.162024269167
GTANAATN	810	120	222	27	5	6.97553352259	0.183673469388	0.0220264317181	0.16164703767
NAGGAANG	893	290	266	59	2	12.9139137386	0.169054441261	0.00746268656716	0.161591754694
GNGGAAGN	2792	509	533	100	2	25.7798087146	0.164203612479	0.00373831775701	0.160465294722
TGGCGGGN	50	6781	10275	1328	43	9223372036854775807	0.163768652115	0.00416747431673	0.159601177798
TTATCANC	682	164	197	31	0	9.96600145302	0.158974358974	0.0	0.158974358974
TTATCANN	2250	164	200	31	0	10.0727707416	0.158974358974	0.0	0.158974358974
GTNGANTT	1764	127	221	28	5	7.10839341453	0.18064516129	0.0221238938053	0.158521267485
NTCCTCNG	546	166	167	34	2	7.24746498609	0.17	0.0118343195266	0.158165680473
TTCCNNCG	1143	177	261	34	1	11.284928276	0.161137440758	0.00381679389313	0.157320646865
CNTTCAGN	1784	560	653	127	19	21.687557184	0.184861717613	0.0282738095238	0.156587908089
TNNACAGA	1075	124	159	24	1	6.83696657344	0.162162162162	0.00625	0.155912162162
TTATNANC	1631	168	202	31	0	9.98717806396	0.155778894472	0.0	0.155778894472
CCTCANCN	1254	179	153	33	0	8.19713515188	0.155660377358	0.0	0.155660377358
TCGGCGGG	12	1291	2386	244	9	90.8185439454	0.158957654723	0.00375782881002	0.155199825913
GTANNATT	903	128	247	27	5	7.53478635202	0.174193548387	0.0198412698413	0.154352278546
GTCAANNG	1345	238	415	50	9	12.451452812	0.173611111111	0.0212264150943	0.152384696017
CTANANTA	525	89	223	16	0	8.2762378769	0.152380952381	0.0	0.152380952381
CTGCTCGN	610	271	374	57	9	11.6094589513	0.173780487805	0.023498694517	0.150281793288
TCTCCNTG	202	149	180	27	1	7.54140559206	0.153409090909	0.00552486187845	0.147884229031
NCTCCCTG	126	149	180	27	1	7.54140559206	0.153409090909	0.00552486187845	0.147884229031
TCTCCCTN	157	149	180	27	1	7.54140559206	0.153409090909	0.00552486187845	0.147884229031
TCTCCCTG	46	149	180	27	1	7.54140559206	0.153409090909	0.00552486187845	0.147884229031
TTCNTCCG	323	181	264	36	5	8.53171532524	0.165898617512	0.0185873605948	0.147311256917
TCTCNCTG	317	150	181	27	1	7.53786044395	0.152542372881	0.00549450549451	0.147047867387
NANATCTG	1517	199	335	35	1	12.871873367	0.149572649573	0.00297619047619	0.146596459096
CTCAGANC	251	187	163	32	0	7.94078835911	0.146118721461	0.0	0.146118721461
TCAAGNNT	1880	239	320	50	9	9.51966725828	0.173010380623	0.0273556231003	0.145654757523
NAGGNAGG	685	340	372	59	2	15.0434177168	0.147869674185	0.00534759358289	0.142522080603
AANGTGGN	2200	322	294	62	6	10.3148092492	0.161458333333	0.02	0.141458333333
ANTCTCNC	929	164	247	27	0	10.214436697	0.141361256545	0.0	0.141361256545
GTGTGTGA	4	323	641	53	0	23.9755765958	0.140957446809	0.0	0.140957446809
ANGTGGNT	3972	368	450	60	0	19.7126300909	0.140186915888	0.0	0.140186915888
GNNAGGTG	2232	444	424	76	3	16.8378479281	0.146153846154	0.00702576112412	0.13912808503
NGGCGGGG	38	5047	7825	848	43	232.574417685	0.14385072095	0.005465175394	0.138385545556
GTCNCANA	748	188	297	31	1	10.8328965374	0.141552511416	0.00335570469799	0.138196806718
NCCTTANC	1164	191	227	34	3	7.79605833953	0.151111111111	0.0130434782609	0.13806763285
TNGCGGGG	24	3119	4477	517	19	159.909896758	0.142189218922	0.00422597864769	0.137963240274
TGGCGGGT	22	3721	4517	604	9	180.737732672	0.139653179191	0.00198851082634	0.137664668364
NAGGTGGN	2656	470	469	83	6	16.4207215919	0.150090415913	0.0126315789474	0.137458836966
TNAAACTG	755	113	175	18	0	6.94214906983	0.137404580153	0.0	0.137404580153
ANGGTNGT	2626	510	388	83	1	17.5080597715	0.139966273187	0.0025706940874	0.1373955791
CTAGNAAN	619	120	257	19	0	9.00809364886	0.136690647482	0.0	0.136690647482
GAGGAANN	1846	572	490	95	3	19.8612145115	0.142428785607	0.00608519269777	0.136343592909
GNGGCGGG	22	2149	3273	351	14	112.675954605	0.1404	0.0042592029206	0.136140797079
NCTAGNAA	619	119	253	20	2	7.41042703609	0.143884892086	0.0078431372549	0.136041754831
CNTTCNGT	1334	635	666	124	19	18.7147064908	0.163372859025	0.0277372262774	0.135635632748
AAGGNGNT	3896	553	680	93	6	23.0390816865	0.143962848297	0.00874635568513	0.135216492612
NGCGGGGT	30	4497	6196	721	23	184.277237236	0.138175546186	0.00369834378517	0.134477202401
NTACTGAN	1704	191	215	32	2	7.58562487095	0.143497757848	0.00921658986175	0.134281167986
NTTCNGTA	1389	275	330	48	5	10.3031755954	0.148606811146	0.0149253731343	0.133681438011
TTGNAANA	2519	237	315	45	9	8.15083788151	0.159574468085	0.0277777777778	0.131796690307
GGTGAGCN	755	253	262	46	6	7.75385255302	0.153846153846	0.0223880597015	0.131458094145
TNTCTCAG	269	219	272	35	2	9.1127056285	0.137795275591	0.00729927007299	0.130496005518
TGTCTCAG	59	219	272	35	2	9.1127056285	0.137795275591	0.00729927007299	0.130496005518
TGTCNCAG	242	219	272	35	2	9.1127056285	0.137795275591	0.00729927007299	0.130496005518
GTGCCGGG	6	1070	1305	167	6	45.9442645295	0.135004042037	0.0045766590389	0.130427382998
GTNTCANA	1034	198	325	32	3	9.68276970732	0.139130434783	0.00914634146341	0.129984093319
NGTCTCAG	157	220	273	35	2	9.11032224038	0.137254901961	0.00727272727273	0.129982174688
NCCTNACC	2026	601	685	92	2	25.6627050327	0.132756132756	0.00291120815138	0.129844924605
NAGNTCTG	1373	227	251	35	1	9.37968703845	0.13358778626	0.00396825396825	0.129619532291
TGNCTCAG	449	221	274	35	2	9.10794646115	0.13671875	0.00724637681159	0.129472373188
TCTCCCNG	133	176	251	27	1	8.68028599277	0.133004926108	0.00396825396825	0.12903667214
CCNCACNA	1304	213	192	33	1	7.48041790363	0.134146341463	0.00518134715026	0.128964994313
ANCNTCAT	4250	509	696	76	1	25.4713477379	0.129914529915	0.00143472022956	0.128479809685
AANGTGGT	1452	578	465	85	0	20.5231126046	0.128205128205	0.0	0.128205128205
GTGANNCC	2894	706	693	130	20	18.139850987	0.155502392344	0.0280504908836	0.127451901461
NGTCNCAG	744	225	273	35	2	9.05626926064	0.134615384615	0.00727272727273	0.127342657343
GNCNCAGA	1112	210	315	31	1	10.4925630002	0.128630705394	0.00316455696203	0.125466148432
CTCNNAGC	1094	253	291	36	0	11.3974897075	0.124567474048	0.0	0.124567474048
CTNTCNGT	2428	1306	1587	224	37	38.6247343505	0.146405228758	0.0227832512315	0.123621977527
TCANCTNG	1887	547	994	90	18	22.171119587	0.141287284144	0.0177865612648	0.12350072288
TCTAAAGG	6	1354	1203	192	1	48.2603844832	0.124191461837	0.000830564784053	0.123360897053
TNTCNCAG	1067	234	276	35	2	8.93383346718	0.130111524164	0.00719424460432	0.122917279559
AANATNGA	2390	373	383	66	11	9.61733650284	0.150341685649	0.0279187817259	0.122422903923
TTANCANC	1834	223	213	31	0	8.53362295172	0.122047244094	0.0	0.122047244094
GGCGGGNT	44	5842	9250	833	31	243.928689886	0.124794007491	0.00334015731063	0.12145385018
TGNCGTCG	284	260	241	40	3	7.56662802831	0.133333333333	0.0122950819672	0.121038251366
NTTNAGTA	1459	294	280	47	5	8.07263081928	0.137829912023	0.0175438596491	0.120286052374
ANACTGAN	1675	219	270	32	2	8.17942495451	0.127490039841	0.00735294117647	0.120137098664
GNCTCANA	1016	230	427	32	1	12.6589930595	0.12213740458	0.00233644859813	0.119800955982
NTCAGAGN	1133	236	302	32	0	10.9398607547	0.119402985075	0.0	0.119402985075
GTCTCAGN	157	223	266	31	1	8.79635653047	0.122047244094	0.00374531835206	0.118301925742
CCNGGANA	373	190	289	27	2	8.20970377705	0.124423963134	0.00687285223368	0.1175511109
TNTCAGTN	1577	305	288	46	4	8.456161241	0.131054131054	0.013698630137	0.117355500917
TCGCGGGT	4	778	591	105	1	22.6802456848	0.118912797282	0.00168918918919	0.117223608093
NCCTCNCC	780	182	222	25	1	7.02226319527	0.12077294686	0.00448430493274	0.116288641927
TCANGAGT	395	326	412	50	7	10.2617317456	0.132978723404	0.0167064439141	0.11627227949
CNGTCNTT	1886	435	632	58	1	20.1230245055	0.117647058824	0.00157977883096	0.116067279993
CGGGTAAG	4	845	791	115	3	26.8700375071	0.119791666667	0.00377833753149	0.116013329135
GGAAGNNG	3080	483	422	64	1	15.0655727199	0.117001828154	0.00236406619385	0.11463776196
TGGCGGGC	10	1005	1858	139	14	44.1318097411	0.121503496503	0.00747863247863	0.114024864025
TAGGCGTG	1	210	272	28	1	8.45644302445	0.117647058824	0.003663003663	0.113984055161
NGGCGGGT	343	6732	8797	885	20	222.438342996	0.116187475384	0.00226834524215	0.113919130142
ACNNTCAT	2860	539	584	74	4	17.3177790366	0.120717781403	0.00680272108844	0.113915060315
GTCNCAGN	744	233	266	31	1	8.55564414784	0.117424242424	0.00374531835206	0.113678924072
NGCGGGGA	26	2905	4525	383	16	125.505884585	0.116484184915	0.00352345298392	0.112960731931
CCTNGGAA	169	165	270	21	0	8.48482887602	0.112903225806	0.0	0.112903225806
ANANTGAC	1697	238	335	33	3	8.83371408493	0.121771217712	0.00887573964497	0.112895478067
NTTTCNGT	2118	787	808	126	21	18.1102299925	0.138006571742	0.0253317249698	0.112674846772
GAGNTCTN	885	269	337	35	1	10.5258442538	0.115131578947	0.00295857988166	0.112172999066
NGACGTCG	137	278	361	38	3	9.63589169291	0.120253164557	0.00824175824176	0.112011406315
NGGTGGTT	1226	470	568	60	1	18.2691333426	0.11320754717	0.00175746924429	0.111450077926
GAGATCNN	1537	280	283	37	2	8.35558085784	0.116719242902	0.00701754385965	0.109701699043
CTTTCNNT	4336	1364	1490	220	45	29.3145652487	0.138888888889	0.0293159609121	0.109572927977
TTTNAGTN	2186	318	271	45	4	7.39748388554	0.123966942149	0.0145454545455	0.109421487603
ACCGTCNN	2222	644	634	79	0	22.4819419657	0.109266943292	0.0	0.109266943292
GTCANNAG	1151	329	423	49	9	9.06769022424	0.12962962963	0.0208333333333	0.108796296296
ANCGTCNT	2376	593	572	75	2	18.175078798	0.112275449102	0.00348432055749	0.108791128544
GNNAAGAG	1609	337	469	49	9	9.72225665415	0.126943005181	0.0188284518828	0.108114553299
CCCTGGNC	48	198	246	24	0	8.07297098121	0.108108108108	0.0	0.108108108108
NTTTCAGN	5246	1503	1703	224	39	34.7237649294	0.129704690214	0.0223880597015	0.107316630513
ATCGCGGG	8	672	1766	89	18	30.7241663527	0.116951379763	0.0100896860987	0.106861693665
TCAGAGGT	6	876	1155	112	8	29.1663276574	0.113360323887	0.00687876182287	0.106481562064
ACATGGGT	10	2133	2613	265	11	72.0744805114	0.110508757298	0.00419207317073	0.106316684127
GGNGGGGT	32	5464	6901	665	17	161.252686489	0.108500571056	0.00245735761781	0.106043213438
ANACTCAG	465	347	350	46	4	8.89497171421	0.117048346056	0.0112994350282	0.105748911028
ANACTNAG	1242	348	350	46	4	8.8941953669	0.116751269036	0.0112994350282	0.105451834007
TGAGAGAG	6	993	1462	126	11	34.3598474818	0.112600536193	0.00746775288527	0.105132783308
GTCANGNG	876	362	539	50	9	10.9396220348	0.121359223301	0.0164233576642	0.104935865637
GAGGANNG	1244	896	894	110	4	25.9327332387	0.109343936382	0.00445434298441	0.104889593397
ANNTGGTT	4904	513	602	60	0	19.4379946468	0.104712041885	0.0	0.104712041885
GNAAGNTG	4104	650	768	76	0	24.7439225642	0.104683195592	0.0	0.104683195592
CTANAGNA	827	156	238	18	0	6.97001790691	0.103448275862	0.0	0.103448275862
GAGNTCNG	959	310	339	38	2	9.21734298446	0.109195402299	0.0058651026393	0.10333029966
NANGTCAT	1458	711	968	102	22	17.6593717509	0.125461254613	0.0222222222222	0.10323903239
GAGANCTG	206	289	312	34	1	9.0002888609	0.105263157895	0.00319488817891	0.102068269716
AAGGNGGN	1271	422	249	50	1	8.19940050651	0.10593220339	0.004	0.10193220339
TGTCTCNG	194	300	371	36	2	9.74978763139	0.107142857143	0.00536193029491	0.101780926848
GAGANNTG	833	290	315	34	1	9.01935917755	0.104938271605	0.00316455696203	0.101773714643
NAGANCTG	1611	290	313	34	1	8.99940354759	0.104938271605	0.0031847133758	0.101753558229
CNGCTCGA	966	830	1020	113	19	20.2237905603	0.119830328738	0.0182868142445	0.101543514494
ANGTGNTT	4820	534	406	60	0	13.9692121841	0.10101010101	0.0	0.10101010101
TCANNAGT	1689	384	478	50	7	10.1922631274	0.115207373272	0.0144329896907	0.100774383581
CNTCACCN	2704	289	286	36	3	7.20142403179	0.110769230769	0.0103806228374	0.100388607932
NGGCAAAC	830	261	252	29	0	7.99158829841	0.1	0.0	0.1
TGGCAAAC	277	261	251	29	0	7.98461316497	0.1	0.0	0.1
TGGCANAC	563	261	251	29	0	7.98461316497	0.1	0.0	0.1
TNGCGGGT	34	6476	7454	737	18	163.744479096	0.102176625537	0.00240899357602	0.0997676319612
NCNTTCAG	1784	618	666	83	13	13.3142828234	0.118402282454	0.019145802651	0.0992564798027
TGGCAAAN	1155	264	254	29	0	7.98416240334	0.098976109215	0.0	0.098976109215
CGTNGGNG	958	373	457	54	13	7.83606795061	0.126463700234	0.0276595744681	0.0988041257661
GTGANCNC	1839	463	428	64	10	8.74533708031	0.121442125237	0.0228310502283	0.0986110750089
NTGTGANA	1195	237	408	28	3	8.69890618579	0.105660377358	0.00729927007299	0.0983611072855
GNGCGGCG	527	312	404	34	0	11.8217491981	0.0982658959538	0.0	0.0982658959538
NTGGANGA	3948	713	996	94	19	17.7095518623	0.116480793061	0.0187192118227	0.0977615812381
TNCCTCNG	679	285	327	34	3	7.69449160952	0.1065830721	0.00909090909091	0.0974921630094
ANTTNCAG	1970	596	572	81	13	11.2775580463	0.11964549483	0.0222222222222	0.0974232726079
ATAGGAGG	4	737	1169	81	2	29.204431445	0.09902200489	0.00170794192997	0.09731406296
AGGCGGGT	6	975	1310	106	1	36.0589202219	0.0980573543016	0.000762776506484	0.0972945777951
GAGGNAGN	1518	784	619	93	6	15.4252769706	0.106043329532	0.0096	0.0964433295325
NNCGTCAT	1422	1118	1299	144	24	24.1839712795	0.11410459588	0.0181405895692	0.0959640063104
NACTAGGG	6	986	923	124	15	19.2437611444	0.111711711712	0.0159914712154	0.0957202404964
CACTAGGG	4	986	923	124	15	19.2437611444	0.111711711712	0.0159914712154	0.0957202404964
GCTCGCCN	598	189	312	20	0	8.18113367995	0.0956937799043	0.0	0.0956937799043
CTCGAAAG	6	1099	1498	118	2	39.2038586789	0.0969597370583	0.00133333333333	0.095626403725
TGGCAANC	949	275	259	29	0	7.93019625387	0.0953947368421	0.0	0.0953947368421
CGGGCCGC	6	895	1007	105	10	21.9290960972	0.105	0.00983284169125	0.0951671583088
CCTTGTGG	4	702	825	80	6	18.8359208131	0.102301790281	0.0072202166065	0.0950815736748
GGAAGGTN	586	611	624	64	0	18.7059454302	0.0948148148148	0.0	0.0948148148148
AAGNTGNT	5518	840	964	94	6	22.6542553209	0.100642398287	0.00618556701031	0.0944568312766
ACTTTNAN	2066	610	585	84	16	10.3066901856	0.121037463977	0.026622296173	0.0944151678039
GGAANNTG	1319	327	231	34	0	7.38667175839	0.0941828254848	0.0	0.0941828254848
TTNCANTA	3332	742	761	89	10	16.0479001255	0.107099879663	0.0129701686122	0.0941297110509
AGTNTCCC	117	271	334	28	0	9.42402237313	0.0936454849498	0.0	0.0936454849498
AGTATTTT	4	910	1115	96	2	29.0581676912	0.0954274353877	0.00179051029543	0.0936369250922
ANGGTGNT	4408	842	743	98	8	16.9087680835	0.104255319149	0.0106524633822	0.0936028557668
CTNAGANC	834	310	372	32	0	10.5734097676	0.093567251462	0.0	0.093567251462
AGTNTCCN	631	272	334	28	0	9.40108665616	0.0933333333333	0.0	0.0933333333333
GAGNAANG	1722	586	593	65	4	14.0486965442	0.099846390169	0.00670016750419	0.0931462226648
ANACTCNG	1271	412	535	46	4	11.5652933398	0.100436681223	0.00742115027829	0.0930155309444
GCGCGGCN	598	324	358	33	0	10.2911136337	0.0924369747899	0.0	0.0924369747899
ACTNNCAG	1203	624	600	81	14	10.7918914079	0.114893617021	0.0228013029316	0.0920923140897
NGGCGGGN	1052	21259	30370	2291	159	9223372036854775807	0.0972823779193	0.00520816273052	0.0920742151888
GAGATNNG	1116	338	296	37	2	7.35938508954	0.0986666666667	0.00671140939597	0.0919552572707
TTNCAGTN	3892	755	682	88	9	14.4083927481	0.104389086595	0.013024602026	0.0913644845694
TGTNTCAG	334	340	444	36	2	10.0367910935	0.0957446808511	0.00448430493274	0.0912603759183
ANNTTCAG	2150	678	709	82	12	13.1708697347	0.107894736842	0.0166435506241	0.091251186218
GNGANCCC	808	504	408	67	11	7.44627326307	0.117338003503	0.0262529832936	0.0910850202091
AANGTGNT	5358	915	924	95	3	23.4662978024	0.0940594059406	0.00323624595469	0.0908231599859
TGTNNCAG	1310	343	446	37	3	9.66662691201	0.0973684210526	0.00668151447661	0.090686906576
GAGNTNTG	1031	345	635	35	1	14.0185848086	0.0921052631579	0.00157232704403	0.0905329361139
GTNGNATT	1483	242	447	28	6	7.31895793315	0.103703703704	0.0132450331126	0.0904586705911
TCTCNCTN	1113	256	358	28	3	7.25671926925	0.0985915492958	0.00831024930748	0.0902812999883
ACNNTCAG	1616	937	665	122	17	12.3849974761	0.115203021719	0.024926686217	0.0902763355016
NAGGTGNT	3410	888	866	93	4	21.2049722067	0.0948012232416	0.00459770114943	0.0902035220922
GGCTCGGT	4	684	1029	71	4	22.231088915	0.0940397350993	0.00387221684414	0.0901675182552
CTNAGAGN	810	323	411	32	0	11.0284404183	0.0901408450704	0.0	0.0901408450704
TNGCAAAC	684	293	360	30	1	8.56604794407	0.0928792569659	0.00277008310249	0.0901091738635
TGGANAGN	1241	238	400	25	2	8.22400946115	0.0950570342205	0.00497512437811	0.0900819098424
TCATCTNN	1969	670	643	90	19	10.2989343502	0.118421052632	0.0287009063444	0.0897201462872
GGANNGTG	1890	652	1019	77	17	15.7884768083	0.105624142661	0.0164092664093	0.0892148762519
CCGCTCGG	6	773	1405	81	8	26.0637457779	0.0948477751756	0.00566171266808	0.0891860625076
ACNTTCAN	2019	622	561	81	15	9.41839998	0.115220483642	0.0260416666667	0.0891788169749
NNGTGGTT	4780	604	802	60	1	19.7713212074	0.0903614457831	0.00124533001245	0.0891161157707
NTATCACN	1531	318	265	31	0	7.81320898973	0.0888252148997	0.0	0.0888252148997
NAGGTNGT	2550	864	709	93	6	16.1173187591	0.0971786833856	0.00839160839161	0.088787074994
CGTNGGAN	670	592	780	76	20	11.3703605938	0.11377245509	0.025	0.0887724550898
TTGGANNA	3778	737	832	92	19	13.3338229437	0.11097708082	0.0223266745006	0.0886504063197
GCGAAAGG	259	1431	1557	143	4	37.9873579164	0.0908513341804	0.00256245996156	0.0882888742189
CTGCTNGA	1382	926	980	109	18	16.7418403246	0.105314009662	0.0180360721443	0.0872779375175
TCATCNTN	2455	691	631	91	19	9.66552681332	0.116368286445	0.0292307692308	0.0871375172142
AAGGNNGT	2584	866	777	84	1	20.7467302639	0.0884210526316	0.0012853470437	0.0871357055879
CCGNCATT	440	431	450	41	0	12.2546363555	0.0868644067797	0.0	0.0868644067797
GGNAGGTN	1638	673	783	64	0	20.759509898	0.0868385345997	0.0	0.0868385345997
NCTCNCTG	1300	275	388	27	1	8.77667912437	0.0894039735099	0.0025706940874	0.0868332794225
ACANTCAN	1527	374	355	40	4	7.17365784051	0.0966183574879	0.0111420612813	0.0854762962066
TCNGAGGT	20	1133	1500	113	8	30.0234266462	0.0906902086677	0.0053050397878	0.0853851688799
ANCGTCAN	3894	779	814	75	2	19.3946598203	0.0878220140515	0.00245098039216	0.0853710336594
GNCANGAG	969	442	544	50	9	8.89483071884	0.10162601626	0.0162748643761	0.085351151884
NTTCANTA	4274	832	857	88	9	16.5067280694	0.095652173913	0.0103926096998	0.0852595642133
TCTNCCTG	276	269	333	27	2	7.01399135016	0.0912162162162	0.00597014925373	0.0852460669625
GGTGANCC	452	385	394	44	7	6.86059247366	0.102564102564	0.0174563591022	0.0851077434619
ACGCCAGG	8	1596	1668	153	4	39.5419007452	0.0874785591767	0.00239234449761	0.0850862146791
CNNCACCA	3588	342	323	34	2	7.26823137356	0.0904255319149	0.00615384615385	0.084271685761
GAGTCGGG	6	1251	1352	125	9	27.5646689426	0.0908430232558	0.00661278471712	0.0842302385387
GGGTATAA	4	700	1027	65	1	23.1517989535	0.0849673202614	0.000972762645914	0.0839945576155
GNGTATAA	8	700	1027	65	1	23.1517989535	0.0849673202614	0.000972762645914	0.0839945576155
NTGAGCNC	1934	527	471	64	12	7.47073777125	0.108291032149	0.0248447204969	0.083446311652
ATTAAAGG	2	529	818	48	0	18.9212224945	0.0831889081456	0.0	0.0831889081456
TTGGAANN	2018	428	616	47	10	9.2717835919	0.0989473684211	0.0159744408946	0.0829729275265
GNCGGGGT	36	7094	8405	675	35	144.646395706	0.0868837688248	0.00414691943128	0.0827368493935
AGGCGGGN	26	3327	5806	319	28	95.3903265506	0.0874931431706	0.00479945149126	0.0826936916793
AGNNGGTT	1602	313	266	28	0	7.04199915185	0.0821114369501	0.0	0.0821114369501
GGAGCACT	4	490	988	45	2	18.3196299134	0.0841121495327	0.0020202020202	0.0820919475125
TNTCCCTG	212	281	353	27	2	7.09613942172	0.0876623376623	0.0056338028169	0.0820285348454
ANGTGANA	1478	272	343	25	1	7.42294671905	0.0841750841751	0.00290697674419	0.0812681074309
GTCTNAGA	125	329	419	30	1	9.13796041694	0.08356545961	0.00238095238095	0.0811845072291
ACCNTCAN	4508	844	694	76	1	17.5952394356	0.0826086956522	0.00143884892086	0.0811698467313
GGNAGNTG	2180	726	766	66	2	17.1910936481	0.0833333333333	0.00260416666667	0.0807291666667
ATGGCGGG	12	2003	2677	237	69	32.1331547149	0.105803571429	0.0251274581209	0.0806761133077
CGGCGGGN	46	5479	8379	521	52	130.925571955	0.0868333333333	0.00616771438738	0.080665618946
GGGCAGGA	6	688	1224	63	4	22.1133761453	0.0838881491345	0.00325732899023	0.0806308201443
CGGAGGGT	4	785	1079	73	5	20.5102593406	0.0850815850816	0.00461254612546	0.0804690389561
TCANNTTG	3202	810	861	94	21	11.8315858209	0.103982300885	0.0238095238095	0.0801727770754
TACGNCNT	2418	1619	1568	197	46	20.4569188239	0.108480176211	0.0285006195787	0.0799795566328
CGGCTCGG	18	2760	4044	251	14	76.0468464782	0.0833610096314	0.00344997535732	0.079911034274
CTNNTCGA	2820	1114	1172	118	19	18.306627342	0.0957792207792	0.0159529806885	0.0798262400907
NACNTCAT	1867	938	1165	108	28	14.9139259537	0.103250478011	0.0234702430847	0.0797802349268
NGTGAGCN	2107	455	412	47	6	7.02665984678	0.093625498008	0.0143540669856	0.0792714310223
CTNTCAGN	2690	2051	1629	227	34	25.1754004384	0.0996488147498	0.0204449789537	0.0792038357961
TGTCTCAN	211	386	463	35	2	9.30848126977	0.083135391924	0.00430107526882	0.0788343166552
TNNCTCAG	1824	375	434	35	3	7.99326785673	0.0853658536585	0.00686498855835	0.0785008651002
AANATTGN	2565	577	457	64	10	7.1653880585	0.0998439937598	0.0214132762313	0.0784307175285
NCTTNCAG	2035	747	602	84	14	9.19803799247	0.101083032491	0.0227272727273	0.0783557597637
AGGTNGNT	1244	387	374	34	1	8.29700551911	0.0807600950119	0.00266666666667	0.0780934283452
GTGNCGGG	32	5197	6669	473	36	104.053030699	0.0834215167549	0.00536912751678	0.0780523892381
NNACTCAG	1679	489	502	47	5	8.79387694427	0.0876865671642	0.00986193293886	0.0778246342253
NTGGCGGG	50	7896	10154	761	107	140.930813366	0.0879057410188	0.0104278335445	0.0774779074743
CTNCTNGA	2940	1131	1240	114	18	18.7440390761	0.0915662650602	0.0143084260731	0.0772578389871
TGGCAGGT	14	2929	3808	253	9	75.1505383294	0.0795097423004	0.00235787267488	0.0771518696256
TTGGCAGG	12	2703	3327	235	10	65.0016865892	0.0799863852961	0.00299670362601	0.0769896816701
CTNCTCGN	2438	1126	1244	113	18	18.5273219591	0.091202582728	0.0142630744849	0.0769395082431
CTGNTCGA	544	587	560	61	10	8.57832668955	0.0941358024691	0.0175438596491	0.07659194282
GNGATCTG	467	404	550	36	3	9.65982314032	0.0818181818182	0.00542495479204	0.0763932270261
CTTTCNGN	3892	2193	2530	221	39	35.6565688284	0.0915492957746	0.0151810042818	0.0763682914928
GNGATNTG	1732	406	553	37	4	9.35590609404	0.0835214446953	0.00718132854578	0.0763401161495
NCAAGAGT	455	524	635	50	7	10.0622913697	0.0871080139373	0.0109034267913	0.076204587146
TTGACGGG	8	1387	1848	117	3	37.163573592	0.0777925531915	0.00162074554295	0.0761718076485
GTCTACTC	4	755	1005	64	2	20.0432083406	0.0781440781441	0.00198609731877	0.0761579808253
CTTGNGAN	1289	621	578	70	15	7.79383053267	0.101302460203	0.0252951096121	0.0760073505905
GTNAAGNG	1904	492	539	50	9	7.93283334874	0.0922509225092	0.0164233576642	0.075827564845
AACATNNA	3242	539	690	44	0	15.3194732101	0.0754716981132	0.0	0.0754716981132
TTTCNGTN	2118	461	427	45	6	6.86980809571	0.0889328063241	0.013856812933	0.0750759933911
GNGNGCCC	1136	1313	1103	134	20	16.4023001672	0.092605390463	0.0178094390027	0.0747959514604
ACTTTCNN	1752	728	613	81	16	8.30090039788	0.100123609394	0.0254372019078	0.0746864074865
CACTAGGN	8	1352	1386	126	15	22.1797075363	0.085250338295	0.0107066381156	0.0745437001794
AAGGTGNN	2332	668	627	60	5	11.2791154578	0.0824175824176	0.00791139240506	0.0745061900125
CGGCGGGG	12	1535	2054	141	20	30.3152575982	0.0841288782816	0.00964320154291	0.0744856767387
ACTTNCNG	1641	854	841	86	15	11.7039702304	0.0914893617021	0.017523364486	0.0739659972161
NCCTTACN	956	364	428	33	4	7.01422175683	0.0831234256927	0.00925925925926	0.0738641664334
NTCNAGAG	1099	522	525	52	9	7.63329736349	0.0905923344948	0.0168539325843	0.0737384019105
GCGTNNGA	1239	542	637	58	15	7.69614016755	0.0966666666667	0.0230061349693	0.0736605316973
AGGNGGGG	16	2465	2954	200	5	58.2749200487	0.0750469043152	0.00168976005407	0.0733571442611
TCANGANT	1715	538	587	50	7	9.04661222967	0.0850340136054	0.0117845117845	0.0732495018209
ACACNCNG	1019	422	635	38	6	9.21509177817	0.0826086956522	0.00936037441498	0.0732483212372
NNTCTCCC	625	343	427	28	1	8.35620044135	0.0754716981132	0.00233644859813	0.0731352495151
TGGNGGGG	38	6309	8538	519	25	130.270371975	0.0760105448155	0.00291953754525	0.0730910072702
GCTCGCGA	3	455	514	41	5	8.10836346885	0.0826612903226	0.00963391136802	0.0730273789546
NNGTCATT	1436	496	580	40	1	11.5309460109	0.0746268656716	0.00172117039587	0.0729056952758
NCGTCATT	337	496	579	40	1	11.5271734977	0.0746268656716	0.00172413793103	0.0729027277406
TCATNTNG	3272	1625	1822	166	37	22.3485068207	0.0926856504746	0.0199031737493	0.0727824767253
CGGCGGGA	14	1755	2463	148	13	39.3367634499	0.0777719390436	0.00525040387722	0.0725215351664
CTGCTNNA	5154	1149	1234	109	18	17.0782087309	0.0866454689984	0.0143769968051	0.0722684721933
NCGTNATT	1586	501	585	40	1	11.5263876134	0.0739371534196	0.00170648464164	0.072230668778
GCTAAAGG	6	1358	1734	111	6	30.6499381211	0.0755616065351	0.00344827586207	0.072113330673
GTGNNCCC	1326	1396	1206	135	20	17.2314972666	0.088177661659	0.0163132137031	0.0718644479559
TCTCCCNN	625	326	426	27	2	7.25718682775	0.0764872521246	0.00467289719626	0.0718143549284
CGGCTCGT	12	2112	2683	173	11	45.5664088622	0.0757111597374	0.00408314773571	0.0716280120017
TCNAGAGN	1099	524	516	51	9	7.11881092506	0.0886956521739	0.0171428571429	0.0715527950311
CNCAGANC	1244	401	408	32	1	8.19491612966	0.0739030023095	0.00244498777506	0.0714580145344
TCNNCTTG	2627	801	621	90	19	7.54340820276	0.10101010101	0.0296875	0.0713226010101
AGCACGGT	6	1413	1316	108	0	30.0177201442	0.0710059171598	0.0	0.0710059171598
TGGGTGGT	8	1489	1654	122	8	28.5422058755	0.0757293606456	0.00481347773767	0.0709158829079
GTCNANAG	776	517	624	50	11	7.73159296492	0.0881834215168	0.0173228346457	0.0708605868711
NNGGAAGG	2004	1196	1471	94	3	27.5175562287	0.0728682170543	0.00203527815468	0.0708329388996
CCTCACNN	1806	829	1118	64	1	21.5653591725	0.0716685330347	0.000893655049151	0.0707748779856
GNGAGCNC	1115	660	621	70	16	7.4220783277	0.0958904109589	0.0251177394035	0.0707726715555
TGGNAAAC	727	459	520	38	3	8.7886158932	0.0764587525151	0.0057361376673	0.0707226148478
TNNTCACC	2775	456	396	36	1	8.19487450491	0.0731707317073	0.00251889168766	0.0706518400197
NTGNGCCC	1790	1409	1574	135	27	19.6680197437	0.0874352331606	0.0168644597127	0.0705707734479
TGGNANAC	1539	460	520	38	3	8.78216748955	0.0763052208835	0.0057361376673	0.0705690832162
GAGANCTN	861	434	454	34	1	8.8899786625	0.0726495726496	0.0021978021978	0.0704517704518
TAGGCGGG	8	653	1886	55	14	19.4046194782	0.0776836158192	0.00736842105263	0.0703151947666
NAGGANGG	1192	1425	1424	112	4	27.111478683	0.0728692257645	0.00280112044818	0.0700681053163
GTNANCCC	2258	1344	1061	132	21	14.2860690721	0.0894308943089	0.0194085027726	0.0700223915363
ANTCTNCC	987	359	505	27	0	10.0403095664	0.0699481865285	0.0	0.0699481865285
TNGCANAC	1417	389	516	30	1	9.47157446645	0.0715990453461	0.00193423597679	0.0696648093693
NTGGAAGN	2027	577	747	53	11	9.28953324309	0.084126984127	0.0145118733509	0.0696151107761
TGCTNNAA	2713	478	441	42	5	6.91913461257	0.0807692307692	0.0112107623318	0.0695584684374
GCGNTGGA	659	563	855	55	17	9.04176929086	0.088996763754	0.019495412844	0.06950135091
ACNTTCNG	1445	897	889	82	13	12.0699596709	0.0837589376915	0.0144124168514	0.0693465208401
TTCNNCCG	1442	437	547	37	5	7.9637172594	0.07805907173	0.00905797101449	0.0690011007155
NTNAAGAG	2090	544	535	52	10	6.86583337975	0.0872483221477	0.0183486238532	0.0688996982944
TGGNAANC	2412	473	529	38	3	8.74370495618	0.0743639921722	0.00563909774436	0.0687248944279
AGNNTCCC	447	382	460	28	0	9.36754053313	0.0682926829268	0.0	0.0682926829268
AGNTGNTT	4584	832	737	62	1	15.1098048288	0.0693512304251	0.00135501355014	0.0679962168749
TNCNTCAT	3648	1997	1990	193	41	22.8925118996	0.0881278538813	0.0201870999508	0.0679407539305
ACCGTNAT	932	1002	916	73	0	19.8119569542	0.0679069767442	0.0	0.0679069767442
CTGCNCGA	1152	1344	1609	115	18	21.1096760904	0.0788211103496	0.0110633066994	0.0677578036501
TGGNGGGT	46	9371	9862	710	27	140.867878213	0.0704295208809	0.00273030640105	0.0676992144798
TNAAGAGN	2090	545	532	49	8	7.12237965548	0.0824915824916	0.0148148148148	0.0676767676768
NTGCTCGA	593	639	566	58	9	7.70278783358	0.0832137733142	0.015652173913	0.0675615994012
GTCTGGGT	16	3184	3721	233	3	70.9059359547	0.0681884694176	0.000805585392052	0.0673828840256
NTCAAGNG	1864	670	882	57	10	11.2909115756	0.0784044016506	0.0112107623318	0.0671936393188
CGGCGGGC	14	1774	2834	137	13	40.0356370456	0.0716902145474	0.00456621004566	0.0671240045017
ACATGNGT	24	3560	4245	268	13	70.7193937496	0.0700104493208	0.00305307656177	0.066957372759
NCGTNGGA	670	617	792	55	12	9.20906612768	0.0818452380952	0.0149253731343	0.0669198649609
GTNAGCCN	1579	745	661	70	13	8.23659005989	0.0858895705521	0.0192878338279	0.0666017367243
TGTCTNAG	217	478	578	36	2	9.71403268769	0.0700389105058	0.00344827586207	0.0665906346438
GTGNGCNC	2282	1399	1255	133	26	14.7030304684	0.0868146214099	0.0202966432475	0.0665179781625
GAGACCGG	4	886	1190	68	6	17.7322822528	0.0712788259958	0.00501672240803	0.0662621035878
GGCTCGCG	8	1497	1324	114	6	22.760935724	0.0707635009311	0.00451127819549	0.0662522227356
GNAAGGTN	3264	1056	1095	76	1	21.2731171374	0.0671378091873	0.000912408759124	0.0662254004282
GTCTNANA	622	426	602	31	1	10.3042434353	0.0678336980306	0.0016583747927	0.0661753232379
GNCAAGNG	1589	568	612	53	12	7.11034827957	0.085346215781	0.0192307692308	0.0661154465502
AANGTNGT	3348	1177	953	86	2	18.5055998203	0.0680918448139	0.0020942408377	0.0659976039762
AGCGGGGT	3	359	496	27	2	7.78740668313	0.0699481865285	0.00401606425703	0.0659321222715
CTCAANCN	3037	395	422	30	2	6.80996722361	0.0705882352941	0.00471698113208	0.065871254162
NACGNCAT	3206	1867	1863	189	50	18.5038503039	0.0919260700389	0.0261369576581	0.0657891123808
ACCNNCAT	3802	1119	1210	83	4	20.5323521387	0.0690515806988	0.00329489291598	0.0657566877829
TNGCAAAN	2856	411	407	30	1	7.50478616352	0.0680272108844	0.00245098039216	0.0655762304922
TNGCGGGN	134	21408	26901	1640	151	9223372036854775807	0.0711558486637	0.00558184237764	0.065574006286
NCCGTCNT	1718	1162	1565	84	3	26.1055365987	0.0674157303371	0.00191326530612	0.065502465031
TTNCNCCG	1678	528	586	38	1	10.6635691229	0.0671378091873	0.00170357751278	0.0654342316745
TNGGCGGG	42	5877	8742	446	46	109.09726024	0.0705361379092	0.00523441055985	0.0653017273494
NGGCANAC	1587	412	410	31	2	6.88703058413	0.0699774266366	0.00485436893204	0.0651230577045
NCACNCAG	1749	487	658	39	6	8.4325152841	0.074144486692	0.00903614457831	0.0651083421137
CGGGCAGG	4	608	727	47	5	10.5384060181	0.0717557251908	0.0068306010929	0.0649251240979
TGTNTCNG	1045	591	668	43	2	11.1678155427	0.0678233438486	0.00298507462687	0.0648382692217
TAGNCGTG	8	1483	1657	111	8	25.491221794	0.0696361355082	0.0048048048048	0.0648313307034
ATNTGANA	1151	350	534	25	1	8.62885953372	0.0666666666667	0.0018691588785	0.0647975077882
GCGCGGGT	16	2317	2511	177	16	36.4806949169	0.0709703287891	0.00633161851998	0.0646387102691
CCCTNNCC	621	460	451	34	2	7.39306788688	0.0688259109312	0.00441501103753	0.0644108998936
NCGGCGGG	46	4892	7372	361	32	92.9317404038	0.0687226346849	0.00432198811453	0.0644006465704
GTATACTN	4	1118	1160	79	2	20.8713144557	0.0659983291562	0.00172117039587	0.0642771587604
CNTGCNAT	3036	1630	1689	155	39	17.0376509079	0.0868347338936	0.0225694444444	0.0642652894491
CGCAGGGT	10	1854	2004	130	3	35.6339090203	0.0655241935484	0.00149476831091	0.0640294252375
NGTNGGAA	2320	1627	1986	145	36	20.3930524445	0.0818284424379	0.0178041543027	0.0640242881353
CTCANANC	1319	512	424	35	0	8.88831217661	0.0639853747715	0.0	0.0639853747715
CCNTTACN	1329	429	531	33	4	7.1709654536	0.0714285714286	0.00747663551402	0.0639519359146
TCGGNGGG	22	3597	4505	262	18	66.9539174024	0.0678932365898	0.00397965951802	0.0639135770718
ATGNGANA	1080	352	414	25	1	6.93326413415	0.0663129973475	0.00240963855422	0.0639033587933
CGGCTCGN	44	6162	8262	445	29	106.678573477	0.0673528076283	0.00349776866482	0.0638550389635
CGTGAGGT	4	967	1032	69	3	17.0451978439	0.0666023166023	0.00289855072464	0.0637037658777
CCGTCANT	423	555	478	39	1	8.94667021252	0.0656565656566	0.00208768267223	0.0635688829843
TNANGTCG	1437	515	559	38	3	8.59828840669	0.0687160940325	0.00533807829181	0.0633780157407
TGANGTCG	517	515	559	38	3	8.59828840669	0.0687160940325	0.00533807829181	0.0633780157407
NGTCTCNC	546	400	469	27	0	8.88354945973	0.0632318501171	0.0	0.0632318501171
NGCGGGGN	110	16280	20310	1183	95	250.59624283	0.0677432285403	0.00465572163685	0.0630875069035
GNGCGGNG	1250	508	728	35	1	11.8853533997	0.0644567219153	0.00137174211248	0.0630849798028
ACCGNCAN	2175	550	511	37	0	10.2090914652	0.0630323679727	0.0	0.0630323679727
GCTCGCCG	160	1136	1391	78	2	23.4920327324	0.0642504118616	0.00143575017947	0.0628146616821
NNAAACTG	2902	288	465	20	1	7.04420658736	0.0649350649351	0.00214592274678	0.0627891421883
ANTTTCNG	2138	963	948	83	16	10.7748683243	0.0793499043977	0.0165975103734	0.0627523940243
CNTGNGAT	1404	888	845	87	23	8.24757180087	0.0892307692308	0.0264976958525	0.0627330733782
CTNGCGAN	3232	1647	1605	158	41	15.2476388628	0.0875346260388	0.0249088699878	0.0626257560509
GGCGGGNN	150	20332	28185	1487	158	9223372036854775807	0.0681516109813	0.00557456867657	0.0625770423047
AGTCTNNC	674	420	340	28	0	6.92626771451	0.0625	0.0	0.0625
NGCGGGCT	24	2011	3423	152	27	37.8042563359	0.0702727693019	0.00782608695652	0.0624466823454
CGNTGGAN	3308	1655	1939	147	38	18.8949270421	0.0815760266371	0.0192210419828	0.0623549846543
NTTTCANT	6326	2669	2752	222	42	30.1234120181	0.0767900380491	0.0150322118826	0.0617578261665
AGTCNCCN	888	395	446	27	1	7.41123012686	0.063981042654	0.00223713646532	0.0617439061887
GTGNGCCN	1243	824	708	70	12	8.36105140756	0.0782997762864	0.0166666666667	0.0616331096197
CNCTTNCC	1315	533	448	39	3	6.9571912114	0.0681818181818	0.00665188470067	0.0615299334812
CTNGCNAT	3372	1862	2215	157	37	21.9991332877	0.0777612679544	0.0164298401421	0.0613314278123
TCTCNCNG	883	418	557	29	2	8.238777458	0.0648769574944	0.00357781753131	0.0612991399631
AGTNNCCC	642	412	409	28	1	6.96149491515	0.0636363636364	0.00243902439024	0.0611973392461
TAGACATT	6	1198	1068	78	0	21.0410519878	0.0611285266458	0.0	0.0611285266458
CTCNGANC	823	505	494	34	1	8.56899971286	0.0630797773655	0.0020202020202	0.0610595753453
TNTCTNAG	1031	529	726	36	2	10.8356006962	0.0637168141593	0.00274725274725	0.060969561412
AGTGGCGG	10	1643	2164	117	12	28.1510967402	0.0664772727273	0.00551470588235	0.0609625668449
ACGGCGTG	6	1289	1551	91	8	21.3967131291	0.0659420289855	0.00513149454779	0.0608105344377
CTTGNNAT	3500	1742	1684	155	36	16.4570132802	0.0817079599367	0.0209302325581	0.0607777273786
CCGGCAGG	16	3405	3907	246	26	50.8411944551	0.0673788003287	0.00661072972286	0.0607680706058
TGGCGNGT	52	10143	12323	700	49	148.667200735	0.0645577792124	0.00396055609441	0.060597223118
GGCNGGGT	78	15401	18593	1077	90	218.366954615	0.0653598737711	0.00481721350961	0.0605426602615
TNCCNCCG	1117	614	601	43	3	9.0325720272	0.0654490106545	0.00496688741722	0.0604821232373
CNNAGAGC	1502	514	571	35	2	8.7346452277	0.063752276867	0.00349040139616	0.0602618754709
AAGTTGGT	8	1763	2234	118	6	32.8336989007	0.0627325890484	0.00267857142857	0.0600540176198
GGCGGGTG	8	777	1473	55	9	16.1182344828	0.0661057692308	0.00607287449393	0.0600328947368
CNCTAGGG	12	1601	1566	124	19	18.3678763815	0.071884057971	0.0119873817035	0.0598966762675
GAAAGGGT	12	2655	3159	172	3	52.1510541613	0.0608418818536	0.000948766603416	0.0598931152501
TGNCGGGT	54	10604	12133	703	29	151.613023184	0.062173874591	0.00238447623746	0.0597893983535
CGCGCCCG	14	2316	2397	156	8	36.2959099364	0.0631067961165	0.0033264033264	0.0597803927901
NNTTTCAG	2623	1079	1171	86	17	12.373022682	0.0738197424893	0.0143097643098	0.0595099781795
GGAAGNTN	2530	1012	904	64	0	17.0562798239	0.0594795539033	0.0	0.0594795539033
ANCGTNAT	4050	1155	1108	73	0	20.8254927065	0.0594462540717	0.0	0.0594462540717
CTNANAGC	1368	536	569	36	2	8.48860545292	0.0629370629371	0.00350262697023	0.0594344359668
AATCGCAN	861	322	556	21	1	7.81160477694	0.0612244897959	0.00179533213645	0.0594291576595
ACNGTCNT	1656	1209	1197	83	6	17.122984784	0.0642414860681	0.00498753117207	0.059253954896
NCATGGGT	28	6011	6581	403	24	79.0298710241	0.062831306517	0.00363361090083	0.0591976956162
TGNCGGGG	48	9080	10328	615	44	121.102085699	0.0634347601857	0.00424219051292	0.0591925696727
AAGGTNNT	4038	1349	1491	94	9	19.7740342361	0.0651420651421	0.006	0.0591420651421
TGTCTNNG	924	560	678	37	2	10.05134628	0.0619765494137	0.00294117647059	0.0590353729431
TCAAGNGN	1864	672	870	50	9	9.66188673636	0.0692520775623	0.0102389078498	0.0590131697125
CTCNGNGC	1257	590	530	37	0	10.0296890454	0.0590111642743	0.0	0.0590111642743
NGGCAANC	2701	553	458	36	1	7.77991829818	0.0611205432937	0.00217864923747	0.0589418940562
CCGCGCGG	8	1164	1193	77	4	18.010655161	0.0620467365028	0.00334168755221	0.0587050489506
TGNTCGAA	502	589	529	43	5	6.85898766285	0.0680379746835	0.00936329588015	0.0586746788034
CTGCNCNA	5310	1572	1942	115	19	21.345327995	0.0681683461766	0.00968893421724	0.0584794119594
GGCGNGGT	66	12327	14183	812	51	165.8102638	0.0618007458711	0.00358297035268	0.0582177755184
CNGCTCNA	4482	1595	1668	119	19	18.6865300347	0.0694282380397	0.0112625963248	0.0581656417148
ANACTCAN	2008	693	591	48	4	8.31381189522	0.0647773279352	0.00672268907563	0.0580546388596
NCNTTACC	2099	660	555	46	4	7.77633587253	0.0651558073654	0.00715563506261	0.0580001723028
AGGAGGGT	4	686	788	44	2	11.815092565	0.0602739726027	0.00253164556962	0.0577423270331
TCANCNTG	2709	1025	906	92	23	8.18330744731	0.08236347359	0.0247578040904	0.0576056694996
TTGGCGGG	14	2137	2718	143	14	33.9174037	0.0627192982456	0.00512445095168	0.0575948472939
CCNTCATT	429	639	743	39	0	12.7885663163	0.0575221238938	0.0	0.0575221238938
CCNTCNTT	1360	640	747	39	0	12.8231776566	0.0574374079529	0.0	0.0574374079529
TCCTCGGT	12	2068	2300	138	12	29.9301557837	0.0625566636446	0.00519031141869	0.0573663522259
NANATTGA	5870	1559	1497	125	26	14.6524838787	0.0742280285036	0.0170715692712	0.0571564592324
ACNGTNAT	3026	1165	1159	74	3	17.6817127287	0.0597255851493	0.0025817555938	0.0571438295555
CCNTNATT	1597	644	748	39	0	12.7808936547	0.0571010248902	0.0	0.0571010248902
GGANGNTG	2534	1058	1187	64	0	20.4723684838	0.0570409982175	0.0	0.0570409982175
GCGCCCGA	10	2283	2303	158	18	27.9007640724	0.0647275706678	0.00775527789746	0.0569722927703
GGCAGGGT	14	2981	3339	201	21	40.9232143832	0.0631678189818	0.00625	0.0569178189818
TGTNTNAG	1202	601	752	38	2	10.4936406838	0.0594679186228	0.0026525198939	0.0568153987289
TGNCTNAG	1690	569	715	36	2	9.89610706664	0.0595041322314	0.00278940027894	0.0567147319525
ANNCTGAC	1560	499	545	32	2	7.7851005545	0.060263653484	0.0036563071298	0.0566073463542
TCAGTGGG	8	1313	1695	84	6	22.3294938685	0.0601288475304	0.00352733686067	0.0566015106698
TCATGGGT	10	1773	1978	113	7	26.9358299858	0.059915164369	0.00352644836272	0.0563887160063
GTCTNNGA	661	503	543	31	1	8.39877571033	0.0580524344569	0.00183823529412	0.0562141991628
TNCCTNCG	890	532	491	34	2	7.20855640198	0.0600706713781	0.00405679513185	0.0560138762462
TTNTCACN	2145	507	494	30	0	8.64014170546	0.0558659217877	0.0	0.0558659217877
CTNCTCNA	1576	787	700	59	10	7.4268150464	0.0697399527187	0.0140845070423	0.0556554456764
AGGCCGGG	8	1761	2097	114	11	25.4452071586	0.0608	0.00521821631879	0.0555817836812
AGNTGGNT	3910	1104	1031	66	1	16.9005471927	0.0564102564103	0.000968992248062	0.0554412641622
TGTCNCAN	914	588	525	37	2	7.66008352718	0.0592	0.00379506641366	0.0554049335863
ACANGGGT	20	4530	5202	286	21	57.1570975093	0.0593853820598	0.0040206777714	0.0553647042884
TTGAGCGG	12	2088	2847	140	22	29.5738802106	0.0628366247756	0.00766817706518	0.0551684477104
GNCGGGGA	44	6801	8920	424	32	97.2423870683	0.0586851211073	0.0035746201966	0.0551105009107
GGAANGNG	2196	1092	1418	67	4	18.7490310127	0.0578084555651	0.0028129395218	0.0549955160433
GNCTNAGA	907	502	687	30	1	9.75568601226	0.0563909774436	0.00145348837209	0.0549374890715
ACTNTCNG	1224	1170	1305	81	13	13.6867638358	0.0647482014388	0.00986342943854	0.0548847720003
GTGANCCN	2962	1801	1906	133	27	17.9578588878	0.0687693898656	0.0139679255044	0.0548014643612
GTGGNGGG	24	3729	4514	243	29	50.5651202506	0.0611782477341	0.00638344706141	0.0547948006727
TGGNGGGN	134	24650	28362	1534	112	9223372036854775807	0.0585853956615	0.00393341293812	0.0546519827234
ATNGCGGG	34	4853	7068	354	96	56.6228158311	0.0679854042635	0.0134003350084	0.0545850692551
GTCNAGNG	671	697	729	52	11	7.01477591489	0.0694259012016	0.0148648648649	0.0545610363367
NGGCGGGC	40	4612	7482	304	55	69.5738941269	0.0618388934093	0.00729733315643	0.0545415602528
CGGGTNAG	14	1869	2005	115	7	26.7570857761	0.0579637096774	0.00347912524851	0.0544845844289
NCCGTNAT	3020	1344	1446	79	2	21.5797306417	0.0555165144062	0.00138121546961	0.0541352989366
ACNGNCAT	3194	1264	1227	78	5	16.4691084177	0.0581222056632	0.00405844155844	0.0540637641047
GNGGAANG	1023	891	543	60	5	7.00946677233	0.0630914826498	0.00912408759124	0.0539673950586
CTGNTCNA	4392	1537	1508	116	25	13.7054699225	0.0701754385965	0.0163078930202	0.0538675455763
NGNCTCCC	437	510	682	29	0	10.4861881158	0.0538033395176	0.0	0.0538033395176
ACCNTNAT	3822	1304	1402	74	0	22.9959579821	0.0537010159652	0.0	0.0537010159652
GCCATGGT	4	651	667	39	2	9.25614882823	0.0565217391304	0.00298953662182	0.0535322025086
TNAGAGGT	14	1856	1985	115	10	24.1305288228	0.0583460172501	0.00501253132832	0.0533334859218
CTNGNGAT	1510	1011	902	87	24	7.13101579217	0.0792349726776	0.0259179265659	0.0533170461117
TTNTCANC	2925	532	530	31	1	7.8399167337	0.0550621669627	0.00188323917137	0.0531789277913
NCTAAAGG	22	5360	5821	317	16	63.6557030664	0.0558393517703	0.00274113414425	0.053098217626
GTAGAAGG	10	2420	3010	141	6	40.0062794336	0.0550566185084	0.00198938992042	0.053067228588
TTGGNNGA	2647	651	824	47	12	7.180560784	0.067335243553	0.0143540669856	0.0529811765674
GAAATGGT	3	675	696	41	3	8.96903299687	0.0572625698324	0.00429184549356	0.0529707243388
NCGCGGGT	32	5830	5654	365	35	56.0746010224	0.0589184826473	0.00615222358938	0.0527662590579
GNAAGGNG	2926	1410	1229	81	2	18.4890113148	0.0543259557344	0.00162469536962	0.0527012603648
AACNNTGA	2100	451	447	25	0	7.24712084123	0.0525210084034	0.0	0.0525210084034
GTNTNAGA	783	521	516	30	1	7.53039161182	0.05444646098	0.00193423597679	0.0525122250032
TGGCNGGT	84	17890	19070	1060	66	199.710796324	0.0559366754617	0.00344899665552	0.0524876788062
GGTNAGCN	2324	707	711	48	8	7.18237206538	0.0635761589404	0.0111265646732	0.0524495942672
GGATGGGG	8	2189	2131	128	6	28.9506758542	0.0552438498058	0.00280767430978	0.052436175496
NNGGCGGG	150	21485	28385	1345	188	262.096029747	0.0589137100307	0.0065796381199	0.0523340719108
CTGCTNGN	4504	1581	1722	110	23	15.2807197689	0.0650502661147	0.0131805157593	0.0518697503554
TGNCNCAG	1783	603	661	37	4	7.62288857991	0.0578125	0.00601503759398	0.051797462406
NTCNGAGC	1168	606	705	33	0	10.8487368105	0.0516431924883	0.0	0.0516431924883
CTNGCGNT	2128	1430	1406	114	32	10.628459805	0.0738341968912	0.0222531293463	0.0515810675449
ATGTGNNA	1095	534	608	30	1	8.36964254237	0.0531914893617	0.00164203612479	0.0515494532369
NNACGTCG	847	844	900	49	3	11.6167570097	0.0548712206047	0.00332225913621	0.0515489614685
NGGNGGTT	2650	1103	1095	61	1	16.1542059835	0.0524054982818	0.000912408759124	0.0514930895227
GAGNNCTG	779	624	569	35	1	8.35668740981	0.0531107738998	0.00175438596491	0.0513563879349
GCGCGGCG	204	1649	1903	94	5	24.1367924433	0.0539300057372	0.00262054507338	0.0513094606639
GGCGTGTG	3	565	724	34	4	7.94832329376	0.0567612687813	0.00549450549451	0.0512667632868
TAGCCGTG	3	627	670	37	3	8.25508545069	0.0557228915663	0.00445765230312	0.0512652392631
NCATCNTG	4404	2285	2349	165	39	19.0081068419	0.0673469387755	0.0163316582915	0.0510152804841
NGNTGGTT	5154	1069	1509	62	6	16.390292718	0.0548187444739	0.0039603960396	0.0508583484343
TACGGAGT	6	1232	1248	67	1	18.4055261821	0.0515781370285	0.00080064051241	0.0507774965161
GCGGGCGC	16	1739	2755	111	26	22.5658304887	0.06	0.00934915498022	0.0506508450198
TCNGCGGG	30	4788	6138	276	24	60.3300251358	0.0545023696682	0.00389483933788	0.0506075303304
NNGCGGGT	1602	24077	26981	1393	114	262.16363949	0.0546917942678	0.00420741834287	0.0504843759249
CGGGGAAA	10	1562	2342	102	26	18.5358907449	0.0612980769231	0.0109797297297	0.0503183471933
ACCNTCNT	2864	1306	1432	75	6	16.806566327	0.0543084721217	0.00417246175243	0.0501360103692
CGNGGGCN	674	784	825	54	12	7.00596701378	0.0644391408115	0.0143369175627	0.0501022232487
ATCCCCCG	8	1390	1607	79	6	18.7568774911	0.0537780803268	0.00371977681339	0.0500583035134
ATCCCCCN	28	1390	1607	79	6	18.7568774911	0.0537780803268	0.00371977681339	0.0500583035134
