#Sequence	Occurrence	Forward Match	Backward Match	Forward Mismatch	Backward Mismatch	Strand Bias Score	FER (Forward Error Rate)	RER (Reverse Error Rate), ERD (Error rate Difference)
GGGCNAAAGG	15	38	179	99	0	49.9941959811	0.722627737226	0.0	0.722627737226
GGGCGAAAGG	7	38	179	99	0	49.9941959811	0.722627737226	0.0	0.722627737226
GGGCGNAAGG	13	38	179	99	0	49.9941959811	0.722627737226	0.0	0.722627737226
GGGCGAANGG	16	38	179	99	0	49.9941959811	0.722627737226	0.0	0.722627737226
GGGNGAAAGG	32	70	252	99	0	49.8042765965	0.585798816568	0.0	0.585798816568
NGGCGAAAGG	29	204	308	108	2	33.7407938381	0.346153846154	0.00645161290323	0.339702233251
GGGCGNANGG	38	222	394	105	1	39.0073136914	0.321100917431	0.00253164556962	0.318569271862
GGGNGNAAGG	64	308	464	136	1	45.8451193691	0.306306306306	0.00215053763441	0.304155768672
GGGCGAAAGN	26	246	438	100	0	39.5707209888	0.28901734104	0.0	0.28901734104
GGGCGANAGG	16	243	512	101	3	39.826830214	0.293604651163	0.00582524271845	0.287779408444
NGGNGAAAGG	101	269	418	108	2	35.8577087698	0.286472148541	0.0047619047619	0.281710243779
GGGCNANAGG	37	409	726	101	3	37.0434171689	0.198039215686	0.00411522633745	0.193923989349
GGGCNAANGG	58	492	577	112	4	29.2954029235	0.185430463576	0.00688468158348	0.178545781993
GGGNGANAGG	57	495	785	101	3	34.6038490785	0.169463087248	0.00380710659898	0.165655980649
GGGCGNNAGG	46	607	873	103	4	32.0809044649	0.145070422535	0.00456100342075	0.140509419114
GGGCGANNGG	72	611	871	101	4	31.2119317602	0.141853932584	0.00457142857143	0.137282504013
NGGCNAAAGG	112	694	839	115	5	30.5588299002	0.142150803461	0.00592417061611	0.136226632845
GGGCGAANGN	78	640	712	102	1	29.4222483516	0.137466307278	0.00140252454418	0.136063782733
GNGCGAAAGG	27	786	870	104	1	30.4115085348	0.116853932584	0.00114810562572	0.115705826959
NGGCGAANGG	97	842	914	118	10	24.5568949873	0.122916666667	0.0108225108225	0.112094155844
NGGCGAAAGN	162	964	1125	112	5	29.2466263399	0.104089219331	0.00442477876106	0.0996644405698
GGGNNAAAGG	78	1113	1344	112	3	32.5893788444	0.0914285714286	0.0022271714922	0.0892013999364
GNGCNAAAGG	121	1114	1251	109	1	32.6594098523	0.0891251022077	0.000798722044728	0.088326380163
GNGCGNAAGG	81	1145	1254	105	2	29.4994665601	0.084	0.0015923566879	0.0824076433121
GNGCGAANGG	79	1189	1139	107	4	24.6676736869	0.0825617283951	0.00349956255468	0.0790621658404
NNGCGAAAGG	133	1283	1269	113	4	26.9917277488	0.0809455587393	0.00314218381775	0.0778033749215
GNGCGANAGG	73	1214	1459	106	5	28.5228948284	0.080303030303	0.00341530054645	0.0768877297566
GGGCNAAAGN	100	1407	1789	101	4	29.4951961587	0.066976127321	0.00223089793642	0.0647452293845
GGGCGANAGN	72	1416	1871	109	13	24.9770095025	0.0714754098361	0.00690021231423	0.0645751975218
GGGNGAAAGN	100	1487	1868	103	2	32.3461380573	0.0647798742138	0.00106951871658	0.0637103554973
GNGCGAAAGN	148	1588	1868	107	7	26.5412538637	0.0631268436578	0.00373333333333	0.0593935103245
GGGCGAAANG	30	1665	1637	104	6	22.7331013964	0.0587902769927	0.00365185636032	0.0551384206323
GGGCNAAANG	97	1665	1637	104	6	22.7331013964	0.0587902769927	0.00365185636032	0.0551384206323
GGGCGAAANN	126	2028	2098	105	6	24.1478935969	0.0492264416315	0.00285171102662	0.0463747306049
GGGNGAAANG	124	2356	2360	106	11	19.7640001146	0.0430544272949	0.00463939266132	0.0384150346336
GGGCGAANNG	90	2503	2412	112	13	19.0882806547	0.0428298279159	0.00536082474227	0.0374690031736
GGGCGANANG	87	2580	2637	108	13	19.3542975158	0.0401785714286	0.00490566037736	0.0352729110512
GNGCGAAANG	122	3670	3607	128	11	25.0347695679	0.0337019483939	0.00304035378662	0.0306615946073
