#Sequence	Occurrence	Forward Match	Backward Match	Forward Mismatch	Backward Mismatch	Strand Bias Score	FER (Forward Error Rate)	RER (Reverse Error Rate), ERD (Error rate Difference)
NAAAAAAG	2984	8681	9067	201	104	8.24766111314	0.0226300382797	0.0113400937739	0.0112899445058
ANAAAAAG	3151	9231	9522	205	102	8.8213960445	0.0217253073336	0.0105985037406	0.011126803593
AAAAANAG	2652	7423	7777	152	76	6.88662073372	0.0200660066007	0.00967783012861	0.010388176472
AANAAAAG	3041	8955	9233	171	87	7.11417589504	0.0187376725838	0.0093347639485	0.00940290863533
NNAAAAAG	5730	20182	20598	343	191	10.7579362955	0.0167113276492	0.00918755110876	0.00752377654045
NANAAAAG	5581	18920	19531	276	139	11.4749828769	0.0143779954157	0.00706659888155	0.00731139653417
NAANAAAG	5049	16863	17514	251	133	9.54527881968	0.014666355031	0.00753669178897	0.007129663242
ANAAANAG	4922	16146	16433	238	123	9.06428687424	0.0145263671875	0.00742933075622	0.00709703643128
ANANAAAG	5360	17532	17822	252	130	9.57315931996	0.0141700404858	0.00724153297683	0.006928507509
NAAAANAG	4779	15886	16353	228	124	7.99882297561	0.0141491870423	0.00752564180373	0.0066235452386
TATNTTTT	10218	14937	15793	146	52	11.5311493075	0.00967977192866	0.00328179236352	0.00639797956514
AAANANAG	4456	14044	14570	188	101	7.04238772943	0.013209668353	0.00688432962988	0.00632533872313
AANNAAAG	4902	16723	17140	221	125	6.9575245981	0.0130429650614	0.00724008108891	0.00580288397247
AANAANAG	4925	16135	16404	195	103	7.14995957289	0.0119412124923	0.00623977706428	0.00570143542807
ANNAAAAG	5788	20586	20851	273	161	7.25530325672	0.0130878757371	0.00766228821626	0.00542558752083
ANAAAANG	7234	24802	25379	296	174	8.1868914714	0.0117937684278	0.00680937658983	0.00498439183793
GNNTTTTT	3518	13014	14035	102	40	7.56219086799	0.00777676120769	0.00284191829485	0.00493484291284
TNTCTTTT	3188	10306	10435	62	11	8.42492534772	0.0059799382716	0.00105303465441	0.00492690361719
NAAAAANG	7157	25429	26222	324	208	6.96656042593	0.0125810585175	0.00786984487325	0.0047112136442
TANNTTTT	16044	29991	31382	227	93	14.2817870509	0.00751207889337	0.00295472597299	0.00455735292038
NATNTTTT	19344	40196	42080	321	145	17.0165959273	0.00792260038996	0.00343398460628	0.00448861578368
NANCTTTT	2845	12010	12538	72	19	7.78574892215	0.00595927826519	0.0015131002628	0.00444617800239
TTTTTTNT	38219	41824	47097	711	587	7.46731619392	0.0167156459386	0.0123102088751	0.00440543706354
NTTTTTTT	39175	42747	48280	720	599	7.37428699523	0.0165642901511	0.0122547515293	0.00430953862186
GTNTTTNT	3708	12282	12897	78	26	6.79463757692	0.00631067961165	0.0020119167376	0.00429876287405
NTNTTTTT	52940	73976	81095	962	724	13.6049118134	0.0128372788172	0.00884880040088	0.00398847841627
NNCTTTTT	5730	20408	21360	143	64	8.01351821882	0.00695829886624	0.00298730395818	0.00397099490806
TNNCTTTT	5692	20879	21038	112	29	11.4027768716	0.00533562002763	0.00137656049746	0.00395905953017
NNTCTTTT	5829	21701	22491	121	37	11.029391482	0.00554486298231	0.00164240056818	0.00390246241413
NNTTTTTT	52691	74285	81651	1013	793	11.9879309466	0.0134532125687	0.00961865023531	0.00383456233342
TNTNTTTT	53364	72533	78959	904	679	12.4940642358	0.0123098710459	0.00852608051433	0.0037837905316
NTTTTTNT	52788	75299	82316	942	713	12.811815306	0.0123555567214	0.00858736104253	0.00376819567892
TCNNTTTT	5890	21367	21981	148	72	6.82574256715	0.00687892168255	0.00326486192355	0.003614059759
TNNTTTTT	51337	74969	81752	940	726	11.4494473085	0.0123832483632	0.00880234729261	0.00358090107056
TATNNTTT	18051	31912	32669	189	77	11.5384153346	0.00588766705087	0.002351432236	0.00353623481487
ANTNTTTT	16345	34462	36220	257	141	9.37132718301	0.00740228693223	0.00387778113913	0.00352450579309
NNTATTTT	17315	32228	33593	187	77	11.69240272	0.00576893413543	0.0022869022869	0.00348203184853
TATNTNTT	25259	33433	34268	204	91	10.7353239926	0.00606475012635	0.00264850548619	0.00341624464016
NANTTTTT	15293	34358	35930	262	151	8.31117581652	0.00756787983824	0.00418502813115	0.00338285170709
TNTCTNTT	4994	17450	17727	77	18	8.75610642702	0.00439322188623	0.00101437024514	0.00337885164109
ATNNTTTT	18605	39445	41267	270	143	10.5124740822	0.006798438877	0.00345327215648	0.00334516672051
NNATTTTT	16838	39116	40982	280	156	9.69805864289	0.00710732054016	0.00379211434683	0.00331520619332
ANNTTTTT	17437	37056	38690	294	179	7.90619881933	0.00787148594378	0.00460521238005	0.00326627356373
NTTNTTTT	52496	75166	81695	874	678	10.2755612706	0.0114939505523	0.00823085234239	0.00326309820995
TNTTTTNT	52796	71793	78295	889	714	8.84769849203	0.0122313640241	0.00903694515815	0.00319441886596
ATNTTTNT	21685	40566	42296	256	135	10.0008011672	0.00627112831316	0.00318163606797	0.0030894922452
TATNTTNT	21890	31293	32627	184	91	8.39244064591	0.00584553801188	0.00278134360291	0.00306419440897
NTATATNT	64739	31042	31434	170	76	8.7473028638	0.00544662309368	0.00241193271977	0.00303469037391
TTNTTTNT	52416	72928	78454	855	681	8.22691839672	0.0115880351843	0.00860554748215	0.00298248770211
NTANTTTT	14493	29154	30254	176	92	7.08355065938	0.00600068189567	0.00303170104791	0.00296898084776
ATNANTTT	9493	23875	24184	105	35	8.43654871016	0.00437864887406	0.00144514637268	0.00293350250138
TNANTTTT	12577	29419	30431	177	94	6.81312672574	0.00598053791053	0.00307944307944	0.00290109483109
NTATNTTT	20658	32907	34009	193	101	7.61320326654	0.00583081570997	0.00296100850191	0.00286980720806
ATANNTTT	15972	26575	27190	137	63	6.96909279299	0.00512878107218	0.00231167210949	0.00281710896268
TTTNTTNT	52044	73748	79276	816	650	7.84189293718	0.0109436189046	0.00813252258339	0.00281109632118
ATNTNTTT	23792	39004	40600	244	139	7.90519140347	0.00621687729311	0.00341196396573	0.00280491332738
ANAANTTT	8353	22299	22821	94	32	7.56019538894	0.00419774036529	0.001400253796	0.00279748656929
ATATNTNT	65475	37824	38188	219	115	7.94876444894	0.00575664379781	0.00300237579302	0.00275426800479
TNTANTTT	14823	25763	26337	122	53	6.88215417181	0.00471315433649	0.0020083364911	0.00270481784539
ATANTTNT	15755	27203	27456	131	58	6.91607737839	0.00479256603497	0.00210801773643	0.00268454829855
NATTNTTT	16793	37033	38088	211	118	6.97302059151	0.00566534206852	0.00308852012773	0.00257682194079
NATATNTT	21398	30118	30838	137	63	6.98457937822	0.0045281771608	0.00203876897188	0.00248940818892
TNTCNTTT	6708	24030	24093	85	26	7.45087268568	0.00352477710968	0.00107798830797	0.00244678880171
ATTTNTNT	20747	37888	39220	191	103	7.08072471573	0.00501588802227	0.00261933219744	0.00239655582483
TTNCTNTT	5625	20420	20414	65	16	6.99950075197	0.00317305345375	0.000783162016642	0.0023898914371
