#Sequence	Occurrence	Forward Match	Backward Match	Forward Mismatch	Backward Mismatch	Strand Bias Score	FER (Forward Error Rate)	RER (Reverse Error Rate), ERD (Error rate Difference)
TGAGGTCGTA	1	7	27	19	0	8.25757116745	0.730769230769	0.0	0.730769230769
TGTACATTCC	2	36	72	47	2	13.9265584725	0.566265060241	0.027027027027	0.539238033214
GAGGGGAGCA	2	25	62	25	1	9.51139504518	0.5	0.015873015873	0.484126984127
AGTCAATTCC	2	39	70	39	2	11.0612362423	0.5	0.0277777777778	0.472222222222
TTATAATTCC	2	34	78	32	2	10.9478719861	0.484848484848	0.025	0.459848484848
GAGTCGACGA	2	32	56	26	0	9.07217526502	0.448275862069	0.0	0.448275862069
ANCGGGGGAC	2	36	54	31	1	8.47467616633	0.462686567164	0.0181818181818	0.444504748982
ACTTTGCTCG	2	30	70	24	1	9.10863705016	0.444444444444	0.0140845070423	0.430359937402
ACACGTCTCG	2	34	71	27	2	8.52704290954	0.44262295082	0.027397260274	0.415225690546
AATCCTAACG	2	35	67	27	2	8.15067330603	0.435483870968	0.0289855072464	0.406498363721
AACCAATTCC	6	100	214	73	4	25.0306035602	0.421965317919	0.0183486238532	0.403616694066
AGGGTCATAA	3	56	95	39	2	11.5223334825	0.410526315789	0.020618556701	0.389907759088
CGTCTAATAA	2	40	68	27	1	8.47155941627	0.402985074627	0.0144927536232	0.388492321004
CGAGAATTCC	3	67	114	45	3	12.6267573144	0.401785714286	0.025641025641	0.376144688645
TATGGACCAA	3	55	105	34	2	11.0515104153	0.38202247191	0.018691588785	0.363330883125
AAGAACTACA	2	48	65	27	0	8.32831877876	0.36	0.0	0.36
TCACGACAGA	3	44	92	27	2	9.10108619651	0.380281690141	0.0212765957447	0.359005094396
TCTCGACCGA	3	58	113	35	2	11.6430206469	0.376344086022	0.0173913043478	0.358952781674
CGTCTAANAA	4	78	139	47	3	14.2113267947	0.376	0.0211267605634	0.354873239437
TNCTAGAACG	2	51	72	29	1	8.18650932781	0.3625	0.013698630137	0.348801369863
TAGTAGTCAA	3	50	91	29	2	8.85205301106	0.367088607595	0.0215053763441	0.345583231251
CATGAATTCC	3	58	111	33	3	9.87712666975	0.362637362637	0.0263157894737	0.336321573164
TGGAGATAGA	3	50	95	26	1	9.20933931744	0.342105263158	0.0104166666667	0.331688596491
TAGACTGNCA	3	56	102	31	3	8.93447946144	0.35632183908	0.0285714285714	0.327750410509
TATTCCCCCT	4	74	123	40	3	11.2485534677	0.350877192982	0.0238095238095	0.327067669173
ACGAGTAACA	4	78	134	43	4	11.7951012576	0.355371900826	0.0289855072464	0.32638639358
AGCTATAACA	4	83	141	42	2	13.0826344424	0.336	0.013986013986	0.322013986014
TTCGAATTCC	4	84	151	43	3	13.0737359323	0.338582677165	0.0194805194805	0.319102157685
CCGACACGGA	3	60	112	28	1	9.99929351414	0.318181818182	0.00884955752212	0.30933226066
ATCCTTAAGA	3	73	106	37	3	9.07373481307	0.336363636364	0.0275229357798	0.308840700584
TTCTAAAACA	4	95	89	42	0	10.3185485617	0.306569343066	0.0	0.306569343066
AGNCACGTGA	3	56	101	27	2	8.42418619655	0.325301204819	0.0194174757282	0.305883729091
CNCGAGTACA	5	103	152	49	3	13.2432347316	0.322368421053	0.0193548387097	0.303013582343
ACAGGCTTCC	5	108	141	48	1	13.74499885	0.307692307692	0.00704225352113	0.300650054171
GGGCACAACA	3	64	109	31	3	8.6387154184	0.326315789474	0.0267857142857	0.299530075188
AGACAGTCAA	4	80	145	38	4	10.8342340738	0.322033898305	0.0268456375839	0.295188260721
ACTGGATTCC	4	84	133	38	3	10.4139734876	0.311475409836	0.0220588235294	0.289416586307
TTGGGTTTCC	4	76	142	33	2	11.0520980449	0.302752293578	0.0138888888889	0.288863404689
ACACAAGATA	3	76	114	32	2	8.82248372592	0.296296296296	0.0172413793103	0.279054916986
TGGGGCTTCC	4	75	116	32	3	8.38147146265	0.299065420561	0.0252100840336	0.273855336527
TNCTAGACNA	4	75	113	32	3	8.2267152661	0.299065420561	0.0258620689655	0.273203351595
TGCATCCCAA	4	111	135	46	3	10.5346978014	0.292993630573	0.0217391304348	0.271254500138
TCTCGCACGA	4	82	150	33	3	10.1343505787	0.286956521739	0.0196078431373	0.267348678602
TATAAATTCC	12	284	418	116	11	28.1389062037	0.29	0.025641025641	0.264358974359
ACTCTGAGAA	4	97	156	39	4	10.2977293987	0.286764705882	0.025	0.261764705882
CCGTGTTTCC	7	162	250	64	6	16.5723236464	0.283185840708	0.0234375	0.259748340708
TCTCCTACNA	4	97	122	37	3	8.27026586471	0.276119402985	0.024	0.252119402985
GTGTACTGAA	6	144	195	55	5	12.8904340831	0.276381909548	0.025	0.251381909548
NTCCTAATTC	3	90	110	31	1	8.40360939423	0.256198347107	0.00900900900901	0.247189338098
AATCTANACA	4	95	129	35	3	8.52384075606	0.269230769231	0.0227272727273	0.246503496503
TGATACAACA	7	166	229	61	6	14.0290680628	0.26872246696	0.0255319148936	0.243190552067
TCCCGACGAA	5	136	173	50	5	10.8292376214	0.268817204301	0.0280898876404	0.240727316661
TCGCTACAGA	6	104	195	38	6	10.1663464669	0.267605633803	0.0298507462687	0.237754887534
TTCCTAAAGA	5	124	183	44	5	10.6042414439	0.261904761905	0.0265957446809	0.235309017224
GGTTGTAACA	7	134	190	47	5	11.0812180357	0.259668508287	0.025641025641	0.234027482646
NGCCAAGACA	5	127	156	41	2	10.4925696244	0.244047619048	0.0126582278481	0.2313893912
TCNCTTCCAA	6	143	162	49	5	9.28446137239	0.255208333333	0.0299401197605	0.225268213573
NAGAGACCAA	4	84	147	25	1	8.85617903657	0.229357798165	0.00675675675676	0.222601041408
GTATATTTCC	5	138	167	46	5	9.2649336121	0.25	0.0290697674419	0.220930232558
GTTTGCACGA	5	112	169	36	4	9.07509655934	0.243243243243	0.0231213872832	0.22012185596
GGGATACGAA	5	122	160	38	4	8.54699477307	0.2375	0.0243902439024	0.213109756098
AGCAGACAGA	9	199	310	62	8	15.0842577536	0.23754789272	0.0251572327044	0.212390660016
AGCACGACGA	6	129	197	40	5	9.5793678573	0.236686390533	0.0247524752475	0.211933915285
GTGATCAAGA	7	150	208	45	4	11.1797283908	0.230769230769	0.0188679245283	0.211901306241
CTTGGNTACA	5	133	169	42	5	8.57037161754	0.24	0.0287356321839	0.211264367816
GGCTCAAAGA	8	197	265	62	8	13.0233335192	0.239382239382	0.029304029304	0.210078210078
TCATAACAGA	6	144	185	42	3	10.4132447921	0.225806451613	0.0159574468085	0.209849004804
GNGTATAAGA	9	196	275	60	8	12.9817784562	0.234375	0.0282685512367	0.206106448763
CAACGACAGA	5	139	172	39	3	9.10786814529	0.219101123596	0.0171428571429	0.201958266453
ACTCGGCGAA	6	155	192	44	4	9.77588407238	0.221105527638	0.0204081632653	0.200697364373
GCGTTACAGA	12	285	349	84	10	16.3483230357	0.227642276423	0.0278551532033	0.199787123219
TCCTANTTCC	5	124	187	36	5	8.34523259514	0.225	0.0260416666667	0.198958333333
ATTCTGCCAA	6	161	165	47	5	8.16545053903	0.225961538462	0.0294117647059	0.196549773756
ACCGGAAGCA	14	333	442	87	13	17.150883776	0.207142857143	0.0285714285714	0.178571428571
TCTCAAATTC	5	159	192	39	4	8.23941366386	0.19696969697	0.0204081632653	0.176561533704
TCCTGTCCAA	8	186	272	48	8	9.99657743933	0.205128205128	0.0285714285714	0.176556776557
GTAGCAAAGA	6	149	228	35	4	9.16346899281	0.190217391304	0.0172413793103	0.172976011994
NGTCTAAAGA	7	174	232	41	5	9.05294188731	0.190697674419	0.0210970464135	0.169600628005
GTAACAAAGA	7	181	237	42	5	9.26664565587	0.188340807175	0.0206611570248	0.16767965015
CGGTGCAAGA	8	179	228	39	4	8.68553843558	0.178899082569	0.0172413793103	0.161657703258
GTGGAACTTC	8	221	239	50	6	8.95058450899	0.184501845018	0.0244897959184	0.1600120491
GGTCTNAAGA	8	182	218	38	4	8.1867644608	0.172727272727	0.018018018018	0.154709254709
CTATAACTTC	10	292	328	60	10	9.5446307654	0.170454545455	0.0295857988166	0.140868746638
CNTCTAAAGA	12	318	386	64	11	11.0891687974	0.167539267016	0.0277078085642	0.139831458451
TGAAGAAGCA	14	381	429	75	13	11.6435727372	0.164473684211	0.0294117647059	0.135061919505
CCCTGATTTC	12	302	393	51	4	12.9882442221	0.14447592068	0.0100755667506	0.134400353929
GTAAGACTTC	12	362	467	62	11	11.4072809221	0.146226415094	0.0230125523013	0.123213862793
TGTGGATTTC	10	283	353	47	8	8.7190090053	0.142424242424	0.0221606648199	0.120263577604
GTNTAATGCA	13	353	422	55	12	8.22953619658	0.134803921569	0.0276497695853	0.107154151983
NCAAGATTTC	16	439	530	69	16	9.960054437	0.135826771654	0.029304029304	0.10652274235
ACCAAATTTC	14	344	461	48	11	8.17000390275	0.122448979592	0.0233050847458	0.0991438948461
