#Sequence	Occurrence	Forward Match	Backward Match	Forward Mismatch	Backward Mismatch	Strand Bias Score	FER (Forward Error Rate)	RER (Reverse Error Rate), ERD (Error rate Difference)
GGGT	2354	171056	176909	3421	656	9223372036854775807	0.0196071688532	0.00369442176105	0.0159127470922
AGGT	5902	469524	477100	7503	1839	9223372036854775807	0.0157286694464	0.00383973741959	0.0118889320268
NGGT	15953	1245140	1267957	18284	4048	9223372036854775807	0.0144717846107	0.00318237742776	0.0112894071829
CGGT	859	63606	64927	829	190	90.3121289134	0.0128656785908	0.00291782483837	0.00994785375246
TGGT	6838	540954	549021	6531	1363	9223372036854775807	0.0119290939478	0.00247645280386	0.00945264114392
AAGT	11213	898795	912018	12104	3715	9223372036854775807	0.0132879715534	0.0040568593684	0.00923111218498
GCGT	793	60588	61018	599	147	60.8528024698	0.00978966120254	0.00240333524074	0.0073863259618
GNGT	12153	947790	964004	9388	2784	9223372036854775807	0.0098079980944	0.00287963855571	0.00692835953869
NAGT	26993	2195222	2219253	22349	7047	9223372036854775807	0.0100781440594	0.00316534159817	0.00691280246126
ANGT	44968	3671165	3678728	33110	10642	9223372036854775807	0.00893832126395	0.00288450331628	0.00605381794766
GAGT	2731	215134	220454	1947	701	134.492213079	0.00896900235396	0.00316972259275	0.00579927976121
NNGT	107553	8710394	8767172	69800	22568	9223372036854775807	0.00794971045059	0.00256753897157	0.00538217147902
TAGT	10417	875181	875490	6682	2002	9223372036854775807	0.00757714066697	0.0022815022815	0.00529563838547
CCGT	947	70246	72699	554	203	38.8238792939	0.00782485875706	0.00278456009437	0.00504029866269
ACGT	3568	281656	284682	2143	738	152.602141243	0.00755111892572	0.00258566323313	0.00496545569259
GGGN	6872	517989	521156	5379	2819	177.025646541	0.0102776631357	0.00538002767308	0.00489763546261
CAGT	2632	206112	211291	1616	629	100.328847028	0.00777940383579	0.00296810117025	0.00481130266553
TNGT	42217	3449814	3470444	22994	7455	9223372036854775807	0.00662115498467	0.00214353550808	0.00447761947659
NCGT	9399	736989	747822	5014	1757	9223372036854775807	0.00675738507796	0.00234398242213	0.00441340265582
GTGT	6275	501012	505623	3421	1280	216.4114749	0.00678187192353	0.00252513794552	0.004256733978
CNGT	8215	641625	653996	4308	1687	260.075437604	0.00666942237043	0.00257288964332	0.00409653272711
NGGN	45068	3529108	3540942	28112	14261	9223372036854775807	0.00790280050152	0.00401130399586	0.00389149650565
AGGN	17940	1420144	1426027	11299	5878	9223372036854775807	0.0078934334095	0.00410502093365	0.00378841247585
TGGN	17614	1398407	1400025	10009	4775	9223372036854775807	0.00710656510576	0.00339906036446	0.0037075047413
ATGT	24285	2021190	2004928	11360	4350	9223372036854775807	0.00558903840004	0.00216495676556	0.00342408163447
CGGN	2642	192568	193734	1425	789	41.387826428	0.0073456258731	0.00405607563116	0.00328955024194
TCGT	4091	324499	329423	1718	669	104.434075352	0.00526643307982	0.00202670770573	0.00323972537409
NTGT	55208	4533043	4532140	24153	9716	9223372036854775807	0.00529996954267	0.0021392135726	0.00316075597007
GGNT	14506	1134056	1159650	6598	3319	252.006878223	0.00578440087879	0.00285390238261	0.00293049849619
AGNT	29731	2418158	2443154	14050	7496	9223372036854775807	0.00577664410281	0.00305878032359	0.00271786377922
TTGT	20871	1709180	1716510	8063	3421	9223372036854775807	0.00469531685382	0.00198903328099	0.00270628357283
GCCG	344	22066	22713	116	64	4.17486755645	0.00522946533225	0.00280985204373	0.00241961328852
AAGN	45812	3711946	3702553	19763	11145	9223372036854775807	0.00529596493189	0.00300105178181	0.00229491315008
AAAC	15269	1218511	1219584	11108	8298	89.5311821056	0.00903369255029	0.00675797837251	0.00227571417778
CTGT	3777	301661	305079	1309	665	48.1828404082	0.0043205597914	0.00217502224083	0.00214553755057
TTTG	20605	1652366	1646685	14951	11318	106.947336376	0.00896710103718	0.00682628439152	0.00214081664565
TTTC	25041	1995439	2019444	20517	16457	108.051669306	0.0101773054571	0.0080833989472	0.00209390650987
NGNT	104578	8507945	8593275	39204	21770	9223372036854775807	0.00458679262524	0.00252697461244	0.0020598180128
GNGN	37809	2959134	2963776	15845	9866	9223372036854775807	0.00532608801608	0.00331781700689	0.00200827100919
CCGN	2642	190654	195512	942	580	21.6296550347	0.00491659533602	0.00295779532056	0.00195880001546
NAGN	96508	7818355	7803906	36615	21333	9223372036854775807	0.00466137999254	0.0027261787148	0.00193520127774
ANGN	136004	11133741	11058309	54494	32654	9223372036854775807	0.00487065207336	0.00294419880402	0.00192645326934
TNGN	98884	8018393	8006464	38835	23348	9223372036854775807	0.00481989587486	0.00290766458791	0.00191223128695
TAGN	28716	2384490	2363660	10324	5819	265.114916415	0.00431098198023	0.00245581412623	0.001855167854
GCGN	2443	179340	180272	927	597	16.7620676967	0.00514237214798	0.00330073146863	0.00184164067935
ACGN	9399	740980	741563	3219	2012	61.6904120076	0.00432545596003	0.00270584675386	0.00161960920617
TGNT	51891	4289180	4310784	16165	9381	9223372036854775807	0.00375463522668	0.00217144484065	0.00158319038603
NCGN	23426	1814006	1824331	7774	5020	133.078210347	0.00426725510215	0.00274414259483	0.00152311250732
CCCC	1422	101482	107280	521	396	6.07769222136	0.00510769291099	0.00367769976596	0.00142999314503
GGCT	1059	78539	80196	354	248	5.22328233965	0.00448709010939	0.00308288996072	0.00140420014867
TTNC	51369	4110531	4157308	29283	23786	138.094241591	0.007073506201	0.00568894169803	0.00138456450297
TTGN	43612	3532464	3535795	15816	10923	196.189641584	0.00445737089519	0.00307974865777	0.00137762223742
GTGN	16774	1334557	1330804	5841	4003	74.4129715324	0.00435766093354	0.00299893542662	0.00135872550692
GAGN	11720	927248	931544	3698	2447	57.5965283931	0.00397230344188	0.00261993959257	0.00135236384931
CNGN	25804	1977532	2000354	8122	5496	117.581183487	0.00409034000888	0.00273998554229	0.00135035446659
CGNT	8450	666551	679687	2391	1574	41.1242004206	0.00357430091099	0.00231042140971	0.00126387950128
NTGN	133499	10927331	10859724	44795	30750	9223372036854775807	0.00408261808149	0.00282356856093	0.00125904952056
AANC	34614	2768009	2770705	17162	13724	84.7067654689	0.00616191968105	0.00492883819268	0.00123308148838
TCGN	8942	703032	706984	2686	1831	37.2028552239	0.00380605284264	0.00258318461094	0.0012228682317
ATGN	62853	5260671	5188166	20213	13619	260.29122995	0.00382757886748	0.00261813973473	0.00120943913275
ANAC	42376	3434479	3445032	22534	18388	94.8112706534	0.00651834401548	0.00530920304208	0.0012091409734
CAGN	10260	794671	806149	2830	1922	41.5857545463	0.00354858489206	0.00237850386909	0.00117008102297
TACC	5673	457424	459645	1698	1183	21.4820089213	0.00369836339796	0.00256711831746	0.0011312450805
TTAC	13766	1130493	1137891	5474	4294	33.642182688	0.00481880195463	0.00375946103302	0.00105934092161
TATT	81137	6841403	6818458	21997	14950	287.551843173	0.00320497129702	0.00218778097254	0.00101719032449
TTNG	39935	3204411	3201669	20894	17585	62.0979577503	0.00647814702796	0.00546244564735	0.00101570138061
GAAC	6117	488471	491715	2835	2355	11.1898653826	0.00577033457764	0.00476653105835	0.00100380351928
GTCC	1850	145660	149522	558	430	5.05497873093	0.00381621961728	0.00286758429364	0.000948635323643
NAAC	39085	3161943	3169226	20033	17043	54.8114946839	0.00629577344392	0.00534888924946	0.000946884194459
TNTC	52083	4247802	4264736	28071	24157	68.0200036904	0.00656497515244	0.00563245574091	0.000932519411532
CTGN	10260	799639	804959	2925	2205	23.9700521297	0.00364456915586	0.00273178684877	0.000912782307086
AACC	5288	409815	410017	1700	1342	10.0210339411	0.00413107663147	0.0032623572111	0.000868719420374
NACC	15953	1249929	1265842	4325	3333	31.7194509753	0.00344826486501	0.00262611538992	0.000822149475093
NTTC	55556	4454331	4519102	31679	28435	49.7880900979	0.00706173191767	0.00625283532602	0.000808896591649
CACC	2942	218300	228171	623	472	6.83983764231	0.00284574941875	0.00206435359928	0.000781395819466
ACCC	2354	173162	175354	640	511	4.16106492435	0.00368235118123	0.00290563784721	0.000776713334017
AGAT	12041	995975	1004204	4238	3506	17.2963628283	0.00423709749823	0.00347917555646	0.000757921941773
ATAC	17417	1446743	1445335	8641	7544	16.8314916828	0.00593726466692	0.00519244892383	0.000744815743093
TTCC	8607	675650	691019	2315	1860	14.0077878214	0.00341463054877	0.00268445139772	0.000730179151056
GNNT	98728	7992749	8101376	29607	24103	140.139113576	0.00369056172526	0.00296634819929	0.000724213525971
NTAC	41191	3388569	3407351	16985	14710	39.2547015425	0.00498744110356	0.00429857913111	0.000688861972448
ATCC	5805	474419	477378	1282	967	10.8619442074	0.00269497015983	0.00202155348127	0.000673416678553
ANCC	14506	1135716	1142276	3986	3237	18.7718338665	0.00349740546213	0.00282580817503	0.000671597287102
NNAC	107553	8691451	8762340	43697	38151	92.6316552267	0.00500243384543	0.00433509903027	0.000667334815155
GTNT	42376	3464193	3499717	10809	8573	62.1804478545	0.00311050180691	0.00244364063404	0.000666861172864
AATC	10432	856119	857048	3297	2750	11.7506950456	0.00383632606328	0.00319842567673	0.000637900386551
NCCC	6872	511197	526956	1740	1456	8.32320126648	0.00339222945508	0.00275542569056	0.00063680376452
GGAT	5805	474238	483099	1832	1557	6.78585257985	0.00384817358792	0.0032125878974	0.000635585690522
TNCC	18383	1444987	1472146	4740	3891	22.7221704244	0.00326958110044	0.00263611278037	0.000633468320071
NTCC	18691	1481526	1509523	4582	3708	24.7261460477	0.00308322140787	0.00245038596222	0.000632835445643
CGAT	3020	243383	249140	790	652	4.28296672664	0.00323541095862	0.00261017166282	0.0006252392958
NGAT	40187	3352195	3375604	11625	9606	45.8723288822	0.00345589240804	0.00283763784226	0.000618254565775
NTNC	128006	10307906	10419622	56333	50442	85.974215868	0.00543532429154	0.00481773559359	0.000617588697944
NNCC	45068	3501553	3567112	11473	9524	48.6150541454	0.00326584545631	0.00266283737009	0.000603008086223
TNNC	115041	9308452	9370419	46978	41692	77.2395395801	0.00502146881544	0.00442961201796	0.000591856797474
NTTG	43612	3534927	3510978	22380	20193	22.2225081523	0.00629127595678	0.00571849961387	0.000572776342917
TANT	163422	13849666	13760371	52822	44615	139.779567103	0.0037994638082	0.00323180334989	0.000567660458314
NATT	159395	13264087	13310139	37894	30472	181.644448208	0.00284874861872	0.00228415325205	0.00056459536667
TTAA	41968	3476454	3451516	10600	8578	44.2716836292	0.003039815271	0.00247912339954	0.000560691871462
ANNC	98728	7960772	7989669	39407	35045	59.994905894	0.00492576478601	0.00436713383181	0.000558630954203
ANNT	464234	37415228	37488651	159957	139410	9223372036854775807	0.00425698502882	0.00370494775163	0.00055203727719
TGAT	19321	1638599	1639161	4765	3891	20.2088104274	0.00289954021142	0.00236815389896	0.000531386312456
NGCT	9353	726965	734959	2434	2072	8.01386951893	0.00333699388126	0.00281127930847	0.000525714572795
CNCC	7237	535548	557430	1633	1409	6.56391097765	0.00303994370613	0.00252129862089	0.000518645085234
AGNN	96508	7827980	7831578	27604	23624	68.6336080201	0.00351393352805	0.00300743379992	0.000506499728128
CTTC	8397	660454	680984	2565	2300	5.8957155565	0.00386866741375	0.0033660966743	0.000502570739458
GGNN	45068	3546592	3564640	13577	11857	28.2113139007	0.00381358300687	0.00331525512254	0.000498327884334
AAGG	8399	678016	670274	2303	1950	6.27589350145	0.00338517665977	0.00290081877469	0.000484357885079
ATNT	253083	20272616	20162100	56803	46876	195.817403232	0.00279412805649	0.00231956334651	0.000474564709983
AANT	136452	11067597	11171037	76213	71673	41.0832934444	0.00683904337924	0.00637506437505	0.000463979004191
NANC	104578	8482410	8520382	37201	33415	48.8741598626	0.00436651391713	0.00390645230416	0.000460061612962
TNNT	529203	43617954	43767328	125142	105857	9223372036854775807	0.00286084002833	0.00241279496804	0.00044804506029
TNTT	255166	20701765	20788960	47510	38569	211.018155273	0.00228971855643	0.00185182793408	0.000437890622354
TNAC	35530	2914075	2930044	12087	10968	14.0801048641	0.00413066672317	0.00372932854405	0.000401338179116
NANT	372776	30877818	30987614	148543	136937	112.520837573	0.00478763848587	0.0043996457973	0.000387992688567
GNAC	15278	1215757	1228242	5754	5353	4.81468283064	0.0047105592991	0.00433934962447	0.000371209674626
NNTC	117966	9558762	9654884	47157	44015	31.8489592542	0.00490916069561	0.00453814396871	0.000371016726896
NTNT	589748	47593136	47712517	118557	101541	295.945112289	0.00248486256818	0.00212366413242	0.000361198435757
ACNC	12153	945059	958857	3120	2823	4.94864504603	0.00329051792963	0.00293548789618	0.00035503003345
TGTT	21283	1758563	1770575	3811	3232	12.1116670868	0.00216242409386	0.00182206970657	0.000340354387295
ATAT	146336	11469067	11403559	34272	30776	37.6552748215	0.00297930887719	0.00269154262141	0.000287766255776
CTNC	17199	1350868	1387518	4247	3962	4.8482164986	0.00313405135358	0.00284732802484	0.000286723328738
GATT	10432	857265	870233	1839	1619	4.50016416622	0.00214060230193	0.00185696654937	0.000283635752565
ATNC	44160	3632367	3643525	17076	16091	7.84388334156	0.00467907020332	0.00439690940252	0.000282160800799
NGTT	39085	3183645	3214755	6861	6044	13.960586523	0.00215044259437	0.00187655299197	0.000273889602397
ANGG	19730	1588394	1565531	5368	4864	4.63638686889	0.0033681315027	0.00309730991247	0.000270821590222
TTNT	253135	20506087	20630773	44392	39154	79.5639261103	0.00216014429639	0.00189424955395	0.00026589474244
NCAC	16774	1307493	1341928	3844	3591	4.26811451368	0.00293135936834	0.00266885863373	0.000262500734608
TNAA	136868	11274198	11200158	26017	23028	36.4994584248	0.00230234557484	0.00205182378694	0.000250521787905
NTNG	98884	8034641	7963108	37663	35354	12.5940217459	0.00466570634604	0.00442009976418	0.000245606581865
NNTT	481309	39127634	39365869	85033	76726	105.110037877	0.00216850845672	0.0019452574051	0.000223251051622
TTNN	481307	39056192	39146217	161237	152949	52.7777662991	0.00411136079318	0.00389191465285	0.000219446140337
NCNC	37809	2915334	2986826	8473	8029	6.23692392549	0.00289793409757	0.00268093113022	0.000217002967344
TTAN	145124	12131357	12124009	32971	30311	24.9725716563	0.00271046620907	0.00249384580956	0.000216620399511
TAAA	61199	5033838	4994903	9664	8731	9.63702208874	0.00191612891201	0.00174493178358	0.000171197128434
AGAN	42222	3456483	3444656	9594	8987	4.58590868433	0.00276797082119	0.00260217978523	0.000165791035961
AAAA	130171	10328769	10276963	19215	17437	17.8360586256	0.00185688342773	0.00169383354057	0.000163049887163
NTAT	255301	20652552	20624135	54251	50860	23.7923936802	0.00261996021308	0.00245997641112	0.000159983801957
NGAN	117965	9653337	9644423	25677	24119	11.1785258635	0.00265285286291	0.00249458501602	0.000158267846881
TTTT	130171	10268396	10334460	18532	17072	16.0928419123	0.00180150964408	0.00164922448194	0.000152285162143
TGAN	48110	3994021	3982942	9890	9278	4.60404143777	0.00247008487451	0.00232402021933	0.000146064655187
NAAA	237016	19060424	18969274	35102	32327	23.0433849459	0.00183823163604	0.0017012776976	0.000136953938438
AANN	481309	39152537	39070605	161471	156327	16.7795570195	0.00410721287944	0.00398519568138	0.000122017198065
TTTN	237016	18928251	18952449	98978	97282	4.38099821805	0.00520191353139	0.00510673877757	9.51747538211e-05
NTAN	470332	38626315	38456588	110413	106913	10.0089519198	0.00285034399395	0.00277238832646	7.79556674836e-05
