#Sequence	Occurrence	Forward Match	Backward Match	Forward Mismatch	Backward Mismatch	Strand Bias Score	FER (Forward Error Rate)	RER (Reverse Error Rate), ERD (Error rate Difference)
GGGT	95154	4789340	5086732	81101	21435	9223372036854775807	0.0166516748689	0.00419622146261	0.0124554534063
AGGT	265305	12795958	13039776	189956	48698	9223372036854775807	0.0146278498379	0.00372067820893	0.010907171629
NGGT	691815	33952338	34638005	449789	110684	9223372036854775807	0.0130744532162	0.00318527124865	0.00988918196757
AAGT	521037	25126330	25436262	306741	91619	9223372036854775807	0.012060714178	0.0035889778709	0.00847173630711
TGGT	294867	14654818	14755402	156935	35226	9223372036854775807	0.0105953022576	0.00238164329466	0.00821365896295
NAGT	1212567	59606844	59868316	563918	171760	9223372036854775807	0.00937196042157	0.00286075587246	0.00651120454911
GNGT	543486	26412391	26626108	230657	72278	9223372036854775807	0.00865730527528	0.00270720484751	0.00595010042777
GAGT	124332	6067793	6076282	52731	17025	9223372036854775807	0.00861543880883	0.00279404927406	0.00582138953477
ANGT	2061861	99763715	99983972	823931	259143	9223372036854775807	0.00819117488842	0.00258514512443	0.00560602976398
TAGT	445476	22564851	22420963	162710	47621	9223372036854775807	0.00715914919335	0.00211944820377	0.00503970098958
NNGT	4857501	238511606	238768391	1735112	553828	9223372036854775807	0.0072222089627	0.0023141520345	0.0049080569282
GGGN	290910	13958846	14323567	122327	65729	9223372036854775807	0.0086872734253	0.00456790936819	0.00411936405712
TNGT	1872951	93979988	93617673	567073	181392	9223372036854775807	0.00599778558955	0.00193383590764	0.00406394968191
CNGT	379203	18355512	18540638	113451	41015	9223372036854775807	0.00614279209937	0.00220728478785	0.00393550731152
NCGT	409824	19881151	20008885	122035	45006	9223372036854775807	0.00610077814604	0.00224425274876	0.00385652539729
AGGN	802941	39290993	39777406	287762	153089	9223372036854775807	0.00727061778472	0.00383388685765	0.00343673092707
NGGN	1991214	97342600	98388059	685880	360687	9223372036854775807	0.00699674217125	0.00365257296533	0.00334416920592
ATGT	1117605	54301715	53919498	273238	99314	9223372036854775807	0.00500665570889	0.00183850766655	0.00316814804234
TGGN	785646	38855125	38972254	241897	123232	9223372036854775807	0.00618709527288	0.00315207745467	0.00303501781821
NTGT	2543295	125071273	124253185	599370	226378	9223372036854775807	0.00476937163439	0.00181859571599	0.0029507759184
TTTC	1173330	57571307	57782375	616278	466134	9223372036854775807	0.0105912283522	0.00800250526584	0.00258872308639
TTGT	958794	48094143	47706655	205657	82458	9223372036854775807	0.00425792653386	0.00172545575391	0.00253247077995
AAGN	2141163	105664532	105530710	498579	277677	9223372036854775807	0.0046963488099	0.0026243382767	0.0020720105332
GNGN	1648134	80395417	80205636	385702	237551	9223372036854775807	0.00477465532509	0.00295302820362	0.00182162712147
NAGN	4434504	219899603	219426428	925225	526518	9223372036854775807	0.00418985948446	0.00239377562145	0.00179608386301
ANGN	6216531	308714412	307921667	1354055	808002	9223372036854775807	0.00436695486355	0.00261718286622	0.00174977199733
TAGN	1287474	64906974	64338323	252998	137766	9223372036854775807	0.00388272112824	0.00213669907925	0.00174602204899
TNGN	4474890	223583003	222298010	956982	562096	9223372036854775807	0.00426196697216	0.00252219210557	0.00173977486659
TTNC	2373036	116334216	116659492	852881	662776	9223372036854775807	0.00727794289503	0.00564919184822	0.00162875104681
NCGN	1002534	48762888	48901005	192969	121158	9223372036854775807	0.00394169384064	0.00247149437286	0.00147019946778
GAGN	531162	26089432	25965986	98692	61885	9223372036854775807	0.00376857845946	0.00237764356524	0.00139093489422
TTGN	2017947	100775897	99838218	393771	257239	9223372036854775807	0.00389218436498	0.00256993681541	0.00132224754957
TNTC	2397087	119832630	120123387	820165	664406	9223372036854775807	0.00679772897097	0.00550060551235	0.00129712345862
CNGN	1172844	57211886	57668847	203921	134262	9223372036854775807	0.0035516525963	0.00232274703425	0.00122890556205
NTGN	6084147	303899627	301378668	1096586	733548	9223372036854775807	0.00359540857643	0.00242806467647	0.00116734389996
CAGN	474705	23238665	23591409	74956	49190	9223372036854775807	0.00321511617608	0.00208074253956	0.00113437363651
ATGN	2862603	143853814	142668996	486158	326980	9223372036854775807	0.00336814531182	0.00228663777224	0.00108150753958
NTTC	2584266	127980630	129065776	928996	816781	9223372036854775807	0.00720656811152	0.00628861194964	0.000917956161883
TNNC	5231088	258805822	259552070	1337846	1136622	9223372036854775807	0.00514271982972	0.00436007404571	0.000782645784008
NNAC	4857471	237185474	239205273	1212177	1059212	9223372036854775807	0.00508468516747	0.00440852504689	0.000676160120585
NTNC	5899509	289423759	290893059	1587161	1404884	9223372036854775807	0.00545395684808	0.0048063424107	0.000647614437384
NNTC	5402430	270257234	272671954	1339407	1224996	9223372036854775807	0.00493160370124	0.00447247039443	0.000459133306809
AGNN	4434507	220151970	219916232	697171	611957	9223372036854775807	0.00315677478682	0.00277496043828	0.000381814348544
