#Sequence	Occurrence	Forward Match	Backward Match	Forward Mismatch	Backward Mismatch	Strand Bias Score	FER (Forward Error Rate)	RER (Reverse Error Rate), ERD (Error rate Difference)
CCCC	10206	47251	47264	632	256	35.2873756691	0.0131988388363	0.00538720538721	0.00781163344912
GGGT	9831	55840	55864	468	187	27.004491052	0.00831142999219	0.00333624734617	0.00497518264602
ACCC	6266	33464	33191	272	143	9.19432069896	0.00806260374674	0.00428991420172	0.00377268954502
TTTT	2065233	5373294	5679133	55339	36852	9223372036854775807	0.0101939106954	0.00644718276902	0.00374672792636
NCCC	82931	414795	412941	3350	1913	84.5518854422	0.00801157493214	0.00461126082911	0.00340031410303
GGGN	6777	37889	38461	326	209	6.63086307498	0.0085306816695	0.00540470649082	0.00312597517868
TCCC	8728	41591	41482	258	138	8.54381751643	0.00616502186432	0.00331571359923	0.00284930826509
NTTT	3733385	11261126	11644332	76217	48134	9223372036854775807	0.00672265097739	0.00411666794669	0.0026059830307
AAAC	154723	644982	648505	6446	5014	41.3903930895	0.00989518411858	0.00767230945083	0.00222287466775
AAAT	1106291	3443775	3506552	27356	20099	270.048481224	0.00788100477913	0.00569917465607	0.00218183012307
TTCC	101397	478686	470571	2361	1296	64.4234087424	0.00490804432831	0.00274653663002	0.00216150769828
ACCT	55766	307982	307636	1345	704	44.357479805	0.00434814936944	0.00228319387689	0.00206495549255
TTTC	225140	906750	915265	9670	7876	44.3431278068	0.0105519303376	0.00853174108831	0.00202018924931
TTNT	3973980	11683191	12026974	78785	58310	9223372036854775807	0.00669827926872	0.00482487627101	0.00187340299771
TNTT	4015192	11899470	12235748	68820	47804	9223372036854775807	0.00575019489	0.00389170819646	0.00185848669354
ATTT	1106291	3503832	3549038	12925	6535	9223372036854775807	0.00367526104306	0.00183795973251	0.00183730131055
TTGG	18928	91815	93580	431	271	9.36337474678	0.00467228931336	0.00288755580654	0.00178473350681
TTCG	25709	128353	127538	437	208	18.195868794	0.0033931205839	0.00162823102093	0.00176488956296
CTTT	321154	1365230	1378588	4317	2027	185.35464962	0.00315213716652	0.0014681862793	0.00168395088722
AANT	2126378	7377032	7489146	38243	27294	9223372036854775807	0.00515732727377	0.00363124032122	0.00152608695255
TTTN	3733387	11169709	11549749	102373	88015	9223372036854775807	0.00908199567746	0.00756287891729	0.00151911676017
TNCC	255928	1247061	1226265	5000	3072	94.0998262644	0.00399341565627	0.00249890794794	0.00149450770832
ACCN	12742	66409	65185	297	195	4.84438956893	0.00445237309987	0.00298256347507	0.0014698096248
NNTT	7515556	25505768	25969669	104488	68656	9223372036854775807	0.00407992797885	0.00263672874503	0.00144319923382
ATGG	20439	97882	100176	309	172	9.94430197539	0.00314692792618	0.00171403515765	0.00143289276853
GNGT	106990	490971	499954	1590	924	41.9964703887	0.00322802657945	0.00184476060039	0.00138326597906
CCTT	88171	424376	425687	1013	431	52.3505361737	0.00238134977632	0.00101145692038	0.00136989285594
ANTT	2126378	7461633	7540805	22060	12023	9223372036854775807	0.00294774251162	0.00159185407108	0.00135588844053
TTNC	685235	2930389	2929768	20589	16655	90.8443260585	0.00697700897804	0.00565261674919	0.00132439222885
CNCC	12120	63600	61934	219	131	4.95799906139	0.00343157993701	0.00211069040522	0.00132088953179
NTNT	9348673	27260963	27690995	125970	91108	9223372036854775807	0.00459963881315	0.00327937737471	0.00132026143844
TGGT	12741	61117	62368	200	124	4.85291342762	0.00326173818028	0.00198425398451	0.00127748419577
AATT	710456	2490790	2522781	7210	4171	185.766000442	0.00288630904724	0.00165060515593	0.0012357038913
TACC	10963	50806	49598	145	80	4.34981112906	0.00284587152362	0.00161037078787	0.00123550073575
NCCT	150410	775801	772048	3590	2618	33.0211204135	0.00460616045092	0.00337952098065	0.00122663947026
GGNT	45578	240839	244104	771	482	16.2163124888	0.0031910930839	0.00197067698069	0.0012204161032
GTTT	97386	404289	411338	1285	815	25.6052551398	0.00316834905591	0.00197742100628	0.00119092804963
NTCC	266119	1336958	1309737	4487	2831	75.2203591383	0.00334490046182	0.00215684063607	0.00118805982575
NGGT	83370	423575	430809	1597	1114	21.448395474	0.00375612693216	0.0025791634157	0.00117696351646
ANCC	78527	401730	396237	1494	1018	19.1166863259	0.00370513659901	0.00256258574467	0.00114255085434
NAAC	33091	154819	154142	942	760	4.73819186098	0.00604772696631	0.00490632787182	0.0011413990945
ANGG	18721	92218	92703	344	242	4.62931939834	0.00371642790778	0.00260369035451	0.00111273755327
AANC	245347	1130600	1126231	6739	5454	29.2971314407	0.00592523425294	0.00481936227837	0.00110587197456
NNCC	614524	3181688	3129508	11504	7927	131.452436154	0.00360266466908	0.00252658620816	0.00107607846092
NAAT	2474597	8154840	8227827	40660	32213	229.817243604	0.00496125922762	0.0038998600491	0.00106139917852
TTAA	639060	2190503	2185543	6415	4146	105.837957243	0.0029199997451	0.0018934195678	0.0010265801773
ANNT	7361410	22752908	22927595	81445	58423	9223372036854775807	0.00356677502533	0.0025416755525	0.00102509947283
ATNT	4085153	10168337	10223893	32413	22104	9223372036854775807	0.00317751145749	0.0021573303213	0.0010201811362
NTGG	199641	1007973	1024139	3167	2182	43.9171073012	0.00313210831339	0.00212604048831	0.00100606782508
GNGN	34114	178293	180760	619	447	7.30682479118	0.00345980146664	0.00246679212172	0.000993009344926
TNGG	26068	126102	128139	480	360	4.82839272184	0.00379200834242	0.0028015782224	0.00099043012002
ANAT	4085153	10121230	10179798	45803	35947	271.033426039	0.00450505078522	0.00351878399471	0.000986266790513
CNTT	822665	3623947	3633309	7785	4244	229.438994021	0.00214360531008	0.00116671839558	0.000976886914503
CTNT	565520	2463584	2465930	6579	4252	110.159787696	0.00266338699106	0.00172133065499	0.000942056336073
ANAC	181342	705759	701052	4182	3488	13.5257569221	0.00589063034816	0.00495074800579	0.000939882342365
TTGT	59497	241352	243374	830	610	8.4938758725	0.00342717460422	0.00250016394518	0.000927010659047
TTNN	7515539	25361636	25749843	151265	129654	9223372036854775807	0.00592896119497	0.00500991190053	0.000919049294437
TNNT	8195557	27245268	27618501	114071	90193	9223372036854775807	0.00416936242502	0.00325504334488	0.000914319080141
ATGT	182836	653950	663188	1710	1141	27.4203918007	0.002608059055	0.00171752249262	0.000890536562378
TTCN	838972	3753262	3712609	14326	10988	88.9020869275	0.00380243275008	0.00295091010117	0.000851522648904
CCNT	129999	623645	619866	1858	1328	19.4006267568	0.0029704094145	0.00213781845929	0.000832590955214
TCTT	91871	434567	430116	833	466	22.6507986224	0.00191318327974	0.00108225610917	0.00083092717057
ANCT	268185	1330026	1328835	3796	2705	40.606548191	0.00284595695678	0.00203148234375	0.000814474613023
NTTN	7515547	25407499	25812233	145365	126686	9223372036854775807	0.00568879480594	0.00488401232141	0.000804782484529
NTGT	690575	2726368	2756413	7656	5653	71.4305440463	0.00280026802983	0.00204665637968	0.000753611650153
NANT	5757576	20177888	20352698	67227	52875	9223372036854775807	0.00332065290812	0.00259120388337	0.000729449024751
TNTC	115757	478875	477362	3153	2798	5.07208656701	0.00654111379422	0.00582722425858	0.000713889535639
ANGT	397045	1625937	1648322	4291	3182	40.1784908226	0.00263214715978	0.00192672860617	0.000705418553616
GTNT	343140	1351128	1365315	3653	2725	32.504956132	0.00269637675757	0.00199190082161	0.000704475935958
NNGG	98230	500240	505767	1697	1362	9.61943168168	0.00338090238416	0.00268570718693	0.000695195197235
ACTT	60790	269028	265113	378	188	14.0913539144	0.00140308679094	0.000708629066607	0.000694457724333
NTTC	233066	1002223	997277	6583	5852	9.3897504533	0.00652553612885	0.00583374620811	0.000691789920735
NGTT	34133	154293	155765	263	161	6.24007463738	0.00170164859339	0.00103254107718	0.000669107516212
NCTT	692602	3203291	3181144	5516	3368	110.758307637	0.00171901893757	0.00105761887536	0.000661400062211
TNGT	117634	506236	513167	1428	1119	9.9172422726	0.00281288411233	0.00217583212454	0.000637051987789
GNTT	222830	1000380	1014388	2100	1481	26.1520307665	0.00209480488389	0.00145786513812	0.000636939745765
GNAT	49234	211549	213228	546	414	4.85716086333	0.00257431811217	0.00193782121493	0.000636496897237
NCCN	227186	1139163	1123388	4695	3925	13.5992347688	0.00410453045745	0.00348173045108	0.00062280000637
ATAT	1586372	2889465	2889400	9231	7439	42.8967006225	0.00318453539109	0.00256797150273	0.000616563888355
NATT	2474601	8226522	8296995	18702	13770	173.072717932	0.00226822218535	0.00165688718187	0.000611335003486
TNCT	190846	821848	816790	3001	2508	9.77696008838	0.00363824166605	0.00306115723461	0.000577084431442
NNGT	1569526	6906194	6994684	17975	14191	108.554840185	0.00259597938756	0.00202471866027	0.000571260727293
ANNC	213726	951825	943609	4178	3602	9.03997970479	0.00437027917276	0.00380274300024	0.000567536172524
CNNT	1530158	6962071	6948135	16143	12195	118.891697652	0.00231334264039	0.00175207210003	0.000561270540365
NNCT	971232	4625166	4603578	14619	11996	54.6002563965	0.0031507925475	0.0025990266866	0.000551765860895
NTCT	82691	369221	364341	1281	1063	4.48472897324	0.00345747121473	0.00290910882202	0.000548362392714
NTNC	837693	3626866	3594291	16996	14867	27.8619855632	0.00466428201727	0.0041192433249	0.000545038692369
CTTN	256278	1144563	1135075	3312	2669	14.7961709524	0.00288533159098	0.00234587042428	0.000539461166705
TTAN	1054171	3411567	3425178	11350	9537	36.8185274757	0.00331588525226	0.00277664959101	0.000539235661243
TATT	318254	888736	899721	2198	1746	13.390895507	0.00246707387977	0.001936842946	0.000530230933773
ACNT	226076	967743	958977	2168	1639	15.8678967472	0.00223525663695	0.00170619685702	0.000529059779932
GNNT	1372304	6047357	6121787	14712	11709	83.4684803731	0.00242689418415	0.00190902545628	0.000517868727866
TNNC	525687	2296565	2274722	10730	9461	15.7151829551	0.00465046732212	0.00414196235591	0.000508504966218
TNCN	944647	4152274	4106049	12556	10485	36.616490577	0.00301476891014	0.00254704564568	0.000467723264454
NNAT	8146006	24628292	24723257	84570	73655	173.718002075	0.00342210465142	0.00297032953135	0.000451775120061
TNTN	7412560	21399160	21641367	108830	100244	99.9189516523	0.00505998003533	0.00461069789171	0.00044928214362
NTAA	1946638	6407239	6347433	14032	11124	68.3600661084	0.00218523715943	0.00174945353167	0.000435783627761
NTCN	1259449	5894800	5797240	16452	13669	47.3174316952	0.00278316674708	0.00235229978649	0.00043086696059
NTAT	1670710	3890047	3903580	12469	10878	25.7833257526	0.00319511822629	0.00277892878146	0.000416189444837
NCNT	1018671	4610724	4567480	10622	8778	35.4697120194	0.00229846455989	0.0019181610827	0.000380303477191
TANT	705471	2195042	2209096	5535	4745	15.245408657	0.00251524940959	0.00214333369018	0.000371915719407
ATAN	1737362	4016528	3995672	11237	9694	24.0094167366	0.00278988471274	0.00242025323029	0.000369631482446
NGNT	683121	3191179	3233017	6485	5440	23.9814664422	0.00202804297137	0.00167981233038	0.000348230640991
NTAN	6835830	19877114	19841809	55396	49490	71.0970192228	0.0027791783373	0.00248802252683	0.000291155810465
ATTN	365271	1175684	1179691	3645	3324	4.14224947628	0.00309074058214	0.0028097699522	0.000280970629946
ATNN	5844672	17586656	17538541	47906	43866	37.3518399814	0.00271659710063	0.00249488025161	0.000221716849019
