#Sequence	Occurrence	Forward Match	Backward Match	Forward Mismatch	Backward Mismatch	Strand Bias Score	FER (Forward Error Rate)	RER (Reverse Error Rate), ERD (Error rate Difference)
GGGT	1093	83015	87870	1629	380	183.594129792	0.019245309768	0.0043059490085	0.0149393607595
NGGT	8170	676837	695139	9154	2161	9223372036854775807	0.0133441983933	0.00309909651513	0.0102451018781
AGGT	3810	332529	339721	4214	986	9223372036854775807	0.0125139943518	0.00289398221933	0.00962001213245
TGGT	2866	230866	236370	2907	674	9223372036854775807	0.0124351400718	0.00284335397648	0.0095917860953
CGGT	401	30427	31178	404	121	35.3102316879	0.0131036943336	0.00386593820889	0.00923775612474
AAGT	5577	473788	477320	5143	1700	9223372036854775807	0.0107384988652	0.00354891236274	0.00718958650244
GNGT	5602	449440	454918	4315	1374	9223372036854775807	0.00950953708499	0.00301122965119	0.0064983074338
CAGT	1216	98389	100221	870	279	69.1272965235	0.00876494826666	0.00277611940299	0.00598882886367
NAGT	13475	1159040	1167739	10276	3341	9223372036854775807	0.0087880436084	0.00285292208901	0.00593512151939
GAGT	1280	105001	106716	891	268	75.6506877007	0.00841423336985	0.00250504748374	0.00590918588611
GCGT	364	28229	28536	266	100	17.4784096589	0.00933497104755	0.00349210783629	0.00584286321126
ANGT	21861	1862689	1865480	15378	5057	9223372036854775807	0.00818820627805	0.0027035017217	0.00548470455635
NNGT	49641	4152720	4181275	32338	10731	9223372036854775807	0.00772701358022	0.00255987229026	0.00516714128996
ACGT	1776	147348	148900	1104	344	89.0997680902	0.00743674723143	0.00230495028276	0.00513179694867
GGGN	2953	229452	231667	2382	1298	72.2766584252	0.0102745930278	0.00557165239414	0.00470294063363
TAGT	5402	481862	483482	3372	1094	254.21755021	0.00694922449787	0.00225764379581	0.00469158070206
TNGT	18509	1547972	1564885	10625	3536	9223372036854775807	0.00681702839156	0.00225449671995	0.00456253167161
CNGT	3669	292619	295992	2020	764	126.879568787	0.00685584732503	0.00257450565448	0.00428134167055
AGGN	9228	768236	774032	5923	2926	225.501455493	0.00765088308732	0.00376596933168	0.00388491375565
NCGT	4246	344703	347054	2181	838	132.442937569	0.00628740443491	0.00240879353363	0.00387861090129
GTGT	2865	233195	231796	1529	626	81.8198633614	0.00651403350318	0.00269337670272	0.00382065680046
NGGN	20820	1687147	1697955	13266	6962	9223372036854775807	0.0078016340736	0.00408348324288	0.00371815083073
TTTC	9962	791402	805654	9406	6729	107.401024371	0.0117456369067	0.00828303891145	0.00346259799527
TTTG	8337	664413	668032	7591	5279	93.3806853044	0.0112960637139	0.00784035906141	0.00345570465249
TGGN	7464	601708	603181	4249	2261	133.528658181	0.00701204870973	0.00373446176512	0.0032775869446
TTGT	8567	699562	708631	3753	1489	219.311518398	0.00533615805151	0.00209682870501	0.00323932934651
NTGT	23750	1972140	1971343	10727	4391	9223372036854775807	0.00540984342369	0.00222246516991	0.00318737825378
ATGT	10698	909024	899539	4917	2027	255.13070319	0.00537999717706	0.00224831016254	0.00313168701452
CCGT	432	33444	33216	218	115	7.45298074258	0.00647614520825	0.00345024151691	0.00302590369134
GGNT	6557	520833	538484	3107	1592	118.137585686	0.00593006832843	0.00294773328198	0.00298233504645
CGGN	1175	87751	89075	712	477	11.6561781692	0.00804856267592	0.00532651420404	0.00272204847188
AGNT	15035	1279943	1297563	7147	3804	232.14079802	0.005552836243	0.00292308011499	0.00262975612801
TCGT	1674	135682	136402	593	279	25.807522772	0.00435149513851	0.00204124933239	0.00231024580612
ACGN	4246	343785	346940	1620	881	49.862630059	0.00469014634994	0.00253291204384	0.0021572343061
CTGT	1620	130359	131377	528	249	23.1101133917	0.00403401407321	0.00189172351967	0.00214229055354
NGNT	46850	3901815	3949664	18740	10769	9223372036854775807	0.00477993549383	0.00271914712356	0.00206078837027
TTNC	21740	1763511	1789670	13734	10232	123.188812387	0.00772769089236	0.00568475394771	0.00204293694465
CTTC	3852	303134	312393	1677	1097	31.2030136396	0.00550176994925	0.0034993141727	0.00200245577655
TNGN	43365	3598508	3596334	17756	10678	9223372036854775807	0.00491003975373	0.00296034501687	0.00194969473686
GNGN	16664	1331716	1331787	7206	4630	122.61096364	0.00538194159182	0.00346448750652	0.0019174540853
TAGN	14370	1251905	1240401	5262	2879	147.64435244	0.00418560143561	0.00231564892864	0.00186995250697
ANGN	60801	5099809	5069874	25387	15915	9223372036854775807	0.00495337153935	0.00312930795989	0.00182406357947
GGCT	471	35324	36298	160	99	4.08903579925	0.00450907451246	0.00272000439597	0.00178907011649
TTNG	18232	1508200	1510321	10698	8089	80.3019669568	0.00704326426133	0.00532728314487	0.00171598111646
NAGN	45140	3774870	3764683	17255	10749	9223372036854775807	0.00455021920427	0.0028470914057	0.00170312779857
AAGN	21119	1757961	1752560	8863	5832	134.584409677	0.00501634571412	0.00331666659084	0.00169967912328
TTGN	17741	1440993	1448607	6937	4508	115.652743491	0.00479097746438	0.00310230091906	0.00168867654532
TNTC	20922	1703477	1714920	13530	10838	69.3640670604	0.00787999117068	0.00628013893026	0.00159985224043
CAGN	4494	350766	357492	1444	922	28.1678737149	0.00409982680787	0.00257244415676	0.00152738265111
TGNT	21509	1799816	1808104	7361	4625	139.301777576	0.00407320367623	0.00255140178151	0.00152180189472
NCGN	10274	814079	819157	3738	2544	51.9098839202	0.0045707046931	0.0030960166776	0.0014746880155
GCGN	1063	78753	79003	452	338	4.29909444509	0.00570671043495	0.00426009251207	0.00144661792288
NTTC	22446	1800301	1826214	14843	12484	52.7042844376	0.00817731265398	0.00678958697948	0.0013877256745
GAGN	5157	414238	414230	1686	1116	26.1357186755	0.00405362518152	0.00268691645038	0.00136670873114
AAAC	6431	522807	518422	5449	4690	11.8081651971	0.0103150745093	0.00896557524966	0.00134949925967
GTGN	7491	609273	606887	2686	1878	31.3608183127	0.00438918293546	0.00308493425213	0.00130424868332
NTGN	55934	4635046	4607100	19762	13644	236.028356047	0.00424550271461	0.00295277124203	0.00129273147258
CGNT	3749	301223	305513	1125	748	18.5683937546	0.00372087792874	0.00244236125396	0.00127851667478
TTAC	6584	562869	567017	2825	2129	23.3044690244	0.00499386594166	0.00374069219497	0.00125317374668
NTTG	17741	1439855	1437768	11194	9408	33.9786927835	0.00771441901686	0.0065009369973	0.00121348201957
ATGN	26208	2229827	2196342	8981	6276	96.4671327588	0.00401150969623	0.00284933656222	0.00116217313401
CNGN	11338	881109	890900	3672	2676	37.3781744847	0.00415017953595	0.00299470889997	0.00115547063598
ATAC	7440	618094	618511	4422	3744	13.1866028535	0.00710343187966	0.00601682589935	0.00108660598031
TTGG	2434	194990	194625	1040	833	5.60168313655	0.00530531041167	0.00426178514054	0.00104352527113
CTNC	7636	606478	622950	2486	1912	20.7302953874	0.00408234312702	0.00305987562054	0.00102246750648
CAAC	2433	195837	199969	861	674	6.57640331186	0.00437726870634	0.00335920017145	0.00101806853489
ANAC	18953	1562149	1567976	11404	9907	24.9894414964	0.00724729322749	0.00627866578194	0.000968627445555
TATT	32810	2767314	2752015	9068	6391	98.54523397	0.00326612116056	0.00231691781413	0.000949203346432
TTCC	3584	282406	288744	1080	833	8.97396601162	0.00380971194345	0.00287660967549	0.000933102267955
NTNC	54409	4427039	4480598	27011	23132	76.5947606946	0.00606436838383	0.00513618711601	0.000928181267818
TACC	2547	212159	212562	655	460	8.26615570223	0.00307780503162	0.00215940137638	0.00091840365524
TCGN	3790	303902	304145	1308	1030	8.01592297967	0.00428557386717	0.00337511264029	0.000910461226885
NTAC	18509	1556604	1567365	8550	7228	27.0424096198	0.00546272124021	0.00459039256494	0.000872328675274
TNCC	7817	622946	634787	2262	1754	17.0364933	0.00361799593095	0.00275551771213	0.000862478218819
TNNC	50267	4153553	4183760	23109	19701	65.3669982626	0.00553288726739	0.0046868520964	0.000846035170989
GGAT	2591	211847	214728	844	681	4.97411977672	0.00396819799615	0.0031614277955	0.000806770200658
GNNT	42660	3503786	3556020	13439	10770	73.8249305406	0.00382090995032	0.00301952175486	0.000801388195461
CNTC	9254	739961	765296	2777	2264	16.325486322	0.00373886888782	0.00294960654542	0.000789262342401
AANC	14524	1179538	1173671	8117	7221	11.270051675	0.00683447634204	0.00611486909895	0.000719607243083
AANT	56438	4640994	4674558	34146	31003	38.96177129	0.00730373849767	0.00658858741816	0.000715151079507
NTCC	8182	653760	668180	2104	1676	13.5463859795	0.00320798214264	0.00250203028711	0.000705951855533
NCCC	2953	227355	233187	853	715	4.11560306465	0.00373781813083	0.00305683576883	0.000680982362002
GTAG	2109	181847	179097	502	377	4.11026775195	0.00275296272532	0.00210058281422	0.0006523799111
CNCC	3018	227328	236750	644	516	4.99688947824	0.00282490832207	0.00217477430395	0.000650134018129
ANNT	200882	16402639	16434351	73414	62953	179.455314359	0.00445580018467	0.00381595683755	0.000639843347114
GTNT	18953	1578631	1592646	5096	4169	22.9535745609	0.00321772628742	0.00261082216788	0.000606904119544
NNTC	49691	4068286	4114747	23261	21055	30.5796457414	0.00568513572006	0.00509091102524	0.000594224694821
NATT	63540	5307239	5312353	16116	12962	76.0637715032	0.00302741410257	0.00243403441862	0.000593379683951
NACC	8169	687241	687357	1989	1593	10.3750735527	0.00288582911365	0.00231221423906	0.000573614874589
NTNG	43366	3603724	3578051	18697	16513	27.1117795542	0.00516146521898	0.00459388120506	0.000567584013915
NNCC	20819	1680779	1704383	5376	4505	20.3944754373	0.0031883189861	0.002636217236	0.000552101750092
TANT	68033	5812983	5787663	23299	19988	52.9634778565	0.00399209633805	0.00344166686325	0.000550429474799
NNAC	49640	4145812	4174347	21749	19638	27.6205863992	0.00521863987114	0.00468242018033	0.000536219690808
TNTG	24662	2036289	2006686	14307	13034	9.98102541763	0.0069769959563	0.00645336977403	0.000523626182269
CNNC	20207	1594110	1642624	5363	4671	16.3042790781	0.00335297938759	0.002835557687	0.00051742170059
GGNN	20819	1695847	1709578	6477	5645	14.8257193839	0.00380479861648	0.00329111724831	0.000513681368168
NANT	154030	12899531	12946352	66142	59672	78.4054469314	0.00510131637594	0.00458802782464	0.000513288551296
ATNT	107548	8626912	8580810	25918	21393	89.9085866158	0.00299532060609	0.00248692108289	0.000508399523201
TNNT	220440	18257248	18316566	55983	47407	161.613534632	0.00305697012177	0.00258152198329	0.000475448138478
NAAC	18033	1511943	1509254	9744	9001	6.89179267704	0.00640341936285	0.00592851661941	0.000474902743443
TTTN	98787	7888547	7891216	46356	42630	35.1403187527	0.00584203738848	0.0053731821868	0.000468855201687
AGNN	45140	3779342	3778270	13699	11916	27.8662553672	0.00361161400575	0.00314390903243	0.000467704973322
NTGG	7464	605141	599581	2268	1974	4.5557785232	0.00373389264894	0.00328149545761	0.000452397191334
TTNN	201479	16452498	16479918	74570	67513	79.7029845332	0.00451199208474	0.00407996866704	0.000432023417703
TNTT	107594	8752741	8766703	21513	17791	78.9906377298	0.0024518323723	0.00202527316884	0.000426559203466
NTNT	249441	20176921	20206448	54034	45961	145.222092247	0.0026708576041	0.00226940903672	0.00040144856738
CANC	7972	640393	658832	1972	1779	4.19595595585	0.00306990573895	0.00269296151593	0.000376944223019
NGAT	16481	1383513	1387661	4745	4253	6.9589308233	0.00341795257078	0.00305550486596	0.000362447704814
ATAT	63552	4975691	4945845	15991	14115	24.011196351	0.0032035293915	0.00284578907894	0.000357740312552
TTNT	105153	8507671	8539049	20189	17323	51.0036764812	0.0023674169135	0.00202457303165	0.000342843881851
TGTT	9242	777736	782755	2054	1813	4.29875668743	0.00263404249862	0.00231082583027	0.000323216668356
TNAC	17620	1519979	1526102	6270	5802	5.09120491725	0.00410811079974	0.0037874435996	0.000320667200146
ANNC	42660	3493631	3499248	19108	18161	6.33627893868	0.00543962987287	0.00516317550788	0.00027645436499
NGTT	18033	1516296	1536167	3746	3393	5.60740874154	0.00246440558879	0.00220387643223	0.000260529156566
NNTT	201479	16491525	16574648	38868	35011	49.1787730123	0.00235130525935	0.00210786988463	0.000243435374723
TTAN	62505	5316972	5307327	15432	14276	10.1978438133	0.00289400428025	0.00268265032172	0.000211353958529
NTAT	108633	8790783	8768603	24746	22860	16.1747039564	0.00280709189432	0.00260024981053	0.000206842083789
NANC	46849	3900474	3906833	18005	17224	4.76529677334	0.00459489511109	0.00438933481343	0.000205560297654
TTTT	55360	4366025	4373903	8842	8002	10.3134872894	0.00202109001256	0.00182614639067	0.000194943621897
ATAN	108633	8797272	8727185	29541	28071	6.58841083921	0.00334673454621	0.00320618837416	0.000140546172045
NTAN	204018	16940418	16868998	51837	49506	10.4938187583	0.00305062512303	0.0029261452431	0.000124479879932
