#Sequence	Occurrence	Forward Match	Backward Match	Forward Mismatch	Backward Mismatch	Strand Bias Score	FER (Forward Error Rate)	RER (Reverse Error Rate), ERD (Error rate Difference)
TTTT	130171	337713	358386	3339	2235	63.5673389808	0.00979029590796	0.00619764240019	0.00359265350776
NCCC	6872	33911	32936	283	161	7.21872424661	0.00827630578464	0.00486448922863	0.00341181655601
NTTT	237017	709236	734144	4637	3008	88.936776233	0.0064955531306	0.00408056954332	0.00241498358728
AAAT	70421	215345	219633	1765	1270	20.5835165296	0.00812951959836	0.00574912970851	0.00238038988985
AAAC	15269	62956	63465	646	499	5.02713627612	0.0101569133046	0.00780126321056	0.00235565009406
TTCC	8607	40791	39593	194	106	5.7052256071	0.00473343906307	0.00267009244565	0.00206334661742
TTTC	25041	102258	102913	1063	855	5.89445110568	0.0102883247355	0.00823953434585	0.00204879038968
TTNT	253135	736142	758006	4858	3611	49.1281009841	0.00655600539811	0.00474122820263	0.00181477719548
ATTT	70421	219184	221665	795	420	26.9898328473	0.00361398133458	0.00189116779611	0.00172281353847
TNCC	18383	87139	85392	349	194	9.70384348487	0.00398911850768	0.00226672586638	0.0017223926413
TNTT	255166	745084	766880	4131	2930	53.171704413	0.0055137710804	0.00380613398111	0.00170763709929
CTTT	21156	88738	89431	256	112	13.2652935956	0.00287659842237	0.00125079570709	0.00162580271528
AANT	136452	452750	460347	2422	1742	27.5836521247	0.00532106544339	0.00376983654664	0.00155122889675
TTTN	237016	703544	728321	6321	5429	23.0615014837	0.00890451001247	0.00739897785349	0.00150553215897
TTNC	51369	214888	214223	1486	1156	9.53078776183	0.006867738268	0.00536728278987	0.00150045547813
NTCC	18691	91932	89593	324	187	7.96584051802	0.00351196670135	0.00208286923591	0.00142909746544
NNCC	45068	223662	217988	858	529	16.0422256495	0.00382148583645	0.00242086428058	0.00140062155587
GNGT	12153	54814	56417	185	111	5.13777241767	0.00336369752177	0.00196362864421	0.00140006887756
ANCC	14506	74990	72305	304	197	4.80875201834	0.0040375063086	0.002717166423	0.00132033988561
ANTT	136452	458468	462631	1370	771	38.5844716943	0.00297931010486	0.00166378220206	0.0013155279028
NTNT	589748	1706532	1732914	7862	5702	83.0567797742	0.0045858769921	0.00327962011163	0.00130625688047
NNTT	481309	1595921	1625330	6338	4343	90.049974486	0.00395566509534	0.00266495180321	0.00129071329213
AATT	46100	155305	157276	464	284	10.7088450076	0.00297876984509	0.0018024879411	0.00117628190399
ANAT	253083	627954	632303	2901	2214	22.0290349315	0.00459852105476	0.00348926821504	0.00110925283972
NAAT	159395	512030	517420	2640	2092	15.9567260967	0.0051295004566	0.00402685597253	0.00110264448408
ATNT	253083	631058	634303	2028	1337	32.5940964738	0.00320335625808	0.00210339185703	0.00109996440105
AANC	34614	155617	154329	929	755	4.26129042656	0.0059343579523	0.00486832942147	0.00106602853082
ATGT	24285	86216	87198	230	141	5.52698098188	0.00266062050297	0.00161439906571	0.00104622143726
NTGG	17614	85795	87573	292	206	4.25739104122	0.00339191747883	0.00234680276604	0.00104511471279
ANNT	464234	1395542	1406509	5070	3647	53.9465375176	0.00361984618153	0.00258623868565	0.00103360749588
NTGT	55208	213046	215706	641	430	10.4203024457	0.00299971453575	0.00198948810009	0.00101022643566
TTAA	41968	135079	134817	399	263	6.7367041307	0.0029451276222	0.0019469943737	0.000998133248492
TTNN	481307	1586385	1611354	9453	8091	28.7777147084	0.00592353359176	0.00499615609051	0.000927377501243
TNNT	529203	1719140	1741199	7108	5618	43.1562237233	0.00411760071554	0.00321613540514	0.000901465310401
TTCN	55555	244213	240895	965	743	6.36830875422	0.00393591594678	0.00307484749915	0.00086106844763
CTNT	41154	174107	173960	451	309	6.46282825686	0.0025836684655	0.00177312086487	0.000810547600626
CNTT	55077	237751	237929	463	270	11.8922817927	0.0019436305171	0.00113350601808	0.000810124499021
ATAT	146336	272051	272237	879	677	6.47280252251	0.00322060601619	0.00248063492529	0.000739971090907
NTTN	481309	1589447	1615401	8981	7950	18.4342323436	0.00561864531903	0.00489727729862	0.000721368020401
TNGT	42217	176106	178150	485	363	4.80284595282	0.00274645933258	0.00203346534986	0.00071299398272
NANT	372776	1254653	1265670	4247	3420	21.9540295719	0.00337358010962	0.00269484433728	0.000678735772338
NNGT	107553	446744	452621	1208	931	9.42153619255	0.00269671750545	0.00205268635129	0.000644031154158
NCTT	45812	201194	199946	330	207	6.67505965178	0.00163752208174	0.00103420883024	0.000603313251492
NTAA	145124	457865	453239	1027	773	8.02945001077	0.00223799935497	0.00170259816921	0.000535401185757
TNNC	115041	501642	496196	2224	1933	4.45433829488	0.00441387194214	0.00388052090924	0.000533351032901
NTNC	128006	550820	545069	2482	2177	4.35932149638	0.00448579618364	0.00397810125611	0.000507694927531
NNAT	517736	1552123	1558346	5420	4674	13.5415603479	0.00347983972192	0.00299036480659	0.000489474915329
NTCN	117965	540238	529979	1555	1266	6.03390815373	0.00287009983518	0.00238308125253	0.000487018582647
NATT	159395	517131	520834	1155	918	7.03286592763	0.00222849932277	0.00175945660007	0.000469042722697
ATAN	255301	603513	601417	1680	1398	6.15640338411	0.0027759739455	0.00231911946451	0.000456854480989
TNTN	589747	1711180	1729535	8493	7868	7.53828073427	0.00493872963058	0.00452859814332	0.000410131487254
NTAN	470332	1333677	1331649	3761	3287	7.5761923522	0.00281209297179	0.00246229032703	0.000349802644759
ATNN	517736	1561726	1557389	4222	3818	4.89405474398	0.00269613039513	0.00244554373635	0.000250586658782
