#Sequence	Occurrence	Forward Match	Backward Match	Forward Mismatch	Backward Mismatch	Strand Bias Score	FER (Forward Error Rate)	RER (Reverse Error Rate), ERD (Error rate Difference)
TATATTTT	8323	9008	9670	102	26	11.6195825533	0.0111964873765	0.00268151815182	0.00851496922469
TATTTTTT	9639	12693	13795	158	62	11.5837943736	0.0122947630535	0.00447427293065	0.00782049012281
TATNTTTT	20410	27767	29944	311	108	25.5622889079	0.0110762874849	0.00359377079728	0.00748251668758
TTTTTTTT	62206	47823	56311	1031	847	13.8983149577	0.021103696729	0.0148185730781	0.0062851236509
NATTTTTT	17715	31345	33660	363	176	17.8880747779	0.0114482149615	0.00520156046814	0.00624665449338
CTNTTTTT	5394	13288	14158	149	73	7.38491762295	0.011088784699	0.00512964654627	0.00595913815269
TNTTTTTT	77178	72992	83162	1303	986	21.3879366239	0.0175381923413	0.0117174502068	0.00582074213456
TANATTTT	12182	18165	19408	145	42	14.537107747	0.00791916985254	0.00215938303342	0.00575978681912
TANTTTTT	15251	24121	25619	232	103	13.2673121385	0.00952654703733	0.00400435424928	0.00552219278805
NTTTTTTT	78005	73941	84133	1328	1040	18.5881823286	0.0176433857232	0.0122104422763	0.0054329434469
TATANTTT	12700	16271	16892	123	36	11.716265793	0.00750274490667	0.00212665406427	0.0053760908424
TANNTTTT	31666	54491	57829	460	178	31.6468497295	0.0083710942476	0.00306859516955	0.00530249907805
NATNTTTT	38169	72465	76833	648	280	37.3634206417	0.0088629929014	0.00363103497465	0.00523195792675
NNTTTTTT	104739	129679	143523	1894	1355	33.8728980257	0.0143950506563	0.00935269675175	0.00504235390454
TTTTTTNT	76435	74093	83539	1231	960	16.8270294174	0.0163427327279	0.0113610811962	0.00498165153172
TATATNTT	25101	21207	21718	181	76	10.5572183312	0.00846268935852	0.00348719831146	0.00497549104706
TATTTTNT	18980	27028	28663	223	93	14.0682436998	0.00818318593813	0.00323410766449	0.00494907827364
NTNTTTTT	106043	130188	143713	1772	1265	31.6697399749	0.0134283116096	0.0087254617942	0.00470284981538
NANTTTTT	29978	62472	66248	570	289	24.5247181783	0.00904159132007	0.00434344800637	0.0046981433137
NATATTTT	15149	24101	25315	174	63	13.2183805243	0.00716786817714	0.00248246512728	0.00468540304986
TTNTTTTT	76775	76103	86023	1209	960	15.3828010911	0.0156379346026	0.0110366393433	0.00460129525933
TNTATTTT	19224	27150	28235	188	65	14.7798575104	0.00687687467993	0.00229681978799	0.00458005489195
TNTNTTTT	107211	129067	141667	1626	1124	32.1631641371	0.0124413702341	0.00787164457144	0.00456972566262
GNNTTTTT	6803	22226	23666	185	88	9.56053396818	0.00825487483825	0.00370463921866	0.00455023561959
ANTTTTTT	16901	28004	29940	318	203	8.00772435938	0.01122802062	0.00673456523903	0.00449345538099
TATTNTTT	17616	26591	28098	199	83	12.5220634357	0.00742814483016	0.00294524679749	0.00448289803267
TNTTTTNT	105330	127617	139870	1645	1168	29.1565163156	0.0127260911946	0.00828145606149	0.00444463513314
ATNTTTTT	20502	31777	33974	333	203	9.58960985122	0.0103706010589	0.00593966702753	0.00443093403133
NTATTTTT	17862	27939	29859	241	124	10.645954038	0.00855216465578	0.00413567688357	0.00441648777222
CTNNTTTT	9478	29767	31178	239	112	12.0295587935	0.00796507365194	0.00357941834452	0.00438565530742
TNNTTTTT	102757	131305	143860	1671	1205	27.7575323422	0.0125661773553	0.00830662116982	0.00425955618549
CTANNTTT	3702	13564	14114	86	29	7.23529406501	0.00630036630037	0.00205048433854	0.00424988196182
CNNTTTTT	12076	36635	38676	321	173	12.2030863628	0.00868600497889	0.00445313907694	0.00423286590195
TTTNTTTT	77951	77838	87198	1155	916	14.1174832467	0.0146215487448	0.0103956238509	0.00422592489391
TATNNTTT	35969	58844	61520	396	157	25.6243820182	0.00668467251857	0.00254551939945	0.00413915311912
TATNTNTT	51035	60888	63212	432	185	24.3525016313	0.00704500978474	0.0029181191539	0.00412689063083
TATATTNT	19340	18974	19520	126	50	8.25182140841	0.00659685863874	0.00255493101686	0.00404192762188
ANNTTTTT	34138	66322	70401	623	373	17.8739007793	0.00930614683696	0.00527029700172	0.00403584983523
AATNTTTT	10627	21630	22715	169	86	7.44748127636	0.00775264920409	0.0037717643963	0.00398088480779
GNTNTTTT	6695	22110	23547	164	80	8.15740562247	0.00736284457215	0.0033859567444	0.00397688782774
TATTTNTT	20464	26570	28120	179	77	10.8368931146	0.00669183894725	0.00273078696315	0.0039610519841
TATNTTNT	43786	60460	63146	416	185	22.3473688517	0.00683356330902	0.00292116025327	0.00391240305575
NTTTTTNT	105217	132860	145063	1673	1250	23.4127016601	0.0124356105937	0.00854332834403	0.00389228224965
TTTTNTTT	77570	77168	86162	1096	884	12.0894805593	0.0140038842891	0.0101555499391	0.00384833434996
GTNTTTNT	7202	21133	21816	134	54	8.61662310209	0.0063008416796	0.00246913580247	0.00383170587713
ANATTTTT	12700	23315	24730	188	105	6.88926443418	0.00799897885376	0.00422790416751	0.00377107468626
ANNGTTTT	4238	15394	16031	90	33	6.85188198805	0.0058124515629	0.00205428286853	0.00375816869438
NNCTTTTT	11815	36597	38398	248	115	12.7662919959	0.00673089971502	0.00298600472568	0.00374489498935
NATTTTNT	34868	69238	72742	516	267	20.8009303877	0.00739742523726	0.00365708337328	0.00374034186398
TANANTTT	20353	34994	36332	195	66	15.6624603072	0.00554150444741	0.00181328644431	0.0037282180031
NTTNTTTT	105184	132472	144651	1582	1180	22.3772675272	0.011801214436	0.00809155803636	0.00370965639962
CTNTNTTT	9195	26266	27491	184	90	8.65495065393	0.00695652173913	0.00326311591313	0.003693405826
TTTTTNTT	76769	77529	86601	1097	901	10.984616288	0.0139521277949	0.0102969074993	0.00365522029562
NATTNTTT	33252	66847	69776	469	235	19.9668324539	0.00696714005586	0.00335661538901	0.00361052466685
ATATNTTT	21610	25363	26262	173	84	8.06110090907	0.00677474937343	0.00318833978593	0.00358640958751
NNACTTTT	5127	18586	19128	103	38	7.54459165584	0.00551126330997	0.00198267765835	0.00352858565162
CNATNTTT	5747	20693	21332	119	47	7.91017242276	0.00571785508361	0.00219841900931	0.0035194360743
NNTATTTT	34647	60770	63426	364	155	21.0930649184	0.00595413354271	0.00243783520234	0.00351629834037
ATANATTT	15131	16808	17188	87	29	7.18453875061	0.00514945250074	0.00168438171575	0.00346507078499
GTNNTTTT	6756	21401	22403	132	60	7.24896809901	0.00613012585334	0.00267105907492	0.00345906677842
NNATTTTT	33261	70076	73521	517	286	17.7627734299	0.00732367231879	0.00387497120869	0.00344870111009
TNTTNTTT	104646	130887	142096	1437	1062	20.6695305766	0.0108597079895	0.00741837689825	0.00344133109123
ANTNTTTT	31811	60998	64244	472	275	14.409702265	0.0076785423784	0.00426231032719	0.00341623205121
TCNNTTTT	11796	37798	39119	257	131	10.5860429904	0.00675338326107	0.00333757961783	0.00341580364324
NANATTTT	25719	54109	56314	307	129	18.1651093744	0.00564172302264	0.00228549155785	0.00335623146479
TTNTTTNT	105595	130167	140937	1498	1140	18.464954497	0.0113773592071	0.00802381807048	0.0033535411366
TANTTTNT	30009	51433	53711	322	155	15.106674432	0.00622162109941	0.00287751086028	0.00334411023913
NTANTTTT	29082	55289	58013	391	216	13.6497593333	0.00702227011494	0.00370949183397	0.00331277828098
TANTNTTT	29074	50358	52368	305	143	14.9203820631	0.00602017251248	0.00272323894041	0.00329693357207
TATANNTT	34907	38822	39454	224	97	12.1012970715	0.00573682323413	0.00245252964527	0.00328429358887
NATCTNTT	4593	16663	17108	74	20	7.63535078608	0.00442134193703	0.00116767865483	0.00325366328219
NTATNTTT	41769	62121	64712	392	197	16.6141582647	0.0062706956953	0.00303501825633	0.00323567743897
TNNATTTT	32188	63675	66214	352	155	19.1575469833	0.00549768066597	0.00233542768461	0.00316225298136
TNTTTNTT	106816	130331	141437	1404	1069	17.5387586768	0.0106577598968	0.00750143853592	0.00315632136084
NTTTNTTT	107524	131660	142742	1450	1117	16.9673311977	0.0108932461874	0.00776454723027	0.00312869895709
TANATNTT	35735	45612	46831	249	108	13.6776165036	0.00542944985936	0.00230085856111	0.00312859129825
NTTTTTCN	13648	41888	42405	317	187	8.3504901668	0.00751095841725	0.00439049586777	0.00312046254948
AANNTTTT	20880	51022	53284	321	168	12.6617498431	0.0062520694155	0.00314300680985	0.00310906260565
TTNNTTTT	102483	135893	147545	1459	1117	17.7559337236	0.0106223425942	0.0075136887705	0.00310865382371
CNTNTTTT	13329	40424	42417	288	169	8.75519721369	0.00707408135194	0.0039684403325	0.00310564101943
TATNTTTN	41768	61941	64269	535	354	10.2825623076	0.00856328830271	0.00547792581589	0.00308536248682
NATTTNTT	36129	67651	70872	411	211	16.8788289916	0.0060386118539	0.00296836093018	0.00307025092372
TTTNTTNT	104134	132278	142751	1424	1091	16.7095005485	0.0106505512259	0.00758471100235	0.00306584022351
NATANTTT	25503	48235	49676	245	100	14.9491227014	0.00505363036304	0.00200900032144	0.0030446300416
TATTNTNT	39771	55468	57528	305	141	15.2181562771	0.00546859591559	0.00244498777506	0.00302360814053
NANCTTTT	5533	20992	21876	104	42	6.91073946609	0.00492984452029	0.00191623323296	0.00301361128733
ANANTTTT	23438	50888	53249	325	179	11.4445779742	0.00634604494952	0.0033503032118	0.00299574173773
TNTTTTCN	14030	40889	42307	286	168	8.27916009115	0.0069459623558	0.00395526780459	0.00299069455121
TTNTNTTT	102947	129794	140756	1355	1042	16.0767530257	0.0103317600592	0.0073484816429	0.00298327841627
TTTTTNNT	101467	131322	141925	1395	1078	15.8090419237	0.010511087502	0.00753830339224	0.00297278410974
TTTTNTNT	104224	129719	140009	1370	1057	15.5512002275	0.0104509150272	0.00749294656402	0.00295796846318
NTTTTNTT	105313	134939	146475	1443	1127	15.8381579244	0.0105805751492	0.00763539789434	0.00294517725488
NCANTTTT	8200	29364	30067	180	95	6.81650925379	0.00609260763607	0.00314965851071	0.00294294912536
ATNNTTTT	36731	71301	74663	510	313	13.1071083334	0.00710197602039	0.00417466922749	0.0029273067929
TNTANTTT	29578	50056	51079	236	94	14.6688309844	0.00469259524378	0.00183690618099	0.00285568906278
ATANNTTT	32167	49430	51053	273	135	11.888053953	0.00549262619963	0.00263733687583	0.0028552893238
TANTTNTT	31604	52019	53793	279	134	12.9075162548	0.0053348120387	0.00248484061787	0.00284997142083
NCNTTTTT	14139	44410	46268	324	205	7.6343418656	0.00724281307283	0.00441116347126	0.00283164960157
ATNTNTTT	47304	69665	72274	458	271	12.7586964693	0.00653138057413	0.00373561237852	0.00279576819561
NNTTTTCT	12242	39156	40341	221	114	8.84398024061	0.00561241333774	0.00281794586578	0.00279446747196
TANATTNT	28576	41346	42404	196	82	11.5193851701	0.00471811660488	0.00193004754507	0.00278806905981
TNTTNTCT	10490	30873	31570	171	87	7.02130752911	0.00550831078469	0.00274820734751	0.00276010343719
TNTTTNCT	10832	31998	32662	183	96	6.95704891615	0.00568658525217	0.0029305818426	0.00275600340956
TACNTNTT	6517	18630	19069	71	20	7.0463628921	0.00379658841773	0.00104772382	0.00274886459773
NTCTNTTT	9748	29283	30269	153	75	7.03082266492	0.00519771708113	0.00247165831795	0.00272605876317
TATTTTNN	34646	60724	63142	473	318	8.72156864386	0.0077291370492	0.00501103057044	0.00271810647876
NAAAAANT	29978	62967	64874	625	465	6.90349145642	0.00982828028683	0.00711672967141	0.00271155061542
ANANAAAT	41056	66806	67802	570	394	8.29559541363	0.0084599857516	0.00577746495396	0.00268252079765
TATTTNNT	36492	56175	58313	288	142	12.7577512804	0.0051006854046	0.00242921905739	0.00267146634721
NAANTTTT	17523	44360	46229	241	127	9.45510989087	0.00540346628999	0.00273966692553	0.00266379936446
NNAAAAAT	33260	70270	71911	723	545	7.07455168996	0.010184102658	0.00752180633764	0.00266229632037
NATATNTT	43531	57946	59171	297	145	12.828089242	0.0050993252408	0.00244453435835	0.00265479088245
ANTTNTTT	33378	60859	63370	412	259	9.7382431174	0.00672422516362	0.00407047101165	0.00265375415197
TNTATTNT	39652	54466	55764	266	127	12.1631785101	0.0048600453117	0.00227227997352	0.00258776533818
TNTATNTT	46810	59650	60821	301	149	12.5759946731	0.00502076695968	0.00244382483188	0.0025769421278
TNANTTTT	25081	55394	57663	321	185	9.92124077259	0.00576146459661	0.00319803623289	0.00256342836372
NNTCTTTT	11970	37367	38988	170	77	9.18903865897	0.00452886485334	0.00197107385127	0.00255779100207
TNCTNTTT	10839	32482	33835	165	85	6.95941842799	0.00505406316047	0.00250589622642	0.00254816693406
ANTTTTNT	31561	62668	65540	456	309	8.39166845123	0.00722387681389	0.00469255417698	0.00253132263691
CNTTTTNT	14138	43460	45133	270	166	6.97116801124	0.00617425108621	0.00366454005607	0.00250971103014
TNCNTTTT	15114	46288	47761	228	115	9.60050799105	0.00490153925531	0.00240203859972	0.00249950065559
TTTNNTTT	102944	135300	145288	1269	995	12.8844091547	0.0092920062386	0.00680188401933	0.00249012221927
TTTNTNTT	104044	133721	144040	1268	1003	12.4927629093	0.00939335797732	0.0069151906676	0.00247816730972
ANATNTTT	34589	58515	60579	315	175	10.5330679522	0.00535441101479	0.00288046877572	0.00247394223907
NNATAAAT	27192	38810	38889	176	80	8.55513439911	0.00451444108141	0.0020529138546	0.00246152722681
TTTTTTNN	104739	130770	143400	2025	1858	7.422981104	0.0152490681125	0.0127910338845	0.00245803422797
TANATTTN	27076	42189	43250	243	142	7.00364291883	0.00572680995475	0.00327249262537	0.00245431732938
TATATNNT	49475	47339	47403	253	138	8.09184084749	0.00531601949908	0.00290275761974	0.00241326187934
TNNCTTTT	11675	36001	37281	171	87	7.27062283335	0.00472741346898	0.00232819524727	0.00239921822171
TTNTTNTT	109018	143584	154139	1340	1069	12.2715258999	0.0092462256079	0.00688753157054	0.00235869403737
ATNTTTNT	42522	70662	73635	462	307	9.00007018362	0.0064956976548	0.00415190284277	0.00234379481203
NTATTTNT	40829	59624	61972	326	193	9.30804930614	0.00543786488741	0.00310464087509	0.00233322401232
ATAAANNT	24628	41500	41859	206	110	7.20119968426	0.00493933726562	0.00262098215349	0.00231835511213
TATTNNTT	34221	55504	57403	233	109	11.44441442	0.00418034698674	0.00189525664209	0.00228509034465
NTANATTT	27076	42391	43498	165	70	9.58546217895	0.00387724410189	0.00160668380463	0.00227056029726
ATATNTTN	43531	57871	58845	353	225	7.34563161529	0.00606279197582	0.00380904012189	0.00225375185393
AANTNTTT	19790	46197	48004	246	147	6.96797394529	0.0052968154512	0.00305289609769	0.00224391935351
ANTTTNTT	31187	61905	64701	364	235	8.0697540158	0.0058456053574	0.00361894788715	0.00222665747025
NATATTNT	36065	53337	54613	238	125	8.95708994053	0.00444237050863	0.00228360553911	0.00215876496952
ATNNAAAT	25774	51895	52711	268	159	7.11982730044	0.00513774131089	0.00300737658407	0.00213036472682
ATNTTNTT	40018	73202	75906	403	255	9.20121313702	0.00547517152367	0.00334817032339	0.00212700120028
AATNNTTT	21467	52104	53521	243	136	7.91149561369	0.0046420998338	0.00253461803679	0.00210748179701
TTTTNNTT	101887	134553	144186	1193	970	9.6935873701	0.00878847258851	0.00668246576097	0.00210600682754
AATNTNTT	24172	49958	51382	224	123	7.72085714858	0.00446375194293	0.00238811765848	0.00207563428445
TNATNTTT	30753	62109	63727	294	171	8.50329502275	0.00471131195616	0.00267614009828	0.00203517185787
ATATNTNT	140381	71833	71801	368	221	8.69940198101	0.00509688231465	0.00306850684513	0.00202837546952
ATTNTNTT	34480	62593	64859	312	192	7.89405820922	0.00495986010651	0.00295153033774	0.00200832976877
ATANATNT	132094	59925	59462	280	159	7.75825651873	0.00465077651358	0.00266684557455	0.00198393093903
ATTNTTNT	42025	74720	76588	397	265	7.1701945174	0.00528508859512	0.00344814125668	0.00183694733844
NTATTNTT	40723	66672	68740	301	185	7.52837557329	0.00449434846879	0.00268407689518	0.00181027157361
NNTTCTTT	13012	41439	42158	109	40	7.8471466312	0.00262347164725	0.000947912223328	0.00167555942392
