#Sequence	Occurrence	Forward Match	Backward Match	Forward Mismatch	Backward Mismatch	Strand Bias Score	FER (Forward Error Rate)	RER (Reverse Error Rate), ERD (Error rate Difference)
TATATTTT	8323	9008	9670	102	26	11.6195825533	0.0111964873765	0.00268151815182	0.00851496922469
TATTTTTT	9639	12693	13795	158	62	11.5837943736	0.0122947630535	0.00447427293065	0.00782049012281
TATNTTTT	20410	27767	29944	311	108	25.5622889079	0.0110762874849	0.00359377079728	0.00748251668758
TTTTTTTT	62206	47823	56311	1031	847	13.8983149577	0.021103696729	0.0148185730781	0.0062851236509
NATTTTTT	17715	31345	33660	363	176	17.8880747779	0.0114482149615	0.00520156046814	0.00624665449338
CTNTTTTT	5394	13288	14158	149	73	7.38491762295	0.011088784699	0.00512964654627	0.00595913815269
TNTTTTTT	77178	72992	83162	1303	986	21.3879366239	0.0175381923413	0.0117174502068	0.00582074213456
TANATTTT	12182	18165	19408	145	42	14.537107747	0.00791916985254	0.00215938303342	0.00575978681912
TANTTTTT	15251	24121	25619	232	103	13.2673121385	0.00952654703733	0.00400435424928	0.00552219278805
NTTTTTTT	78005	73941	84133	1328	1040	18.5881823286	0.0176433857232	0.0122104422763	0.0054329434469
TATANTTT	12700	16271	16892	123	36	11.716265793	0.00750274490667	0.00212665406427	0.0053760908424
TANNTTTT	31666	54491	57829	460	178	31.6468497295	0.0083710942476	0.00306859516955	0.00530249907805
NATNTTTT	38169	72465	76833	648	280	37.3634206417	0.0088629929014	0.00363103497465	0.00523195792675
NNTTTTTT	104739	129679	143523	1894	1355	33.8728980257	0.0143950506563	0.00935269675175	0.00504235390454
TTTTTTNT	76435	74093	83539	1231	960	16.8270294174	0.0163427327279	0.0113610811962	0.00498165153172
TATATNTT	25101	21207	21718	181	76	10.5572183312	0.00846268935852	0.00348719831146	0.00497549104706
TATTTTNT	18980	27028	28663	223	93	14.0682436998	0.00818318593813	0.00323410766449	0.00494907827364
NTNTTTTT	106043	130188	143713	1772	1265	31.6697399749	0.0134283116096	0.0087254617942	0.00470284981538
NANTTTTT	29978	62472	66248	570	289	24.5247181783	0.00904159132007	0.00434344800637	0.0046981433137
NATATTTT	15149	24101	25315	174	63	13.2183805243	0.00716786817714	0.00248246512728	0.00468540304986
TTNTTTTT	76775	76103	86023	1209	960	15.3828010911	0.0156379346026	0.0110366393433	0.00460129525933
TNTATTTT	19224	27150	28235	188	65	14.7798575104	0.00687687467993	0.00229681978799	0.00458005489195
TNTNTTTT	107211	129067	141667	1626	1124	32.1631641371	0.0124413702341	0.00787164457144	0.00456972566262
GNNTTTTT	6803	22226	23666	185	88	9.56053396818	0.00825487483825	0.00370463921866	0.00455023561959
ANTTTTTT	16901	28004	29940	318	203	8.00772435938	0.01122802062	0.00673456523903	0.00449345538099
TATTNTTT	17616	26591	28098	199	83	12.5220634357	0.00742814483016	0.00294524679749	0.00448289803267
TNTTTTNT	105330	127617	139870	1645	1168	29.1565163156	0.0127260911946	0.00828145606149	0.00444463513314
ATNTTTTT	20502	31777	33974	333	203	9.58960985122	0.0103706010589	0.00593966702753	0.00443093403133
NTATTTTT	17862	27939	29859	241	124	10.645954038	0.00855216465578	0.00413567688357	0.00441648777222
CTNNTTTT	9478	29767	31178	239	112	12.0295587935	0.00796507365194	0.00357941834452	0.00438565530742
TNNTTTTT	102757	131305	143860	1671	1205	27.7575323422	0.0125661773553	0.00830662116982	0.00425955618549
CTANNTTT	3702	13564	14114	86	29	7.23529406501	0.00630036630037	0.00205048433854	0.00424988196182
CNNTTTTT	12076	36635	38676	321	173	12.2030863628	0.00868600497889	0.00445313907694	0.00423286590195
TTTNTTTT	77951	77838	87198	1155	916	14.1174832467	0.0146215487448	0.0103956238509	0.00422592489391
NNNTTTTT	155774	256488	276603	2800	1839	61.179693991	0.0107988028756	0.00660460706359	0.00419419581198
TATNNTTT	35969	58844	61520	396	157	25.6243820182	0.00668467251857	0.00254551939945	0.00413915311912
TATNTNTT	51035	60888	63212	432	185	24.3525016313	0.00704500978474	0.0029181191539	0.00412689063083
TATATTNT	19340	18974	19520	126	50	8.25182140841	0.00659685863874	0.00255493101686	0.00404192762188
ANNTTTTT	34138	66322	70401	623	373	17.8739007793	0.00930614683696	0.00527029700172	0.00403584983523
AATNTTTT	10627	21630	22715	169	86	7.44748127636	0.00775264920409	0.0037717643963	0.00398088480779
GNTNTTTT	6695	22110	23547	164	80	8.15740562247	0.00736284457215	0.0033859567444	0.00397688782774
NNTNTTTT	159046	252599	271875	2550	1648	58.5251893287	0.00999416027498	0.00602508746979	0.00396907280518
TATTTNTT	20464	26570	28120	179	77	10.8368931146	0.00669183894725	0.00273078696315	0.0039610519841
TATNTTNT	43786	60460	63146	416	185	22.3473688517	0.00683356330902	0.00292116025327	0.00391240305575
NTTTTTNT	105217	132860	145063	1673	1250	23.4127016601	0.0124356105937	0.00854332834403	0.00389228224965
NANNTTTT	66114	154698	162451	1077	498	53.4582560476	0.00691381800674	0.00305617094919	0.00385764705755
TTTTNTTT	77570	77168	86162	1096	884	12.0894805593	0.0140038842891	0.0101555499391	0.00384833434996
GTNTTTNT	7202	21133	21816	134	54	8.61662310209	0.0063008416796	0.00246913580247	0.00383170587713
ANATTTTT	12700	23315	24730	188	105	6.88926443418	0.00799897885376	0.00422790416751	0.00377107468626
NNCTTTTT	11815	36597	38398	248	115	12.7662919959	0.00673089971502	0.00298600472568	0.00374489498935
NATTTTNT	34868	69238	72742	516	267	20.8009303877	0.00739742523726	0.00365708337328	0.00374034186398
TANANTTT	20353	34994	36332	195	66	15.6624603072	0.00554150444741	0.00181328644431	0.0037282180031
NTTNTTTT	105184	132472	144651	1582	1180	22.3772675272	0.011801214436	0.00809155803636	0.00370965639962
CTNTNTTT	9195	26266	27491	184	90	8.65495065393	0.00695652173913	0.00326311591313	0.003693405826
TTTTTNTT	76769	77529	86601	1097	901	10.984616288	0.0139521277949	0.0102969074993	0.00365522029562
NATTNTTT	33252	66847	69776	469	235	19.9668324539	0.00696714005586	0.00335661538901	0.00361052466685
ATATNTTT	21610	25363	26262	173	84	8.06110090907	0.00677474937343	0.00318833978593	0.00358640958751
NNACTTTT	5127	18586	19128	103	38	7.54459165584	0.00551126330997	0.00198267765835	0.00352858565162
CNATNTTT	5747	20693	21332	119	47	7.91017242276	0.00571785508361	0.00219841900931	0.0035194360743
TNNNTTTT	152731	250594	267926	2291	1493	49.9082060278	0.00905945390197	0.00554155423337	0.0035178996686
NNTATTTT	34647	60770	63426	364	155	21.0930649184	0.00595413354271	0.00243783520234	0.00351629834037
NNTTTTNT	157589	256166	274008	2521	1721	46.3440007798	0.00974536795432	0.00624163580907	0.00350373214525
ATANATTT	15131	16808	17188	87	29	7.18453875061	0.00514945250074	0.00168438171575	0.00346507078499
GTNNTTTT	6756	21401	22403	132	60	7.24896809901	0.00613012585334	0.00267105907492	0.00345906677842
NNATTTTT	33261	70076	73521	517	286	17.7627734299	0.00732367231879	0.00387497120869	0.00344870111009
TNTTNTTT	104646	130887	142096	1437	1062	20.6695305766	0.0108597079895	0.00741837689825	0.00344133109123
ANTNTTTT	31811	60998	64244	472	275	14.409702265	0.0076785423784	0.00426231032719	0.00341623205121
TCNNTTTT	11796	37798	39119	257	131	10.5860429904	0.00675338326107	0.00333757961783	0.00341580364324
GNNNTTTT	14808	54705	57623	334	154	17.3277185446	0.00606842420829	0.00266542049605	0.00340300371224
NANATTTT	25719	54109	56314	307	129	18.1651093744	0.00564172302264	0.00228549155785	0.00335623146479
TTNTTTNT	105595	130167	140937	1498	1140	18.464954497	0.0113773592071	0.00802381807048	0.0033535411366
TANTTTNT	30009	51433	53711	322	155	15.106674432	0.00622162109941	0.00287751086028	0.00334411023913
NTANTTTT	29082	55289	58013	391	216	13.6497593333	0.00702227011494	0.00370949183397	0.00331277828098
TANTNTTT	29074	50358	52368	305	143	14.9203820631	0.00602017251248	0.00272323894041	0.00329693357207
TATANNTT	34907	38822	39454	224	97	12.1012970715	0.00573682323413	0.00245252964527	0.00328429358887
NATCTNTT	4593	16663	17108	74	20	7.63535078608	0.00442134193703	0.00116767865483	0.00325366328219
NNNNTTTT	257870	544076	574770	4194	2538	110.035299401	0.00764951574954	0.00439626681078	0.00325324893876
NTATNTTT	41769	62121	64712	392	197	16.6141582647	0.0062706956953	0.00303501825633	0.00323567743897
NTNNTTTT	155448	258362	275789	2340	1602	42.2493333027	0.00897576543333	0.00577524144619	0.00320052398714
CNNNTTTT	22995	81910	85257	539	288	19.6394104765	0.00653737461946	0.00336664913204	0.00317072548743
TNNATTTT	32188	63675	66214	352	155	19.1575469833	0.00549768066597	0.00233542768461	0.00316225298136
TNTTTNTT	106816	130331	141437	1404	1069	17.5387586768	0.0106577598968	0.00750143853592	0.00315632136084
NTTTNTTT	107524	131660	142742	1450	1117	16.9673311977	0.0108932461874	0.00776454723027	0.00312869895709
TANATNTT	35735	45612	46831	249	108	13.6776165036	0.00542944985936	0.00230085856111	0.00312859129825
NTTTTTCN	13648	41888	42405	317	187	8.3504901668	0.00751095841725	0.00439049586777	0.00312046254948
AANNTTTT	20880	51022	53284	321	168	12.6617498431	0.0062520694155	0.00314300680985	0.00310906260565
TTNNTTTT	102483	135893	147545	1459	1117	17.7559337236	0.0106223425942	0.0075136887705	0.00310865382371
CNTNTTTT	13329	40424	42417	288	169	8.75519721369	0.00707408135194	0.0039684403325	0.00310564101943
TATNTTTN	41768	61941	64269	535	354	10.2825623076	0.00856328830271	0.00547792581589	0.00308536248682
TNTNTTNT	165730	244006	258898	2113	1433	38.6241128823	0.0085852778534	0.00550453077044	0.00308074708295
NATTTNTT	36129	67651	70872	411	211	16.8788289916	0.0060386118539	0.00296836093018	0.00307025092372
TTTNTTNT	104134	132278	142751	1424	1091	16.7095005485	0.0106505512259	0.00758471100235	0.00306584022351
NATANTTT	25503	48235	49676	245	100	14.9491227014	0.00505363036304	0.00200900032144	0.0030446300416
TATTNTNT	39771	55468	57528	305	141	15.2181562771	0.00546859591559	0.00244498777506	0.00302360814053
NTNTTTNT	165326	251119	266738	2300	1626	35.6100886131	0.00907587828853	0.00605893487949	0.00301694340903
NANCTTTT	5533	20992	21876	104	42	6.91073946609	0.00492984452029	0.00191623323296	0.00301361128733
ANANTTTT	23438	50888	53249	325	179	11.4445779742	0.00634604494952	0.0033503032118	0.00299574173773
TNTTTTCN	14030	40889	42307	286	168	8.27916009115	0.0069459623558	0.00395526780459	0.00299069455121
TTNTNTTT	102947	129794	140756	1355	1042	16.0767530257	0.0103317600592	0.0073484816429	0.00298327841627
TTTTTNNT	101467	131322	141925	1395	1078	15.8090419237	0.010511087502	0.00753830339224	0.00297278410974
NTNTNTTT	166852	246406	261846	2102	1448	36.3979672745	0.00845848020989	0.00549955562983	0.00295892458006
TTTTNTNT	104224	129719	140009	1370	1057	15.5512002275	0.0104509150272	0.00749294656402	0.00295796846318
NTTTTNTT	105313	134939	146475	1443	1127	15.8381579244	0.0105805751492	0.00763539789434	0.00294517725488
NNTTNTTT	157339	251168	267193	2182	1525	35.7689261012	0.00861259127689	0.00567509433681	0.00293749694008
TNNTTTNT	156254	245886	260975	2169	1525	34.3053528182	0.00874402854206	0.00580952380952	0.00293450473253
ATNNTTTT	36731	71301	74663	510	313	13.1071083334	0.00710197602039	0.00417466922749	0.0029273067929
NNGNTTTT	12538	50537	53085	301	160	11.6988778544	0.0059207679295	0.00300497699314	0.00291579093636
TANNNTTT	59552	117812	122339	652	319	28.4911891626	0.0055037817396	0.00260072722529	0.00290305451431
NNANTTTT	58706	143969	149896	884	483	30.0788925786	0.00610273863848	0.00321188463815	0.00289085400033
NATNNTTT	71981	163173	168854	883	424	39.4185005008	0.00538230848003	0.00250475549097	0.00287755298906
NNNGTTTT	13138	49186	51577	251	114	13.3943467783	0.00507716892206	0.00220541293455	0.00287175598751
ANNNTTTT	67336	156867	163964	1030	603	29.423963342	0.00652323983356	0.00366416110156	0.002859078732
TNTANTTT	29578	50056	51079	236	94	14.6688309844	0.00469259524378	0.00183690618099	0.00285568906278
ATANNTTT	32167	49430	51053	273	135	11.888053953	0.00549262619963	0.00263733687583	0.0028552893238
TANTTNTT	31604	52019	53793	279	134	12.9075162548	0.0053348120387	0.00248484061787	0.00284997142083
NCNTTTTT	14139	44410	46268	324	205	7.6343418656	0.00724281307283	0.00441116347126	0.00283164960157
NATNTNTT	91283	162367	167790	871	424	37.6897034592	0.0053357674071	0.0025205987611	0.002815168646
TANNTNTT	77060	131783	135432	659	295	33.259743659	0.00497576297549	0.00217348058971	0.00280228238578
NCNNTTTT	23450	82598	85960	515	293	16.0668958318	0.00619638323728	0.00339698329333	0.00279939994394
ATNTNTTT	47304	69665	72274	458	271	12.7586964693	0.00653138057413	0.00373561237852	0.00279576819561
NNTTTTCT	12242	39156	40341	221	114	8.84398024061	0.00561241333774	0.00281794586578	0.00279446747196
TANATTNT	28576	41346	42404	196	82	11.5193851701	0.00471811660488	0.00193004754507	0.00278806905981
TANNTTNT	67896	121671	125874	641	311	28.2261489196	0.00524069592517	0.00246463525776	0.00277606066742
CTNNNTTT	17314	64771	67272	338	163	15.5587527837	0.00519129459829	0.00241714243345	0.00277415216483
NANTTTNT	59947	137111	142638	821	455	26.9414997766	0.00595220833454	0.00317975023237	0.00277245810218
TNTTNTCT	10490	30873	31570	171	87	7.02130752911	0.00550831078469	0.00274820734751	0.00276010343719
TNTTTNCT	10832	31998	32662	183	96	6.95704891615	0.00568658525217	0.0029305818426	0.00275600340956
TACNTNTT	6517	18630	19069	71	20	7.0463628921	0.00379658841773	0.00104772382	0.00274886459773
NTCTNTTT	9748	29283	30269	153	75	7.03082266492	0.00519771708113	0.00247165831795	0.00272605876317
TNNTNTTT	151887	244918	259483	1961	1362	32.4666499949	0.0079431624399	0.00522149169047	0.00272167074943
TATTTTNN	34646	60724	63142	473	318	8.72156864386	0.0077291370492	0.00501103057044	0.00271810647876
NAAAAANT	29978	62967	64874	625	465	6.90349145642	0.00982828028683	0.00711672967141	0.00271155061542
NATNTTNT	82944	163489	169344	918	489	32.6922276734	0.00558370385689	0.00287929907615	0.00270440478074
TNTTNTNT	163135	243058	256785	1956	1363	31.5260599553	0.00798321728554	0.00527991694687	0.00270330033868
TNTNNTTT	155489	247093	260918	1892	1284	33.8829155667	0.00759885133643	0.00489698781855	0.00270186351787
GNNTTTNT	14649	51350	53516	287	154	10.7001902086	0.0055580300947	0.0028693869946	0.0026886431001
ANANAAAT	41056	66806	67802	570	394	8.29559541363	0.0084599857516	0.00577746495396	0.00268252079765
TATTTNNT	36492	56175	58313	288	142	12.7577512804	0.0051006854046	0.00242921905739	0.00267146634721
NAANTTTT	17523	44360	46229	241	127	9.45510989087	0.00540346628999	0.00273966692553	0.00266379936446
NNAAAAAT	33260	70270	71911	723	545	7.07455168996	0.010184102658	0.00752180633764	0.00266229632037
NATATNTT	43531	57946	59171	297	145	12.828089242	0.0050993252408	0.00244453435835	0.00265479088245
ANTTNTTT	33378	60859	63370	412	259	9.7382431174	0.00672422516362	0.00407047101165	0.00265375415197
CNNTNTTT	21775	73283	76023	409	221	14.5378881819	0.00555012755794	0.00289858874141	0.00265153881653
NNNTTTNT	264721	523551	548971	3800	2529	70.1608094063	0.00720582685915	0.00458567543064	0.00262015142851
TNTNTNTT	172961	245379	259020	1895	1313	31.1826011813	0.00766356349636	0.00504354038866	0.00262002310771
NNTTTNTT	157830	253507	270142	2081	1501	30.0880897444	0.00814200979702	0.00552563474855	0.00261637504847
NTANNTTT	65289	127010	131475	667	344	25.7895491083	0.00522412024092	0.00260963897465	0.00261448126627
NANTNTTT	61200	139043	144144	763	413	26.3393932083	0.00545756262249	0.00285700450341	0.00260055811908
TNTATTNT	39652	54466	55764	266	127	12.1631785101	0.0048600453117	0.00227227997352	0.00258776533818
NNNTNTTT	266737	522088	546915	3501	2238	74.666931792	0.00666109831066	0.00407536697423	0.00258573133643
TNTATNTT	46810	59650	60821	301	149	12.5759946731	0.00502076695968	0.00244382483188	0.0025769421278
CTANNTNT	9545	34044	34675	150	63	8.75114535283	0.00438673451483	0.00181357591111	0.00257315860372
TNANTTTT	25081	55394	57663	321	185	9.92124077259	0.00576146459661	0.00319803623289	0.00256342836372
NNTCTTTT	11970	37367	38988	170	77	9.18903865897	0.00452886485334	0.00197107385127	0.00255779100207
TNCTNTTT	10839	32482	33835	165	85	6.95941842799	0.00505406316047	0.00250589622642	0.00254816693406
ANTTTTNT	31561	62668	65540	456	309	8.39166845123	0.00722387681389	0.00469255417698	0.00253132263691
NGNNTTTT	12858	48418	50570	262	145	9.18461302258	0.00538208709942	0.00285911466036	0.00252297243907
NNCTNTTT	18713	63513	65870	311	156	13.219341593	0.00487277513161	0.00236270560082	0.00251006953079
CNNTTTNT	23127	79201	81858	456	264	13.3435136981	0.00572454398232	0.00321472930518	0.00250981467714
CNTTTTNT	14138	43460	45133	270	166	6.97116801124	0.00617425108621	0.00366454005607	0.00250971103014
TNCNTTTT	15114	46288	47761	228	115	9.60050799105	0.00490153925531	0.00240203859972	0.00249950065559
NNNCTTTT	22851	80995	84000	366	169	18.1819811165	0.00449846978282	0.00200786512849	0.00249060465433
TTTNNTTT	102944	135300	145288	1269	995	12.8844091547	0.0092920062386	0.00680188401933	0.00249012221927
TTTNTNTT	104044	133721	144040	1268	1003	12.4927629093	0.00939335797732	0.0069151906676	0.00247816730972
ANATNTTT	34589	58515	60579	315	175	10.5330679522	0.00535441101479	0.00288046877572	0.00247394223907
TNTTTNNT	155654	242113	255840	1920	1389	26.3083989878	0.00786778837288	0.00539985771433	0.00246793065855
NNATAAAT	27192	38810	38889	176	80	8.55513439911	0.00451444108141	0.0020529138546	0.00246152722681
TTTTTTNN	104739	130770	143400	2025	1858	7.422981104	0.0152490681125	0.0127910338845	0.00245803422797
TANATTTN	27076	42189	43250	243	142	7.00364291883	0.00572680995475	0.00327249262537	0.00245431732938
ANNTNTTT	77551	151285	157053	880	525	23.363153967	0.0057831958729	0.00333168335681	0.00245151251609
NCNCNTTT	6303	29308	29635	112	41	7.97309137093	0.00380693405846	0.00138158781507	0.00242534624339
TATNNNTT	80774	127730	130685	571	266	26.5652073874	0.00445047193709	0.00203129414819	0.00241917778889
TATATNNT	49475	47339	47403	253	138	8.09184084749	0.00531601949908	0.00290275761974	0.00241326187934
TNNCTTTT	11675	36001	37281	171	87	7.27062283335	0.00472741346898	0.00232819524727	0.00239921822171
NNTNTTNT	281568	543027	566341	3562	2361	65.3305342795	0.00651677951807	0.00415155916455	0.00236522035351
GNNTNTTT	15524	52602	54356	251	130	9.97131043275	0.0047490208692	0.00238593400139	0.00236308686781
NNNATTTT	66107	157407	162590	777	416	27.2394289233	0.00491200121378	0.00255205329865	0.00235994791512
TTNTTNTT	109018	143584	154139	1340	1069	12.2715258999	0.0092462256079	0.00688753157054	0.00235869403737
NTTTNTNT	163547	251257	264560	1998	1474	24.4407453996	0.00788928155416	0.00554064518069	0.00234863637347
NTTNTTNT	165301	268378	282312	2117	1556	26.184247949	0.00782639235476	0.00548142094213	0.00234497141263
ATNTTTNT	42522	70662	73635	462	307	9.00007018362	0.0064956976548	0.00415190284277	0.00234379481203
NTATTTNT	40829	59624	61972	326	193	9.30804930614	0.00543786488741	0.00310464087509	0.00233322401232
NNATNTTT	77554	161588	166501	808	443	26.4695875745	0.00497549200719	0.0026535844355	0.00232190757169
ATAAANNT	24628	41500	41859	206	110	7.20119968426	0.00493933726562	0.00262098215349	0.00231835511213
NNTNNTTT	256162	526538	549516	3187	2040	66.7525206796	0.00601632922743	0.00369862715663	0.0023177020708
NTNTTNTT	166170	268620	283558	2008	1461	26.6202583724	0.00741977918028	0.00512597405787	0.00229380512241
NNTTTTCN	26556	93906	95499	548	337	12.5161055961	0.00580176593898	0.00351642389081	0.00228534204816
TATTNNTT	34221	55504	57403	233	109	11.44441442	0.00418034698674	0.00189525664209	0.00228509034465
CTNNTNTT	18105	65792	67630	299	152	12.0798036762	0.0045240653039	0.00224248325514	0.00228158204876
NATTNTNT	74046	145296	149389	744	422	22.1903472347	0.005094494659	0.00281688260542	0.00227761205358
CTNTNTNT	19282	59177	60422	304	172	9.30132543385	0.00511087574183	0.00283856487441	0.00227231086742
NTANATTT	27076	42391	43498	165	70	9.58546217895	0.00387724410189	0.00160668380463	0.00227056029726
GTNTNTNT	20235	52242	53208	228	111	9.97597428355	0.0043453401944	0.0020818094863	0.0022635307081
ATATNTTN	43531	57871	58845	353	225	7.34563161529	0.00606279197582	0.00380904012189	0.00225375185393
NNCNTTTT	27580	96971	99914	459	247	16.0704082315	0.00471107461767	0.0024660296922	0.00224504492548
AANTNTTT	19790	46197	48004	246	147	6.96797394529	0.0052968154512	0.00305289609769	0.00224391935351
NTTTTNNT	154366	260570	275101	2005	1494	23.6871593184	0.00763591354851	0.00540139915761	0.0022345143909
TANNTTTN	65288	126754	130662	868	600	13.2929136596	0.00680133519299	0.00457101065045	0.00223032454254
ANTTTNTT	31187	61905	64701	364	235	8.0697540158	0.0058456053574	0.00361894788715	0.00222665747025
CNATNTNT	14203	47682	48419	201	96	9.13080359447	0.00419773197168	0.00197876945275	0.00221896251893
NNTANTTT	56841	122098	125359	513	247	22.6471180701	0.00418396391841	0.00196646657007	0.00221749734834
TATNNTNT	87278	129867	132732	607	324	20.9226593096	0.00465226788479	0.00243506493506	0.00221720294972
NNTNTNTT	279162	521364	545271	3089	2011	61.4874238447	0.00588994628689	0.00367452245826	0.00221542382864
NANTTNTT	62744	142569	147461	675	371	22.3695565633	0.00471223925609	0.00250960549813	0.00220263375796
TTNTNTNT	165482	241586	253512	1821	1348	21.5718894027	0.0074812967581	0.00528917837244	0.00219211838566
TNNNNTTT	242011	497109	518329	2913	1892	57.7922549706	0.00582574366728	0.00363691584923	0.00218882781805
GNTNNTTT	14389	54858	57030	236	120	9.95685841617	0.00428358804952	0.00209973753281	0.00218385051671
ANNTTTNT	70691	147114	152622	888	586	16.8186717731	0.00599991892001	0.00382486554227	0.00217505337775
NNTTNTNT	272466	514641	535577	3243	2198	54.0444371788	0.00626202006627	0.00408721119427	0.002174808872
TATNTNNT	98090	136444	138943	649	357	20.4514141873	0.00473401267753	0.00256281407035	0.00217119860717
NANANTTT	48733	118663	121792	491	238	21.3957914053	0.00412071772664	0.00195034008031	0.00217037764633
NGTTNTNT	14143	46627	48427	194	96	8.73195964291	0.00414343990944	0.0019784432125	0.00216499669695
NTTNNTTT	153633	252970	266767	1827	1342	23.1014437538	0.00717041409436	0.00500542689727	0.00216498719709
NATATTNT	36065	53337	54613	238	125	8.95708994053	0.00444237050863	0.00228360553911	0.00215876496952
ANNGTNTT	10213	37970	38834	144	63	7.95887827513	0.00377813926641	0.00161966218474	0.00215847708167
NTTNTNTT	155842	250574	265299	1813	1342	22.572669573	0.00718341277483	0.00503298442475	0.00215042835008
TNNTTNTT	161873	262691	276280	1893	1392	23.4387952253	0.00715462764188	0.0050131089919	0.00214151864998
TNNNTTNT	258277	498878	518975	3096	2101	51.2895111971	0.00616765011734	0.00403204139127	0.00213560872606
CNANTTNT	11283	45815	46398	204	107	7.53345139206	0.00443295160694	0.00230082786797	0.00213212373897
ATNNAAAT	25774	51895	52711	268	159	7.11982730044	0.00513774131089	0.00300737658407	0.00213036472682
CNNCNTTT	7633	39413	40253	146	63	8.22233928326	0.00369068985566	0.0015626550253	0.00212803483036
ATNTTNTT	40018	73202	75906	403	255	9.20121313702	0.00547517152367	0.00334817032339	0.00212700120028
TNNANTTT	53073	121294	124517	486	233	21.6740725126	0.00399080308753	0.00186773547094	0.00212306761659
TCNNTTNT	21260	72154	73938	365	216	9.8709991618	0.00503316372261	0.00291285702727	0.00212030669534
TCNNNTTT	21580	78354	80371	348	186	12.3767851169	0.00442174277655	0.00230892411584	0.00211281866071
GTNNNTTT	14589	50530	51754	197	92	9.56101810494	0.00388353342401	0.0017744859777	0.00210904744631
NTNNNTTT	256323	515082	536945	3004	1989	55.3985415718	0.00579826515289	0.0036906188884	0.00210764626449
AATNNTTT	21467	52104	53521	243	136	7.91149561369	0.0046420998338	0.00253461803679	0.00210748179701
TTTTNNTT	101887	134553	144186	1193	970	9.6935873701	0.00878847258851	0.00668246576097	0.00210600682754
NANNNTTT	137204	367412	378815	1647	896	54.2614653211	0.00446270108573	0.00235968934268	0.00210301174305
CNANNTTT	11878	50635	51562	221	116	8.23591935489	0.00434560327198	0.00224466891134	0.00210093436065
NNCTTTNT	20687	70345	72451	333	190	10.1964949682	0.00471150853165	0.00261560275877	0.00209590577288
GNTTNTNT	14661	51444	52864	234	129	7.94267954294	0.0045280390108	0.00243428377333	0.00209375523747
TTNNTTNT	152760	249007	261481	1892	1433	19.9501255152	0.00754088298479	0.00545045147843	0.00209043150636
AATNTNTT	24172	49958	51382	224	123	7.72085714858	0.00446375194293	0.00238811765848	0.00207563428445
NNTTNTCT	19887	69953	71127	335	192	9.70869700866	0.00476610516731	0.002692129727	0.00207397544031
ATNNNTTT	77875	151776	156459	737	434	19.9682745504	0.00483237494509	0.002766216466	0.00206615847909
NANNTTNT	145877	356327	366658	1620	905	49.4976696404	0.00452580968691	0.00246216294894	0.00206364673797
TANTNTNT	70280	110717	113728	483	262	16.3980088667	0.00434352517986	0.00229844723221	0.00204507794764
CNNNNTTT	44502	181269	186611	814	454	25.4397546154	0.00447048873316	0.00242696388956	0.0020435248436
TNATNTTT	30753	62109	63727	294	171	8.50329502275	0.00471131195616	0.00267614009828	0.00203517185787
NGTNTTNT	14506	48056	49538	206	111	7.52257908631	0.00426836848867	0.00223569457592	0.00203267391274
ATATNTNT	140381	71833	71801	368	221	8.69940198101	0.00509688231465	0.00306850684513	0.00202837546952
NTNTNTNT	401845	528607	544674	3227	2210	49.1351341157	0.0060676827732	0.00404107635257	0.00202660642062
ANANNTTT	60159	130686	134690	586	330	18.1262898771	0.00446401365105	0.00244408235817	0.00201993129288
NNTCTNTT	18861	64975	66847	224	95	12.9045235058	0.00343563551588	0.00141913895611	0.00201649655977
ATTNTNTT	34480	62593	64859	312	192	7.89405820922	0.00495986010651	0.00295153033774	0.00200832976877
CNTNNTTT	24285	87412	90193	410	241	11.5045716249	0.0046685340803	0.00266492690802	0.00200360717228
GNTNTTNT	15821	58443	60954	276	165	7.84589002605	0.00470035252644	0.00269965149953	0.00200070102691
NNNTTNTT	267525	547036	570587	3219	2206	51.8361369161	0.00585001499305	0.00385130404876	0.00199871094429
NTATNTNT	196372	156889	158541	750	439	19.2589391872	0.00475770589765	0.00276135362939	0.00199635226826
TTNNNTTT	146545	248005	261460	1732	1300	19.67696788	0.00693529593132	0.00494748059065	0.00198781534067
ATANATNT	132094	59925	59462	280	159	7.75825651873	0.00465077651358	0.00266684557455	0.00198393093903
NGNTNTTT	12812	48330	49831	205	112	7.2517498652	0.00422375605233	0.00224255651443	0.00198119953791
CTNNTTNT	18705	67462	69016	335	205	8.19016448048	0.00494122158798	0.00296152901576	0.00197969257221
NATTTNNT	67206	147640	152280	679	397	18.8786738744	0.00457797045557	0.00260026068105	0.00197770977453
NGTNNTTT	12884	46650	48135	177	87	7.98433981584	0.00377987058748	0.00180415577952	0.00197571480796
NNANAAAT	73142	150948	152908	1029	738	12.0592415448	0.00677076136521	0.00480324902698	0.00196751233822
TNNTNTNT	278918	493205	510899	2863	1952	45.689104862	0.00577138618093	0.00380617372297	0.00196521245795
CNNTTNTT	21987	74702	77067	363	222	9.12130182277	0.00483580896556	0.00287233629624	0.00196347266932
TNTTNTCN	25476	83278	84396	410	249	9.78383982354	0.00489914922092	0.00294169767854	0.00195745154238
NCNTNTTT	25873	88309	91094	431	265	10.5374805859	0.00485688528285	0.00290064470933	0.00195624057352
TCTNNTNT	17820	62096	62744	272	152	8.37631177584	0.00436121087737	0.00241668786568	0.00194452301169
GANNNTTT	12257	49213	51097	180	87	8.51890754624	0.00364424108679	0.00169974992185	0.00194449116494
ANTNTNTT	65292	134120	138760	615	365	16.6179428672	0.00456451553049	0.00262353998203	0.00194097554846
GNTNTNTT	15447	54709	57487	216	115	8.54442303935	0.00393263541193	0.0019964584563	0.00193617695562
TNTTTTNN	159044	253662	270609	2882	2540	11.5253703648	0.0112339403767	0.00929895405072	0.00193498632598
NNTATNTT	84828	145367	149311	589	315	20.5463328977	0.0040354627422	0.00210524908773	0.00193021365447
TTTNNTNT	151975	245241	257007	1701	1282	18.2864189271	0.0068882571616	0.00496343243421	0.00192482472739
NCTNTTNT	18817	63104	65147	321	205	7.10142905455	0.00506109578242	0.00313685885665	0.00192423692577
ANTNNTTT	61999	137175	141375	649	395	15.9916762774	0.00470890410959	0.00278620300487	0.00192270110472
TANANNTT	56372	93797	95452	364	186	14.0068649616	0.00386571935302	0.00194483364353	0.00192088570949
NNANNTTT	137074	355926	365872	1513	848	45.7385753558	0.00423289008754	0.00231239092496	0.00192049916258
NANNTNTT	159731	378010	388434	1508	800	52.4364459323	0.00397346107431	0.00205531890842	0.00191814216589
NNNTTTCT	22063	77188	78349	331	185	10.2167394486	0.00426992092261	0.00235566760893	0.00191425331368
TNTNNTNT	275293	492809	509278	2761	1872	44.6285716402	0.00557136226971	0.00366233004011	0.0019090322296
NANCTNTT	10614	43590	44577	143	61	8.24180030562	0.00326984199575	0.0013665486805	0.00190329331525
TNNNTNTT	273511	529895	548674	2831	1879	50.2726678734	0.00531417651851	0.00341293208828	0.00190124443023
NNTTTNNT	253538	521842	543956	3110	2198	43.7076062281	0.00592435117877	0.00402450590859	0.00189984527018
NNTTTNCT	20488	73758	75130	344	207	8.70231741622	0.0046422498718	0.00274765387525	0.00189459599654
NNAAAANT	58705	144365	147580	1035	775	10.2001556244	0.00711829436039	0.00522395605136	0.00189433830902
TNNTNTCT	18605	61062	61638	259	144	8.08389105509	0.00422367541299	0.00233077595416	0.00189289945883
CANTNTNT	16858	57524	58586	246	139	7.60017423421	0.00425826553575	0.00236696466582	0.00189130086993
GNNNNTTT	34480	138670	143167	524	269	20.4982504645	0.00376453008032	0.00187540087565	0.00188912920467
TATNTTNN	84827	145483	148819	838	574	12.8904291807	0.0057271341776	0.00384221482934	0.00188491934825
NATTNNTT	63762	141230	145269	558	299	19.4977274525	0.00393545292973	0.00205402286217	0.00188143006756
NTGNNTTT	14971	54466	56329	222	123	7.61964879512	0.00405939145699	0.00217884220222	0.00188054925477
NNACTNTT	10233	38372	39271	128	57	6.93106362653	0.00332467532468	0.00144934906428	0.0018753262604
ANNTTNTT	68265	154302	159580	744	468	16.6071315774	0.00479857590651	0.00292412276317	0.00187445314333
TTTNTNNT	151810	248566	260833	1716	1306	17.6332893749	0.0068562661318	0.00498208965473	0.00187417647708
TNANNTTT	51510	123788	127324	530	305	15.4239003248	0.00426326034846	0.00238973900916	0.0018735213393
TCNTNTNT	25937	84094	85749	372	218	10.1657036341	0.00440413894348	0.00253585678225	0.00186828216123
CTNTNNTT	17002	57369	58717	228	123	8.07545953735	0.00395853950727	0.00209041468389	0.00186812482338
NCNTTTNT	26278	86846	89208	455	300	8.60036830182	0.00521185324338	0.00335165571792	0.00186019752545
NNCTTNTT	21554	79675	81167	307	161	11.2637653425	0.00383836363182	0.00197963800905	0.00185872562277
NNATTTNT	73143	150734	155074	737	468	15.6102219704	0.00486561784104	0.00300883362693	0.00185678421411
NTNTTTCN	25101	82947	82762	448	292	7.80674526036	0.00537202470172	0.00351578491102	0.0018562397907
TCNNTNTT	22853	78061	79314	318	175	10.2746660564	0.00405720920144	0.00220156248034	0.0018556467211
GTTTNNNT	13839	49253	50183	190	100	7.12241529347	0.00384280889105	0.0019887437106	0.00185406518045
NCTNNTTT	17664	63745	65760	300	187	7.19761893062	0.00468420641736	0.00283561041442	0.00184859600294
ANTNTTNT	73048	147947	151821	752	489	14.4735674753	0.00505719608067	0.0032105574158	0.00184663866488
ATTNTTNT	42025	74720	76588	397	265	7.1701945174	0.00528508859512	0.00344814125668	0.00183694733844
CNNTNTNT	46548	162003	165497	697	406	18.9296534328	0.00428395820529	0.00244721313056	0.00183674507472
TNCNNTTT	23859	81324	83327	305	160	11.3780185694	0.00373641720467	0.00191646603663	0.00181995116804
NTNNTTNT	275307	544098	563564	3244	2326	41.1971537613	0.0059268245448	0.00411033946527	0.00181648507953
TNNATNTT	78011	147801	150560	556	292	19.8025914606	0.00374771665644	0.00193567204943	0.00181204460702
NTATTNTT	40723	66672	68740	301	185	7.52837557329	0.00449434846879	0.00268407689518	0.00181027157361
TGNNNTTT	14334	52938	54159	181	87	8.33549065452	0.00340744366423	0.00160380488884	0.00180363877539
NATTTTNN	66106	156374	161020	1068	807	10.4424674534	0.00678345041349	0.00498680689873	0.00179664351476
NANGTNTT	12812	51026	52341	175	85	7.96676124652	0.0034179019941	0.00162133292641	0.00179656906769
GNNTTNTT	15400	55341	57660	219	124	7.29348066081	0.00394168466523	0.00214592274678	0.00179576191845
AANNTTNT	47652	119069	122255	520	313	13.2150126744	0.00434822600741	0.00255368448535	0.00179454152206
NTTTNTCN	23251	81257	81535	436	290	7.21320755184	0.0053370545824	0.00354414909869	0.00179290548371
ANNNNTTT	147334	365502	375741	1574	941	39.4818826566	0.00428794037202	0.00249812839477	0.00178981197725
NATANNTT	66891	115633	117258	429	224	15.4392135527	0.00369630025331	0.00190667506512	0.0017896251882
TNTTTNCN	24737	80144	81463	426	286	7.2128403136	0.0052873277895	0.00349851374329	0.00178881404621
NNTATTNT	82664	140867	143771	564	317	17.0144712197	0.00398781031033	0.0022000444173	0.00178776589303
NCNNNTTT	45755	179927	184368	755	442	20.3653846093	0.00417861214731	0.00239164547373	0.00178696667358
NATNTTTN	77553	160420	165019	1122	856	10.29088382	0.00694556214483	0.00516051243406	0.00178504971077
ANNNAAAT	70260	147299	149177	903	646	10.7889359947	0.00609303518171	0.00431175453702	0.00178128064469
ANANAANT	69289	137298	139060	807	568	10.4984281974	0.00584338003693	0.00406795198671	0.00177542805022
TNTTNNTT	154294	253454	265367	1602	1202	17.5915950057	0.00628097359011	0.00450915147673	0.00177182211339
TTNTTNNT	159890	263604	274685	1814	1400	16.4554484184	0.00683450255823	0.00507090207726	0.00176360048097
TNNCTNTT	19174	65746	67083	224	110	9.69286239979	0.00339548279521	0.00163707529058	0.00175840750463
TNTNTNNT	285455	496085	512176	2746	1927	38.0738421635	0.00550487038696	0.00374827612366	0.00175659426331
NCANNTTT	18260	69518	70707	276	156	8.41997435581	0.0039544946557	0.0022014309301	0.0017530637256
TANANTNT	55897	85418	86687	304	156	11.6002674012	0.00354634749539	0.00179634512857	0.00175000236683
NNTTTTAN	56140	120364	124429	638	440	10.1866312784	0.00527264012165	0.00352369283009	0.00174894729156
NNNAAAAT	66106	157603	159887	1131	865	9.3404583565	0.00712512757191	0.0053809594904	0.00174416808152
TTTTNNNT	149320	247065	259374	1658	1284	15.523727663	0.00666605018434	0.00492599498193	0.00174005520241
CNTNTNTT	25462	87156	90004	363	218	9.67203948873	0.00414767079149	0.00241626210902	0.00173140868247
NTACNTNT	18274	49128	49330	165	80	7.15646312902	0.00334733126407	0.00161910544424	0.00172822581983
NTNNTNTT	266384	543532	563637	2851	1978	42.4868341992	0.0052179515102	0.00349707840139	0.00172087310882
NNNCTNTT	39218	152492	156274	487	230	22.2833302212	0.00318344347917	0.00146961100036	0.00171383247881
TTNNTNTT	156879	264388	277123	1698	1300	16.7852419172	0.00638139548868	0.00466915448796	0.00171224100072
TANTTNNT	58470	114511	117117	454	263	12.8194826766	0.00394902796503	0.00224058613052	0.00170844183452
CANNTTNT	18932	71537	72829	287	167	8.09216642358	0.00399587881488	0.00228779659159	0.00170808222329
TANTNNTT	58471	116359	118880	409	214	15.0096839057	0.00350267196492	0.00179689992779	0.00170577203713
TNNATTNT	67154	132542	134795	518	296	14.8152456705	0.00389298061025	0.00219111561836	0.00170186499189
ATNTNTNT	196846	175602	177532	874	579	14.5716354775	0.00495251478955	0.00325078181583	0.00170173297371
NNTTNTGT	19968	65978	66835	239	128	8.32782203741	0.00360934503224	0.00191150336753	0.00169784166471
NANATTNT	62621	129117	131757	476	261	15.4255937616	0.00367303789557	0.00197700313594	0.00169603475963
CANNNTTT	17658	69733	71277	296	181	7.29723768811	0.0042268203173	0.00253295642195	0.00169386389534
CNNNTTNT	47127	183249	186837	782	479	17.9956943833	0.00424928408801	0.00255717610882	0.00169210797919
NNTGTNTT	17643	57515	58971	195	100	7.8722373819	0.00337896378444	0.00169287806199	0.00168608572245
NANATNTT	73561	140825	144055	515	283	16.6701905527	0.00364369605207	0.00196067563635	0.00168302041572
ATNNTNTT	76113	159618	163433	684	424	15.4763557252	0.00426694613916	0.00258762213393	0.00167932400523
NNGNNTTT	28856	120231	124641	505	313	12.1636774055	0.00418267956533	0.00250492181123	0.00167775775411
NATNNTNT	175408	375191	382536	1518	902	37.675848409	0.00402963560733	0.00235240117046	0.00167723443686
NNTTCTTT	13012	41439	42158	109	40	7.8471466312	0.00262347164725	0.000947912223328	0.00167555942392
NANTNTNT	152658	316784	324159	1344	829	30.1005052587	0.00422471458029	0.0025508634165	0.0016738511638
TNTNTTCN	27740	89494	90459	417	269	8.02867741419	0.00463791972061	0.00296490609294	0.00167301362768
NNNTCTTT	21323	75862	77078	213	87	12.6946328233	0.00279986855077	0.00112745415668	0.0016724143941
CNNNTNTT	45976	179652	184228	688	396	19.6054724941	0.00381501608074	0.00214489990467	0.00167011617607
NATNNNTT	157863	359009	366353	1262	677	41.9367960008	0.00350291863625	0.001844535869	0.00165838276725
AANNNTTT	47737	130654	134102	519	309	13.6177356425	0.00395660692368	0.00229891898729	0.0016576879364
ANTTNTNT	69289	137379	141051	683	466	10.9975030037	0.00494705277339	0.00329289060678	0.00165416216661
GNNTNTNT	40632	129500	132752	508	300	13.6071122247	0.00390745184912	0.00225475753841	0.00165269431071
NTTTNNTT	153247	249573	262177	1620	1265	14.5318726467	0.00644922430163	0.00480181595949	0.00164740834214
TNNNCTTT	20345	71192	72454	194	78	11.9390774939	0.00271761970134	0.00107538741521	0.00164223228613
TANATNNT	75413	111489	112371	420	238	12.0508535502	0.0037530493526	0.00211350780133	0.00163954155127
CNTNTTNT	26969	92631	94668	421	274	8.21517006052	0.00452435197524	0.00288597248847	0.00163837948677
NNNANTTT	118599	326720	334589	1211	689	34.8764052041	0.00369285002028	0.00205501106544	0.00163783895483
TATTNNNT	71099	121111	123689	446	252	13.4375457251	0.00366906060531	0.00203322548632	0.00163583511899
CNTTNTNT	25381	82760	84877	370	240	7.48254207555	0.00445086009864	0.00281964824888	0.00163121184976
NNNGTNTT	31420	126926	129907	409	206	16.4375256547	0.00321199984293	0.0015832391844	0.00162876065853
NGNNNTTT	29045	120129	123720	419	229	14.1731753773	0.00347579387464	0.00184753406643	0.00162825980821
NTAAANNT	43686	95207	96244	391	238	9.21036977959	0.00409004372476	0.00246678136855	0.00162326235622
NTANATNT	172914	128332	128538	489	280	13.2334123905	0.0037959649436	0.00217360927821	0.0016223556654
ANANANAT	196846	173204	174369	968	690	11.3534566231	0.00555772454815	0.00394152828475	0.0016161962634
TANNNTNT	150783	276374	281602	1068	631	27.1657370205	0.00384945321905	0.00223574139098	0.00161371182807
NNNGNTTT	28959	126598	131777	483	289	13.1727075816	0.00380072552152	0.0021882997895	0.00161242573202
NATCNNTT	12694	51103	51606	141	59	8.15535260349	0.0027515416439	0.00114197232169	0.00160956932221
NNNTNTCT	39911	149425	150118	567	327	15.0835430784	0.00378020161075	0.00217355179634	0.00160664981442
TANTTTNN	56840	121673	124602	709	524	7.77894562012	0.00579333562125	0.00418777871905	0.0016055569022
TANNNNTT	136688	288777	294160	1009	555	31.430872695	0.00348187973194	0.00188317527102	0.00159870446092
TTTNNTCN	22682	81210	81451	355	225	7.13367165198	0.00435235701588	0.00275478720799	0.00159756980788
NATANTNT	69111	112280	113704	407	230	11.9743620989	0.00361177420643	0.00201871258799	0.00159306161844
NAANTTNT	41413	109962	112619	423	253	10.9814585456	0.00383204239706	0.00224147707137	0.00159056532569
NNACNTTT	15302	56299	56871	181	92	7.18329108652	0.00320467422096	0.00161508347524	0.00158959074572
CTNNNTNT	37786	148078	150386	580	350	13.9788930366	0.00390157273742	0.00232194034604	0.00157963239139
CANNTNTT	18640	67449	68933	247	143	7.23175342337	0.00364866461829	0.00207018356593	0.00157848105237
NNNTAAAT	46368	91872	92511	340	196	9.38038804763	0.00368715568473	0.00211418770967	0.00157296797506
NTNNAAAT	49853	116859	118272	522	341	9.50455214303	0.00444705701945	0.00287489566911	0.00157216135034
NCNCNNTT	11051	56917	57604	159	70	8.43958730808	0.00278575933843	0.00121371848667	0.00157204085176
NNNGNCTT	6804	46402	46503	110	37	8.56316582203	0.00236498108015	0.000795015040825	0.00156996603933
NTANTTNT	66320	123152	126122	553	367	9.9486285775	0.00447031243685	0.00290143806971	0.00156887436713
TNTANTNT	68321	105637	107345	387	224	10.8075847507	0.00365011695465	0.00208238433006	0.00156773262459
TNTANNTT	69679	117250	118928	411	230	12.4752592565	0.0034930860693	0.001930210309	0.0015628757603
NCNNTTNT	45260	166498	170454	726	475	13.5538858651	0.00434148208391	0.00277893160318	0.00156255048073
NCNNTNTT	45509	174177	178471	651	387	16.8847230004	0.00372365982566	0.00216372764987	0.00155993217579
NAAAANNT	66114	155883	158777	907	674	9.20694605721	0.00578480770457	0.00422700390716	0.00155780379742
NTTTTTNN	155772	257484	274100	3017	2776	7.43237266837	0.0115815294375	0.0100261488898	0.00155538054775
NAANAANT	62744	142498	144781	836	622	8.35255074589	0.00583253101148	0.0042777659333	0.00155476507818
NTTNNTNT	268331	528329	544016	2810	2040	32.6326605581	0.00529051717159	0.00373588056903	0.00155463660256
NAANANAT	91283	161726	162909	893	644	9.96082770825	0.00549136324784	0.0039375615244	0.00155380172344
TATNNTTN	82907	143146	145128	739	522	9.56289734799	0.00513604614797	0.00358393408857	0.0015521120594
CATTNNNT	18085	66067	67193	221	120	7.5795711916	0.0033339367608	0.00178271656292	0.00155122019788
GNNNTTNT	34686	134861	139811	539	341	12.1089792675	0.00398079763663	0.00243307266396	0.00154772497267
TTNTNNTT	155798	257603	269263	1568	1218	14.0755159246	0.00605005961315	0.00450308894155	0.0015469706716
AATNNTNT	53282	120248	122435	463	281	11.1960642346	0.00383560735973	0.00228983995567	0.00154576740406
ATANANNT	169355	130528	130132	542	338	10.9397886901	0.004135194934	0.00259063386219	0.00154456107181
TNCNTNTT	28647	98149	98896	315	164	11.3702037432	0.00319913877153	0.00165556228548	0.00154357648605
NAANNTTT	43855	119700	122836	446	267	11.5965828923	0.00371215021724	0.00216891546104	0.0015432347562
NNCTNTNT	37438	137034	139616	515	308	12.9890482576	0.00374412027714	0.00220119493439	0.00154292534274
NNTCNTTT	26810	95033	96874	301	157	11.2204995092	0.00315732057818	0.00161803959559	0.00153928098258
ANAAANNT	70691	147654	150364	834	618	8.63633220703	0.00561661548408	0.00409320316329	0.00152341232079
NTANNTNT	265583	330565	333962	1313	816	27.2638256833	0.0039562730883	0.00243743615172	0.00151883693659
TCANNNTT	17178	65466	65916	212	113	7.39806933955	0.00322786930174	0.00171136924685	0.0015165000549
ANATNTNT	183484	156022	157390	691	457	11.6283563483	0.00440933426072	0.00289520865142	0.0015141256093
TNTNNNTT	262492	500282	515838	2333	1619	33.9439729261	0.00464172378461	0.00312876238992	0.00151296139469
NNCNNTTT	46235	179855	183819	620	355	17.8008975817	0.00343537886134	0.00192752505783	0.00150785380351
ANNNTNTT	148269	367722	376964	1404	869	31.280083052	0.00380357926562	0.00229995791792	0.0015036213477
TATANNNT	78538	91688	91985	357	219	8.01868764071	0.00387853767179	0.00237516810551	0.00150336956629
NNTNCTTT	23099	83536	85343	219	95	11.9811261002	0.00261476926751	0.0011119174138	0.00150285185371
NNATNTNT	299200	394695	399778	1592	1008	31.1034603538	0.00401729049906	0.0025150579112	0.00150223258785
TNNTTNNT	258236	516713	532658	2740	2021	29.5258995145	0.00527477943144	0.00377983799626	0.00149494143518
CNTTTNNT	25802	90176	92334	373	243	7.37613819333	0.0041193166131	0.0026248420234	0.00149447458971
NNTTNNTT	249029	514747	534428	2499	1790	32.5365459998	0.00483135683988	0.00333819454028	0.0014931622996
ATANNTNT	176803	142486	142752	586	373	11.1713956674	0.00409583985686	0.00260611353712	0.00148972631974
TANNTNNT	155607	308972	313028	1109	655	27.6303996617	0.00357648485396	0.00208809530641	0.00148838954755
NTATNNTT	82909	142988	145653	517	309	13.0540197526	0.00360266192816	0.00211698935339	0.00148567257476
NNAANTTT	36622	103882	106987	397	249	9.10794717076	0.00380709442937	0.00232198142415	0.00148511300522
NTNTNNTT	271614	518611	535636	2514	1797	32.147029423	0.00482417846006	0.00334367260663	0.00148050585343
CATNNTNT	22157	76523	77387	277	165	7.15194068336	0.00360677083333	0.00212760470394	0.00147916612939
TNNCNTTT	24687	83170	84531	270	149	8.76117849125	0.00323585810163	0.00175956542277	0.00147629267886
NNAAANAT	77553	160567	162749	984	755	8.00700461873	0.00609095579724	0.00461762403366	0.00147333176358
ANANNAAT	79514	148361	150027	810	596	8.37638285459	0.00543000985446	0.00395689901277	0.0014731108417
TCNNNTNT	44194	163060	165491	608	372	13.9581393569	0.00371483735367	0.00224281485322	0.00147202250044
ANNTNTNT	279998	378155	384096	1676	1134	25.5237823579	0.00441248871209	0.00294369597383	0.00146879273825
NAAANANT	61200	138711	141546	825	632	7.18168633814	0.00591245270038	0.00444513215828	0.0014673205421
TNTTNNNT	256757	503755	519316	2516	1826	29.5553481474	0.00496967039392	0.0035038434822	0.00146582691172
NTNTTNNT	276036	559992	577581	2982	2222	30.4432034444	0.00529686983768	0.00383233615556	0.00146453368213
NNNNCTTT	41606	166680	169861	439	198	21.6861410685	0.00262687067299	0.00116430180114	0.00146256887185
ATNNTTNT	87856	173255	176848	792	548	11.5941784321	0.00455049498124	0.00308913391508	0.00146136106616
ANNNTTNT	158125	372583	381380	1616	1095	25.4151949942	0.00431855777274	0.00286293221779	0.00145562555494
NTANTNTT	67209	129973	133006	504	321	10.5552522015	0.00386274975666	0.00240761436168	0.00145513539498
CTNNNNTT	33745	144531	147334	464	258	14.4774546081	0.00320011034863	0.00174806222559	0.00145204812304
TTNNNTNT	254632	493014	507852	2554	1888	27.141976705	0.00515368223937	0.00370384902107	0.0014498332183
NATNTNNT	184430	375120	381529	1439	911	28.7071388907	0.00382144630722	0.00238207300492	0.0014393733023
NTTNTNNT	266126	542378	560211	2778	2056	29.7328628375	0.00509578909523	0.00365662576676	0.00143916332847
NTNCTNTT	21667	75305	77552	233	128	8.04079656273	0.00308454023141	0.00164778578785	0.00143675444356
NTNNCTTT	20251	71710	72701	183	81	9.5876272486	0.00254544948743	0.00111291253332	0.00143253695411
TATTNTNN	82663	141928	143975	688	490	8.63332548101	0.00482414315364	0.00339182500952	0.00143231814413
NCNTNTNT	57829	193176	196650	750	481	14.689997884	0.00386745459608	0.0024400018262	0.00142745276989
NTATNTTN	84828	145184	148602	767	571	8.03323885415	0.00525518838514	0.00382777044103	0.00142741794411
NNATTNTT	74077	162126	165793	639	416	12.1782405604	0.0039259054465	0.00250287288895	0.00142303255755
NNNCNTTT	54032	207144	210567	630	340	20.776523454	0.00303214069133	0.00161208494739	0.00142005574393
NNTTTTNN	257866	544181	569184	4851	4255	16.1513144486	0.008835550569	0.0074201440781	0.0014154064909
NCTNNTNT	37272	146867	149400	555	352	11.4504930369	0.00376470269024	0.00235055291415	0.00141414977608
NNANTTNT	134398	330738	338191	1336	886	22.967382609	0.00402319964827	0.00261297581375	0.00141022383452
TNTATNNT	90704	128150	129107	490	311	9.76483659591	0.00380907960199	0.00240306603409	0.0014060135679
NNNCCTNT	14230	72239	72693	216	115	7.5368050939	0.00298116072045	0.0015794967586	0.00140166396185
TTTNNNTT	147141	248887	260472	1453	1153	11.5977354574	0.00580410641528	0.00440707118968	0.0013970352256
NTNANTTT	49273	123717	126534	453	286	9.81776979765	0.00364822420875	0.0022551648005	0.00139305940824
GNNNTNTT	35673	139552	144659	440	254	13.1545612258	0.00314303674496	0.00175277580341	0.00139026094154
NNATANAT	185492	129854	129216	514	331	9.19107697971	0.00394268532155	0.00255505723791	0.00138762808364
AANTNTNT	53837	109271	111504	466	320	7.28799535833	0.00424651667168	0.00286163971956	0.00138487695212
ANANTTNT	56893	120928	124021	494	334	8.38522983459	0.00406845546935	0.00268585903261	0.00138259643675
AANNTNTT	51162	129898	133408	452	279	10.7202949027	0.00346758726506	0.00208696432712	0.00138062293793
NTNTATNT	191923	150968	151254	577	368	10.9341078651	0.00380744993236	0.00242708841725	0.00138036151512
ATANNNTT	63763	112837	114479	375	222	9.77759162516	0.00331236971346	0.0019354669968	0.00137690271666
NNGNTNTT	31712	142574	146786	462	273	12.6070146987	0.00322995609497	0.00185639777232	0.00137355832265
NNNTTTCN	49408	191274	192062	822	560	11.8548645717	0.00427911044478	0.00290724839323	0.00137186205155
TNNTNNTT	256274	530002	545730	2405	1722	30.0529034721	0.00451722084796	0.00314548124767	0.00137173960029
NATANTTN	57353	109870	110864	445	296	7.54440146014	0.00403390291438	0.00266282835552	0.00137107455886
AAANANNT	77551	149962	153032	762	566	7.94161194996	0.00505559831215	0.00368494381437	0.00137065449777
CNNCNNTT	13566	75461	76665	197	95	8.81235230573	0.00260382246425	0.00123762376238	0.00136619870187
ANNANTTT	43600	115625	118315	426	274	8.71220285988	0.00367079990694	0.00231050097395	0.00136029893299
CNNTTNNT	44596	173955	177028	655	425	12.3640270903	0.00375121699788	0.00239500036629	0.00135621663159
NNTTNTCN	49513	190212	190414	810	551	11.5931067121	0.00424034927914	0.00288534548216	0.00135500379698
NNCNTNTT	54016	207782	210123	638	360	18.3887164208	0.00306112657135	0.0017103519049	0.00135077466644
ATNTNNTT	83627	154243	157197	583	381	10.8540894037	0.00376551741955	0.00241785020752	0.00134766721204
NNATAANT	51019	95037	94858	297	168	8.46108176963	0.00311536282963	0.00176793719614	0.00134742563349
ANANTNTT	55597	123983	127123	435	274	9.61981612878	0.0034962786735	0.00215075708219	0.00134552159131
CNANNTNT	30577	124744	125936	413	247	10.1997557548	0.00329985538164	0.00195747446169	0.00134238091995
ANTTNNTT	58777	132074	135481	496	326	9.3878265511	0.00374141962737	0.00240046536629	0.00134095426107
NTTTNNNT	253542	517230	533569	2591	1952	25.0272858858	0.00498440809432	0.00364504846682	0.0013393596275
TNTNNNCT	36833	140095	140797	502	315	10.2957152437	0.00357048870175	0.00223226940303	0.00133821929872
NNNNAAAT	140426	353279	356987	1795	1333	16.7818009498	0.00505528425061	0.00372013842376	0.00133514582685
TATNNNNT	178001	300817	303744	1057	661	21.592000212	0.0035014608744	0.00217144922061	0.00133001165379
NANTTNNT	121736	321416	328880	1176	764	22.0461733619	0.0036454716794	0.00231765176979	0.00132781990961
NTANANAT	168482	123124	122608	534	368	7.22668572984	0.00431836193372	0.00299245381213	0.00132590812159
NNNTCTNT	37679	140121	141070	413	229	12.5395232657	0.00293879061295	0.001620676721	0.00131811389195
NTTNNAAT	40733	98690	99967	349	221	7.33463150359	0.00352386433627	0.00220585299637	0.0013180113399
NATTNNNT	136026	320135	326124	1118	707	22.7271728985	0.00348012314282	0.00216319749351	0.00131692564931
NNATNAAT	50387	97818	97846	331	202	7.51917034962	0.0033724235601	0.0020602154047	0.0013122081554
ANANATNT	183484	155649	156666	588	385	10.289837094	0.00376351312429	0.002451432974	0.00131208015029
NNATATNT	195057	152986	153337	575	374	10.1454320674	0.00374444032013	0.0024331375113	0.00131130280883
NNAAANNT	137073	354758	359902	1660	1209	17.7455674959	0.00465745276613	0.00334800103015	0.00130945173598
AAANNNAT	77875	149756	152209	726	537	7.58670403294	0.00482449728207	0.0035156403441	0.00130885693797
CANTNNNT	33111	131497	132247	402	231	11.0413097012	0.00304778656396	0.00174368574405	0.00130410081991
ANTNNTNT	150494	338938	344565	1290	860	21.1768139762	0.00379157506143	0.00248968661793	0.00130188844349
GTNNNTNT	40581	135171	137616	445	273	10.4248888752	0.00328132373761	0.00197985336031	0.0013014703773
NNANAANT	134398	331701	335655	1543	1122	16.4424457226	0.00463024090456	0.00333158143222	0.00129865947234
CTANNNNT	22037	91738	93074	308	191	7.04887487711	0.00334615301045	0.00204792794725	0.0012982250632
NNTTCTNT	21172	72290	72986	197	104	7.12856908463	0.00271772869618	0.00142290326994	0.00129482542624
NNNATNTT	165266	390367	397757	1248	756	29.2482237254	0.00318680336555	0.0018970522919	0.00128975107366
ANTTTNNT	58362	137239	141431	605	440	7.54312043063	0.00438901947129	0.00310140902651	0.00128761044478
CNNTNNTT	40755	157016	160674	505	309	12.0756195908	0.00320592175012	0.001919457334	0.00128646441611
CNTNNTNT	52155	196506	199159	713	465	12.9172806788	0.00361527033399	0.00232937923296	0.00128589110104
NTNCNTTT	28455	96712	98322	285	163	8.39938779953	0.00293823520315	0.00165507437681	0.00128316082634
ANANANNT	279998	377620	381201	1616	1141	19.6826881355	0.00426119883133	0.00298423924131	0.00127695959003
NNNGTTNT	32311	124377	128313	431	280	8.79296294013	0.00345330427537	0.00217741245635	0.00127589181901
TNNNCTNT	35222	130559	131999	350	185	12.2517070813	0.00267361296779	0.00139956424378	0.00127404872401
NNTNNTCT	39736	160909	160941	571	365	10.6628095446	0.00353604161506	0.00226278005778	0.00127326155728
NANTNNTT	124811	322879	329838	1009	609	24.3142705146	0.00311527441585	0.00184295817484	0.00127231624101
NANNTTTN	137073	353994	362991	1993	1579	13.6687525841	0.00559851904704	0.00433112982418	0.00126738922287
NGNTNTNT	33764	124296	127761	423	272	8.82378863385	0.00339162437159	0.00212445228964	0.00126717208194
TNATNTNT	82253	140228	142073	524	350	8.80056413152	0.00372286006593	0.002457468246	0.00126539181993
NGTNNTNT	33194	122394	125381	389	240	9.23702350676	0.00316819103622	0.00191050859331	0.00125768244291
NNGNTTNT	29911	122077	125716	464	319	7.5410365022	0.00378648778776	0.00253104296426	0.0012554448235
NNANTNTT	138539	345101	352345	1174	754	22.7519196411	0.00339036892643	0.00213537846326	0.00125499046317
CNNCNTNT	16809	90525	90592	271	157	7.32997540607	0.00298471298295	0.00173004661208	0.00125466637087
NTCNTNTT	26875	99411	100068	307	183	7.72531845879	0.00307868188291	0.00182541820032	0.00125326368259
NTNNCTNT	37536	140531	141117	388	213	12.0328831426	0.00275335476408	0.00150711101677	0.00124624374732
NNTANTNT	147089	292840	296768	970	612	19.5608850731	0.00330145332017	0.00205797296388	0.00124348035629
TTTNNNNT	239691	494689	510389	2317	1751	22.1032126078	0.00466191555032	0.00341898699574	0.00124292855457
GNTNNTNT	36263	144528	148331	508	337	9.29541041778	0.00350257867012	0.00226679581349	0.00123578285663
ANATANNT	177928	138141	137762	523	351	8.00935065182	0.00377170714821	0.00254139726166	0.00123030988655
NNANATTT	56454	125704	127835	386	235	9.30688857447	0.00306130541677	0.00183493402046	0.00122637139631
ATTNNTNT	79514	149851	151762	607	428	7.99011584543	0.00403434845605	0.00281227413102	0.00122207432503
NTTNNNTT	240692	502285	520008	2212	1650	23.2000663625	0.00438456522041	0.00316299184523	0.00122157337518
TNANTNTT	58563	128167	130636	434	282	8.41424163682	0.0033747793563	0.00215402007363	0.00122075928267
NAATNTNT	62871	117988	120000	429	289	7.19048713052	0.00362279064661	0.00240254719883	0.00122024344778
TNTNTTNN	279160	522944	542027	3830	3300	14.0472553991	0.00727067015456	0.00605141502255	0.00121925513202
CTNTNNNT	37474	141768	143184	488	318	8.93426829353	0.00343043527162	0.00221599698959	0.00121443828203
ATTNNNTT	61698	128937	131901	421	270	8.69757325666	0.0032545339291	0.00204280818031	0.00121172574878
TTNTNNNT	265109	512504	525589	2419	1841	21.2828046657	0.00469778976663	0.00349051058908	0.00120727917754
NTANNNTT	137906	298334	303806	948	598	19.5344776337	0.00316758107738	0.00196449455329	0.00120308652409
ATNNNTNT	291816	402045	404863	1533	1054	20.9297229759	0.00379852221875	0.00259658994326	0.00120193227549
NNTTNNCT	35777	150384	151755	567	389	8.32297858749	0.00375618578214	0.00255678830582	0.00119939747633
NANANNTT	134168	324263	330028	994	614	21.9182864375	0.00305604491218	0.00185699336442	0.00119905154775
NNTNCTNT	41228	157433	159417	424	238	12.6824401169	0.00268597528143	0.00149071435282	0.0011952609286
NNTNNTGT	41288	153826	156021	467	287	10.6965768244	0.00302670892393	0.00183611843284	0.00119059049109
NNTANNTT	135757	311658	317373	915	553	21.7727527878	0.00292731617894	0.00173939847638	0.00118791770257
TTNNTNNT	254579	537309	550889	2532	1939	21.3881543769	0.00469026991281	0.00350742002938	0.00118284988343
NNTTNNGT	31899	126094	128041	402	256	8.28675348963	0.00317796610169	0.00199537011777	0.00118259598392
TNNANTNT	128058	275634	279487	870	550	17.5399136591	0.00314642826144	0.00196402618225	0.00118240207918
ATNNNNTT	151758	344431	349742	1078	679	21.9636992207	0.00312003449982	0.00193766926069	0.00118236523914
CANNNTNT	42361	163640	165678	543	353	10.067705275	0.00330728516351	0.00212610897965	0.00118117618386
NTTANTNT	58490	113308	114930	381	250	7.04699334934	0.00335124770206	0.00217051571453	0.00118073198753
AATNNNTT	46208	115744	117753	353	220	7.95571977614	0.00304056091027	0.00186483347885	0.00117572743143
AANNNTNT	134481	327608	332668	1108	732	18.8786122652	0.00337069080909	0.00219556088782	0.00117512992127
TNTNNTCN	50878	187100	186320	685	462	10.0209315761	0.00364778869452	0.00247347174781	0.0011743169467
NTNTNTAT	187848	150343	150610	611	434	7.33096009267	0.00404759065676	0.00287333492227	0.00117425573448
ANNGNNTT	24548	101818	104510	257	141	8.75650100499	0.00251775655156	0.00134733542919	0.00117042112237
NATATNNT	90658	133787	134421	471	315	7.63549718528	0.00350817083526	0.00233790523691	0.00117026559835
NNANANAT	299200	393812	395402	1804	1345	15.8300934471	0.00455997735178	0.00339006974218	0.0011699076096
NNCNTTNT	52338	193729	196755	671	450	11.0425480555	0.00345164609053	0.00228188940443	0.00116975668611
NNNAAANT	118598	326026	330884	1638	1272	12.0597602561	0.00499902338981	0.00382952588543	0.00116949750439
TNATNNTT	68654	152326	153892	471	295	9.96985946477	0.00308252125369	0.00191326116988	0.00116926008381
NNNATTNT	156653	364207	369486	1242	826	20.4280886597	0.00339855903286	0.00223055153492	0.00116800749794
TANANNNT	140213	256498	256861	860	560	14.7300680868	0.00334164859845	0.0021754246934	0.00116622390505
ANTNNNTT	122408	308395	314718	947	598	19.6133458251	0.00306133664359	0.00189651016758	0.00116482647601
NNTCNNTT	43417	170941	172945	419	222	14.4910918942	0.00244514472456	0.00128199945717	0.00116314526739
CNATNNNT	28331	110417	110528	346	218	7.06213015118	0.00312378682412	0.00196846838712	0.001155318437
NANTTTNN	118598	324438	331500	1723	1374	11.0909806515	0.00528266714905	0.004127687954	0.00115497919505
NNNTTNCT	41030	166786	168344	592	402	9.06200144519	0.00353690449163	0.00238227869105	0.00115462580058
TCNNNNTT	45241	184260	186031	525	315	12.6751689675	0.0028411397029	0.00169040387237	0.00115073583053
TNNTNTCN	46163	169260	168955	626	430	8.60354702662	0.00368482394076	0.00253859550728	0.00114622843348
AAANNTNT	60159	129610	132075	450	307	7.20663192649	0.00345994156543	0.00231904639604	0.0011408951694
NNTNTTCN	56241	218307	217476	847	595	10.1720407373	0.00386486215173	0.0027284691683	0.00113639298343
CTNNTNNT	39411	164890	167667	560	378	9.13003863352	0.00338470837111	0.00224939748282	0.00113531088829
NTANANNT	241505	287657	288576	988	662	15.0966968571	0.00342288970881	0.00228877256792	0.00113411714089
NAAANTNT	48733	117895	120199	363	234	7.34284432212	0.00306955977608	0.00194298904785	0.00112657072823
NANANTNT	139638	306101	310448	940	602	18.0497718816	0.00306148038861	0.00193538016396	0.00112610022465
NNNAATTT	37281	106826	108333	318	200	6.92137894318	0.00296796834167	0.00184275750233	0.00112521083934
ANANNTNT	268184	366531	370912	1310	906	17.9700022642	0.00356132133177	0.00243667600815	0.00112464532362
GNTTNNNT	29055	117873	121049	381	255	6.90089467979	0.0032218783297	0.00210215656532	0.00111972176437
NTNNTCTT	22676	87844	87515	191	92	8.15040481245	0.00216959163969	0.00105014439485	0.00111944724483
NNAAATNT	56454	124166	125941	400	264	7.21194443369	0.00321114910971	0.00209183471336	0.00111931439635
CNTNNNTT	46707	194604	198588	549	339	12.5652871356	0.00281317735315	0.00170414272572	0.00110903462743
NAANTNTT	44294	116079	118814	349	225	7.19202937798	0.00299756072422	0.00189013684591	0.00110742387832
NNTTTNCN	48486	186710	187624	831	626	7.24171356246	0.0044310310812	0.00332536520584	0.00110566587536
NTGNNNTT	34308	139390	142300	383	233	9.3955121993	0.00274015725498	0.00163470915507	0.0011054480999
NNCTNNTT	36172	148427	149992	419	257	9.58660048055	0.00281498998965	0.00171049391344	0.00110449607622
NAANNTNT	134167	321907	326959	1020	673	17.5488165071	0.00315860860194	0.00205413390633	0.00110447469561
TNNANNTT	129871	309465	314555	885	551	18.9897587247	0.00285161913968	0.0017486179254	0.00110300121428
TNNTNNCT	36241	145985	146298	497	336	7.58531755134	0.00339290834369	0.00229141945251	0.00110148889117
TNANNTNT	137860	299771	303439	1004	681	15.1983180603	0.00333804338791	0.0022392476654	0.00109879572252
ANNTNNTT	146035	350787	357930	1134	762	18.439516459	0.0032223140989	0.00212438526647	0.00109792883243
NATNTTNN	165265	389284	394982	1853	1443	13.2797067364	0.00473747050266	0.00364003279309	0.00109743770957
NTNTTTNN	266735	520966	541640	4270	3836	10.2029039631	0.00812967884913	0.00703239005932	0.0010972887898
NNATNNTT	161265	384089	389901	1147	737	21.6790730171	0.00297739567434	0.00188665721205	0.00109073846229
NAANANNT	159731	377491	381599	1489	1087	15.4809259513	0.00392896722782	0.0028404488275	0.00108851840032
NANNNTCT	27191	119655	119888	340	210	7.46229581341	0.00283345139381	0.00174857199953	0.00108487939427
NTNTNTCN	48188	173407	171368	700	505	7.11346375103	0.0040205161194	0.00293821600833	0.00108230011107
TANTNNNT	130923	271657	274929	830	541	14.8691372656	0.0030460168742	0.00196391621592	0.00108210065828
NNANATNT	283732	374972	377349	1198	796	19.0805997167	0.00318473030811	0.00210501262743	0.00107971768067
TNNNNTCT	35951	142532	142353	463	308	7.47268816839	0.00323787545019	0.00215896425793	0.00107891119226
NTNATNTT	65711	151276	153347	473	314	8.21814226182	0.00311698923881	0.00204345930327	0.00107352993554
TANNTTNN	135755	311356	315987	1378	1057	11.0890459934	0.00440630056214	0.00333392210545	0.00107237845669
ATTNTNNT	77202	159453	162035	592	427	7.14110173935	0.00369895966759	0.00262830692716	0.00107065274044
NNNTATNT	297962	357153	360300	1167	790	17.4090317141	0.00325686537173	0.00218782021103	0.00106904516071
TTNNNNTT	240120	508441	524599	2159	1663	18.4814586062	0.00422835879358	0.00316002295435	0.00106833583923
NNTNTNCT	42866	166260	166915	576	399	7.89476622679	0.00345249226786	0.00238473767886	0.001067754589
ANNNAANT	123952	317561	320507	1358	1026	11.5655240783	0.00425813451064	0.00319096329148	0.00106717121916
NTGNNTNT	43764	145704	148064	455	304	7.81676114974	0.00311304811883	0.00204895934433	0.0010640887745
NNNTNTGT	51409	159692	162018	490	324	8.65678591509	0.00305902036434	0.00199578667258	0.00106323369176
ACNNNNTT	28037	117802	119086	319	196	7.40315112191	0.00270062055011	0.00164316493687	0.00105745561324
TNTNTNCN	56631	185502	185744	707	511	7.67110525488	0.00379680896197	0.00274355050871	0.00105325845326
TNNTATNT	86924	130229	131685	383	248	7.34060257275	0.00293234924815	0.00187974199025	0.0010526072579
NTTNTANT	54957	108810	111758	290	180	6.96541707044	0.00265811182401	0.00160803301828	0.00105007880574
CNNTANNT	28851	109709	110073	282	167	7.19920575057	0.00256384613287	0.0015148766328	0.00104896950006
CNTNTNNT	54006	206076	208460	674	462	9.93787144699	0.0032599758162	0.00221135160491	0.0010486242113
NATNNTTN	161263	383143	387670	1714	1325	12.695096702	0.00445360224707	0.00340621344747	0.00104738879959
ANATNNTT	66766	137643	140300	416	277	7.3887977821	0.00301320449953	0.00197045035817	0.00104275414136
NNNTATTT	73591	133962	136939	365	230	8.06337732002	0.00271724969664	0.00167676370025	0.00104048599638
NNNTTTTN	257868	542886	570125	5036	4686	8.514414101	0.00919108924263	0.00815224482482	0.00103884441781
NNNCTTNT	44530	177436	180233	560	381	8.79779811392	0.00314613811546	0.00210947102661	0.00103666708885
TNCNNTNT	46264	164028	166240	515	349	8.18543196915	0.00312988094298	0.00209497625894	0.00103490468404
ANNNNCTT	29486	133730	134364	282	144	10.6249964189	0.00210428916813	0.00107056829334	0.0010337208748
TCNNTNNT	42023	157456	158953	514	354	7.49102191907	0.00325378236374	0.00222212457707	0.00103165778667
GNANNTNT	40686	140272	143013	410	270	7.60930013007	0.00291437426252	0.0018843826553	0.00102999160722
TNTTNTNN	281566	547802	564946	3662	3189	11.4590896454	0.00664050599858	0.00561310251965	0.00102740347893
TNNTTTNN	256160	525666	545737	3987	3571	9.75385131838	0.0075275699373	0.00650090659521	0.00102666334209
TCTNNNNT	34857	144085	143887	423	274	7.62112354606	0.00292717358209	0.00190065274242	0.00102652083967
NNTCNTNT	55367	212078	212961	613	396	11.1552720379	0.00288211536924	0.00185604409511	0.00102607127414
NAAANNNT	137204	366786	372098	1449	1086	13.3245754854	0.00393498716852	0.00291009260847	0.00102489456005
NNATANNT	270437	320697	320730	1024	695	14.5635000673	0.00318288206241	0.00216224624718	0.00102063581523
ANANNNTT	134481	330325	336551	962	635	16.8001676776	0.00290382659144	0.00188323358621	0.00102059300523
NTATNNNT	286991	354711	356446	1174	814	15.4354841995	0.00329881843854	0.00227845266753	0.00102036577102
NTNNATTT	67524	138964	141593	368	230	8.24439509435	0.00264117359975	0.00162173977423	0.00101943382552
ANTNTNNT	143955	328093	333864	1150	834	13.0276609091	0.00349286089606	0.00249179857663	0.00100106231943
NCNTTNNT	48728	185302	188282	625	446	7.90126537199	0.00336153436564	0.00236318935187	0.000998345013767
TNNNTTTN	256321	513639	533877	3916	3530	8.99656209004	0.00756634560578	0.00656857837728	0.000997767228499
TNNCNNTT	41995	157983	159325	378	222	9.88082931844	0.00238695133271	0.00139143951312	0.000995511819593
ANNNNAAT	144377	330194	332652	1388	1065	10.6000521226	0.00418599320832	0.00319132678287	0.000994666425444
NNANNAAT	147729	347574	350290	1548	1209	10.4695157052	0.00443398009865	0.00343955459333	0.00099442550532
CNTTNNNT	47398	183858	187032	566	389	8.57731499764	0.00306901487876	0.00207554116134	0.000993473717415
TNTANNNT	151070	265343	268108	839	580	11.7003529071	0.00315197872133	0.00215863752754	0.000993341193785
TCNTNNNT	50766	197848	197925	590	393	9.38588483317	0.00297322085488	0.00198166580946	0.000991555045419
GNNTNNTT	33263	127243	130617	328	207	7.38443741252	0.00257111726019	0.00158227848101	0.00098883877918
NTNNATNT	273984	368201	369807	1142	780	16.0516763824	0.00309197683454	0.00210476892066	0.000987207913883
GNTNNNTT	31478	131820	136696	330	207	7.87221603275	0.00249716231555	0.00151201945903	0.000985142856517
NANAANNT	145877	358939	362148	1473	1128	11.4666409997	0.00408698933443	0.00310507713144	0.000981912202991
GANNNNTT	30309	127154	130605	307	187	7.78611017402	0.00240857987934	0.00142975105511	0.000978828824225
CANNNNTT	37484	155666	157641	415	266	8.2551238065	0.00265887584011	0.00168453583438	0.000974340005725
NCANNNTT	39648	162092	162964	453	296	8.09269690323	0.00278692054508	0.00181305892442	0.000973861620665
NTNNNTGT	46920	149372	150413	428	284	7.28631284164	0.00285714285714	0.0018845763353	0.000972566521848
NATTNTNN	156653	364963	368355	1618	1272	10.542184801	0.00441375848721	0.00344130704737	0.000972451439835
NCTNNNTT	34901	157516	160852	421	273	8.30821220833	0.00266561983576	0.00169433669511	0.000971283140645
CANNTNNT	42799	172386	173495	503	338	8.02662308082	0.00290938116364	0.00194439490776	0.00096498625588
TNANNNTT	120020	311814	316666	872	579	14.7317702131	0.00278874014187	0.00182508786585	0.000963652276023
TATNNTNN	184537	344091	345410	1320	991	11.2941179826	0.00382153434604	0.00286084624467	0.00096068810137
NNTGNNTT	34882	137755	141094	326	198	8.22238136485	0.00236093307551	0.00140135322594	0.00095957984957
NNTNTTTN	266735	519940	542402	4417	4079	7.62852370024	0.00842365029932	0.00746412043603	0.000959529863293
NATANNNT	160310	281990	282644	863	593	11.8559617522	0.00305105478818	0.0020936530185	0.000957401769679
NANANTTN	114631	291689	294499	1092	819	9.869025198	0.00372975022286	0.0027732816828	0.000956468540067
ANNTTNNT	139490	362456	370869	1288	961	12.8897840487	0.00354095187824	0.00258451442864	0.000956437449607
ANNAANNT	139490	363761	366385	1473	1133	11.0164634111	0.00403303087883	0.00308284220093	0.000950188677908
TNTTTNNN	266733	524155	542661	3686	3294	9.00200478324	0.00698316349052	0.00603346429651	0.000949699194013
NNNTNAAT	100933	247538	248600	776	542	10.0577215057	0.00312507550923	0.0021754662	0.000949609309236
AAANNNNT	147334	362509	369620	1333	1006	12.2176138193	0.00366367818998	0.0027143265718	0.000949351618183
NNANTTTN	118599	324609	332166	1641	1363	7.85005763107	0.00502988505747	0.00408660116512	0.000943283892355
TNCNNNTT	48150	185835	187461	468	295	9.64050020988	0.00251203684321	0.0015711881378	0.000940848705411
NCNTNNTT	50198	197451	200356	572	391	8.75791121093	0.00288855334986	0.00194772524621	0.000940828103658
AATNNNNT	112831	279938	283223	856	599	11.3602994967	0.00304849818728	0.00211047769377	0.000938020493517
NNTATNNT	184539	341869	345161	1054	743	13.21556734	0.00307357628389	0.00214799481937	0.000925581464517
NAANNNAT	157862	356645	358693	1402	1076	10.5617327251	0.00391568704667	0.00299080799068	0.00092487905599
NNNNTCTT	44392	191702	191113	359	181	13.4471817813	0.00186919780695	0.000946187543781	0.000923010263166
TNTCNNNT	44473	164153	164492	421	270	7.99118973712	0.0025581197516	0.00163872737646	0.000919392375143
ANNNANAT	284833	404802	405886	1670	1299	11.133715801	0.00410852408038	0.00319019610251	0.000918327977871
CATNNNNT	45888	173600	173666	474	314	7.82747846963	0.00272297988212	0.00180480515002	0.000918174732102
NANATNNT	166260	356714	360616	1026	707	14.4011357703	0.00286800469615	0.00195669802365	0.000911306672496
NTNCNTNT	62678	216193	216610	604	407	9.21403241918	0.00278601641167	0.00187542911385	0.000910587297818
NNTCTNNT	38658	156237	157112	419	278	7.10517344737	0.00267465018895	0.00176631298049	0.000908337208455
TNNATNNT	161774	342742	344368	1020	712	13.0819078601	0.0029671691461	0.00206328967196	0.000903879474135
ANTTNNNT	123952	317388	322259	1029	752	11.137544097	0.00323161137753	0.00232809408967	0.000903517287858
ANNANNTT	115260	320897	325223	906	623	13.0789952345	0.00281538705357	0.00191194613406	0.000903440919507
NTNNNAAT	124351	306155	308616	1043	771	10.1636748091	0.00339520439586	0.00249202455177	0.000903179844087
TANNNTTN	137904	298478	302453	1347	1090	7.42336055761	0.00449262069541	0.00359092451481	0.000901696180592
TNATNNNT	156502	335483	336899	970	669	13.1497767226	0.00288301783607	0.0019818229216	0.000901194914468
NANCNNTT	29528	128054	129191	282	168	7.21469951872	0.00219735693804	0.00129871133821	0.000898645599824
NTATNTNN	297962	359346	359884	1487	1164	9.47252484686	0.00412101997323	0.00322394806231	0.000897071910921
AANNNNTT	114094	331756	338099	917	630	13.6473509602	0.00275646054835	0.00185989389748	0.000896566650865
ANNNATNT	269338	367377	369552	1134	810	13.0169935641	0.00307724871171	0.00218704942732	0.00089019928439
NTANNTTN	135756	310870	315623	1294	1031	8.14936350293	0.00414525698031	0.00325591971047	0.000889337269833
NTNNANAT	254788	348146	348581	1219	909	10.7313783379	0.00348918752594	0.00260093278778	0.000888254738163
TNNCNTNT	49800	176442	176982	499	344	7.03645709982	0.00282014908924	0.00193992984672	0.000880219242521
NNNTANAT	265150	304131	303666	994	724	9.94866430214	0.00325768127816	0.0023785275469	0.000879153731268
ATANNNNT	272831	349748	349402	1122	814	11.4245260548	0.00319776555419	0.00232427987299	0.000873485681201
NNNTNTAT	288039	331658	334193	1186	903	9.62173330619	0.00356323082285	0.00269475016115	0.0008684806617
NTNANTNT	128874	299257	302171	928	674	10.1134135733	0.00309142695338	0.00222556093051	0.00086586602287
AANNTNNT	115260	318381	324152	930	666	11.3870475795	0.00291252102183	0.00205037898146	0.000862142040365
NANANANT	152659	319109	321793	1348	1080	7.70471968118	0.00420649260275	0.00334496845509	0.000861524147663
NNNNATTT	140427	356241	361210	876	579	14.9621308537	0.00245297759558	0.00160038033218	0.000852597263395
NNAANANT	138538	343847	348679	1461	1185	7.90674531761	0.00423100536333	0.00338703038895	0.000843974974377
NTNCNNTT	47569	179322	181437	396	247	8.65116939831	0.00220345207492	0.00135950331345	0.000843948761472
ANATNNNT	269338	367506	369679	1165	859	11.291795271	0.00315999902352	0.00231825075971	0.000841748263813
NAANNNTT	109762	320258	326201	836	576	12.3172268051	0.0026035989461	0.00176266995535	0.000840928990751
NAATNNNT	125084	289448	292464	816	578	10.191859543	0.0028112339112	0.00197241351069	0.000838820400507
ANANNTTN	134167	323269	327534	1333	1074	7.59389879825	0.00410656742719	0.00326833187263	0.000838235554561
TAANNNNT	102966	255513	255390	725	510	8.90287812196	0.00282940079145	0.00199296600234	0.000836434789107
NTNNNCTT	41505	170795	170648	331	188	9.29938822662	0.00193424727978	0.0011004706268	0.000833776652982
ANANNNAT	291816	398882	401468	1544	1218	9.64678608313	0.00385589347345	0.00302468921194	0.000831204261509
AANNANNT	146035	347721	351730	1306	1027	8.76480678734	0.00374183086122	0.00291135257415	0.000830478287071
NNAANTNT	114631	289840	294059	855	623	9.46628133914	0.00294122705929	0.00211414338168	0.00082708367761
NNATTNNT	147730	348644	353510	1094	816	10.480224692	0.00312805585896	0.00230296393717	0.000825091921792
AANANNNT	148269	366856	372222	1295	1005	9.70777054366	0.00351757838496	0.00269273123327	0.000824847151685
NNATNNAT	266539	318306	317925	1016	752	9.30610181241	0.00318174131441	0.00235975611669	0.000821985197715
NAANNANT	124811	321500	325242	1230	976	7.79157132246	0.00381123539801	0.00299186433612	0.000819371061892
NTNTANNT	257471	313301	313249	936	678	9.76729243873	0.00297864350793	0.00215973777343	0.000818905734494
TNNNCNTT	50413	188340	189349	375	222	9.47372670517	0.00198712344011	0.00117106519457	0.000816058245537
NNAANNTT	101884	297549	303060	829	596	10.0510657139	0.00277835497255	0.00196274731934	0.000815607653217
NTNTNTAN	267053	314683	314655	1183	925	7.63405300269	0.00374525906555	0.00293111097028	0.000814148095276
NNTTNTAN	137772	290120	294669	1046	821	7.44888343577	0.00359245241546	0.00277843581847	0.00081401659699
NNANANTT	114632	292612	296492	761	529	10.5651989459	0.00259396740668	0.00178101885052	0.000812948556161
ATNNANNT	245308	330442	330791	1047	779	9.42050984043	0.00315847584686	0.00234942847664	0.000809047370219
NTNAANNT	99017	271544	274743	859	647	7.81136417067	0.00315341607838	0.00234939540288	0.000804020675501
NANNAANT	121736	322903	325460	1336	1083	6.95465904584	0.00412041734646	0.00331656167794	0.000803855668522
ANNANTNT	137762	321750	324124	950	696	9.74321358272	0.00294391075302	0.00214272520165	0.000801185551371
TTTTNNNN	257866	549262	567818	3339	2992	7.80701754213	0.0060423343425	0.00524167411223	0.000800660230274
ANANNANT	150494	339242	341771	1234	968	8.20972757899	0.00362433769194	0.0028243065423	0.000800031149641
NNNTCNTT	51642	198619	199674	377	219	10.0684524989	0.00189451044242	0.00109558613858	0.000798924303837
NATTTNNN	140426	353783	357800	1527	1259	7.04614346113	0.00429765556838	0.00350638752963	0.000791268038751
ANAANNNT	158125	373181	377639	1366	1085	8.54509467406	0.00364707233004	0.00286488313389	0.00078218919615
TNNNATNT	164897	329798	331534	858	603	10.7944969294	0.00259484176909	0.00181551588652	0.000779325882573
AANNNNAT	151758	340117	343235	1256	999	7.66484022536	0.00367925992975	0.00290209566748	0.000777164262272
NTNANNTT	111751	310471	315047	806	572	10.2143577054	0.00258933361604	0.00181231167959	0.000777021936451
NTNNAANT	97798	261273	263760	787	589	7.36951287977	0.00300312905442	0.00222811510541	0.000775013949005
ATTNNNNT	144377	331791	334647	1000	749	9.10804136793	0.00300488895433	0.0022331810755	0.000771707878824
TNNNNAAT	112041	282321	283550	936	720	7.08893111431	0.0033044196613	0.00253280332079	0.00077161634051
NAANTNNT	103484	294783	299599	813	595	8.92022500207	0.00275037551252	0.00198205160663	0.000768323905896
NNNAANAT	165265	389415	391592	1696	1403	7.15147954184	0.00433636486829	0.00357001997481	0.000766344893477
NNTAANNT	98637	245988	246152	714	525	7.04597590287	0.00289418002286	0.00212828922032	0.000765890802545
NANNNCTT	28508	131497	131883	221	121	7.12033661093	0.00167782687256	0.000916638889731	0.00076118798283
NTTANNNT	118046	275224	278827	782	581	7.79584569568	0.00283327174047	0.00207939643818	0.000753875302286
ANTANNNT	117121	263845	264258	748	549	7.46783036917	0.00282698332911	0.00207320803453	0.000753775294582
ATNTNNNT	284833	407829	410439	1328	1027	9.60382342174	0.0032456978617	0.00249595349312	0.000749744368581
NTNNCNTT	46781	176293	177370	341	211	7.56345113791	0.00193054564806	0.001188190178	0.00074235547006
ANNTANNT	242280	308364	308836	958	729	7.60589426213	0.00309709622982	0.00235491738407	0.000742178845748
AANTNNNT	108348	275633	279847	826	630	7.15900773824	0.00298778480715	0.00224617348303	0.00074161132412
NNTTNNAT	140457	331649	335432	1024	787	8.12452152105	0.00307809771157	0.00234073624632	0.000737361465251
NNTNNCTT	40373	169488	169557	282	157	8.48844439876	0.00166107086058	0.000925085732468	0.000735985128109
NNNAANTT	88828	282801	286805	749	548	8.17848244593	0.00264150943396	0.00190706204564	0.000734447388325
AAANNTNN	137074	354117	357254	1174	923	7.80210094212	0.00330433363074	0.0025769382177	0.000727395413045
NNTNATNT	161591	357705	359688	999	742	9.3675394475	0.00278502609394	0.00205865216547	0.000726373928469
NTTNNANT	107930	275976	281079	657	466	8.62715241987	0.00237498779972	0.00165515281749	0.000719834982231
NNNAATNT	130103	310274	313159	862	644	8.08635438953	0.0027704926463	0.00205224296772	0.000718249678581
TNNTNNAT	157080	327032	329195	973	743	7.81292289648	0.00296641819484	0.00225193824294	0.000714479951902
NANNATNT	166260	356623	359005	967	719	9.09672329245	0.00270421432367	0.00199875460075	0.000705459722917
NNTNTANT	141088	265105	268461	693	512	7.17053850902	0.00260724309438	0.00190353678622	0.00070370630816
ANNNANTT	108348	279798	282489	674	485	7.86893506898	0.00240309193075	0.00171393838303	0.000689153547714
TTNNNNAT	144140	340945	342416	1032	800	7.37544948347	0.00301774680753	0.00233089366463	0.000686853142903
NNTNCNTT	52351	200543	202267	338	202	8.45256283253	0.00168258819898	0.000997683596007	0.000684904602976
NTTNNNAT	149102	357709	360076	1082	843	7.57327294851	0.00301568322505	0.00233570413306	0.000679979091993
TNNTANNT	144146	300297	301910	761	559	7.72774403507	0.0025277521275	0.00184812327875	0.000679628848748
NTTNANNT	116618	294601	296693	794	599	6.99259508717	0.00268792633592	0.00201485408285	0.000673072253069
NNNNATAT	303824	369474	369090	1169	919	7.21928691751	0.00315397835653	0.00248372336889	0.000670254987641
TNTNANNT	130100	294347	296048	749	555	7.27984380512	0.00253815707431	0.00187118808643	0.000666968987876
TNTNNANT	135659	286051	288533	724	540	6.92442167771	0.00252462732107	0.00186804025281	0.000656587068262
ATNNTNNT	187817	438621	442209	1366	1094	7.81491938709	0.00310463718246	0.00246783802501	0.000636799157454
NANNANTT	103484	297673	300960	675	499	6.91349850446	0.00226245860539	0.00165528313966	0.000607175465723
