#Sequence	Occurrence	Forward Match	Backward Match	Forward Mismatch	Backward Mismatch	Strand Bias Score	FER (Forward Error Rate)	RER (Reverse Error Rate), ERD (Error rate Difference)
NGGNAGGT	7380	455448	521419	39510	2658	9223372036854775807	0.0798249548447	0.00507177380423	0.0747531810404
NGGNNGGT	33017	1983356	2256035	157496	13060	9223372036854775807	0.0735669724016	0.00575559859768	0.067811373804
AGGNNGGT	6053	378781	416189	25180	2395	9223372036854775807	0.0623327499437	0.005721671158	0.0566110787857
NNGGNGGT	41355	2551296	2803538	154437	18617	9223372036854775807	0.0570776939188	0.00659673193003	0.0504809619888
NGNNAGGT	27731	1712213	1853958	102189	11268	9223372036854775807	0.0563210358013	0.00604109099916	0.0502799448022
NAGGNGGT	7424	452859	487422	25240	3448	9223372036854775807	0.0527924132868	0.00702426304317	0.0457681502436
NGNNNGGT	134228	8382455	8999517	442716	48804	9223372036854775807	0.0501651469416	0.00539370784922	0.0447714390924
ANNAGGGT	4280	258281	269887	12826	1218	9223372036854775807	0.0473097337951	0.00449272422124	0.0428170095739
NNGNNGGT	174377	11079861	11840576	559206	70858	9223372036854775807	0.0480456036553	0.0059487379941	0.0420968656612
AGGANGGT	1567	102934	109323	5030	508	9223372036854775807	0.0465896039421	0.00462528794238	0.0419643159997
NGGAAGGT	2474	166532	177521	7910	689	9223372036854775807	0.0453445844464	0.00386622523989	0.0414783592065
ANGGNGGT	8227	504531	549077	25003	3199	9223372036854775807	0.0472169870112	0.00579239365824	0.041424593353
NNNGNGGT	136189	8352406	8891419	407914	51955	9223372036854775807	0.0465638241525	0.00580932878352	0.040754495369
AGNAAGGT	2140	126028	133248	5972	611	9223372036854775807	0.0452424242424	0.00456450444124	0.0406779198012
ANNNGGGT	21139	1266301	1337819	57554	5619	9223372036854775807	0.0434745497052	0.00418255252568	0.0392919971795
NGNAAGGT	8327	507125	536067	23048	2788	9223372036854775807	0.0434726023392	0.00517393361851	0.0382986687207
NNNNAGGT	104555	6423570	6756012	293226	39684	9223372036854775807	0.0436556358121	0.0058395784626	0.0378160573495
AGNNAGGT	5434	334114	349025	14440	1553	9223372036854775807	0.0414283009232	0.00442982731375	0.0369984736095
NGGANGGT	6850	451520	475576	19408	2143	9223372036854775807	0.0412122447593	0.00448590070732	0.036726344052
NNGAAGGT	9628	618659	648137	26183	2896	9223372036854775807	0.0406037447933	0.00444831521597	0.0361554295773
NNGGTGGT	15356	961346	1011767	43012	7070	9223372036854775807	0.0428253670504	0.00693928469422	0.0358860823562
NNNCNGGT	182758	12305984	12925981	526430	74152	9223372036854775807	0.0410234582519	0.00570394164429	0.0353195166076
NGNANGGT	30101	1918018	2008413	78689	9706	9223372036854775807	0.0394093875566	0.00480942897817	0.0345999585784
AGNNNGGT	26198	1648099	1723134	66549	8289	9223372036854775807	0.0388120477206	0.0047873916426	0.034024656078
NAGNNGGT	33409	2095513	2170912	85349	12535	9223372036854775807	0.0391354427745	0.00574092249549	0.033394520279
NGGNNNGT	106737	6714287	7131843	271203	42780	9223372036854775807	0.0388237618263	0.00596268263852	0.0328610791878
NGGNANGT	24573	1574779	1662333	61658	8328	9223372036854775807	0.0376781996496	0.00498485330058	0.032693346349
NNNAAGGT	29653	1720447	1789624	66218	8779	9223372036854775807	0.0370623480059	0.00488155324474	0.0321807947612
NGGNGGNT	29964	1800561	1998092	69613	10499	9223372036854775807	0.0372227397023	0.00522704721867	0.0319956924836
AGNANGGT	7051	447197	461352	16715	2141	9223372036854775807	0.0360305402749	0.00461927148846	0.0314112687864
AGGNGGNT	5147	309357	335050	11382	1734	9223372036854775807	0.0354867976766	0.00514870065086	0.0303380970258
ANNGNGGT	31527	1941041	2028230	69754	10070	9223372036854775807	0.0346897620096	0.00494039150272	0.0297493705068
NNNGTGGT	43798	2676065	2792537	97547	15617	9223372036854775807	0.0351696632406	0.00556130468628	0.0296083585543
GNGNNNGT	131454	8305920	8680907	311557	64400	9223372036854775807	0.0361540854707	0.00736394960177	0.028790135869
NNGNTGGT	60694	3912201	4074301	140658	24725	9223372036854775807	0.0347058705965	0.00603192075386	0.0286739498427
NNGGNNGT	132817	8500555	8939719	313844	65255	9223372036854775807	0.0356058308683	0.00724655062857	0.0283592802398
AGGNNNGT	17473	1107850	1156678	37774	5919	9223372036854775807	0.0329724237621	0.00509118809011	0.027881235672
AAGNNGGT	8971	534783	549654	17330	2712	9223372036854775807	0.0313885019914	0.0049097880753	0.0264787139161
AGGNANGT	4062	260815	271371	7831	1122	9223372036854775807	0.0291498849787	0.00411753696425	0.0250323480145
NANGTGGT	9441	563725	584806	17200	3057	9223372036854775807	0.0296079528338	0.00520019120101	0.0244077616328
AANGNGGT	9068	556017	574478	15839	2493	9223372036854775807	0.0276975322459	0.00432084108213	0.0233766911637
NAGNTGGT	9933	610979	628142	18144	3727	9223372036854775807	0.0288401473162	0.00589837450484	0.0229417728113
NNNNTGGT	174388	10843338	11216125	311936	57321	9223372036854775807	0.0279630962001	0.00508460323489	0.0228784929652
ANGNTGGT	12242	788330	810678	22610	4377	9223372036854775807	0.0278812242583	0.0053701897418	0.0225110345165
NGGAANGT	7018	477100	490587	12868	2070	9223372036854775807	0.0262629396205	0.00420170625811	0.0220612333624
AGGANNGT	3997	265946	272101	7133	1224	9223372036854775807	0.0261206464064	0.00447818531053	0.0216424610958
ANNGTGGT	10378	642934	660279	17412	3264	9223372036854775807	0.0263679949602	0.00491904820034	0.0214489467599
ANGGNNGT	25291	1599851	1658837	44868	9849	9223372036854775807	0.0272800399339	0.00590224883531	0.0213777910986
NNGGTNGT	36298	2320374	2405950	66865	16606	9223372036854775807	0.0280093446865	0.00685474350232	0.0211546011842
AANNNGGT	37408	2286353	2345256	56525	9434	9223372036854775807	0.0241263096072	0.00400647218955	0.0201198374177
NGGANNGT	20861	1385409	1425224	34782	6614	9223372036854775807	0.0244910719755	0.00461923765119	0.0198718343243
NGGNAGNT	29105	1931847	2022933	49676	11209	9223372036854775807	0.0250696055509	0.00551043142514	0.0195591741257
NGGNNGNT	143662	9237456	9701620	238491	61762	9223372036854775807	0.025168038614	0.00632588174876	0.0188421568652
NANNTGGT	37922	2319624	2380843	56816	12159	9223372036854775807	0.0239080304994	0.00508106554027	0.0188269649591
NNGAANGT	30663	1994452	2041379	46634	9151	9223372036854775807	0.0228476409127	0.00446274865523	0.0183848922575
AAGGNNGT	5864	354376	358890	8802	2419	9223372036854775807	0.0242360495404	0.0066951003158	0.0175409492246
AANGTGGT	2956	178950	183605	3980	808	9223372036854775807	0.0217569562128	0.00438146985299	0.0173754863598
CNNNCNGT	155140	10385763	10512056	250223	66759	9223372036854775807	0.0235260745924	0.00631063120019	0.0172154433922
NAGGTNGT	7800	489904	505729	12330	3771	9223372036854775807	0.0245503092184	0.00740137389598	0.0171489353224
AGNAANGT	6780	421905	428320	9025	1761	9223372036854775807	0.0209430766018	0.00409457753307	0.0168484990687
NGNAANGT	30425	1954444	2000589	41862	8529	9223372036854775807	0.0209697310933	0.00424514637766	0.0167245847157
NGNANNGT	107480	6961458	7099580	151997	33621	9223372036854775807	0.0213675351851	0.00471331173761	0.0166542234475
AGNNNNGT	82870	5152135	5239189	111504	23849	9223372036854775807	0.0211838235867	0.00453141322559	0.0166524103611
NNGGNGGN	164908	10431662	11119251	233863	68609	9223372036854775807	0.0219270031246	0.00613245070997	0.0157945524146
AGNNANGT	19135	1172334	1194039	23287	4556	9223372036854775807	0.0194769078161	0.00380111714132	0.0156757906748
NNNGTNGT	119910	7619185	7815401	165042	45233	9223372036854775807	0.0212021052315	0.005754370449	0.0154477347825
ANGGTNGT	6927	443300	452011	9492	2522	9223372036854775807	0.0209632679023	0.00554855203033	0.0154147158719
CTNNNNGT	104966	6614570	6768863	144390	41618	9223372036854775807	0.0213627540332	0.00611087528179	0.0152518787514
AGNANNGT	22431	1423516	1428287	28536	6368	9223372036854775807	0.0196521887646	0.0044386978054	0.0152134909592
AGGNAGGN	5320	344782	355016	6922	1624	9223372036854775807	0.0196813229306	0.00455361148497	0.0151277114457
CTNNCNGT	35010	2335478	2391545	49304	13522	9223372036854775807	0.0206744264256	0.00562229659298	0.0150521298326
AGGNNGGN	30109	1923814	2024229	39550	12076	9223372036854775807	0.0201439977508	0.00593034933372	0.0142136484171
CNNGNGNT	147539	9523453	9732823	208254	73949	9223372036854775807	0.0213995345318	0.00754060561416	0.0138589289177
ANNGNNGT	117706	7540695	7678817	144667	38372	9223372036854775807	0.0188237066777	0.00497227682256	0.0138514298551
NNNAANGT	115284	7159612	7281888	130690	30214	9223372036854775807	0.0179265550316	0.00413205395658	0.013794501075
GCGNNGGN	88404	5809482	6051754	121107	41245	9223372036854775807	0.0204207372994	0.00676924450505	0.0136514927944
AGNNGGNT	26770	1703007	1741777	31405	8512	9223372036854775807	0.0181070011047	0.00486319687777	0.0132438042269
NNGGTGGN	51394	3282858	3399430	63788	20454	9223372036854775807	0.0190602770655	0.00598090461548	0.01307937245
AGGNAGNT	5558	369147	377626	6987	2090	9223372036854775807	0.0185758267001	0.00550411360069	0.0130717130994
ANGNTNGT	26449	1652672	1691804	31095	9226	9223372036854775807	0.0184675195559	0.00542377265539	0.0130437469005
CTNGNGNT	35788	2268866	2340016	47959	18346	9223372036854775807	0.0207003118492	0.00777912805583	0.0129211837934
NANGTNGT	28357	1777034	1814483	33563	10746	9223372036854775807	0.0185369797917	0.00588748042027	0.0126494993715
ANNAANGT	30747	1887099	1913769	31419	7528	9223372036854775807	0.0163767032678	0.00391818651671	0.0124585167511
NNGNAGNT	126833	8232254	8411238	155808	53801	9223372036854775807	0.018574969999	0.00635567065905	0.01221929934
NAGGNGNT	36095	2349789	2400370	47941	19366	9223372036854775807	0.0199943279685	0.00800335243184	0.0119909755367
ANGGNGGN	33352	2107470	2224302	37691	12743	9223372036854775807	0.0175702429794	0.00569635389543	0.011873889084
NGGAAGNT	8758	604779	619766	10041	3137	9223372036854775807	0.0163316092515	0.00503609711303	0.0112955121385
ANNGTNGT	25889	1651747	1673289	26006	7517	9223372036854775807	0.0155004938152	0.00447225914234	0.0110282346729
AGNAAGNT	7461	441226	448390	7125	2202	9223372036854775807	0.0158915670981	0.00488690433918	0.0110046627589
AANGNNGT	33255	2133312	2161080	33616	9811	9223372036854775807	0.0155132057918	0.00451934251881	0.010993863273
AGGANGGN	6198	414419	422441	6562	1969	9223372036854775807	0.0155874018067	0.00463938172993	0.0109480200768
GCGNNGGA	14518	984935	1016692	22991	12302	9223372036854775807	0.0228102063048	0.0119553661149	0.01085484019
AGNAAGGN	7707	470037	475564	7108	2024	9223372036854775807	0.0148969390856	0.00423796242787	0.0106589766577
CNTGNGNT	26537	1583377	1604733	26401	9449	9223372036854775807	0.0164003980673	0.00585373892163	0.0105466591457
CNTNCNGT	33421	2260931	2271057	36127	11924	9223372036854775807	0.0157275088396	0.00522299572357	0.010504513116
NAGGTGGN	7975	502544	514440	8401	3152	9223372036854775807	0.0164420828073	0.00608973863584	0.0103523441715
CTNNCGNT	43233	2865187	2905983	48623	18927	9223372036854775807	0.0166870866666	0.00647096833749	0.0102161183291
NNNGTGGN	151482	9518658	9800862	145877	49780	9223372036854775807	0.0150940526368	0.00505347773272	0.0100405749041
AGGNGNNT	20251	1294608	1326440	20047	7053	9223372036854775807	0.0152488675736	0.00528911662828	0.00995975094534
GNGNNGGA	37732	2499790	2575592	52731	27950	9223372036854775807	0.020658400068	0.0107353751159	0.00992302495211
GNGNTGGN	73823	4795723	4955647	79084	31693	9223372036854775807	0.0162230012388	0.00635469007527	0.00986831116355
NNGGTGNT	56643	3639696	3740855	62746	26750	9223372036854775807	0.0169471932308	0.00710000119439	0.00984719203645
CTNGCNNT	42074	2674516	2732638	48911	22586	9223372036854775807	0.0179593578238	0.00819751860466	0.00976183921914
CNNTCNGT	27630	1796458	1805502	25731	8236	9223372036854775807	0.0141209281803	0.0045408984098	0.00958002977053
NAGNNGGN	125881	8154002	8272065	121186	42848	9223372036854775807	0.014644501128	0.0051531507305	0.00949135039745
GNGTNGGN	26768	1663099	1707938	23796	8069	9223372036854775807	0.0141063907356	0.00470219527077	0.00940419546488
AANGTNGT	7409	464354	470929	6287	1950	9223372036854775807	0.013358377192	0.00412367645846	0.0092347007335
AGNNAGGN	22268	1413264	1428158	19389	6181	9223372036854775807	0.013533633057	0.00430930205481	0.00922433100218
NNNNCAGT	133009	8615152	8677016	111386	31742	9223372036854775807	0.0127640537404	0.0036448366116	0.00911921712884
GNNTNGGN	107931	6400106	6580652	90375	31933	9223372036854775807	0.0139242376644	0.00482912506985	0.00909511259451
CTTNNNGT	26265	1554377	1579903	21801	7598	9223372036854775807	0.0138315596335	0.00478613871739	0.0090454209161
NNGAAGNT	37046	2402009	2434152	35785	13903	9223372036854775807	0.014679255097	0.0056792024689	0.00900005262813
CTNNNAGT	17999	1110385	1119076	14562	4468	9223372036854775807	0.012944609835	0.00397670229203	0.00896790754292
ANGGTGGN	10231	652202	665248	9829	4027	9223372036854775807	0.0148467367842	0.00601695864928	0.00882977813494
NNNGTGNT	152918	9436588	9610144	142550	60177	9223372036854775807	0.0148812972524	0.00622285444299	0.00865844280943
ANNNGGNT	116257	7211043	7338898	98243	35385	9223372036854775807	0.0134408477107	0.00479843260694	0.00864241510377
CTNTCNGT	6285	407124	411194	5295	1766	9223372036854775807	0.0128388847265	0.00427644323905	0.0085624414874
GNNNTGGN	214241	13718843	14093941	197234	82304	9223372036854775807	0.0141731035262	0.00580576873495	0.00836733479128
NGGTGGNT	9386	581031	601552	7377	2549	9223372036854775807	0.0125372190725	0.00421949309801	0.00831772597447
AGNNNGGN	118021	7586853	7760968	102135	39213	9223372036854775807	0.0132832825334	0.0050271910357	0.00825609149771
CTNNNGNT	129528	8201921	8340379	120827	52742	9223372036854775807	0.014517680939	0.00628395563462	0.00823372530442
NTNNNAGT	76024	4535693	4599505	53999	16531	9223372036854775807	0.0117652774957	0.00358121123839	0.00818406625736
NNGNTGGN	242818	15958793	16330527	223577	92766	9223372036854775807	0.0138160850358	0.00564844090646	0.00816764412929
NANGTGGN	30440	1844461	1890641	24434	9442	9223372036854775807	0.013074035727	0.00496925660616	0.00810477912083
ANNGNGGN	124523	7931092	8138540	103716	40011	9223372036854775807	0.0129083358308	0.00489218689227	0.00801614893853
NTNTCNGT	29511	1900613	1922313	23136	7844	9223372036854775807	0.0120265169728	0.00406391811651	0.00796259885634
NNCGNCNT	214765	14307684	14359981	287767	171890	9223372036854775807	0.0197162115785	0.0118284837513	0.00788772782719
NNNAAGNT	114293	6675180	6752528	91288	38443	9223372036854775807	0.0134912335357	0.00566089886115	0.00783033467457
ANNAAGGN	30334	1808465	1824263	21444	7393	9223372036854775807	0.0117186155159	0.00403623824561	0.00768237727024
NAGGTGNT	9643	612353	623316	9353	4645	9223372036854775807	0.0150440883633	0.0073969561804	0.00764713218291
AGNANGGN	28808	1858393	1881049	22612	8299	9223372036854775807	0.0120212333301	0.00439252059441	0.00762871273565
CTNGNNNT	122488	7599499	7739706	123028	65861	9223372036854775807	0.0159310546923	0.00843769581377	0.00749335887856
NTTNNNGT	127649	7934958	8061517	88008	29645	9223372036854775807	0.0109695092812	0.0036638742371	0.00730563504413
NGNTGGNT	47519	3012244	3093679	35387	13657	9223372036854775807	0.0116113138369	0.00439508311943	0.00721623071745
NGGNANNT	109366	7260648	7403293	91666	40094	9223372036854775807	0.0124676394398	0.00538652632196	0.00708111311782
AAGNNGGN	33305	2079564	2096544	24638	10073	9223372036854775807	0.0117089518972	0.00478160007253	0.00692735182467
ANNGTGGN	34981	2196487	2239339	25862	10635	9223372036854775807	0.0116372360957	0.00472672128656	0.00691051480912
CTNTNNGT	20302	1235982	1247152	13906	5287	9223372036854775807	0.0111257968714	0.00422136327598	0.00690443359542
AGNTGGNT	8418	518387	527792	5811	2249	9223372036854775807	0.0110855058585	0.00424306798908	0.00684243786939
ANNAAGNT	32964	1896239	1911131	22831	9919	9223372036854775807	0.0118969083983	0.00516332214154	0.0067335862568
NTTNCNGT	41944	2810286	2839627	29750	10958	9223372036854775807	0.0104752193282	0.00384412322383	0.00663109610438
AAGNNGNT	40449	2454380	2471751	30880	14448	9223372036854775807	0.012425259329	0.00581128059339	0.00661397873562
CNTNNGNT	101958	6294917	6348518	70597	29897	9223372036854775807	0.0110905419421	0.00468721461366	0.00640332732843
AAGGNGNT	9848	612408	622902	8323	4399	276.186070296	0.0134083846304	0.00701258247636	0.00639580215402
NANGTGNT	34951	2116323	2145743	26708	13286	9223372036854775807	0.0124627221911	0.0061536922385	0.00630902995264
NTNGCNNT	177262	11230585	11390216	145080	74642	9223372036854775807	0.0127535401227	0.00651050366258	0.00624303646013
ANGGTGNT	12232	782063	797159	9933	5063	9223372036854775807	0.0125417300087	0.00631122058483	0.00623050942391
NAGNTGGN	38192	2439962	2463149	28128	13219	9223372036854775807	0.0113966670583	0.00533805960988	0.00605860744845
NNTNCAGT	30617	1999442	2006076	19391	7261	9223372036854775807	0.00960505400892	0.0036064503856	0.00599860362332
NTNNCAGT	30567	2013242	2032452	18505	6350	9223372036854775807	0.009107925347	0.00311457414697	0.00599335120003
AAGGTGNT	2833	169543	171848	2179	1184	67.4347243648	0.0126891138002	0.00684266494059	0.00584644885962
NACGNCNT	41217	2778676	2790277	43928	27633	9223372036854775807	0.015562934085	0.0098062038887	0.00575673019628
NTTGNGNT	34058	1914175	1937731	18843	7823	9223372036854775807	0.00974796923774	0.00402096266667	0.00572700657107
NTTNNAGT	23999	1400826	1416227	12713	4689	9223372036854775807	0.00899373841118	0.00329998395401	0.00569375445717
ANGTGGNT	7094	411944	420056	4030	1695	216.750163052	0.00968810550659	0.00401895905404	0.00566914645256
GCGNNNGN	300200	19696792	20171722	251594	141638	9223372036854775807	0.0126122484295	0.00697265248093	0.00563959594859
AANGNGNT	40754	2510047	2540824	26898	12695	9223372036854775807	0.0106025160183	0.00497157060511	0.00563094541317
CTTGNNNT	25412	1279620	1304629	17235	10089	9223372036854775807	0.013289843506	0.00767388900129	0.00561595450473
ANGNTGGN	49559	3262019	3299395	35673	17360	9223372036854775807	0.0108175657399	0.00523403145544	0.00558353428447
AGGNNNNT	83318	5427634	5487607	61416	31181	9223372036854775807	0.0111888213807	0.00564997242148	0.00553884895927
ANNGTGNT	38127	2365181	2388072	25667	12882	9223372036854775807	0.0107355214551	0.00536536726651	0.00537015418864
NNNTCAGT	29957	1861577	1876990	15183	5163	9223372036854775807	0.00809000618086	0.00274313512238	0.00534687105848
GNGGAAGN	9164	614492	626181	6330	3085	255.883237699	0.0101961592856	0.0049025372418	0.00529362204379
CTNNCNNT	120869	7720599	7775846	91873	50784	9223372036854775807	0.0117597861471	0.00648861642878	0.00527116971829
AGNNGNNT	98908	6218903	6265169	63387	31053	9223372036854775807	0.0100897920981	0.00493200525649	0.00515778684162
AGGNNNGN	99771	6419613	6561683	65575	33591	9223372036854775807	0.0101115033211	0.00509319248905	0.00501831083206
NACGNNNT	135847	8994593	9048416	112464	67749	9223372036854775807	0.0123491046559	0.00743174350179	0.00491736115408
AGGNANGN	20107	1306860	1322606	11357	5330	9223372036854775807	0.00861542522969	0.00401374765049	0.0046016775792
NANNTGGN	145944	9188316	9299687	87895	46240	9223372036854775807	0.00947531271119	0.00494760979836	0.00452770291283
NGGAANNT	29433	2009247	2032470	19316	10684	9223372036854775807	0.00952201139427	0.00522917019471	0.00429284119956
AANGTGNT	10912	664557	674002	6133	3318	190.89970222	0.00914431406462	0.00489871847871	0.00424559558591
AGGNANNT	19578	1279401	1292537	11834	6464	9223372036854775807	0.0091648692918	0.0049761316581	0.0041887376337
AAGNTGNT	11447	693886	696850	7024	4101	169.567071656	0.0100212580788	0.00585062293941	0.00417063513938
CNGCTCGN	15520	963597	1005466	13436	9869	153.483363483	0.0137518384742	0.00971994464881	0.00403189382543
NGGANNNT	89636	5984766	6047344	56240	32194	9223372036854775807	0.00930970768776	0.00529546817538	0.00401423951238
AGGANNGN	19419	1289091	1295228	10610	5523	9223372036854775807	0.00816341604723	0.00424600865192	0.0039174073953
ANGAANGN	31421	2047786	2062018	16206	8166	9223372036854775807	0.00785177461928	0.00394457690717	0.00390719771211
NTTTNNGT	33156	1960320	1979332	13743	6504	9223372036854775807	0.00696178389443	0.0032751949305	0.00368658896394
NTTNNGNT	135594	8159316	8229969	59583	29709	9223372036854775807	0.00724951115715	0.00359687145189	0.00365263970526
NNCGTNNT	143568	9581130	9640798	99846	65349	9223372036854775807	0.0103136295349	0.00673274369325	0.00358088584162
CNTNCNNT	105312	6779936	6771211	63077	39294	9223372036854775807	0.00921772324559	0.0057696162032	0.00344810704239
CGNNGGNN	229244	15455015	15777535	146411	94301	9223372036854775807	0.00938446267668	0.00594140463649	0.00344305804019
ACCGNNNT	43131	2902329	2891827	30235	20835	9223372036854775807	0.0103100904192	0.00715325018832	0.00315684023085
AGGAAGNN	8890	607597	602568	4729	2799	104.67928998	0.0077230102919	0.00462364152655	0.00309936876536
NNGGAAGN	36680	2528644	2549462	19772	12001	9223372036854775807	0.00775854491574	0.00468521309892	0.00307333181682
NNGAANNT	134726	8715771	8771504	74059	48706	9223372036854775807	0.00842553268948	0.00552209074387	0.00290344194561
AGNAANGN	31987	2038855	2037775	12905	6966	9223372036854775807	0.00628972199478	0.00340678843922	0.00288293355555
AANNTGNT	45840	2821655	2845437	21014	13051	9223372036854775807	0.00739234852879	0.00456570046822	0.00282664806058
ANGAANNT	33367	2127761	2134756	18135	12075	267.969889135	0.00845101533346	0.00562456942349	0.00282644590997
TNCGNCNT	42378	2885780	2910634	31652	23596	269.331259643	0.0108492674379	0.00804163272818	0.00280763470976
GNGNAAGN	36118	2232810	2263469	16264	10153	9223372036854775807	0.00723142057576	0.00446556199755	0.0027658585782
GNGNGCNN	198464	12557838	12784138	159520	126314	9223372036854775807	0.0125434858404	0.00978385574727	0.00275963009311
CNNNCANT	135573	8673077	8618759	67364	43272	9223372036854775807	0.00770716260198	0.00499559514391	0.00271156745807
NGTNGGNA	25414	1609161	1630851	17257	13055	139.152612673	0.0106104334802	0.00794145164018	0.00266898184002
TNNTNTTG	40770	2395231	2418679	11491	5116	9223372036854775807	0.00477454396478	0.00211073956337	0.00266380440141
NCNAANGN	112957	6943614	6967624	44904	27571	9223372036854775807	0.00642539662916	0.00394141978887	0.00248397684029
AGNNANGN	96397	6049496	6062412	37013	21983	9223372036854775807	0.006081154238	0.00361301329056	0.00246814094745
AGNTGNNT	26807	1646399	1657062	10952	6897	206.147732439	0.00660813551263	0.00414493385955	0.00246320165309
ANGTGNNT	22572	1309317	1321487	8388	5191	170.500256142	0.00636561294068	0.00391278064459	0.00245283229609
NNATNTTG	41630	2462277	2471010	11119	5152	9223372036854775807	0.00449543866004	0.00208063931197	0.00241479934808
CTTNCNNT	28749	1752011	1752507	13871	9662	164.09372576	0.00785499823884	0.0054830155337	0.00237198270514
NAGGNAGN	23279	1540953	1541736	11060	7559	143.900713916	0.00712622896844	0.00487899334859	0.00224723561986
NCNTNTTG	35935	2131307	2143232	9371	4593	9223372036854775807	0.00437758504549	0.00213844237775	0.00223914266773
NNNTCTTG	24156	1235728	1254034	5507	2794	202.076579774	0.00443671021201	0.00222305677467	0.00221365343733
NTNGANGN	138453	8701333	8770382	68947	51742	9223372036854775807	0.00786143657899	0.00586502751492	0.00199640906408
ANNAANGN	144464	9151521	9159240	48555	30560	9223372036854775807	0.00527767379313	0.0033254260158	0.00195224777733
NTTGNNNT	141275	8243321	8334731	54061	38391	9223372036854775807	0.00651542860146	0.00458502814124	0.00193040046022
CGTNGGNN	34091	2308116	2319885	15301	11289	136.570365757	0.00658555911401	0.00484262436009	0.00174293475393
CTNNCNGN	177004	12184500	12244874	90509	69429	9223372036854775807	0.00737343654901	0.00563807793263	0.00173535861638
CNNCTCGN	34746	2183614	2220426	22142	18679	77.6126734905	0.0100382816594	0.0083421724305	0.00169610922894
TNNNNTTG	139519	8081785	8127559	31579	17889	9223372036854775807	0.00389222029235	0.00219619596123	0.00169602433112
TNANNTTG	37843	2176028	2185150	8383	4760	220.991002329	0.00383764776867	0.00217360530798	0.00166404246069
NGTGNGNN	108559	6801796	6886916	45552	35176	9223372036854775807	0.00665250254551	0.0050817007344	0.00157080181111
NCNNNTTG	152574	9239335	9257854	34538	20401	9223372036854775807	0.00372422611351	0.00219879707984	0.00152542903367
ATCNCNGN	44479	2931372	2935473	18597	14242	127.455256224	0.00630413404344	0.00482826306948	0.00147587097396
CNGCNCGN	100456	6687861	6695954	71849	62134	155.476984808	0.0106290062739	0.00919402055729	0.00143498571664
NNGCTCGN	39001	2355662	2405926	25788	22831	54.5103994871	0.0108286968024	0.00940028170789	0.00142841509448
CTNNCANT	25618	1626243	1627255	8594	6577	59.4877395552	0.00525679318489	0.00402550568235	0.00123128750254
NCNTNTNG	107375	6697173	6733254	23156	14956	9223372036854775807	0.00344566463934	0.00221629143136	0.00122937320798
TCNTNTNG	22542	1364472	1380453	4862	3255	74.2690781568	0.00355063118275	0.00235237492303	0.00119825625972
NTTNCNNT	142370	9017301	9061052	50150	39772	271.360545473	0.00553077154759	0.00437015373553	0.00116061781206
NNATNTNG	127154	7897945	7950928	26278	17334	9223372036854775807	0.00331616109239	0.00217538027741	0.00114078081498
CGTNNGNN	124274	8441888	8457479	50308	40877	215.998888953	0.0059240271892	0.00480998913202	0.00111403805718
CNTGCGNN	51016	3385549	3378329	27293	23466	61.7298786813	0.00799714724561	0.00689812290276	0.00109902434285
TCANNNNT	125797	7685571	7694559	38026	29648	227.911994045	0.00492335371719	0.00383832282071	0.00108503089647
TNATNTNG	32782	2000859	2020249	6451	4426	87.2439547734	0.00321375373012	0.00218602985664	0.00102772387347
CNTGNGNN	122655	7780501	7773566	57286	49223	131.551753674	0.00730895085564	0.00629225714767	0.00101669370797
NTNTCNGN	136249	9164501	9220040	42914	34040	234.592671443	0.0046608087069	0.00367837753726	0.000982431169636
NNGCNCGN	263364	17288966	17237064	173372	156101	185.267335652	0.00992833834736	0.00897484730352	0.000953491043838
TNNTNTNG	117581	7173024	7248097	22692	16158	254.509468588	0.00315354302477	0.00222431618934	0.000929226835426
CTTNNNGN	134869	8418444	8470794	43993	36499	162.487302984	0.00519862068102	0.00429031890638	0.000908301774638
NGTNAGNN	93742	5960268	5979802	28416	23738	95.4354155995	0.00474494897376	0.00395400047305	0.00079094850071
CNNTCNGN	150603	10294062	10233632	48067	39848	157.330283639	0.00464768907833	0.00387872463858	0.000768964439748
AAGNNGNN	145424	8971332	8994159	51129	44299	110.789762423	0.00566685741285	0.0049011678762	0.000765689536648
CNTNGGNN	116338	7329213	7353135	43626	38081	86.5767549431	0.00591712364803	0.00515219687802	0.000764926770004
NNATNNTG	164344	10479059	10497307	28886	22251	190.505520525	0.00274896756692	0.00211520293913	0.000633764627787
CNNCNCGN	228802	15309835	15233092	125713	116258	71.0251698389	0.00814438204591	0.00757413180363	0.000570250242284
NTTNCNGN	210966	14556384	14645751	62329	54909	113.053365401	0.00426364482291	0.00373513842236	0.00052850640055
