#Sequence	Occurrence	Forward Match	Backward Match	Forward Mismatch	Backward Mismatch	Strand Bias Score	FER (Forward Error Rate)	RER (Reverse Error Rate), ERD (Error rate Difference)
GGGT	92627	5611786	6044159	314950	28688	9223372036854775807	0.0531405481871	0.00472397872036	0.0484165694667
AGGT	104555	6423570	6756012	293226	39684	9223372036854775807	0.0436556358121	0.0058395784626	0.0378160573495
NGGT	550609	34596674	36253525	1355558	189682	9223372036854775807	0.0377044184628	0.0052048657518	0.032499552711
TGGT	174389	10843344	11216127	311936	57321	9223372036854775807	0.0279630811598	0.00508460233284	0.0228784788269
GNGT	436724	27430421	28308798	779384	161430	9223372036854775807	0.0276281243348	0.00567013372706	0.0219579906077
NNGT	1837000	116634765	119296260	2652997	653312	9223372036854775807	0.0222403116256	0.00544655549084	0.0167937561348
GGGN	408146	26164095	27152409	510478	133376	9223372036854775807	0.0191372510443	0.0048881129863	0.014249138058
CAGT	133009	8615152	8677016	111386	31742	9223372036854775807	0.0127640537404	0.0036448366116	0.00911921712884
NGGN	2250207	146232946	149657249	2042769	764142	9223372036854775807	0.0137768278507	0.00508000886656	0.00869681898418
TGGN	676513	43107767	43963244	494032	220108	9223372036854775807	0.0113305416595	0.00498169536797	0.00634884629156
NGGA	407734	27011099	27351555	385783	232430	9223372036854775807	0.0140812739201	0.00842626618308	0.00565500773707
GNGN	2305579	148345411	150241635	1368147	789282	9223372036854775807	0.00913843086943	0.00522596310529	0.00391246776414
CTTG	107132	5615413	5664369	23215	12633	9223372036854775807	0.00411713629628	0.00222529426623	0.00189184203004
CNGN	3019986	204535417	204911748	1413243	1043839	9223372036854775807	0.0068621131111	0.0050682723164	0.0017938407947
GCGN	1036282	68586887	69164142	554089	444658	9223372036854775807	0.00801390191541	0.00638795669513	0.00162594522028
TGNN	2384714	152497582	153414589	892738	789631	9223372036854775807	0.00582004131682	0.00512068346768	0.000699357849142
NCGN	2918782	194806611	194560166	1372502	1261706	9223372036854775807	0.00699616783363	0.00644313113297	0.000553036700655
AANG	542826	34841982	34863433	93059	77472	9223372036854775807	0.002663772457	0.00221722934767	0.000446543109335
