#Sequence	Occurrence	Forward Match	Backward Match	Forward Mismatch	Backward Mismatch	Strand Bias Score	FER (Forward Error Rate)	RER (Reverse Error Rate), ERD (Error rate Difference)
AGGT	5322	281296	290474	4361	990	9223372036854775807	0.0152665609455	0.00339664589795	0.0118699150475
CGGT	831	43448	45328	576	71	90.7255649826	0.0130837724877	0.00156391109936	0.0115198613884
GGGT	2354	155958	168609	2340	596	254.791405958	0.0147822461433	0.00352235454035	0.011259891603
NGGT	14641	832669	857499	10638	2196	9223372036854775807	0.0126146231444	0.002554394291	0.0100602288534
AAGT	10403	567836	572487	6590	1621	9223372036854775807	0.0114723219353	0.00282351055899	0.0086488113763
TGGT	6134	351967	353088	3361	539	9223372036854775807	0.00945886617435	0.00152420488255	0.00793466129181
NAGT	24706	1376680	1372413	12109	2864	9223372036854775807	0.00871910707818	0.00208248956392	0.00663661751426
GNGT	11688	676213	676729	5539	1330	9223372036854775807	0.00812465529987	0.00196148122803	0.00616317407184
GAGT	2561	145160	143876	1134	253	120.449990879	0.0077515140744	0.00175537192376	0.00599614215064
ANGT	42268	2295602	2299890	18092	4417	9223372036854775807	0.00781953015394	0.00191684528147	0.00590268487248
CAGT	2396	130123	133335	906	218	95.8769755386	0.00691449984355	0.00163231076801	0.00528218907554
NNGT	100583	5673035	5641368	38338	8988	9223372036854775807	0.00671257156554	0.00159069623224	0.0051218753333
CCTG	1867	115245	111000	2471	1798	18.5540099553	0.0209911991573	0.0159399989362	0.00505120022114
ACGT	3360	177445	177785	1203	307	116.535643877	0.00673391249832	0.00172382813377	0.00501008436455
TAGT	9346	533561	522715	3479	772	9223372036854775807	0.00647810218978	0.00147472621097	0.00500337597881
CNGT	7881	434896	436999	2576	558	284.636370364	0.00588837685612	0.00127526242295	0.00461311443317
GGGN	6798	387245	407062	3648	1977	127.171632986	0.00933247717406	0.00483327995619	0.00449919721787
CCGT	996	55027	53431	337	87	31.2437901316	0.0060869879344	0.0016256212863	0.0044613666481
GTGT	6062	337291	327300	1821	378	197.012415827	0.00536990728727	0.00115357149397	0.0042163357933
NCGT	8779	488246	487631	2794	721	265.346397818	0.00568996415771	0.0014763940764	0.0042135700813
TNGT	38746	2266324	2227750	12131	2683	9223372036854775807	0.00532422189598	0.00120290544482	0.00412131645116
GCGT	711	37804	36944	244	103	12.4918915229	0.00641295206056	0.00278025211218	0.00363269994837
TCGT	3712	217970	219471	1010	224	110.751235957	0.00461229336012	0.0010195953481	0.00359269801203
ATGT	23183	1269025	1259144	5938	1499	9223372036854775807	0.00465739005759	0.00118907573357	0.00346831432402
NGGN	42980	2425901	2488794	17076	9303	9223372036854775807	0.00698983248717	0.00372403473524	0.00326579775193
CGGN	2605	137076	140927	846	415	35.528628728	0.00613390177057	0.00293614070835	0.00319776106221
NTGT	52457	2975440	2923825	12797	3207	9223372036854775807	0.00428245818521	0.00109564910804	0.00318680907717
AGGN	16799	945344	978376	7069	4239	176.073861091	0.00742220024296	0.00431399887036	0.0031082013726
TGGN	16778	956236	962429	5513	2672	218.651665468	0.00573226486329	0.00276862214421	0.00296364271907
CTGT	3658	206298	204905	757	182	76.5488243445	0.00365603342107	0.000887428262152	0.00276860515892
TTGT	19554	1162826	1132476	4281	1148	9223372036854775807	0.00366804414677	0.00101268145346	0.0026553626933
CCNG	3944	226559	224289	2813	2181	16.8202029276	0.012263920618	0.00963041462445	0.00263350599358
GGNT	14152	866596	895899	4009	1818	195.870024191	0.00460484375808	0.00202513709777	0.0025797066603
TTTG	19669	1154862	1124426	10642	7569	96.1004829034	0.00913081379386	0.0066864252934	0.00244438850046
AGNT	27693	1570953	1573287	7438	3768	262.746539182	0.00471239382384	0.00238926353234	0.00232313029149
TCCC	2452	137564	134620	831	514	15.6188712804	0.00600455218758	0.00380363195051	0.00220092023707
AAAC	14279	827421	837036	8580	6815	49.2565836352	0.0102631456182	0.00807607030151	0.00218707531674
AAGN	43363	2448141	2468706	10340	5574	9223372036854775807	0.00420584905883	0.0022527765653	0.00195307249353
TTTC	23751	1385998	1357793	14748	11750	61.5811584599	0.0105286754344	0.00857950425799	0.00194917117639
GNGN	35687	2009995	2004627	9148	5353	214.18065108	0.00453063502684	0.00266321057921	0.00186742444763
CTGG	1356	75453	75654	306	168	9.55867259066	0.00403912406447	0.00221571575532	0.00182340830915
TNGN	92090	5353307	5304779	21495	11953	9223372036854775807	0.00399921708744	0.00224818553954	0.0017510315479
NGNT	97730	5772339	5751472	20421	10317	9223372036854775807	0.00352526256914	0.00179058969358	0.00173467287556
ANGN	128143	7290312	7343007	29781	17203	9223372036854775807	0.00406839093438	0.00233729744124	0.00173109349314
NAGN	90180	5131578	5159554	19198	10333	9223372036854775807	0.00372720537643	0.00199868971991	0.00172851565652
TAGN	26003	1503060	1496400	5307	2684	185.372134274	0.003518374507	0.00179042668723	0.00172794781977
TCGN	8034	464839	470045	1664	892	53.5315238324	0.00356696527139	0.00189409623793	0.00167286903347
CCGN	2605	140730	138846	540	310	13.6855903642	0.0038224676152	0.00222771565725	0.00159475195796
NCGN	21662	1212054	1212516	4369	2515	109.602531416	0.00359167822378	0.00206990603532	0.00152177218846
ACGN	8779	486853	487769	1733	991	45.2038080267	0.00354697023656	0.00202757999836	0.0015193902382
CGNT	7672	442010	440871	1291	671	43.2107610887	0.00291224247182	0.00151967423258	0.00139256823924
GAGN	11080	627123	624673	2028	1162	51.3538036889	0.00322339152286	0.00185671942285	0.00136667210001
TTNC	48436	2786014	2744265	20211	16119	87.9076535795	0.00720220224679	0.00583940495235	0.00136279729444
TTGN	41275	2429172	2375905	9011	5705	146.746094148	0.00369578493493	0.00239543837992	0.00130034655501
GGAT	5828	340790	348545	1098	668	25.8432840545	0.00321157806065	0.00191287265938	0.00129870540127
CNGN	24678	1398943	1406440	4456	2656	102.091384108	0.00317514833629	0.00188489641586	0.00129025192043
NAAC	36537	2112572	2123899	15260	12626	58.0200609927	0.00717161881201	0.00590959619008	0.00126202262194
GTGN	15565	875995	857036	3040	1892	53.7514583959	0.00345833783638	0.00220274574819	0.00125559208819
ATGN	59202	3409974	3408156	10639	6399	229.562935881	0.00311026123095	0.00187403629463	0.00123622493633
NTGN	125776	7283024	7197989	24237	15014	9223372036854775807	0.00331683786853	0.00208151861298	0.00123531925554
TGCC	1489	78670	77757	294	194	4.85763062056	0.00372321564257	0.00248874292825	0.00123447271432
TGNT	48213	2892780	2841415	7683	4060	229.866194764	0.00264888743625	0.00142682680396	0.00122206063229
TTNG	37334	2185604	2158230	15217	12363	57.467614366	0.00691423791394	0.0056956785542	0.00121855935974
NCCC	6798	405480	391071	2651	2080	11.66360602	0.00649546346639	0.00529058809465	0.00120487537174
TAAC	11453	643686	638671	3635	2835	21.0745427574	0.00561545199368	0.00441928836207	0.00119616363161
TTAC	12763	713729	715223	3302	2451	28.7000334453	0.00460510075576	0.0034151996589	0.00118990109686
CAGN	9734	553254	569775	1523	913	38.2091903326	0.00274524718941	0.00159982337109	0.00114542381832
TNTC	48754	2867919	2843084	19764	16313	66.2023093784	0.00684424155976	0.00570504900159	0.00113919255817
ANAC	40186	2210505	2233997	15825	13458	48.0795631839	0.00710811065745	0.00598810654718	0.00112000411027
TNAC	32892	1851868	1857695	8260	6392	54.024556763	0.0044405546285	0.00342902450368	0.00101153012481
CTTC	8069	471125	479711	1688	1277	14.9370497526	0.00357012180291	0.00265495189069	0.00091516991222
CTGN	9734	567883	556892	1547	1018	22.4658684401	0.00271675183956	0.001824667061	0.000892084778563
GNNT	94045	5413710	5389466	17917	13014	165.022974373	0.00329864329786	0.00240889369327	0.000889749604589
TNNC	107549	6176015	6135510	32968	27367	105.935112989	0.00530972624663	0.00444062083342	0.000869105413214
TATT	76024	4180132	4082010	9202	5456	190.165233253	0.00219653052251	0.00133481232627	0.000861718196245
AANC	32778	1927109	1941714	12321	10743	27.0568817792	0.00635289750081	0.00550229787391	0.000850599626902
CACC	2662	146849	149333	364	243	6.40524742955	0.00247260771807	0.00162459218056	0.000848015537505
NTTG	41275	2419891	2368738	15880	13564	30.5032897889	0.00651949629091	0.00569365260995	0.000825843680953
NNAC	100583	5611308	5665476	29943	25691	80.6711923629	0.00530786522351	0.00451418839054	0.000793676832976
AATC	9935	581786	595837	2383	1974	11.4565860064	0.00407929896999	0.00330204696802	0.000777252001968
GTNT	40186	2259820	2233016	7791	5966	49.0216857145	0.00343577447807	0.00266460382442	0.000771170653657
TCNC	12840	728415	740692	2398	1864	17.4695154736	0.00328127715298	0.00251024838531	0.000771028767672
TCAC	4891	282202	287632	692	483	9.77521760581	0.00244614590624	0.00167641393194	0.000769731974304
CGAT	2639	159321	155797	400	272	5.38367473713	0.00250436698994	0.00174281888139	0.000761548108547
NTAC	38808	2106827	2124071	10261	8790	28.3291415559	0.00484675176469	0.00412122496496	0.000725526799723
NTTC	51935	3031962	3018295	22881	20579	25.196560263	0.00749007395797	0.00677191617685	0.000718157781127
AGCT	3068	171088	170695	436	317	4.69691906147	0.00254191833213	0.00185367108741	0.000688247244719
ATGG	7339	430077	430945	1690	1395	7.03078435864	0.00391414814008	0.00322662719156	0.000687520948523
NCTG	9734	564595	554307	3562	3119	5.46276354381	0.00626939384712	0.00559536153678	0.000674032310345
CNCC	6871	371328	373658	1356	1126	5.67969543478	0.00363847119812	0.00300439719945	0.000634073998666
TATC	15924	961850	960663	3541	2950	12.4156908685	0.00366794386938	0.0030613949791	0.000606548890271
TNCC	17357	981627	962316	3533	2878	12.7380091712	0.00358621949734	0.00298178397296	0.000604435524378
TANC	35314	2048130	2038305	8552	7295	21.3338695655	0.00415815376417	0.00356619084865	0.000591962915519
ATAC	16739	883487	890003	5145	4654	6.93403438745	0.00578979825169	0.00520199361319	0.0005878046385
TANT	150966	8407557	8275477	24171	19040	116.369932889	0.00286667216969	0.00229549231137	0.000571179858324
ATNT	247314	12228392	12064853	25290	18061	242.190485551	0.00206386945573	0.00149475532144	0.000569114134288
NTNC	121049	6863545	6837483	37891	33892	46.1287786192	0.00549030665502	0.00493234614615	0.000557960508871
GTAT	16739	901525	890004	1560	1049	21.305655893	0.00172741214836	0.00117725881625	0.000550153332104
ATAT	146496	6592819	6562805	15319	11782	97.9345947991	0.00231820219251	0.00179205172888	0.000526150463632
ATCC	5828	346635	341871	884	693	5.17727097774	0.00254374580958	0.0020229796476	0.000520766161983
TGGA	6963	407409	411751	1343	1145	4.58800319855	0.00328561083493	0.00277309540417	0.000512515430762
ANNT	443410	22951504	22945818	76507	64695	214.832854882	0.00332234512134	0.00281154096825	0.000510804153087
CTNC	16127	918008	932596	2643	2224	10.1910908232	0.00287079468767	0.00237906762799	0.00049172705968
NANC	97730	5716456	5739351	26319	23596	35.6897245352	0.00458297600028	0.00409443293509	0.000488543065185
NGAT	37478	2280671	2260852	5944	4803	25.2105898977	0.00259947564413	0.00211991675696	0.000479558887165
NATC	37478	2254199	2272245	7490	6553	16.1954250475	0.00331168432088	0.00287563882363	0.000436045497252
NATT	147675	8314906	8196235	15155	11357	107.808827307	0.00181931440838	0.00138371887881	0.000435595529568
GCNT	10473	573567	567709	1258	1002	6.50324930758	0.00218849214978	0.00176187905632	0.000426613093463
NGCT	9075	507670	496057	1181	946	5.24090001882	0.00232091515984	0.00190340903375	0.000417506126092
TTAA	38620	2098098	2100116	4500	3657	20.0864922883	0.00214020939809	0.00173830541603	0.000401903982056
NNTC	110166	6453409	6462450	33116	30546	24.3010445745	0.0051053530203	0.00470445384534	0.000400899174956
TNNT	497465	28028229	27533679	54331	42431	274.602022423	0.00193468829053	0.00153868692865	0.000396001361877
TTTN	227407	12500478	12141865	57731	51288	48.0285723764	0.00459707271953	0.00420629512317	0.000390777596353
NTNT	568223	30089662	29580633	53184	40869	9223372036854775807	0.00176439875651	0.00137970721404	0.000384691542471
TTGA	12461	741531	722198	2049	1726	5.01359237576	0.00275558783184	0.00238422817865	0.000371359653192
TTNN	454980	25410469	24923065	88791	77890	113.43156245	0.00348210104921	0.00311548098863	0.000366620060581
NTNG	92091	5342326	5290364	26368	24222	16.4150627405	0.00491143656167	0.00455764569432	0.000353790867345
TGAT	17633	1104297	1085391	2319	1909	7.98106187459	0.00209557786983	0.00175572519084	0.00033985267899
GANT	29234	1713727	1692842	4859	4228	8.74919926867	0.0028273243236	0.00249135274326	0.000335971580343
GGNN	42979	2439188	2497321	7627	6968	11.1606836393	0.003117113472	0.00278242646915	0.000334687002854
NANT	344762	19221342	19225202	71289	64889	66.6802546615	0.00369514142472	0.00336385141988	0.000331290004841
ANNC	94045	5348836	5375145	26843	25179	14.3178289732	0.00499341571548	0.0046624980279	0.000330917687588
TNGA	31458	1853171	1834105	4639	3988	10.1250527814	0.00249702606833	0.00216963994749	0.000327386120839
NTAT	248757	12237445	12125192	23183	19110	78.4225761186	0.00189084931049	0.00157357746868	0.000317271841816
NNCC	42979	2487310	2443132	8529	7609	8.93698196854	0.0034172877337	0.00310477524961	0.000312512484096
NTCC	18149	1051992	1036769	2685	2332	5.06236148306	0.00254580312266	0.00224424767179	0.000301555450877
AGNN	90180	5137739	5162407	14652	13196	19.0695526167	0.00284372828071	0.00254965460063	0.000294073680082
TNTT	244400	13485350	13169913	17972	13853	96.8305720846	0.00133093175146	0.00105076197499	0.000280169776468
GNAT	42161	2365725	2355280	6033	5357	8.92359846068	0.0025436827872	0.00226930273481	0.000274380052386
CNTC	20000	1186930	1198519	3189	2901	4.29363389028	0.00267956397638	0.00241464267284	0.000264921303538
NCNC	35687	1998501	2018358	6969	6500	5.37120050546	0.00347499588625	0.00321010164663	0.000264894239617
GGAN	18149	1032319	1056392	2241	2022	4.3603461969	0.00216613826168	0.00191040556909	0.000255732692589
TTAN	134363	7429400	7359547	15160	13249	25.1827125142	0.00203638630087	0.00179701160862	0.000239374692248
AANT	126135	6845948	6993498	37667	36847	8.42653109255	0.0054719794759	0.00524113681477	0.000230842661135
TTNT	241695	13351333	13049459	17258	14028	58.4701837063	0.00129093634475	0.001073832737	0.000217103607748
TGTT	20191	1194401	1171108	1478	1195	6.11338988564	0.00123591099099	0.0010193610355	0.000216549955495
GTAN	38808	2138566	2119544	4474	4031	4.91851026645	0.00208768851725	0.00189821409651	0.000189474420735
NTAN	447932	23220186	23180785	50461	47376	21.0297495688	0.00216843992348	0.0020395932334	0.000128846690076
CNNT	103938	6071235	6035723	12095	11333	5.20569069181	0.00198822026752	0.00187413511633	0.00011408515119
NNTT	454983	25523277	25019178	34698	31323	25.3501315271	0.00135761929496	0.00125039415379	0.000107225141162
AAAA	126702	6650195	6869434	7194	6794	6.91128252737	0.00108060382231	0.000988041699606	9.25621227031e-05
TNAA	127515	6999191	7116830	10427	9970	4.92573782361	0.0014875275657	0.00139894482797	8.85827377229e-05
ATAN	248757	12149875	12185229	28400	27430	5.04430103656	0.0023320215712	0.00224603012333	8.5991447866e-05
