#Sequence	Occurrence	Forward Match	Backward Match	Forward Mismatch	Backward Mismatch	Strand Bias Score	FER (Forward Error Rate)	RER (Reverse Error Rate), ERD (Error rate Difference)
GGGT	24421	1664152	1946951	215754	48411	9223372036854775807	0.114768504383	0.0242617630285	0.0905067413542
AGGT	26925	1969936	2201384	207004	60328	9223372036854775807	0.0950894374673	0.026673599468	0.0684158379993
CGGT	49910	3467311	3896533	331782	95495	9223372036854775807	0.0873318973766	0.0239214254008	0.0634104719757
NGGT	149116	10595758	11995635	1025502	306245	9223372036854775807	0.0882436155804	0.0248941625182	0.0633494530622
GGGA	22204	1629225	1811686	123850	27379	9223372036854775807	0.0706472911883	0.0148874563977	0.0557598347907
TGGT	47860	3494359	3950767	270962	102011	9223372036854775807	0.0719625232483	0.0251706360427	0.0467918872056
GGGN	95212	6858469	7553363	416099	132098	9223372036854775807	0.0571991353988	0.0171880385575	0.0400110968414
GAGT	19416	1473325	1578765	100796	41353	9223372036854775807	0.0640331969398	0.0255246840045	0.0385085129353
NGGA	112146	8425399	9132199	480567	146588	9223372036854775807	0.0539601206652	0.0157981856896	0.0381619349756
GNGT	117794	8793635	9391293	602031	250018	9223372036854775807	0.0640753939103	0.0259319505408	0.0381434433696
CGGA	33944	2491652	2687749	144440	47344	9223372036854775807	0.0547932317992	0.0173098318777	0.0374833999214
TGGA	33726	2546774	2789359	135127	44002	9223372036854775807	0.0503847830326	0.0155299660015	0.0348548170311
CNGT	160325	12059731	12455900	706180	324401	9223372036854775807	0.0553176345973	0.0253828919992	0.0299347425981
NGGN	541511	39293389	43177246	1875815	750730	9223372036854775807	0.0455635479374	0.0170900202641	0.0284735276734
NNGT	511961	39020609	40957805	2228595	1081903	9223372036854775807	0.0540275880233	0.0257352643839	0.0282923236394
CGGN	173802	12207904	13441616	583167	237410	9223372036854775807	0.0455917256655	0.0173557678741	0.0282359577914
AGGA	22272	1757748	1843405	77150	27863	9223372036854775807	0.0420459338884	0.0148899035307	0.0271560303578
GNGA	134437	10299669	10827241	487745	199980	9223372036854775807	0.0452142654393	0.0181351221672	0.0270791432721
AGGN	101001	7674019	8190206	351563	142434	9223372036854775807	0.0438052966128	0.0170935021794	0.0267117944334
ANGT	110550	8655435	9043802	478174	245329	9223372036854775807	0.0523532373676	0.0264103283719	0.0259429089957
GCGT	52156	3950212	4091022	221011	113818	9223372036854775807	0.0529847001707	0.0270683307807	0.02591636939
NAGT	99570	7709662	7999484	404139	217003	9223372036854775807	0.0498088380526	0.0264106789191	0.0233981591335
TGGN	171496	12552997	13992061	524986	238788	9223372036854775807	0.0401427345486	0.0167796032408	0.0233631313078
GCGA	50861	3834336	3975381	180477	87956	9223372036854775807	0.0449527786226	0.0216462478992	0.0233065307234
GAGA	23307	1845948	1903255	68926	27447	9223372036854775807	0.0359950576383	0.0142160727031	0.0217789849352
AAGT	26031	2035333	2125753	110124	65148	9223372036854775807	0.0513289243271	0.0297357114721	0.0215932128549
CAGT	40878	3165122	3224716	152958	83762	9223372036854775807	0.0460983460314	0.0253173815875	0.0207809644439
TNGA	114614	9024103	9373777	343410	166462	9223372036854775807	0.0366596769068	0.0174484098354	0.0192112670713
TNGT	123292	9511808	10066810	442210	262155	9223372036854775807	0.0444252763055	0.0253805681402	0.0190447081653
CNGA	158169	12370610	12496901	498549	251887	9223372036854775807	0.038739827521	0.019757721283	0.018982106238
GTGA	38065	2990160	3136919	114492	57198	9223372036854775807	0.0368775630892	0.0179072964453	0.0189702666439
CCGA	31943	2505931	2386985	105605	52955	9223372036854775807	0.0404378878943	0.0217034025427	0.0187344853516
NNGA	534166	41945058	43089311	1617100	809782	9223372036854775807	0.0371216687658	0.0184464403399	0.0186752284259
GGGC	31040	2252098	2412383	70614	30607	9223372036854775807	0.0304015306245	0.012528499912	0.0178730307126
CCCA	26973	2154153	2087948	103397	60144	9223372036854775807	0.0458005359793	0.0279988007962	0.017801735183
NCGT	146331	11397596	11484456	530233	317388	9223372036854775807	0.0444534374193	0.0268930855212	0.0175603518981
NCGA	142536	11152222	11166026	449108	243148	9223372036854775807	0.0387117683921	0.0213116216827	0.0174001467094
CCGT	36243	2809733	2694329	131876	78026	9223372036854775807	0.0448312471168	0.0281443033089	0.0166869438079
CTGA	48974	3890579	3949209	147301	80971	9223372036854775807	0.0364797864226	0.0200911621813	0.0163886242412
ACGT	29074	2332051	2362020	100009	61753	9223372036854775807	0.0411211072095	0.0254780460051	0.0156430612044
GCCA	62937	4893263	4420357	220335	124757	9223372036854775807	0.0430880565895	0.0274485964488	0.0156394601407
GAGN	85176	6689304	6848470	218511	112595	9223372036854775807	0.0316324337001	0.0161749674798	0.0154574662203
GNGN	543373	40849784	42982906	1374571	765693	9223372036854775807	0.0325539845428	0.0175021147534	0.0150518697894
TCGA	30874	2464069	2481309	92087	53232	9223372036854775807	0.0360255790335	0.0210026194092	0.0150229596243
GGNA	151676	11481953	12179800	403415	240315	9223372036854775807	0.033942154757	0.0193488546604	0.0145933000966
AAAC	50418	4036125	4056739	83074	23358	9223372036854775807	0.02016751315	0.00572486389417	0.0144426492558
NGGC	185038	12974974	14496025	332874	165408	9223372036854775807	0.0250133605373	0.0112818440053	0.013731516532
GCNA	189309	14680765	14354500	566666	348788	9223372036854775807	0.0371646869561	0.0237217688996	0.0134429180565
CCNA	94278	7550144	7245567	295271	180197	9223372036854775807	0.0376361224996	0.0242664593165	0.0133696631831
NTGA	167454	13374137	13706343	439890	259742	9223372036854775807	0.031843719431	0.0185980537853	0.0132456656457
GGCA	55036	4033418	4321245	148953	99584	9223372036854775807	0.0356144875718	0.0225260918258	0.013088395746
CGNA	151770	11832887	11987389	428462	267858	9223372036854775807	0.0349441158554	0.0218565974231	0.0130875184323
TAGT	13245	1035882	1070250	40261	26740	9223372036854775807	0.0374123141627	0.0243757919398	0.0130365222229
NCCA	171496	13700745	12849404	568373	354171	9223372036854775807	0.0398323848748	0.0268238715651	0.0130085133097
TGGC	62937	4386965	5035445	108421	57046	9223372036854775807	0.0241182848369	0.0112019834694	0.0129163013676
AGGC	33611	2499786	2675609	60062	28582	9223372036854775807	0.0234631118723	0.0105695196826	0.0128935921897
TTGA	38723	3110649	3190758	95218	54849	9223372036854775807	0.0297011697616	0.0168994582523	0.0128017115092
CTCA	23694	1905828	1913285	71956	46233	9223372036854775807	0.0363821327304	0.0235940675207	0.0127880652097
CGGC	57450	3836125	4372588	93777	49173	9223372036854775807	0.0238624271038	0.0111206824611	0.0127417446427
TAAC	35013	2824184	2820447	54511	17960	9223372036854775807	0.0189360109355	0.00632749285074	0.0126085180848
TAGC	21206	1665868	1662027	35512	14065	9223372036854775807	0.0208724682317	0.00839154413958	0.0124809240921
TCCA	33726	2725553	2630511	111662	72888	9223372036854775807	0.0393561996535	0.0269616138794	0.0123945857741
CNCA	127277	10134427	9987221	394128	259747	9223372036854775807	0.0374341968105	0.0253486689916	0.0120855278188
CGCA	50798	3966298	3930408	157124	105396	9223372036854775807	0.0381052436544	0.0261152424647	0.0119900011897
CTNA	107492	8581636	8650960	289907	184860	9223372036854775807	0.0326783063555	0.0209216575258	0.0117566488297
TTTC	54747	4411891	4409311	84981	32255	9223372036854775807	0.0188978027393	0.007262078285	0.0116357244543
ATAC	26494	2138516	2144557	38707	13451	9223372036854775807	0.0177781513423	0.0062330630841	0.0115450882582
GNCA	181171	13960657	13758949	515669	342276	9223372036854775807	0.0356215382273	0.0242727848112	0.0113487534161
NGNA	575726	45101086	46252826	1468830	961168	9223372036854775807	0.0315403188616	0.0203576931026	0.011182625759
NAAC	165055	13371001	13398729	241248	88254	9223372036854775807	0.0177228612259	0.00654364285919	0.0111792183668
GTGT	21801	1705946	1774555	64470	46436	9223372036854775807	0.0364151702199	0.025500400606	0.0109147696138
TGNA	146196	11643770	11960548	367349	243017	9223372036854775807	0.0305840779698	0.0199136072123	0.0106704707574
NCNA	521493	41564530	40514230	1469168	976145	9223372036854775807	0.0341399430744	0.0235270228336	0.0106129202408
ANAC	119660	9663659	9645463	164953	61422	9223372036854775807	0.0167829394425	0.00632767360487	0.0104552658376
CNGN	762778	58075587	58680898	1622934	1001679	9223372036854775807	0.0271854976106	0.0167834408357	0.0104020567749
TNGN	521493	40308130	42174729	1093805	689962	9223372036854775807	0.0264191758187	0.0160962784031	0.0103228974156
AAGC	39605	3163820	3125776	61958	28057	9223372036854775807	0.0192071494071	0.00889615905471	0.0103109903523
NGCA	191137	14869712	15063878	521270	369484	9223372036854775807	0.0338685341845	0.0239406034797	0.00992793070484
CNNA	497792	39673083	39410857	1305310	884126	9223372036854775807	0.031853616124	0.0219413419283	0.00991227419564
CTCG	20894	1589426	1668390	36844	21662	9223372036854775807	0.0226555246054	0.0128173570991	0.00983816750631
GNNA	631758	49287393	49969454	1561335	1069284	9223372036854775807	0.0307054878541	0.0209504396445	0.0097550482096
GAAC	35903	2917561	2984579	49989	21352	9223372036854775807	0.0168452090108	0.00710329012875	0.00974191888205
CTAC	18561	1476534	1484151	24977	10514	9223372036854775807	0.0166345767697	0.00703435217925	0.00960022459042
NAGC	161078	12701359	12378939	240157	113686	9223372036854775807	0.0185570994928	0.009100249147	0.00945685034583
NAGA	112030	8993300	9084743	247535	160304	9223372036854775807	0.0267870814705	0.0173394467329	0.00944763473751
GCGN	230181	17036171	17762153	493635	340570	9223372036854775807	0.0281597525951	0.0188131918055	0.00934656078964
AANC	172568	13947489	13760936	234858	101720	9223372036854775807	0.0165598825075	0.00733769921146	0.00922218329599
ANGA	126946	10250676	10391392	287396	191453	9223372036854775807	0.0272721613593	0.0180908819887	0.00918127937058
NTAC	105227	8483045	8547893	135090	57247	9223372036854775807	0.0156750851547	0.00665265178719	0.00902243336755
NTTC	167216	13618542	13617956	230588	104695	9223372036854775807	0.016649998953	0.00762935674747	0.00902064220553
GAGC	26286	2094968	2062308	40527	20932	9223372036854775807	0.0189778013997	0.0100478101419	0.00892999125778
TCNA	114614	9267435	9145545	310594	220642	9223372036854775807	0.0324277573183	0.0235572917773	0.00887046554101
CTTC	41890	3425157	3417351	56753	25595	9223372036854775807	0.0162993874052	0.00743404049904	0.00886534690615
TGCA	39496	3176474	3200293	107188	78029	9223372036854775807	0.0326428237742	0.0238015057703	0.00884131800386
TTGC	54305	4309986	4393967	73053	34727	9223372036854775807	0.0166672028243	0.00784136361645	0.00882583920789
TANC	130871	10554096	10468197	173217	77563	9223372036854775807	0.0161472868369	0.00735489903051	0.00879238780637
ATGC	43389	3505330	3567486	60342	29287	9223372036854775807	0.0169230372283	0.00814257669305	0.00878046053527
TTAC	36112	2914939	2946404	44253	18590	9223372036854775807	0.0149544199903	0.00626982719021	0.00868459280011
ACGA	28858	2347886	2322351	70939	49005	9223372036854775807	0.0293278761382	0.0206653914469	0.00866248469129
GTGC	36090	2843631	2910725	51694	27255	9223372036854775807	0.0178542996037	0.00927678200668	0.00857751759699
NTGC	191137	15152234	15224522	260385	128301	9223372036854775807	0.0168942734522	0.00835683444015	0.00853743901201
NAGN	473679	37406089	37666540	948887	624614	9223372036854775807	0.0247396061465	0.0163122271008	0.00842737904573
TAGN	53978	4256541	4318764	101324	65193	9223372036854775807	0.0232508349846	0.0148708119172	0.00838002306738
TNGC	189309	14414503	15042689	259560	141861	9223372036854775807	0.0176883525715	0.00934245664178	0.00834589592969
CAGA	43308	3482448	3472958	101203	70617	9223372036854775807	0.0282401941484	0.0199281798748	0.00831201427353
CAGC	73981	5776703	5528828	102160	50632	9223372036854775807	0.0173775099029	0.00907471332351	0.00830279657934
CTGT	33294	2617565	2640322	89564	67118	9223372036854775807	0.0330844965275	0.0247902077239	0.0082942888036
TTNC	185279	14930671	14983150	237662	112284	9223372036854775807	0.0156683005311	0.00743827570642	0.0082300248247
ANGN	527427	41740039	42803975	1056619	717235	9223372036854775807	0.0246892876542	0.0164801254377	0.0082091622165
ATTC	34676	2832718	2838124	44708	21176	9223372036854775807	0.0155374977497	0.00740600846361	0.00813148928611
CTGC	57353	4493287	4352344	75296	37032	9223372036854775807	0.0164812590687	0.00843673451534	0.00804452455339
GTNA	146144	11584182	11797468	335371	244225	9223372036854775807	0.0281362061144	0.0202816165468	0.00785458956766
GGNT	136876	9952116	10948921	362891	308975	9223372036854775807	0.035180877725	0.0274451815863	0.00773569613872
NNCA	647031	51682124	50794484	1723104	1280475	9223372036854775807	0.0322647063692	0.0245890736083	0.0076756327609
CCCG	32498	2499623	2393319	50464	29570	9223372036854775807	0.0197891287631	0.0122044385855	0.00758469017755
ATNC	140957	11493616	11412255	177188	87500	9223372036854775807	0.0151821588298	0.00760885775393	0.00757330107592
ANGC	168761	13352733	13487488	225868	123373	9223372036854775807	0.0166341142213	0.00906430533675	0.00756980888459
CAAC	43721	3593131	3536964	53674	25584	9223372036854775807	0.0147180888476	0.00718137692461	0.00753671192303
NNGC	767434	58865101	59376776	1025844	576010	9223372036854775807	0.0171285325353	0.00960772698703	0.00752080554823
ACCA	47860	3927776	3710588	132979	96382	9223372036854775807	0.0327473585577	0.0253172470495	0.00743011150822
NTNC	575726	46450120	46288695	721846	367345	9223372036854775807	0.015302436197	0.00787347147336	0.0074289647236
TNAC	146144	11870418	11865376	169648	79839	9223372036854775807	0.0140902882094	0.00668376416833	0.00740652404105
CTNC	136941	10943967	10765639	170512	86629	9223372036854775807	0.0153414298592	0.00798257101649	0.0073588588427
GNGC	163548	12547032	12714858	229367	136424	9223372036854775807	0.0179523980114	0.0106155946154	0.00733680339598
TATC	40331	3268433	3270327	47780	23314	9223372036854775807	0.0144080009336	0.00707848851772	0.00732951241587
NANC	648147	52445556	51497483	804428	407192	9223372036854775807	0.0151066336471	0.00784499662121	0.00726163702585
TNTC	144629	11684521	11729176	176078	89842	9223372036854775807	0.014845624576	0.00760147755084	0.00724414702512
TNCA	146196	11828723	11738849	387699	295189	9223372036854775807	0.0317358879711	0.0245295053913	0.00720638257984
TAGA	11291	902611	912351	20978	14379	279.206939027	0.0227135663158	0.0155158460393	0.00719772027645
NNAC	511962	41427447	41144065	595605	295609	9223372036854775807	0.0141732923158	0.00713347793228	0.00703981438356
GTGN	132804	10265840	10818920	246326	180430	9223372036854775807	0.0234324686273	0.0164036965821	0.00702877204523
CNGC	245816	18550833	18131741	311049	174352	9223372036854775807	0.0164908782697	0.00952426058362	0.00696661768611
CAGN	207587	16289134	16203834	384831	268110	9223372036854775807	0.023079753376	0.0162767673324	0.00680298604362
AATC	41732	3410558	3390515	46797	23650	9223372036854775807	0.0135354917271	0.00692702315207	0.00660846857498
TNNA	533582	42494118	42717175	1207468	926616	9223372036854775807	0.0276298439146	0.0212313362054	0.00639850770917
AAGN	126938	10171110	10295472	244221	178716	9223372036854775807	0.0234482226249	0.0170625159678	0.00638570665707
CCAA	27126	2222257	2128330	67403	50280	9223372036854775807	0.0294379951609	0.0230789356516	0.00635905950922
CCCN	95211	7517344	7213101	204853	148719	9223372036854775807	0.0265278132635	0.020201390417	0.00632642284646
GTAC	24060	1953056	1972781	27153	14692	9223372036854775807	0.0137121889659	0.00739230168158	0.00631988728433
GANC	127641	10357694	10366133	154538	88670	9223372036854775807	0.0147007790543	0.00848126932664	0.0062195097277
ANNC	540013	43531417	42796862	633124	350535	9223372036854775807	0.0143355729657	0.00812412855404	0.00621144441162
GCAA	54305	4316710	4294782	122104	93594	9223372036854775807	0.027508248825	0.021327707562	0.00618054126305
AGAC	20947	1688598	1672946	23494	12716	9223372036854775807	0.0137223934228	0.0075436238107	0.00617876961208
GTTC	35903	2948776	2953170	44146	25669	9223372036854775807	0.0147501338157	0.00861711559436	0.00613301822135
CTTG	19308	1522227	1590687	29889	21214	9223372036854775807	0.0192569369815	0.0131608578939	0.00609607908764
GTCA	36954	2927659	2937275	92935	74339	9223372036854775807	0.0307671272604	0.0246841062633	0.00608302099711
CTTA	19804	1581438	1589892	44193	34277	278.44296538	0.0271851361102	0.0211043308917	0.00608080521855
GTNC	112549	9081866	9127651	136484	80932	9223372036854775807	0.014805686484	0.00878875718447	0.00601692929956
TNNC	631758	50277670	50491225	732894	426020	9223372036854775807	0.0143674945449	0.00836690987503	0.00600058466982
ACNA	123292	10066186	9768618	296637	226518	9223372036854775807	0.0286251149904	0.0226628231972	0.00596229179318
GGNC	99948	7533986	7829337	134868	92253	9223372036854775807	0.0175864607671	0.0116457680844	0.00594069268271
TCGT	28858	2305600	2337085	77337	63791	9223372036854775807	0.0324544878862	0.0265698853252	0.00588460256098
CGNT	200428	15483980	15653499	543669	452179	9223372036854775807	0.0339206954183	0.0280757506763	0.00584494474202
TGAC	36954	2965318	2999824	40055	22709	9223372036854775807	0.013327796583	0.00751323476038	0.00581456182261
NCGN	692850	53364078	53375411	1268441	953883	9223372036854775807	0.0232176920123	0.0175574341165	0.00566025789585
CACA	25812	2108148	2055580	61651	47974	293.340051189	0.028413230903	0.0228061651852	0.00560706571775
AGNA	126084	10142476	10125089	269604	209978	9223372036854775807	0.0258933853754	0.0203170429374	0.00557634243804
NCAA	153483	12425953	12242433	341554	265216	9223372036854775807	0.0267518161533	0.0212043046619	0.00554751149141
CANC	217067	17586277	16902217	241815	139239	9223372036854775807	0.0135637060881	0.00817060467134	0.00539310141678
CTAG	1770	141968	143144	2122	1349	39.4376242699	0.0147269067944	0.00933609240586	0.0053908143885
GNAC	112549	9055251	9178395	123916	75099	9223372036854775807	0.0134996999183	0.00811574525255	0.00538395466575
TGNC	181171	13829277	14322508	218872	147991	9223372036854775807	0.015580130877	0.0102270833922	0.00535304748481
NTNA	610044	48651006	48848313	1325719	1060662	9223372036854775807	0.026526728192	0.021251929137	0.00527479905498
ANTC	114716	9367869	9331716	120897	70294	9223372036854775807	0.0127410666466	0.00747648641088	0.00526458023572
NATC	172898	14200469	14071401	179654	102766	9223372036854775807	0.0124932171999	0.00725023205949	0.00524298514039
GGTA	34321	2650515	2777859	63254	51315	9223372036854775807	0.0233085424736	0.018137802765	0.00517073970854
ACAA	33329	2714230	2681807	69506	54356	9223372036854775807	0.0249686033446	0.0198657755404	0.00510282780415
TTCA	51706	4209783	4179027	128612	105333	9223372036854775807	0.0296450645919	0.0245854690082	0.00505959558365
AGNC	108694	8515048	8261889	129725	83116	9223372036854775807	0.0150061777215	0.00995997006593	0.00504620765557
AGCA	45807	3693522	3611932	108005	86475	9223372036854775807	0.0284109517044	0.0233816883864	0.00502926331803
TTNA	177436	14098246	14140552	382836	309793	9223372036854775807	0.0264369748062	0.0214384500854	0.00499852472072
CNAC	133609	10838119	10454831	137088	79249	9223372036854775807	0.0124906983531	0.00752310595705	0.00496759239607
NGAC	108876	8677717	8695826	113491	69855	9223372036854775807	0.0129096024119	0.00796914694934	0.00494045546253
CTGN	207587	16120007	16424860	346613	269781	9223372036854775807	0.0210494321239	0.0161597365286	0.00488969559527
ATGA	41692	3382749	3429457	82879	66724	9223372036854775807	0.0239145690189	0.0190848242697	0.00482974474927
NNTC	534166	43361941	43317613	561166	349387	9223372036854775807	0.0127760998328	0.00800116793002	0.00477493190281
CCGN	173802	13458542	12610588	308323	226378	9223372036854775807	0.0223960211711	0.0176348523475	0.00476116882361
GATC	38192	3134775	3156235	39730	24740	9223372036854775807	0.0125153370368	0.00777748960617	0.00473784743062
GGAC	16496	1275134	1338323	17717	12113	289.660236646	0.0137038220182	0.00896969571309	0.00473412630507
NGNC	587828	44857445	45184371	683527	481554	9223372036854775807	0.015009056021	0.0105451493647	0.00446390665637
TCAA	38723	3172756	3137514	82541	66986	9223372036854775807	0.0253559045457	0.0209037291309	0.00445217541482
AACC	40813	3336986	3187906	43029	26655	9223372036854775807	0.0127304168768	0.00829195650666	0.00443846037019
NTGN	647031	50909984	52423311	1054786	845342	9223372036854775807	0.0202980981153	0.015869408224	0.00442868989131
TACC	34321	2795611	2715396	35414	22224	9223372036854775807	0.0125092501832	0.00811800030684	0.0043912498764
GGNN	541512	40218818	43084111	955466	828315	9223372036854775807	0.0232054065591	0.0188628840502	0.00434252250893
GACA	26244	2106317	2080072	53446	43596	188.321729212	0.0247462337303	0.0205286325358	0.00421760119449
ACAC	21801	1800420	1771221	19678	11897	9223372036854775807	0.0108115057541	0.00667202058417	0.00413948516992
NTCA	167454	13599279	13481661	405544	343588	9223372036854775807	0.028957452729	0.0248522106184	0.00410524211055
GNNC	503686	39746434	39979943	554318	397157	9223372036854775807	0.0137545324216	0.00983619427844	0.00391833814319
TGTC	26244	2088403	2141403	26937	19123	9223372036854775807	0.0127341231197	0.00885108533755	0.00388303778214
TTGN	153483	12249332	12546683	236823	192307	9223372036854775807	0.0189668476805	0.015095937747	0.00387090993346
CNNC	679617	53699151	51660775	695605	467511	9223372036854775807	0.0127880893518	0.00896847059195	0.00381961875989
ACGN	146331	11620105	11685449	235811	193261	9223372036854775807	0.019889732687	0.0162695275834	0.00362020510366
CGNN	692851	53397150	53424156	1248147	1049750	9223372036854775807	0.0228408860144	0.0192706944863	0.00357019152813
ACCG	49910	3952750	3782382	60469	44735	9223372036854775807	0.0150674558254	0.01168895542	0.00337850040539
NGNT	648147	50042526	51820121	1645344	1518142	9223372036854775807	0.031832304175	0.0284625316726	0.00336977250242
CNTC	147180	12021741	11812242	137092	94241	9223372036854775807	0.0112750952332	0.00791509969821	0.00335999553503
CGAC	34479	2748667	2684733	32225	22317	9223372036854775807	0.011588008452	0.00824402947858	0.00334397897338
TCGN	142536	11249260	11317221	230672	193674	9223372036854775807	0.0200934988117	0.0168252772699	0.00326822154174
NTGT	116944	9317593	9478230	268721	241267	9223372036854775807	0.0280317335735	0.0248229923832	0.00320874119026
GTAA	36112	2898030	2905490	62440	52922	173.962039682	0.0210912456468	0.0178886510736	0.00320259457319
AAGA	34124	2762293	2796179	56428	47861	174.607898199	0.0200190086213	0.0168285256185	0.0031904830028
CGAA	38600	3069799	3114121	72025	62693	168.791575326	0.0229245813897	0.0197345516609	0.00319002972879
GNTC	127641	10287810	10444479	127099	95010	9223372036854775807	0.0122035631804	0.00901466854797	0.00318889463246
TCAC	38065	3165977	3098701	30829	20580	9223372036854775807	0.00964368810619	0.00659767427173	0.00304601383446
NCCN	541511	43096192	40665487	1023953	837973	9223372036854775807	0.0232082872801	0.0201904371346	0.00301785014547
CATC	52643	4386703	4254324	45347	31062	9223372036854775807	0.0102316083979	0.00724835522401	0.00298325317391
CANA	144252	11708416	11526941	291670	251211	9223372036854775807	0.0243056591428	0.0213285581643	0.00297710097847
NACC	149116	12172727	11648414	143369	102486	9223372036854775807	0.0116407829234	0.00872154473274	0.00291923819068
ATCC	36398	3017052	2862088	33431	23586	264.268331113	0.0109592480928	0.00817348044166	0.00278576765119
TCCG	33944	2709892	2606915	41082	32131	167.587921353	0.0149336198743	0.0121752330198	0.00275838685446
CGNC	198015	14979134	14770637	200062	158194	9223372036854775807	0.0131800129598	0.0105965430247	0.00258346993514
CNAA	129274	10421816	10346628	252896	223281	9223372036854775807	0.0236911309645	0.0211242121384	0.00256691882603
GCCN	185038	14388510	13131045	362027	295190	9223372036854775807	0.024543309847	0.021986059383	0.00255725046397
GGTC	27260	2135788	2210710	27953	23272	131.177382327	0.0129188290096	0.0104172728339	0.00250155617568
CTCN	85176	6824402	6811309	145514	127756	240.045144884	0.0208774395559	0.0184111259946	0.0024663135613
TTCC	40115	3293855	3233468	35375	26712	228.243805157	0.0106255800891	0.00819341263366	0.00243216745543
CTAA	15020	1203791	1198574	26457	23379	38.8423841955	0.0215054200454	0.0191324870924	0.00237293295301
GTTA	35013	2768333	2817784	65504	59766	80.8440934731	0.0231149498013	0.020769752046	0.00234519775527
ATGN	153157	12274805	12632848	225024	202824	9223372036854775807	0.0180021662696	0.0158015879496	0.00220057832005
TTTA	44629	3454818	3458073	93239	85319	77.3006957395	0.026278890108	0.0240783407537	0.0022005493543
GGAA	40115	3168795	3269010	67358	62037	89.9144936491	0.0208142198468	0.0186238741153	0.00219034573158
ACCN	149116	12081308	11527246	258803	221370	9223372036854775807	0.0209725017871	0.0188422193729	0.00213028241416
TTTG	48528	3929832	3956788	55943	47810	150.297856681	0.0140356643313	0.0119387763766	0.00209688795472
AGTC	18892	1517389	1526925	17017	13857	75.1672489537	0.0110902851006	0.00899348512638	0.00209679997417
TCCN	112146	9109030	8794095	198270	172694	209.763019518	0.0213026334168	0.0192592911465	0.00204334227031
NCAC	132804	10895684	10501617	105776	80253	9223372036854775807	0.00961472386392	0.00758400925356	0.00203071461036
CCTA	8236	667803	642304	18866	16818	11.7955391575	0.027474663921	0.0255157618772	0.00195890204388
NCCG	173802	13571653	12669944	206846	167653	9223372036854775807	0.0150122302872	0.0130595313126	0.00195269897461
NGTC	108876	8631475	8738733	98437	82630	9223372036854775807	0.0112758295845	0.00936703318977	0.00190879639477
GNAA	185279	14739163	14872282	331910	305784	281.837399331	0.0220229840304	0.0201464402645	0.00187654376588
ANCA	192387	15758317	15309465	425608	383263	247.604393777	0.0262981940413	0.0244229683966	0.00187522564474
GANA	144629	11540493	11637686	255883	235956	210.618107498	0.0216916619138	0.0198722514962	0.00181941041758
NTCC	112146	9196299	8898324	95783	77102	9223372036854775807	0.0103080235409	0.00859034434689	0.00171767919402
CACC	46722	3829740	3582101	40634	31961	117.179319636	0.0104987269964	0.00884351181579	0.00165521518062
ANCC	136876	11147156	10332195	121406	95446	9223372036854775807	0.010773868041	0.00915317280294	0.00162069523808
TGNN	647031	50877855	52311661	1058330	1001304	9223372036854775807	0.0203775075123	0.0187816228191	0.0015958846932
ATGT	28520	2318115	2354645	61037	58100	27.7295132393	0.0256549392389	0.024080456078	0.00157448316082
GCGC	70132	5356335	5329442	66532	57630	129.006282772	0.0122687869719	0.0106978336284	0.00157095334355
NGAA	167216	13408216	13608779	282299	264301	190.980979846	0.0206200424162	0.0190513570166	0.00156868539962
TGAA	51706	4193131	4254345	86935	81783	52.5477416433	0.0203116026715	0.0188608362115	0.00145076646007
TCGC	50861	4051684	3951250	42574	36023	86.0971610861	0.010398465363	0.00903449550608	0.00136396985688
GCNN	767434	58934558	58813402	1220557	1139154	9223372036854775807	0.0202901615266	0.0190009246645	0.00128923686208
ACGC	52156	4183797	4118617	43506	37447	79.4914093819	0.0102916682339	0.00901020773501	0.00128146049885
CTNN	473679	37585613	37782151	710677	666051	9223372036854775807	0.0185573328382	0.017323332831	0.00123400000723
NACA	116944	9512388	9399541	227917	213232	71.2193050847	0.0233993699376	0.0221821528502	0.00121721708742
CCAG	67966	5509576	5099923	65756	54572	77.738595092	0.0117940958494	0.0105872641258	0.00120683172358
ACNC	117794	9575264	9361782	91353	78199	161.967066522	0.00945035890012	0.0082838090458	0.00116654985432
TCNC	134437	10963626	10717370	103143	88182	185.537641997	0.00932006441989	0.00816080474186	0.00115925967803
GCTA	21206	1636456	1663980	43750	42481	10.6227782665	0.0260384738538	0.0248942108844	0.0011442629694
CCAC	36848	3019787	2748983	26212	20834	47.3308165518	0.00860538693545	0.00752179656634	0.00108359036911
NTAA	137568	10888705	10820647	221177	207849	72.6158458394	0.0199081322376	0.0188465408157	0.00106159142187
CCNN	541510	43269353	40765280	817274	727035	271.89113759	0.0185379117345	0.017522160429	0.00101575130556
GACC	27260	2210390	2163011	24292	21646	22.6730994805	0.0108704504713	0.00990819153762	0.000962258933634
CNTA	83072	6746230	6580107	159737	149211	31.775626592	0.023130287185	0.0221732722395	0.000957014945506
NTTA	137568	10788885	10839662	259108	249483	50.0945600993	0.0234529475173	0.0224979473169	0.000955000200307
AGNN	473679	37606506	37532803	780738	743674	178.174560574	0.0203384749371	0.0194290085788	0.000909466358323
NCGC	230181	18036534	17277290	192428	168615	154.955056306	0.0105561688043	0.009665018811	0.000891149993341
GNTA	130871	10287904	10510982	226011	221244	44.7213090173	0.0214963693353	0.0206149218252	0.00088144751014
TACA	21268	1716913	1729018	40237	38939	7.5058325998	0.0228990126056	0.0220248569394	0.000874155666246
TNAA	177436	14181389	14170955	298351	285406	60.3737473403	0.020604720803	0.0197425894387	0.000862131364342
NNAA	676867	53922450	53879748	1175589	1133911	154.470983566	0.0213363128949	0.0206114448777	0.000724868017194
TNCC	151676	12308228	11853984	127608	114478	66.707387355	0.0102613125487	0.00956497167305	0.000696340875618
ANNA	618624	49650128	49145623	1159239	1112318	118.041820298	0.0228154584173	0.0221321840463	0.000683274371044
GCAC	36090	2909500	2882712	29057	26942	14.212971313	0.00988818661676	0.00925952020412	0.000628666412644
CACG	32838	2660348	2617199	35949	33732	9.23727471301	0.0133327300368	0.0127245861925	0.000608143844239
TCTC	23307	1915794	1908135	16380	15150	10.2073715459	0.00847749736825	0.00787714769262	0.00060034967563
NGTA	105227	8397759	8447970	184694	180795	15.4806531958	0.0215199547262	0.0209525928682	0.000567361858074
CNCN	543372	43154674	41555731	876963	821547	69.7366193584	0.0199166567439	0.0193864976415	0.000530159102382
CNCG	142638	11100735	10946275	161228	155780	7.89387437774	0.0143161542974	0.0140316364853	0.000284517812117
NCNC	543373	43501551	41958256	406140	385132	13.255966693	0.00924986012132	0.00909544602336	0.000154414097961
CANN	647031	52380650	51263110	910172	883479	7.28054141012	0.0170793387274	0.0169422203243	0.000137118403083
