#Sequence	Occurrence	Forward Match	Backward Match	Forward Mismatch	Backward Mismatch	Strand Bias Score	FER (Forward Error Rate)	RER (Reverse Error Rate), ERD (Error rate Difference)
GGGT	2120	132460	145759	1815	452	207.370220149	0.0135170359337	0.00309142266998	0.0104256132637
AGGT	8132	441561	442679	5457	1150	9223372036854775807	0.0122075621116	0.00259108800912	0.00961647410247
NGGT	18386	1044546	1055318	11505	2325	9223372036854775807	0.0108943602156	0.0021982842982	0.00869607591736
CGGT	865	46740	47468	449	84	56.1978204607	0.00951492932675	0.001766487214	0.00774844211275
CCTG	2382	146266	141894	2679	1508	63.9351756922	0.0179865050858	0.0105158923864	0.00747061269933
AAGT	13735	751934	757229	7574	1923	9223372036854775807	0.00997224519031	0.00253308955255	0.00743915563775
TGGT	7269	423785	419412	3784	639	9223372036854775807	0.00885003356183	0.00152124384896	0.00732878971287
NAGT	31482	1749955	1746203	14032	3568	9223372036854775807	0.0079547071492	0.00203912397679	0.00591558317241
ANGT	52427	2817779	2824281	20482	5012	9223372036854775807	0.00721639059974	0.00177146728882	0.00544492331091
GAGT	3017	167954	165838	1350	432	100.863786113	0.00797382223692	0.00259818367715	0.00537563855977
GNGT	12785	715929	723008	5234	1421	9223372036854775807	0.00725772120866	0.0019615448857	0.00529617632296
TAGT	11742	663620	656361	4145	883	9223372036854775807	0.00620727351688	0.00134348887171	0.00486378464517
ACGT	4002	218927	219422	1422	367	136.303630931	0.00645339892625	0.00166978329216	0.00478361563409
NNGT	120849	6751757	6708108	42282	10664	9223372036854775807	0.00622339671586	0.00158719480286	0.004636201913
GCGT	747	41428	40227	220	53	21.8994114823	0.00528236650019	0.00131578947368	0.00396657702651
CCNG	5031	295116	295377	2954	1767	65.7456271565	0.00991042372597	0.0059466117438	0.00396381198217
TNGT	46615	2715070	2660187	14063	3485	9223372036854775807	0.00515291852761	0.00130834427062	0.00384457425699
NCGT	9903	558773	555058	2957	796	267.583112736	0.00526409484984	0.0014320307131	0.00383206413674
CAGT	2988	166447	166775	963	330	68.433273434	0.00575234454334	0.00197480625954	0.0037775382838
GTGT	6901	374087	371184	1849	484	171.885949759	0.00491839036432	0.00130223748076	0.00361615288355
CCGT	1023	56502	54493	309	101	22.1213537391	0.00543908750066	0.00185002014873	0.00358906735193
GGGN	6654	378070	389874	2847	1532	95.5128442695	0.00747406915417	0.00391409431639	0.00355997483779
AGGN	20922	1174178	1192368	7796	3636	9223372036854775807	0.00659574576091	0.00304012361163	0.00355562214928
CNGT	9022	502979	500632	2503	746	205.236806153	0.00495170945751	0.00148789934939	0.00346381010811
NGGN	49057	2782774	2816125	16887	7973	9223372036854775807	0.00603180170742	0.00282320231097	0.00320859939645
ATGT	26558	1405357	1404951	6029	1572	9223372036854775807	0.00427168754685	0.00111764969361	0.00315403785324
TCGT	4131	241916	240916	1006	275	90.8482036909	0.00414124698463	0.00114017521383	0.00300107177079
TGGN	18896	1090219	1090452	5558	2418	269.068489542	0.00507219990929	0.00221252298993	0.00285967691936
NTGT	61078	3398483	3351529	13788	3975	9223372036854775807	0.00404071071729	0.0011846208498	0.00285608986749
TTTC	27847	1609993	1589873	17416	12598	155.069605643	0.010701673642	0.00786160872802	0.00284006491395
TTGT	23473	1385749	1343498	5128	1688	9223372036854775807	0.00368688244899	0.00125484505488	0.0024320373941
CTGT	4146	233290	231896	782	231	65.3257185082	0.0033408523873	0.000995144899128	0.00234570748817
AAAC	16473	928476	947640	8692	6642	69.6863932675	0.00927475116521	0.00696020673134	0.00231454443387
AGNT	36531	2072537	2057681	9287	4564	9223372036854775807	0.00446099189941	0.00221312210722	0.00224786979219
CGGN	2585	140307	143431	686	387	20.4308435669	0.00486548977609	0.00269090099987	0.00217458877621
TTTG	22461	1311791	1264026	12123	8916	82.5907607188	0.00915693919696	0.00700424685492	0.00215269234203
GGNT	15369	918103	941118	3744	1980	128.688002349	0.00406141149236	0.00209946368246	0.0019619478099
TAGN	32673	1867357	1844193	6362	3003	253.446751801	0.00339538639465	0.00162570728824	0.00176967910642
AAGN	54131	3052474	3069817	11888	6557	9223372036854775807	0.00387943722054	0.00213140534928	0.00174803187125
NCTG	12196	710968	705034	4307	3037	46.3592759547	0.00602146027752	0.00428911789919	0.00173234237832
TTNC	57108	3262595	3221389	24021	18204	158.78433841	0.00730873335978	0.00561922439022	0.00168950896956
ACGN	9903	554361	558527	1969	1044	64.2034341309	0.00353926626283	0.00186571498523	0.0016735512776
TNGN	109742	6375239	6272516	23338	12480	9223372036854775807	0.0036473734707	0.00198568145469	0.00166169201601
ANGN	152471	8605070	8650455	31905	17694	9223372036854775807	0.00369400166146	0.00204126624958	0.00165273541188
NAGN	112458	6393265	6386908	22563	12256	9223372036854775807	0.00351677133489	0.00191525017955	0.00160152115534
GNGN	39578	2249317	2222533	8940	5281	195.881069727	0.00395880539726	0.00237048514822	0.00158832024904
NGNT	116117	6807955	6732386	22854	11884	9223372036854775807	0.0033457237642	0.00176208840986	0.00158363535433
TNTC	56311	3275400	3263561	22740	17851	124.713243602	0.00689479524823	0.00544003617955	0.00145475906868
ANAC	47334	2556042	2577698	17620	14054	94.6252452658	0.0068462758513	0.00542258672898	0.00142368912232
NCGN	23908	1361556	1360864	4400	2460	119.965233569	0.00322118721247	0.00180441333095	0.00141677388153
GGCT	1113	61155	57628	208	115	5.33488616636	0.00338966478171	0.00199158339539	0.00139808138632
CCGN	2585	143523	142071	455	254	12.7571146335	0.00316020503132	0.0017846478131	0.00137555721822
TCGN	9215	537787	538570	1570	860	46.3009396841	0.00291087350308	0.00159427543889	0.00131659806419
GAGN	13458	770855	755458	2558	1513	54.8122097314	0.00330741789962	0.00199875556659	0.00130866233303
ATAC	19689	1025758	1025680	6678	5366	31.9618889257	0.00646819754445	0.00520442346898	0.00126377407547
TTGN	48958	2879876	2799301	9848	6199	159.423216705	0.00340793792071	0.00220958830868	0.00119834961204
GTGN	17261	974507	955505	3129	1934	57.3097660712	0.00320057772013	0.00201997202955	0.00118060569058
TGNT	55492	3305254	3229344	8574	4576	245.203038749	0.00258734007921	0.00141500098951	0.0011723390897
TTNG	44110	2571693	2508500	15693	12520	62.2485126067	0.00606519475641	0.00496624382195	0.00109895093446
TTAC	15521	857376	852597	3833	2881	29.154348818	0.0044507198601	0.00336770787793	0.00108301198217
NTGN	145929	8393354	8291754	24954	15762	9223372036854775807	0.00296425362436	0.00189731804308	0.00106693558128
AANC	37706	2165760	2199822	12429	10311	51.2933899512	0.00570611641139	0.00466533009552	0.00104078631587
ATGN	67515	3824057	3829743	10252	6457	189.450414106	0.00267375425403	0.00168317605964	0.000990578194384
CNGN	29561	1701323	1710147	4621	2996	78.2245657998	0.00270876417983	0.0017488324092	0.000959931770629
TATT	89957	4857068	4778827	10634	5930	274.811982843	0.00218460374115	0.00123935238508	0.000945251356065
CGNT	8725	512061	504243	1249	764	24.7535768191	0.00243322748437	0.00151285031693	0.00092037716744
NTAC	47050	2539222	2540150	12790	10540	48.308319773	0.00501173191976	0.00413221520451	0.000879516715243
NTTC	63577	3694314	3690774	26566	23360	44.9686901396	0.00713970888607	0.00628948767061	0.000850221215458
TAGG	5780	321803	321648	861	586	12.1749743331	0.00266841048273	0.00181855421836	0.000849856264368
CAGN	12196	702579	717440	1755	1183	27.856480797	0.00249171557812	0.00164620392055	0.000845511657567
CCTN	20922	1197726	1191070	6322	5305	19.0433567238	0.00525062123769	0.00443422839829	0.000816392839405
NAAC	44722	2532161	2564751	16057	14147	32.7654357292	0.0063012662182	0.00548567644009	0.000815589778105
TNNC	126299	7193140	7180491	36545	30780	105.917451945	0.00505485370386	0.00426831830339	0.000786535400472
GGAT	6328	372972	376034	1184	900	9.74321871241	0.00316445546777	0.00238768590788	0.000776769559895
CTGN	12195	714914	707205	1725	1172	22.615384538	0.00240706966827	0.00165448624108	0.000752583427187
NTTG	48958	2868217	2789816	18621	15995	29.8634879449	0.00645030999315	0.00570066907571	0.000749640917434
TACC	6848	386051	383435	1149	868	8.90363373174	0.00296745867769	0.00225863446291	0.000708824214775
NNAC	120850	6676090	6740273	33508	29298	71.3347445554	0.00499403988138	0.0043278961104	0.000666143770972
ACAC	6901	368255	372845	1486	1264	5.23071442808	0.00401902953689	0.00337869444467	0.000640335092225
ANNT	537482	27585623	27579523	89522	72003	9223372036854775807	0.0032347436662	0.00260394308799	0.000630800578216
AANT	154890	8366070	8534305	44916	40383	74.7148583078	0.00534015869245	0.00470955911166	0.000630599580798
NTNC	145022	8195228	8174843	44604	39314	70.5489229652	0.00541321716268	0.00478612717044	0.000627089992235
GNNT	108835	6172202	6133081	17291	13435	100.953011489	0.00279360522744	0.00218579110507	0.000607814122365
GAGA	5482	319806	310507	639	436	7.85285696614	0.00199410195197	0.00140218625279	0.000591915699187
TNGG	15208	859309	850089	2145	1621	15.5558624112	0.00248997624946	0.00190322997264	0.000586746276814
TANT	180402	9908522	9763223	27770	21645	146.899117903	0.00279480514462	0.00221208911556	0.000582716029054
ANNC	108835	6089566	6129865	28718	25329	52.1581917845	0.00469379976477	0.00411506119872	0.00057873856605
GTNT	47334	2607986	2582050	6526	4997	41.8918257739	0.0024960680999	0.00193154588997	0.000564522209931
TTGG	6064	350583	342734	1016	805	5.03071845862	0.0028896555451	0.00234325651527	0.000546399029823
TGCT	4804	273967	269527	569	416	5.33814477821	0.00207258793018	0.00154106607691	0.000531521853268
NCNG	29561	1695926	1704829	6652	5776	15.352498622	0.00390701630116	0.00337658313871	0.000530433162448
ATNT	293634	14314858	14147972	27640	19940	252.489675063	0.00192713988874	0.00140740569253	0.000519734196216
AGAT	13340	791494	781214	2525	2085	8.74006532776	0.00318002465936	0.00266181879461	0.000518205864749
ATNC	49234	2709001	2716729	12547	11170	19.1814187355	0.00461024387591	0.004094726381	0.000515517494913
ATAT	174918	7785295	7747985	17476	13514	107.075902518	0.00223971714664	0.00174115850559	0.000498558641047
TNAC	39801	2204098	2219651	8774	7759	16.065368205	0.00396498306273	0.00348341796077	0.000481565101964
NANT	414514	22874072	22881548	83853	72872	168.789087469	0.00365246423621	0.00317463913268	0.000477825103525
TTCC	9423	545220	536291	1579	1297	5.77951005968	0.00288771559568	0.00241262825807	0.000475087337605
NATT	175776	9765536	9659475	17387	12621	154.48846003	0.00177728067572	0.00130488779268	0.000472392883047
AATC	11356	656166	678451	2251	2015	5.54587115002	0.00341880601503	0.00296120599707	0.000457600017966
NGCT	10547	593554	584520	1405	1116	7.04455975632	0.00236150726353	0.00190562055611	0.000455886707412
ATCC	6328	374820	374311	742	572	5.44413718856	0.00197570574233	0.00152580938586	0.000449896356466
ACNC	12785	719427	717488	2371	2057	5.38833137567	0.00328485254877	0.00285875101627	0.000426101532507
CNTG	16223	949014	932649	5179	4696	4.15408850248	0.00542762313285	0.0050098949693	0.000417728163545
GTAT	19689	1038829	1033821	1882	1441	13.1539310527	0.0018083790793	0.0013919181811	0.000416460898204
CGTT	3925	228537	223531	273	174	4.96392484329	0.00119312967091	0.000777810062359	0.000415319608547
NNTC	131312	7639586	7686967	37444	34485	31.5670620592	0.00487740701808	0.00446612890943	0.000411278108646
TNCC	20430	1159171	1149973	3084	2598	9.04623697018	0.00265346245015	0.00225409107118	0.000399371378972
TNNT	588732	32695597	32114918	61940	48005	9223372036854775807	0.00189086255172	0.00149255712859	0.000398305423132
NGAT	42461	2573829	2534263	6510	5400	19.8771341433	0.00252292431343	0.00212626635896	0.000396657954471
AGNN	112458	6400057	6391621	17539	15066	41.1232198869	0.00273295483231	0.00235160543975	0.000381349392554
NACC	18386	1055048	1053495	2563	2159	8.19784623745	0.00242338629231	0.00204517768132	0.00037820861099
NCAC	17261	951320	975669	2720	2435	5.92292747125	0.00285103349964	0.00248951031792	0.000361523181722
NTNT	672716	35061631	34513999	57175	44312	9223372036854775807	0.00162804509926	0.00128223859088	0.000345806508371
CCNN	49057	2824346	2825008	10460	9489	11.1988487712	0.00368984685372	0.00334768391006	0.000342162943662
NTNG	109744	6362922	6257294	28221	25603	19.9296150214	0.00441564208468	0.00407503099287	0.00034061109181
NANC	116116	6695966	6770953	27501	25550	21.6472679217	0.00409030043577	0.00375928620939	0.000331014226379
TNTT	288630	15668212	15275296	20396	14999	151.4847213	0.00130005160432	0.000980949026817	0.000319102577506
TTTN	266742	14433429	13977631	63778	57349	37.1234003226	0.00439933016063	0.00408614761118	0.000313182549447
NAGG	20922	1177057	1193285	2816	2492	6.07777118612	0.00238669755135	0.00208400061215	0.000302696939192
TTNN	541373	29834274	29248578	98173	87516	92.0070179363	0.0032798187198	0.00298321923839	0.00029659948141
NTAT	295392	14284543	14210925	26627	22264	80.9297056935	0.00186057464205	0.00156423131879	0.000296343323259
TGAT	19646	1218897	1189498	2396	1997	6.68048934393	0.00196185518135	0.00167604564014	0.000285809541212
NGGA	20517	1172579	1186817	3614	3318	4.27151134197	0.00307262498587	0.00278791901759	0.000284705968275
NTCC	20517	1184703	1177706	2765	2412	5.52952165338	0.00232848379914	0.00204386341027	0.000284620388873
ANAT	293634	14134097	14240442	55633	52527	25.7753123691	0.00392065247189	0.00367502371271	0.000245628759185
NTGG	18897	1092896	1089089	2286	2015	4.19573058367	0.00208732429861	0.00184675338006	0.000240570918547
TTNT	285608	15512068	15147010	19820	15994	71.3130515447	0.00127608440133	0.00105480417996	0.000221280221366
NNGG	49057	2789274	2814801	6517	5965	7.2606077787	0.00233100399851	0.00211467381555	0.000216330182958
NNCC	49058	2815182	2802597	6514	5893	6.96198988755	0.00230854067908	0.0020982805707	0.000210260108383
ACNT	52427	2832158	2839565	7679	7116	5.74112329997	0.00270402843543	0.00249975322138	0.000204275214052
TTAA	47358	2546317	2549064	4408	3917	7.2129043642	0.00172813611816	0.00153428482233	0.000193851295831
TGTT	23773	1388605	1350907	1825	1524	4.93630760939	0.00131254360162	0.00112685970671	0.000185683894914
AAAN	266739	13966463	14467131	59981	59552	12.5781808365	0.0042762798611	0.00409949057194	0.000176789289161
TTAN	162096	8804561	8750153	16316	14790	15.2345694896	0.00184970269963	0.00168740401392	0.000162298685707
AANN	541369	29211608	29848381	94065	91822	22.0937360653	0.00320978808438	0.00306684627355	0.000142941810821
NNTT	541369	29967861	29359586	37228	32507	51.1745715332	0.00124072286538	0.00110597771993	0.000134745145452
NGTT	44723	2596026	2558285	3434	3043	4.67795369924	0.00132104360136	0.00118805557117	0.000132988030191
ATAN	295392	14240533	14221519	33488	31687	11.1993835656	0.00234608033714	0.0022231489533	0.000122931383843
AAAA	147910	7568761	7879855	7296	6752	11.4877108212	0.000963033937047	0.000856134963997	0.00010689897305
NTAN	537212	27454603	27407263	58201	55298	16.0360147667	0.00211541506275	0.00201357768491	0.00010183737784
NCNT	152471	8692319	8668567	17747	16909	4.64522209691	0.0020375276146	0.00194681327771	9.07143368949e-05
ANAN	672716	34437856	34951682	107488	106113	9.76776404749	0.00311150469366	0.00302680188529	8.47028083703e-05
NAAA	266742	14037942	14525391	13148	12830	5.61860455779	0.00093572811789	0.000882501373449	5.32267444411e-05
