#Sequence	Occurrence	Forward Match	Backward Match	Forward Mismatch	Backward Mismatch	Strand Bias Score	FER (Forward Error Rate)	RER (Reverse Error Rate), ERD (Error rate Difference)
CGGCAGGT	2	7	36	13	0	7.38702798684	0.65	0.0	0.65
AGGCGGGT	4	16	56	14	0	7.49426498718	0.466666666667	0.0	0.466666666667
AGGCGGGN	5	25	68	14	0	6.90648735006	0.358974358974	0.0	0.358974358974
CGGCNGGT	9	76	156	37	0	15.7002539129	0.327433628319	0.0	0.327433628319
TGGCAGGT	7	55	93	22	0	8.39493078097	0.285714285714	0.0	0.285714285714
GCAGGTGA	7	63	113	18	0	7.36115503076	0.222222222222	0.0	0.222222222222
CGGCNGGN	10	83	135	18	0	7.04541117109	0.178217821782	0.0	0.178217821782
AGGCNGGT	11	83	154	18	0	7.67275212766	0.178217821782	0.0	0.178217821782
TGGCAGGN	25	244	311	51	0	16.9993214051	0.172881355932	0.0	0.172881355932
NGGCGGGN	48	379	508	69	0	24.0211640286	0.154017857143	0.0	0.154017857143
NGGCAGGT	65	682	899	127	3	38.9417691451	0.156983930779	0.00332594235033	0.153657988428
AGGTAGGT	19	177	217	32	0	10.4645667524	0.153110047847	0.0	0.153110047847
GNGGCGGT	14	157	181	22	0	6.97584646437	0.122905027933	0.0	0.122905027933
TGNCAGGT	16	169	216	22	0	7.5235367229	0.115183246073	0.0	0.115183246073
NGGCNGGT	265	2654	3456	344	13	99.5577635666	0.114743162108	0.00374747765927	0.110995684449
NGNCGGGT	17	177	200	22	0	6.91389547121	0.110552763819	0.0	0.110552763819
GGGGNGGT	23	219	236	27	0	8.09221897105	0.109756097561	0.0	0.109756097561
GCAGGNGA	16	155	217	19	0	6.93071142321	0.109195402299	0.0	0.109195402299
TGGCNGGT	70	763	903	91	1	27.9628228367	0.106557377049	0.00110619469027	0.105451182359
NNGCGGGT	19	179	223	21	0	7.08478090705	0.105	0.0	0.105
NGGTAGGT	31	307	339	36	0	10.9490816195	0.104956268222	0.0	0.104956268222
CGGCNNGT	25	223	326	27	1	8.93975685182	0.108	0.00305810397554	0.104941896024
AGGTNGGT	28	291	373	34	0	11.7091066089	0.104615384615	0.0	0.104615384615
NNGGCGGT	27	307	342	36	1	9.65590344041	0.104956268222	0.00291545189504	0.102040816327
AGGTAGGN	29	314	354	33	0	10.4280146786	0.0951008645533	0.0	0.0951008645533
AGGAAGGT	29	353	413	35	0	11.3773498632	0.090206185567	0.0	0.090206185567
NGGCAGGN	121	1329	1570	136	5	37.1148916091	0.0928327645051	0.0031746031746	0.0896581613305
GGCNNGGT	50	532	638	48	0	15.9276679606	0.0827586206897	0.0	0.0827586206897
AGNTAGGT	43	418	495	37	0	12.1743197919	0.0813186813187	0.0	0.0813186813187
CNGCAGGT	21	238	300	21	0	7.21297634735	0.0810810810811	0.0	0.0810810810811
GNGGAGGT	47	464	500	41	1	11.0546636913	0.0811881188119	0.00199600798403	0.0791921108278
CGTAGGGT	43	542	561	61	14	7.4827175902	0.101160862355	0.024347826087	0.0768130362679
AGGNAGGT	81	933	1075	82	5	20.1867512929	0.0807881773399	0.00462962962963	0.0761585477103
TGGCANGT	27	332	363	26	0	8.11121572147	0.072625698324	0.0	0.072625698324
GGNGAGGT	29	372	374	31	2	6.92340045295	0.0769230769231	0.00531914893617	0.0716039279869
CGNAGGGT	50	618	648	63	14	8.15053705312	0.0925110132159	0.0211480362538	0.0713629769621
CGTAGGGN	49	589	618	61	15	7.29967121022	0.0938461538462	0.0236966824645	0.0701494713817
AGNCAGGT	34	402	398	31	1	7.77622654981	0.0715935334873	0.00250626566416	0.0690872678231
GNGGCGGN	40	466	539	37	3	8.82036750895	0.0735586481113	0.00553505535055	0.0680235927608
ACAAAAAC	164	1982	1956	161	14	30.7115369574	0.0751283247783	0.00710659898477	0.0680217257936
CGTNGGGT	50	624	655	62	15	7.51711738524	0.0903790087464	0.0223880597015	0.0679909490449
CGTANGGT	58	722	767	70	16	8.8928981076	0.0883838383838	0.0204342273308	0.0679496110531
TGGCNGGN	98	1092	1242	81	2	23.0630545811	0.0690537084399	0.0016077170418	0.0674459913981
CGGNNGGT	94	1123	1220	83	2	22.8383589368	0.0688225538972	0.00163666121113	0.0671858926861
GCGNNGGT	31	340	420	24	0	8.17933671978	0.0659340659341	0.0	0.0659340659341
CGTAGGNT	51	644	651	61	14	7.36670739846	0.086524822695	0.0210526315789	0.0654721911161
GNGNCGGT	37	476	500	34	1	8.89476788825	0.0666666666667	0.00199600798403	0.0646706586826
NGGCGNGT	32	369	373	25	0	7.30400801556	0.0634517766497	0.0	0.0634517766497
NGGCGGNT	27	296	381	20	0	7.01807657392	0.0632911392405	0.0	0.0632911392405
CGNCNGGN	46	471	489	36	4	6.91262617003	0.0710059171598	0.00811359026369	0.0628923268961
TTTTTTTG	24834	238984	277982	22165	6497	9223372036854775807	0.0848749181502	0.0228382411355	0.0620366770146
CNTAGGGT	62	783	810	65	14	8.51981672044	0.0766509433962	0.0169902912621	0.0596606521341
CCAGAGGT	26	457	449	30	1	7.47888229064	0.0616016427105	0.00222222222222	0.0593794204883
NGGCNGGN	707	7482	8692	495	32	101.950001176	0.0620534035352	0.00366804218249	0.0583853613527
CGNNGGGT	67	816	870	67	16	8.42948145062	0.0758776896942	0.0180586907449	0.0578189989493
TTCACAGT	97	1001	1181	67	6	15.44577373	0.062734082397	0.0050547598989	0.0576793224981
AGGACAGT	88	908	1167	58	3	16.5828236942	0.0600414078675	0.0025641025641	0.0574773053034
CCNGAGGT	60	900	881	59	4	12.4941047149	0.0615224191867	0.0045197740113	0.0570026451754
CGTAGNGT	170	2025	2037	162	36	19.0465345859	0.0740740740741	0.0173661360347	0.0567079380393
CGTAGAGT	160	1839	1872	133	22	19.7043539047	0.0674442190669	0.0116156282999	0.055828590767
GNNGCGGT	37	424	468	26	1	7.01913173965	0.0577777777778	0.00213219616205	0.0556455816157
AGGTNGGN	55	629	730	37	0	12.1256452667	0.0555555555556	0.0	0.0555555555556
AGGACNGT	94	973	1243	59	3	16.8511536069	0.0571705426357	0.0024077046549	0.0547628379808
TTGAAGGT	43	499	507	30	1	7.6288808475	0.0567107750473	0.00196850393701	0.0547422711103
GNGGGGGT	85	907	1004	55	3	13.5827454696	0.0571725571726	0.00297914597815	0.0541934111944
NNGCGGGN	117	1218	1335	70	1	20.4110575737	0.054347826087	0.000748502994012	0.0535993230929
AGNCNGGT	95	1087	1123	63	2	16.1997789784	0.0547826086957	0.00177777777778	0.0530048309179
CNAGAGGT	69	991	1027	57	2	14.476683458	0.0543893129771	0.0019436345967	0.0524456783804
GTNGAGGT	47	509	525	29	1	7.37583769414	0.0539033457249	0.00190114068441	0.0520022050405
GNCGNGGT	57	692	757	41	3	9.50676510475	0.0559345156889	0.00394736842105	0.0519871472679
NGGAAGGT	66	793	892	44	1	12.6069690458	0.05256869773	0.00111982082867	0.0514488769013
CGTNGAGT	180	2098	2120	138	22	20.7949767985	0.061717352415	0.0102707749767	0.0514465774384
AGGTAGNT	48	570	571	33	2	7.48635605995	0.0547263681592	0.00349040139616	0.051235966763
NTCACAGT	113	1157	1376	68	6	15.7463064955	0.0555102040816	0.00434153400868	0.0511686700729
NGGGGGGT	90	919	1082	51	2	14.2227567336	0.0525773195876	0.00184501845018	0.0507323011374
NGNCGGGN	126	1312	1430	75	5	17.3526771981	0.0540735400144	0.00348432055749	0.0505892194569
GCGGNNGT	38	432	517	23	0	7.71370659365	0.0505494505495	0.0	0.0505494505495
NGTAGGGT	69	868	866	64	16	7.12289977385	0.068669527897	0.0181405895692	0.0505289383278
AGGCNNGT	56	605	700	33	1	9.32539262281	0.051724137931	0.00142653352354	0.0502976044075
