#Sequence	Occurrence	Forward Match	Backward Match	Forward Mismatch	Backward Mismatch	Strand Bias Score	FER (Forward Error Rate)	RER (Reverse Error Rate), ERD (Error rate Difference)
GGGT	95154	860901	893160	19732	6997	9223372036854775807	0.0224066097909	0.00777308847234	0.0146335213186
AGGT	265305	2918620	2964206	58717	20909	9223372036854775807	0.0197213147185	0.00700442026522	0.0127168944533
AAGT	521037	5216585	5320559	94050	34815	9223372036854775807	0.0177097465746	0.00650094652586	0.0112088000487
NGGT	691815	7215987	7357077	126292	47032	9223372036854775807	0.0172006539114	0.00635214851645	0.010848505395
CGGT	34730	355962	363067	5299	1734	9223372036854775807	0.0146680654707	0.00475327644387	0.0099147890268
TGGT	294867	3060227	3116227	42280	17243	9223372036854775807	0.0136276888336	0.00550284508867	0.00812484374491
GAGT	107983	1127863	1137302	15234	6415	9223372036854775807	0.0133269530057	0.0056089050001	0.00771804800564
NAGT	1212567	12577800	12706355	175665	80474	9223372036854775807	0.0137739037979	0.00629350717054	0.00748039662737
GTAA	231654	2068174	2108865	22618	7617	9223372036854775807	0.0108179101508	0.00359889665965	0.00721901349115
AGCC	18352	175514	175478	2678	1437	81.5261440095	0.015028733052	0.00812254472487	0.00690618832712
ANGT	2061861	20404468	20543894	263658	124510	9223372036854775807	0.0127567443705	0.00602417100033	0.0067325733702
GNGT	527516	5185820	5205817	64195	28941	9223372036854775807	0.0122275841117	0.00552862233555	0.00669896177611
CAGT	118308	1234264	1242163	14610	6905	9223372036854775807	0.0116985380431	0.00552812176759	0.00617041627548
GCGT	19242	201985	202866	1909	711	120.582439447	0.0093627080738	0.00349253599375	0.00587017208005
AACC	228576	2234167	2217306	25004	11645	9223372036854775807	0.0110677766313	0.00522443068511	0.00584334594623
ACGT	113062	1185378	1187904	11171	4454	9223372036854775807	0.00933601549122	0.00373545529111	0.0056005602001
NNGT	4857501	48596946	48877064	520732	264721	9223372036854775807	0.0106017226629	0.00538688205974	0.00521484060313
GTGT	199469	2067025	2086663	16978	6140	9223372036854775807	0.00814682128577	0.00293386429587	0.00521295698989
ATCC	268384	2763626	2745313	25739	11172	9223372036854775807	0.00922754820542	0.00405298777247	0.00517456043294
TGCC	31216	298410	294502	3475	1903	95.7747494683	0.0115110058466	0.0064202695636	0.00509073628299
CGAA	97116	899153	898295	7380	2797	9223372036854775807	0.0081409060674	0.00310401157706	0.00503689449034
ANCC	643077	6404009	6346358	63464	30568	9223372036854775807	0.00981279705381	0.00479353218149	0.00501926487232
GGGN	259565	2537695	2564750	29690	17066	9223372036854775807	0.0115642959665	0.00661007600851	0.004954219958
CGGN	96965	996046	1014605	10326	5658	9223372036854775807	0.0102606193336	0.00554562892117	0.00471499041244
AAAC	695685	6537270	6605001	84054	53933	9223372036854775807	0.012694439964	0.0080993444296	0.00459509553437
GTCC	50981	544511	538017	5280	2743	167.841163461	0.00960364938677	0.00507249056883	0.00453115881794
TTCC	393507	3829828	3864644	36071	18674	9223372036854775807	0.00933055933432	0.00480877435224	0.00452178498208
AGGN	802941	8217778	8287324	89208	51990	9223372036854775807	0.0107389130065	0.0062343257491	0.00450458725738
CTAA	293827	3183211	3195683	24124	9679	9223372036854775807	0.00752150929042	0.00301962773627	0.00450188155415
NTCC	858300	8697377	8706533	78152	38894	9223372036854775807	0.00890567394854	0.00444735288511	0.00445832106343
TNGT	1364532	14376201	14566813	109207	45630	9223372036854775807	0.00753910417988	0.00312268112868	0.0044164230512
CCGT	19086	209239	209527	1600	677	82.2884473071	0.00758872884049	0.0032206808624	0.00436804797809
CNGT	375534	3910855	3904408	35758	18620	9223372036854775807	0.0090604272575	0.00474633369938	0.00431409355812
NGGN	1991214	20233503	20463586	206844	123607	9223372036854775807	0.0101193976795	0.00600407253189	0.00411532514761
NCGT	342126	3581737	3591703	28642	14108	9223372036854775807	0.00793323914193	0.00391257334342	0.00402066579851
NGCC	121152	1220997	1218392	12495	7495	268.605020928	0.0101297778988	0.00611394035502	0.00401583754382
NNCC	1991208	20383488	20310857	184795	107997	9223372036854775807	0.00898446408969	0.00528908233537	0.00369538175431
CTCC	85761	891513	889884	7120	3791	219.369182179	0.00792314548876	0.00424203429658	0.00368111119217
AANC	1585194	15360499	15444403	159282	102336	9223372036854775807	0.0102631602856	0.00658247366216	0.00368068662341
TNCC	825561	8279570	8275040	75413	44846	9223372036854775807	0.0090261105259	0.00539021808712	0.00363589243878
ACAA	419505	3499220	3556059	23591	10999	9223372036854775807	0.00669664083597	0.00308349345595	0.00361314738002
TGGN	785646	8058234	8161428	72581	44686	9223372036854775807	0.0089266574138	0.00544545201297	0.00348120540083
NACC	683640	7203462	7150187	68612	43686	9223372036854775807	0.00943499749865	0.0060726676715	0.00336232982715
ACCC	51984	495075	486798	3185	1499	126.422939434	0.00639224501264	0.00306985297882	0.00332239203382
GGNT	456820	4702227	4760861	31783	16867	9223372036854775807	0.00671375852607	0.00353033910679	0.00318341941928
AAGN	2141163	21304956	21457629	176265	108310	9223372036854775807	0.00820553915441	0.00502227146242	0.00318326769199
ANAC	1954860	18795628	18837578	184563	125617	9223372036854775807	0.00972398012222	0.00662425292784	0.00309972719438
TTAA	1970874	18304350	18422854	99793	44116	9223372036854775807	0.00542231170449	0.00238891382831	0.00303339787618
CGAN	210736	2074512	2076100	15653	9519	9223372036854775807	0.00748888245665	0.00456411262076	0.00292476983589
AGNT	1042811	11308956	11363399	82311	49251	9223372036854775807	0.00722579849985	0.00431547449541	0.00291032400444
CNAA	1789152	17867155	17850277	92804	43398	9223372036854775807	0.00516727237518	0.00242532626752	0.00274194610765
GACC	49580	554413	554276	2699	1168	132.400613678	0.00484462729218	0.00210282224671	0.00274180504547
AAGG	360186	3585716	3633234	29481	19872	9223372036854775807	0.00815474232801	0.00543975455407	0.00271498777394
TCCC	53067	554072	560173	3758	2266	84.6618853491	0.00673681946113	0.00402888135424	0.00270793810688
ATAC	811827	7689768	7646318	67531	46206	9223372036854775807	0.0087054785435	0.0060066110941	0.0026988674494
GAAC	190962	1863716	1874256	18214	13201	179.884586461	0.00967836210699	0.0069940666198	0.00268429548719
CNCC	297127	3104154	3099034	23817	15404	9223372036854775807	0.0076142010268	0.00494599667741	0.00266820434939
CACC	84364	900592	900267	5475	3058	149.166810448	0.00604259949871	0.00338527108184	0.00265732841688
TCAA	574024	5574763	5598205	27917	13109	9223372036854775807	0.00498279394861	0.00233617295343	0.00264662099518
GNCC	171575	1853781	1852556	12732	7896	245.659976984	0.00682127582288	0.00424412992112	0.00257714590177
CAAA	884473	8423118	8445610	39687	17998	9223372036854775807	0.00468957987334	0.00212651625642	0.00256306361692
NAAC	1781517	17660640	17710347	167390	122154	9223372036854775807	0.00938914731465	0.00685007672227	0.00253907059238
ANGN	6216531	61974544	62173216	473985	319531	9223372036854775807	0.00759001064701	0.00511308936379	0.00247692128321
TGAA	915634	8944526	8974700	45016	22839	9223372036854775807	0.00500759660503	0.00253836076732	0.00246923583772
NCCC	254192	2500008	2490389	17510	11254	290.152161771	0.00695526308054	0.0044986434915	0.00245661958904
ACAC	186489	1917537	1910978	13763	9010	212.14084309	0.00712628799254	0.00469273766294	0.0024335503296
TNAA	6429672	59482197	59950416	275277	130945	9223372036854775807	0.00460657021748	0.00217946128085	0.00242710893663
ANNC	4541076	44547143	44549968	387763	278994	9223372036854775807	0.00862943832574	0.00622352130304	0.00240591702271
AAGC	46658	500276	499459	3717	2501	52.0911088601	0.00737510243198	0.00498246872261	0.00239263370937
NAGN	4434504	45184689	45301606	340728	233652	9223372036854775807	0.00748434660137	0.00513123259343	0.00235311400794
NTAA	6744255	62746050	63009211	311991	164006	9223372036854775807	0.00494767986846	0.00259613183859	0.00235154802986
AGAC	24566	271901	271221	2036	1389	27.0843112336	0.00743236583594	0.0050951909321	0.00233717490384
GNGN	1605248	16268372	16254436	127295	88777	9223372036854775807	0.00776394153407	0.00543204081107	0.002331900723
ATAA	2864666	24971708	25165803	123861	66378	9223372036854775807	0.0049355724909	0.00263068816762	0.00230488432328
GAGN	365742	3939443	3944347	22225	13345	9223372036854775807	0.00561001073285	0.00337191474223	0.00223809599062
NCAA	1792060	17212565	17198034	83299	44686	9223372036854775807	0.00481612251345	0.00259158647824	0.00222453603522
AATC	466838	4669957	4690351	34318	23962	9223372036854775807	0.00729506672123	0.00508281906611	0.00221224765512
CGNT	359166	3680853	3692450	22154	14217	9223372036854775807	0.00598270540671	0.00383552123781	0.0021471841689
ACGN	282615	3035286	3024062	16869	10315	9223372036854775807	0.00552691458986	0.00339937983975	0.00212753475011
NGNT	3632413	38415253	38641349	220936	141459	9223372036854775807	0.00571836937644	0.00364746668163	0.00207090269481
CAGN	455983	4759273	4769800	32946	23122	9223372036854775807	0.00687489449042	0.00482419701385	0.00205069747658
ANGG	840516	8309965	8392916	60165	43600	9223372036854775807	0.0071880604005	0.00516801011223	0.00202005028826
TAAA	2875251	25595626	25895574	99410	48508	9223372036854775807	0.00386884065856	0.0018697134861	0.00199912717246
GTGN	600964	6221951	6207921	39977	27495	9223372036854775807	0.00638413600412	0.00440948927866	0.00197464672546
GNAA	2296267	22250018	22324705	101410	57402	9223372036854775807	0.00453707029367	0.00256463790473	0.00197243238894
NNAA	22546617	206929513	208232614	862825	461997	9223372036854775807	0.00415234271054	0.00221374666929	0.00193859604125
NGAA	2540922	24858105	24872016	112096	63810	9223372036854775807	0.00448919093603	0.00255896877048	0.00193022216555
TNGN	3958079	40781456	41006103	261438	183736	9223372036854775807	0.00636987245588	0.00446071177894	0.00190916067693
ATNC	2056326	20025206	19958612	162341	123331	9223372036854775807	0.00804164072039	0.00614138781292	0.00190025290747
CNGN	1172844	12259723	12247478	81995	58602	9223372036854775807	0.00664372658653	0.00476203632676	0.00188169025977
AGAA	747523	6887758	6889165	31688	18639	9223372036854775807	0.00457955738075	0.00269825258505	0.0018813047957
NNAC	4857471	48758591	48803583	379710	291911	9223372036854775807	0.0077273733986	0.00594577987137	0.00178159352724
NANC	4741377	48158668	48105391	382991	297126	9223372036854775807	0.00788994459378	0.0061386477071	0.00175129688667
NCGN	957316	9881966	9877554	60391	43025	9223372036854775807	0.00607411300962	0.00433694444649	0.00173716856313
TTGA	376027	3532599	3534272	22717	16549	211.382000924	0.00638958674841	0.0046606122922	0.00172897445621
NAGG	633880	6464146	6521888	48476	37535	9223372036854775807	0.00744339223127	0.00572230209883	0.00172109013244
GAAA	1088015	10292839	10331693	40745	23251	9223372036854775807	0.00394296886734	0.00224540084427	0.00169756802306
NTAC	1885575	18668851	18618904	136958	104754	9223372036854775807	0.00728274970782	0.00559474008765	0.00168800962017
NAAA	11200161	98869961	99947069	346739	181876	9223372036854775807	0.00349476449025	0.00181641782004	0.00167834667021
NTGN	4862686	49992623	50115531	281864	197753	9223372036854775807	0.00560650176301	0.00393043316354	0.00167606859948
TTGN	1513539	15659914	15831822	83621	58619	9223372036854775807	0.00531145006506	0.00368894733633	0.00162250272873
AGNC	88922	915840	916034	6940	5439	40.500952965	0.00752075250872	0.00590250609622	0.00161824641251
TCGN	317377	3321336	3337762	17335	12072	210.801226099	0.00519218575295	0.00360376066396	0.00158842508899
TAAC	261886	2688121	2678228	21295	17024	100.653075569	0.00785962731452	0.00631629250252	0.001543334812
ANAA	11921940	106023139	106815970	390008	227418	9223372036854775807	0.00366503586253	0.00212454037796	0.00154049548457
TTAC	376308	3918341	3921150	24908	18821	185.413224709	0.00631661860562	0.00477693871351	0.00153967989211
NNGG	1407260	14372240	14539234	105698	84784	9223372036854775807	0.0073006252686	0.00579758586183	0.00150303940676
CTGN	254098	2610212	2591891	16088	12100	117.271064427	0.00612572821079	0.0046467134487	0.00147901476209
GANC	368010	3938773	3939575	25393	19668	158.771421071	0.00640563488007	0.00496761628422	0.00143801859585
AAAA	6195699	52829302	53562484	162603	88770	9223372036854775807	0.00306844979436	0.00165457456036	0.001413875234
GNAC	424726	4384268	4404633	33596	27597	134.33752704	0.00760457995085	0.00622643680495	0.0013781431459
NGAC	135335	1480480	1488180	10649	8753	43.3225344965	0.00714156856986	0.00584728909043	0.00129427947943
CATT	640666	5900962	5829764	29304	21753	223.587898027	0.00494143095773	0.00371749753098	0.00122393342675
CNAC	118898	1198992	1202416	7960	6591	29.7687195334	0.00659512557252	0.00545158133907	0.00114354423345
CANC	553701	5914949	5912850	36027	29363	147.620554619	0.00605396492945	0.00494142502128	0.00111253990817
TNAC	1318958	13708383	13692216	87793	72534	9223372036854775807	0.00636357495004	0.00526954721299	0.00109402773705
NTNC	5899509	58255895	58323367	472634	408597	9223372036854775807	0.0080477752133	0.00695697831593	0.00109079689737
ANTC	1035011	10275447	10302724	76713	65870	185.604733791	0.00741033755274	0.00635283819581	0.00105749935694
TTNC	1989798	19577726	19688939	180724	161305	263.228888422	0.00914666889356	0.00812609658602	0.00102057230755
TGAN	1983709	19674372	19703970	96564	78244	9223372036854775807	0.00488413902104	0.00395527012295	0.000928868898086
GGAN	473847	4860346	4889941	24920	20599	95.792200521	0.00510105283929	0.00419485433374	0.000906198505553
AGAN	1174801	10882462	10887754	62333	52892	169.590407692	0.00569521859477	0.00483444944659	0.000860769148188
NGAN	5163244	51699697	51766326	257622	213137	9223372036854775807	0.00495833897819	0.00410040788609	0.000857931092099
TNGA	1190807	11617139	11625246	63798	53899	182.895774193	0.0054617193809	0.00461497823685	0.000846741144054
AGNN	3660023	38054583	38051326	195688	164118	9223372036854775807	0.00511598989717	0.00429454646661	0.000821443430563
CNTT	1495824	13397812	13206096	60787	50361	181.768853669	0.00451659195731	0.00379897886743	0.000717613089875
ATAN	12326100	104777040	104560339	521377	445576	9223372036854775807	0.00495142296394	0.00424334191079	0.00070808105315
CNNC	1032322	11239813	11239100	62023	54039	119.978399779	0.00548786940458	0.00478511776044	0.000702751644143
ANAN	16118678	121933212	123490015	753143	677654	9223372036854775807	0.00613876742854	0.00545757205122	0.000681195377314
NTAN	21942616	196917945	196802667	917061	807425	9223372036854775807	0.00463548397496	0.00408595022566	0.000549533749305
NNGA	2197328	20074515	20132776	119482	109129	109.242865807	0.00591670881203	0.00539124158522	0.000525467226813
AANA	11390372	101485529	102457230	339714	305543	9223372036854775807	0.00333624541412	0.0029732848879	0.000362960526212
AANN	18803914	164355147	166352949	950184	908002	9223372036854775807	0.00574805418707	0.00542865501225	0.000319399174822
ATNN	22473884	202259805	201759666	1029452	963813	9223372036854775807	0.00506397640088	0.00475432349896	0.000309652901921
