#Sequence	Occurrence	Forward Match	Backward Match	Forward Mismatch	Backward Mismatch	Strand Bias Score	FER (Forward Error Rate)	RER (Reverse Error Rate), ERD (Error rate Difference)
NANNTTTT	13479	32440	33862	227	121	8.74183150739	0.00694890868461	0.00356060383133	0.00338830485328
NNNTTTTT	34185	55941	60037	578	424	8.51586133926	0.0102266494453	0.00701278510114	0.00321386434418
NNNNTTTT	55360	119991	125555	866	589	15.1808004946	0.00716549310342	0.00466926686961	0.00249622623381
NNNTNTTT	57158	113725	118180	760	541	10.7374650169	0.00663842424772	0.0045569023172	0.00208152193052
NNNTTTNT	56835	115262	119517	770	563	9.48959817332	0.0066361003861	0.00468854097268	0.00194755941342
NANNNTTT	27583	77968	80480	391	256	7.8206382824	0.00498985438814	0.00317082837891	0.00181902600922
NANNTTNT	29625	76372	77601	338	211	7.55573346861	0.00440620518837	0.00271166401069	0.00169454117768
NANNTNTT	33812	94167	96857	355	207	10.1689743949	0.00375573940458	0.00213261353334	0.00162312587124
NNTNTTNT	60474	119753	123826	704	525	7.79460189756	0.00584440920827	0.00422192020973	0.00162248899854
NNATNTNT	63109	90032	90286	359	214	8.81130900455	0.00397163434413	0.00236464088398	0.00160699346015
NNTNNTTT	55166	117745	121757	638	473	7.33816916899	0.00538928731321	0.00386975374294	0.00151953357027
