#Sequence	Occurrence	Forward Match	Backward Match	Forward Mismatch	Backward Mismatch	Strand Bias Score	FER (Forward Error Rate)	RER (Reverse Error Rate), ERD (Error rate Difference)
GGGT	2354	168800	175868	3416	821	9223372036854775807	0.0198355553491	0.00464658241317	0.0151889729359
AGGT	5322	413257	421352	7162	1830	9223372036854775807	0.0170353861267	0.00432438052658	0.0127110056001
CGGT	831	60037	62691	910	177	114.5059251	0.0149310056278	0.00281542279061	0.0121155828372
NGGT	14641	1116257	1142181	17123	4153	9223372036854775807	0.0151079073215	0.00362285337432	0.0114850539471
AAGT	10403	807881	824558	11118	3694	9223372036854775807	0.0135751081503	0.00445999526714	0.00911511288317
TGGT	6134	474163	482270	5635	1325	9223372036854775807	0.0117445258213	0.00273989598734	0.00900462983394
NAGT	24706	1953925	1977588	20640	6947	9223372036854775807	0.0104529352034	0.00350056814317	0.00695236706028
GNGT	11688	892694	904787	9089	2889	9223372036854775807	0.0100789214257	0.00318285379364	0.00689606763202
GAGT	2561	196709	202559	1918	685	135.218652652	0.00965629043383	0.00337033319557	0.00628595723826
ANGT	42268	3366660	3376848	31221	10466	9223372036854775807	0.00918837357753	0.00308976374791	0.00609860982962
GCGT	711	52165	52545	478	172	32.5445756213	0.00908002963357	0.00326270463038	0.00581732500318
NNGT	100583	7955428	8011358	66000	22389	9223372036854775807	0.00822796140538	0.00278686894173	0.00544109246365
CAGT	2396	182142	186174	1479	513	107.029664846	0.00805463427386	0.00274791495926	0.00530671931459
TAGT	9346	767193	764297	6125	2055	9223372036854775807	0.00792041566341	0.002681535378	0.00523888028542
ACGT	3360	257066	259890	2116	856	119.606559717	0.00816414720158	0.0032828883281	0.00488125887348
CNGT	7881	597510	611323	4330	1531	9223372036854775807	0.0071946032168	0.00249814800915	0.00469645520765
TNGT	38746	3098564	3118400	21360	7503	9223372036854775807	0.0068463206155	0.00240026641902	0.00444605419649
GGGN	6798	495486	502904	5646	3471	120.0806841	0.0112664926606	0.00685460380153	0.00441188885909
NCGT	8779	667125	677421	4834	1957	274.411980755	0.00719389129396	0.00288057605633	0.00431331523763
GTGT	6062	475020	473815	3277	1211	205.80346004	0.00685139149942	0.00254933414171	0.00430205735771
CCGT	996	73061	74930	518	234	25.7104861092	0.0070400521888	0.00311319248576	0.00392685970304
AGGN	16799	1297428	1302463	10813	6001	9223372036854775807	0.00826529668463	0.00458629354724	0.00367900313739
TCGT	3712	284833	290056	1722	695	99.6838508089	0.00600931758301	0.00239036151208	0.00361895607093
NGGN	42980	3278979	3293173	27304	15624	9223372036854775807	0.0082582162507	0.00472195785961	0.00353625839109
ATGT	23183	1888456	1871048	10825	4086	9223372036854775807	0.00569952524139	0.00217904427097	0.00352048097042
CGGN	2605	185493	188507	1351	721	44.7052568557	0.00723063090064	0.00381021836092	0.00342041253973
NTGT	52457	4218121	4214168	23403	9332	9223372036854775807	0.00551759226165	0.00220954184918	0.00330805041247
TGGN	16778	1300572	1299299	9494	5431	239.450225746	0.0072469631301	0.00416254704038	0.00308441608972
TTTG	19669	1536923	1539456	15594	11040	170.721496947	0.0100443344582	0.00712030214847	0.0029240323097
CTGT	3658	282270	287528	1423	607	75.4609836911	0.00501598559006	0.00210665139605	0.00290933419401
TTGT	19554	1572375	1581777	7878	3428	9223372036854775807	0.00498527767389	0.00216249633328	0.00282278134061
GGNT	14152	1089018	1111167	6541	3534	208.77286883	0.00597046804417	0.00317035689391	0.00280011115026
CCCC	1428	97285	101097	1208	984	7.75008300985	0.0122648310032	0.0096394040027	0.00262542700051
AGNT	27693	2195151	2221682	13225	7939	9223372036854775807	0.00598856354172	0.00356069484455	0.00242786869717
GGCC	496	34287	35160	207	127	5.25303606397	0.00600104365977	0.00359905914359	0.00240198451617
AAGN	43363	3420974	3418778	18718	11017	9223372036854775807	0.00544176629768	0.0032121453323	0.00222962096538
TCCC	2452	183542	188636	1304	917	17.9022233699	0.00705452106077	0.00483769710846	0.00221682395231
NCCC	6798	491285	502923	3856	2946	32.1711673652	0.00778768068086	0.00582364208916	0.0019640385917
GNGN	35687	2718336	2722565	15630	10285	241.580427085	0.00571696941366	0.00376347036976	0.0019534990439
NAGN	90180	7122671	7114277	34522	20887	9223372036854775807	0.00482339934105	0.00292733285458	0.00189606648648
NGNT	97730	7794396	7865312	37255	22637	9223372036854775807	0.00475697908398	0.00286982078611	0.00188715829786
ANGN	128143	10241351	10175131	52663	33275	9223372036854775807	0.00511588579538	0.00325956863393	0.00185631716145
TNGN	92090	7294195	7276844	38597	24886	9223372036854775807	0.00526361582328	0.00340823339126	0.00185538243201
CCGN	2605	185394	188357	905	589	16.4957379123	0.00485778238208	0.00311729277148	0.00174048961061
TAGN	26003	2109539	2085821	9458	5697	194.327237749	0.00446343246357	0.00272385893882	0.00173957352475
TCGN	8034	611187	616098	2929	1903	50.096351879	0.00476945723609	0.00307928304323	0.00169017419286
GCGN	2244	158692	160541	807	547	12.3366548576	0.00505959285011	0.0033956595153	0.00166393333482
ACCC	2354	171386	172448	1178	895	9.56892114959	0.00682645279433	0.00516317359224	0.00166327920208
NCGN	21662	1626557	1636873	7867	5236	119.261540725	0.0048133164956	0.00318858248752	0.00162473400808
CTCG	744	53935	54648	216	131	5.42475244671	0.00398884600469	0.0023914273718	0.00159741863289
TTNG	37334	2922684	2925864	22705	18161	111.425238468	0.00770865919578	0.00616876555056	0.00153989364522
ACGN	8779	671284	671877	3226	2197	43.5869634343	0.00478273116781	0.00325928607245	0.00152344509536
TTGN	41275	3272897	3275626	16716	11855	181.169373459	0.00508144879048	0.00360610449155	0.00147534429893
TTTC	23751	1839318	1866620	20874	18373	43.8385281708	0.0112214223048	0.00974698579783	0.00147443650697
GAGN	11080	854150	858888	3626	2392	57.4562709201	0.0042272108336	0.00277726174995	0.00144994908364
AAAC	14279	1117963	1117033	11067	9453	28.1424113125	0.00980221960444	0.00839158231882	0.00141063728562
CGNT	7672	589773	600944	2489	1685	37.9854834365	0.00420253198753	0.00279608183476	0.00140645015277
TGNT	48213	3920454	3931519	15000	9479	274.481558208	0.00381150433978	0.00240522832034	0.00140627601944
CNGN	24678	1854019	1875701	7616	5128	112.838581489	0.00409102751076	0.00272645732281	0.00136457018796
GTGN	15565	1210008	1200232	5551	3875	62.8026910843	0.00456662325728	0.0032181525396	0.00134847071768
TATT	76024	6251905	6224094	23668	15365	9223372036854775807	0.00377144843985	0.0024625532438	0.00130889519605
CAGN	9734	738008	750790	2720	1781	47.143301359	0.00367206315949	0.00236655411915	0.00130550904034
NTGN	125776	10079694	10005918	44813	31827	9223372036854775807	0.00442619082588	0.0031707320718	0.00125545875409
CACC	2662	191948	199762	648	423	13.1573246627	0.00336455585786	0.00211304543297	0.00125151042488
CNCC	6871	489221	509735	2417	1897	19.5776368665	0.00491621884395	0.00370774306533	0.00120847577862
TTNC	48436	3779413	3818600	30014	25791	79.9433634766	0.00787887522192	0.00670873488155	0.00117014034037
ATGN	59202	4851665	4782013	19906	14060	201.333736143	0.00408615619068	0.00293156505333	0.00115459113736
TNCC	17357	1329363	1349295	6351	4933	44.423690236	0.00475476037535	0.00364266578449	0.00111209459086
TTAC	12763	1031296	1026843	5306	4192	28.3097676692	0.00511864727253	0.00406581735829	0.00105282991425
CTTC	8069	616882	634500	2616	2025	21.1086880705	0.0042227739234	0.00318133616119	0.00104143776221
NTTG	41275	3273890	3252954	23810	20238	58.9119476314	0.00722018376444	0.00618295535367	0.00103722841077
TACC	5244	413391	411815	1957	1528	11.973974268	0.00471171162495	0.00369668773875	0.0010150238862
NNCC	42979	3253962	3311958	14812	11872	83.0781827084	0.00453136252307	0.00357178315377	0.000959579369303
GGAT	5828	464436	469128	2012	1579	13.1811610616	0.00431344973073	0.00335452840089	0.000958921329836
TTCC	8172	623615	637069	2635	2080	17.8052726498	0.00420758483034	0.00325432723825	0.00095325759209
ATCC	5828	460230	467382	1657	1249	14.7409663113	0.00358745753832	0.0026652099413	0.000922247597019
ANAC	40186	3172551	3181930	23041	20216	42.8226633573	0.00721024461195	0.00631326616588	0.000896978446075
ANCC	14152	1086283	1095995	5086	4147	23.5599391556	0.00466020200317	0.00376951339009	0.000890688613083
GNNT	94045	7442467	7541822	28884	22683	181.16186018	0.00386596748031	0.00299860995531	0.000867357525001
TNTC	48754	3865835	3888215	29051	25911	43.907755019	0.00745875489039	0.00661986865011	0.000838886240272
NACC	14640	1125588	1134208	4747	3829	23.8637877439	0.00419963992976	0.00336456547546	0.000835074454292
ACNC	11688	885544	902404	4088	3410	17.1634299807	0.00459515844754	0.00376456976819	0.000830588679351
CTGN	9734	745124	748047	2640	2037	18.3412107774	0.00353052567388	0.00271569584207	0.00081482983181
ACAC	6062	463425	477315	2225	1902	8.56727944443	0.00477826693869	0.00396897438947	0.000809292549215
AACC	4961	381171	380855	1844	1534	6.89037304063	0.00481443285511	0.00401162167322	0.000802811181893
GTNT	40186	3204606	3235174	10253	7779	79.9937040734	0.00318925340116	0.00239873966721	0.000790513733949
TCNC	12840	987449	1009531	4019	3309	19.4968263072	0.00405358518883	0.00326705106433	0.000786534124497
NTCC	18149	1395027	1426017	4995	3978	31.1419849535	0.00356780107741	0.00278182790849	0.000785973168922
AAGG	7874	616352	613923	2646	2160	11.1186982464	0.00427465032197	0.0035060211043	0.000768629217673
NAAC	36537	2899339	2908318	20412	18213	29.6272522306	0.00699100710985	0.00622340921726	0.000767597892592
AANC	32778	2571149	2577954	17458	15569	25.5029257364	0.00674416780917	0.00600303139783	0.000741136411341
TNAC	32892	2643532	2651117	12565	10648	36.5949608383	0.0047306254252	0.00400035314913	0.000730272276069
TNNC	107549	8488193	8537991	50245	44244	91.4379437608	0.00588456577187	0.00515530045495	0.000729265316915
NATT	147675	11989561	12019066	38615	30106	234.239250582	0.00321037869748	0.0024985949242	0.000711783773286
TAAC	11453	933904	932232	5148	4497	10.1347368524	0.00548212452559	0.00480074813527	0.000681376390319
ATAC	16739	1348780	1343914	8686	7747	11.7910267245	0.00639868696527	0.00573146669172	0.00066722027355
NTAC	38808	3114604	3117864	16804	14751	30.4619576621	0.00536627612882	0.00470884548532	0.0006574306435
TCTC	4690	364398	371354	1400	1181	5.71985246982	0.0038272489188	0.00317017193015	0.000657076988648
AATC	9935	795679	801609	3747	3247	9.42435509297	0.00468711300358	0.00403426202948	0.000652850974099
TANT	150966	12486321	12394420	53129	44612	148.686844477	0.00423694819151	0.0035864527079	0.000650495483612
NCNC	35687	2675374	2743605	11201	9743	31.7596833237	0.0041692489508	0.00353860100503	0.000630647945771
CTNC	16127	1231016	1265496	4242	3567	17.9979979316	0.00343410040655	0.00281073516445	0.000623365242107
TTAA	38620	3116584	3094029	10929	8953	40.647960104	0.0034944698871	0.00288528905421	0.000609180832889
NNAC	100583	7940031	7999995	44168	39693	60.4044371407	0.00553192624583	0.0049371318887	0.000594794357126
CTNG	8626	665433	665133	2778	2383	7.31634460334	0.00415736945366	0.0035699518813	0.000587417572357
GCNT	10473	811970	827449	2686	2263	10.5420678944	0.00329709717967	0.00272745241722	0.000569644762444
TGCT	4255	330873	333811	1139	958	4.43396498302	0.00343059889402	0.00286167476678	0.000568924127236
TNTT	244400	19324246	19427073	48566	38202	281.86352592	0.00250691536159	0.00196257181057	0.00054434355102
ATNT	247314	19186285	19072823	56944	46694	208.116884019	0.00295917072961	0.00244221650578	0.000516954223828
NTNC	121049	9499930	9595571	56464	52090	49.3568603854	0.00590850481887	0.00539923614646	0.000509268672407
CNTC	20000	1542315	1592372	5026	4430	13.7338939311	0.0032481527989	0.00277429512238	0.000473857676522
ANNT	443410	34685350	34741316	154684	138598	197.982370087	0.00443983493242	0.003973576311	0.000466258621426
NTTC	51935	4057179	4116002	31264	29775	14.1124647993	0.00764692084493	0.00718200713642	0.000464913708509
TGTT	20191	1643191	1650313	4035	3285	18.3685503144	0.00244957279693	0.00198657714874	0.000462995648194
TNNT	497465	40003916	40158755	121984	103830	9223372036854775807	0.00304003150085	0.00257882100715	0.000461210493705
TANC	35314	2873701	2858022	13209	11831	15.8042438507	0.00457548035789	0.00412251080456	0.000452969553331
NANC	97730	7759912	7802455	38867	35518	37.8567747786	0.0049837288632	0.00453152875112	0.000452200112078
ANGG	18811	1473041	1459002	6873	6170	7.63777468329	0.00464418878394	0.00421110968542	0.000433079098527
NTNG	92091	7306000	7235655	40736	37198	28.8291327476	0.00554477525802	0.00511463658072	0.000430138677299
TTGA	12461	993582	982601	4219	3750	5.66377051758	0.00422829802736	0.00380189202424	0.000426406003123
NCAC	15565	1178993	1216675	4247	3886	7.18071589216	0.003589297184	0.0031837818839	0.000405515300099
NTNT	568223	44560441	44680906	116477	98728	9223372036854775807	0.00260709568194	0.00220475227645	0.000402343405488
TATC	15924	1315272	1305776	5544	4979	6.50606416078	0.0041974052404	0.00379857410424	0.000398831136159
NANT	344762	27836513	27937973	144386	134041	92.7760831367	0.00516016300977	0.00477489787516	0.000385265134615
ATAT	146496	11078980	11012356	35197	30774	59.842580743	0.00316685616938	0.00278670992735	0.000380146242029
NATC	37478	3040714	3061568	11768	10688	13.8606461777	0.0038552233887	0.00347887676027	0.000376346628435
CNNC	43626	3295267	3403785	11424	10543	16.0766645378	0.00345481328615	0.00308786970672	0.000366943579434
ANNC	94045	7403437	7433652	40843	38322	20.694972208	0.00548649432853	0.00512876516969	0.000357729158845
GTAT	16739	1360474	1368483	3438	3015	7.37756863708	0.00252069048443	0.00219832620974	0.000322364274694
AGNN	90180	7130895	7138016	26404	24125	23.8286931501	0.00368910115394	0.0033684061791	0.000320694974839
GGNN	42979	3295230	3317311	13594	12618	10.2396487045	0.00410840830458	0.00378926998143	0.00031913832315
TTNN	454980	35983534	36080715	162063	151015	92.251571549	0.00448361663524	0.00416803172247	0.000315584912772
NNTC	110166	8699162	8797418	47887	45629	18.9393808849	0.00547464636359	0.00515987306185	0.000314773301738
NGTT	36536	2923311	2950262	6990	6208	12.5966190896	0.00238542047387	0.00209980145241	0.000285619021462
AANT	126135	9947453	10044032	72308	70164	13.1105989042	0.0072165393965	0.00693718017725	0.000279359219251
NNTT	454983	36064133	36288011	84479	74940	138.263471038	0.00233699152819	0.0020608888426	0.000276102685592
TTNT	241695	19079161	19219105	42438	37467	76.458038505	0.00221937506377	0.00194567340438	0.000273701659386
TNAA	127515	10226531	10174584	26014	23132	34.6711654158	0.00253732122122	0.00226835106998	0.000268970151234
NGAT	37478	3059676	3069830	10780	10040	7.05937435799	0.00351087916583	0.00325987785199	0.000251001313843
TTAN	134363	10965864	10942357	32406	29640	26.5474967982	0.00294646339833	0.00270142253958	0.000245040858755
TTTN	227407	17677883	17729000	99340	95364	21.1776178705	0.00558804938207	0.00535020492176	0.000237844460308
TNTG	55763	4470871	4405198	28540	27084	4.98667743408	0.00634305245731	0.0061106220227	0.000232430434614
TAAA	57285	4581995	4559235	9652	8593	13.15854331	0.00210207796897	0.00188120043049	0.000220877538484
NTAT	248757	19472141	19438690	54231	50107	34.9619355244	0.00277732084588	0.00257106685446	0.00020625399142
AAAA	126702	9812906	9740080	19336	17188	25.1218873078	0.00196659113964	0.00176155866581	0.000205032473834
NAAA	227407	17834421	17726922	35077	31568	36.7646893094	0.00196295385578	0.00177762861595	0.000185325239836
AATA	76024	6270641	6234639	16033	14964	7.55008219969	0.0025503151587	0.00239439209179	0.000155923066914
TTTT	126702	9730005	9818407	17680	16368	14.6679714887	0.00181376398601	0.00166429836982	0.000149465616198
AANN	454983	36080942	36009722	159461	154716	14.5291824049	0.00440008903874	0.00427812537831	0.000121963660438
NTAN	447932	35706201	35543636	111237	107472	11.501543324	0.00310566601665	0.00301454866424	9.11173524102e-05
AANA	244400	19440722	19312478	42800	40944	7.28959217967	0.00219672808643	0.00211559485449	8.11332319398e-05
