#Sequence	Occurrence	Forward Match	Backward Match	Forward Mismatch	Backward Mismatch	Strand Bias Score	FER (Forward Error Rate)	RER (Reverse Error Rate), ERD (Error rate Difference)
TGGNAGGTGA	2	3	29	15	0	8.96430603377	0.833333333333	0.0	0.833333333333
TGGCAGGNGA	2	3	29	15	0	8.96430603377	0.833333333333	0.0	0.833333333333
TGGCNGGNGA	2	3	29	15	0	8.96430603377	0.833333333333	0.0	0.833333333333
TGGCNGGTGA	2	3	29	15	0	8.96430603377	0.833333333333	0.0	0.833333333333
TGGCAGGTGA	2	3	29	15	0	8.96430603377	0.833333333333	0.0	0.833333333333
NGGCAGGTGA	3	9	45	16	0	9.08420436809	0.64	0.0	0.64
NGGCNGGTGA	3	9	45	16	0	9.08420436809	0.64	0.0	0.64
NNCGGCAGGT	2	15	37	23	0	8.74145020021	0.605263157895	0.0	0.605263157895
TGCGNCAGGN	2	15	37	23	0	8.74145020021	0.605263157895	0.0	0.605263157895
TGCGNCAGGT	2	15	37	23	0	8.74145020021	0.605263157895	0.0	0.605263157895
TNCGGCAGGT	2	15	37	23	0	8.74145020021	0.605263157895	0.0	0.605263157895
NGCGGCAGGT	2	15	37	23	0	8.74145020021	0.605263157895	0.0	0.605263157895
TGCGGCAGGT	2	15	37	23	0	8.74145020021	0.605263157895	0.0	0.605263157895
TGCGGCAGGN	2	15	37	23	0	8.74145020021	0.605263157895	0.0	0.605263157895
TGCGGNAGGN	2	15	37	23	0	8.74145020021	0.605263157895	0.0	0.605263157895
TGCGGNAGGT	2	15	37	23	0	8.74145020021	0.605263157895	0.0	0.605263157895
NGCGGCAGGN	2	15	37	23	0	8.74145020021	0.605263157895	0.0	0.605263157895
NGCGNCAGGT	2	15	37	23	0	8.74145020021	0.605263157895	0.0	0.605263157895
TGCGGCANGT	3	19	63	23	0	11.2943748755	0.547619047619	0.0	0.547619047619
TGCGGCANGN	3	19	63	23	0	11.2943748755	0.547619047619	0.0	0.547619047619
NGCGGCANGT	3	19	63	23	0	11.2943748755	0.547619047619	0.0	0.547619047619
GTGNCGGGNA	3	19	42	22	0	8.45126569808	0.536585365854	0.0	0.536585365854
GTGGCGGGNA	3	19	42	22	0	8.45126569808	0.536585365854	0.0	0.536585365854
GTGGCNGGNA	4	19	44	22	0	8.7132316709	0.536585365854	0.0	0.536585365854
GTGGCGGGNN	3	19	42	22	0	8.45126569808	0.536585365854	0.0	0.536585365854
GNGGCGGGNA	4	20	45	22	0	8.6459367494	0.52380952381	0.0	0.52380952381
NTGGCGGGNA	4	22	48	22	0	8.64252721909	0.5	0.0	0.5
TATGGCAGGN	5	19	53	19	0	8.71055545291	0.5	0.0	0.5
TGCGNNAGGT	3	24	59	23	0	9.84322436189	0.489361702128	0.0	0.489361702128
NGCGGCNGGT	3	26	58	23	0	9.38980489275	0.469387755102	0.0	0.469387755102
TGCGNCNGGT	3	26	58	23	0	9.38980489275	0.469387755102	0.0	0.469387755102
TGCGGCNGGT	3	26	58	23	0	9.38980489275	0.469387755102	0.0	0.469387755102
TGCGGCNGGN	3	26	58	23	0	9.38980489275	0.469387755102	0.0	0.469387755102
TGCGGCAGNT	4	25	56	23	1	8.22355809626	0.479166666667	0.0175438596491	0.461622807018
TGCGGCAGNN	4	25	56	23	1	8.22355809626	0.479166666667	0.0175438596491	0.461622807018
TNCGNCAGGT	4	27	53	23	0	8.69494262096	0.46	0.0	0.46
GGCAGGTNGT	5	35	53	31	1	8.50036950314	0.469696969697	0.0185185185185	0.451178451178
GGCAGGTGGT	5	35	53	31	1	8.50036950314	0.469696969697	0.0185185185185	0.451178451178
GGNAGGTGGT	5	35	53	31	1	8.50036950314	0.469696969697	0.0185185185185	0.451178451178
GGCNGGTGGT	5	35	53	31	1	8.50036950314	0.469696969697	0.0185185185185	0.451178451178
GGCAGNTGGT	5	35	53	31	1	8.50036950314	0.469696969697	0.0185185185185	0.451178451178
GGCNGGTNGT	5	35	53	31	1	8.50036950314	0.469696969697	0.0185185185185	0.451178451178
GGCAGGTGNT	5	35	53	31	1	8.50036950314	0.469696969697	0.0185185185185	0.451178451178
GGCAGGTNNT	6	36	55	31	1	8.51212229645	0.462686567164	0.0178571428571	0.444829424307
TGCGGNAGNT	5	28	65	23	1	8.62166641051	0.450980392157	0.0151515151515	0.435828877005
TGCGGCNNGT	4	30	84	23	0	11.0873819383	0.433962264151	0.0	0.433962264151
TGNGGCAGGT	4	32	65	24	0	9.49333984206	0.428571428571	0.0	0.428571428571
NGCGGCAGNT	5	30	65	23	1	8.31694546679	0.433962264151	0.0151515151515	0.418810748999
TNCGGCNGGT	8	57	124	41	0	17.1221399243	0.418367346939	0.0	0.418367346939
TGCGNCANGT	6	35	75	23	0	9.61453344009	0.396551724138	0.0	0.396551724138
TGCGGCANNT	7	36	104	23	1	10.4086692956	0.389830508475	0.00952380952381	0.380306698951
GNCAGNTGGT	7	54	93	32	1	10.3288636196	0.372093023256	0.0106382978723	0.361454725383
GNCAGGTGGT	7	54	93	32	1	10.3288636196	0.372093023256	0.0106382978723	0.361454725383
GGCANGTGGT	6	52	70	31	1	8.40708934911	0.373493975904	0.0140845070423	0.359409468861
GGCNNGTGGT	6	52	70	31	1	8.40708934911	0.373493975904	0.0140845070423	0.359409468861
TGNGGCNGGT	12	82	181	46	1	18.6521585623	0.359375	0.00549450549451	0.353880494505
GTNGCGGGNA	5	42	73	22	0	8.2782096028	0.34375	0.0	0.34375
TGNGGCAGGN	7	49	74	25	0	8.2866961356	0.337837837838	0.0	0.337837837838
TNCGGCANGT	9	65	106	31	0	11.3316175655	0.322916666667	0.0	0.322916666667
GGCAGGTGNN	7	69	84	33	1	8.46421310009	0.323529411765	0.0117647058824	0.311764705882
GTGGCGGNNA	5	51	109	23	0	10.0808108246	0.310810810811	0.0	0.310810810811
NGNGGCAGGT	18	128	228	57	1	20.8091922115	0.308108108108	0.00436681222707	0.303741295881
GGCAGNTGNT	10	74	89	33	1	8.40453544261	0.308411214953	0.0111111111111	0.297300103842
NNTGGCAGGT	7	55	93	22	0	8.39493078097	0.285714285714	0.0	0.285714285714
GGNAGNTGGT	10	76	103	31	1	8.82115757716	0.289719626168	0.00961538461538	0.280104241553
GTGAAGNGGT	13	105	130	44	3	9.97648093841	0.295302013423	0.0225563909774	0.272745622445
TGNGGCANGT	8	64	134	24	0	10.5875228457	0.272727272727	0.0	0.272727272727
GTGAAGAGGT	11	95	121	40	3	9.23432484318	0.296296296296	0.0241935483871	0.272102747909
GTGANGAGGT	11	95	121	40	3	9.23432484318	0.296296296296	0.0241935483871	0.272102747909
GNNAGGTGGT	10	88	142	33	1	11.0354586626	0.272727272727	0.00699300699301	0.265734265734
TGNGNCAGGT	9	72	110	26	0	9.37412306716	0.265306122449	0.0	0.265306122449
TGNGGNAGGT	10	82	125	29	0	10.4660665309	0.261261261261	0.0	0.261261261261
TNNGGCAGGT	36	263	435	93	1	33.8234521031	0.261235955056	0.00229357798165	0.258942377075
GTGAANAGGT	12	103	132	40	3	9.48464255587	0.27972027972	0.0222222222222	0.257498057498
GGNNGGTGGT	11	101	115	36	1	9.13238204089	0.262773722628	0.00862068965517	0.254153032973
GGNAGGTGNT	9	90	105	32	1	8.31382477823	0.262295081967	0.00943396226415	0.252861119703
GNCNGGTGGT	10	91	125	32	1	9.50628049098	0.260162601626	0.00793650793651	0.25222609369
GTGNAGAGGT	12	106	128	40	3	9.00808753537	0.27397260274	0.0229007633588	0.251071839381
TATGGCNGGN	20	155	246	50	0	18.7294506126	0.243902439024	0.0	0.243902439024
GNCAGGTNGT	10	98	136	34	2	9.21025637286	0.257575757576	0.0144927536232	0.243083003953
NGCAGGTGGT	10	98	111	33	1	8.48052129283	0.251908396947	0.00892857142857	0.242979825518
GNGAAGAGGT	12	111	131	40	3	8.62272450409	0.264900662252	0.0223880597015	0.24251260255
GNGAAGNGGT	15	126	144	44	3	9.69170737859	0.258823529412	0.0204081632653	0.238415366146
AGAACCAGNT	18	104	176	37	5	9.43819509796	0.262411347518	0.0276243093923	0.234787038125
TNTGGCAGGN	22	159	247	48	0	17.8250904774	0.231884057971	0.0	0.231884057971
AGNGGTAGGN	26	212	311	64	1	21.332084637	0.231884057971	0.00320512820513	0.228678929766
AGNGGTAGGT	26	212	311	64	1	21.332084637	0.231884057971	0.00320512820513	0.228678929766
TANGGCNGGT	13	78	126	23	0	8.76740782957	0.227722772277	0.0	0.227722772277
GNCAGGTGGN	11	115	139	34	1	9.34479838205	0.228187919463	0.00714285714286	0.22104506232
GTGNNGAGGT	13	126	138	40	3	8.39875093005	0.240963855422	0.0212765957447	0.219687259677
AGAGGNAGGT	24	206	289	59	1	19.0397535603	0.222641509434	0.00344827586207	0.219193233572
NGAGGTAGGT	24	206	289	59	1	19.0397535603	0.222641509434	0.00344827586207	0.219193233572
AGAGNTAGGN	24	206	289	59	1	19.0397535603	0.222641509434	0.00344827586207	0.219193233572
AGAGNTAGGT	24	206	289	59	1	19.0397535603	0.222641509434	0.00344827586207	0.219193233572
AGAGGTAGGN	24	206	289	59	1	19.0397535603	0.222641509434	0.00344827586207	0.219193233572
AGAGGTAGGT	24	206	289	59	1	19.0397535603	0.222641509434	0.00344827586207	0.219193233572
AGNGGTNGGT	28	227	333	64	1	21.4591945596	0.219931271478	0.00299401197605	0.216937259502
GTGANNAGGT	15	136	186	41	3	10.6585548525	0.231638418079	0.015873015873	0.215765402206
NGCAGGTGGN	12	121	145	34	1	9.32192027161	0.21935483871	0.00684931506849	0.212505523641
TANGGCAGGN	22	152	277	41	0	17.0574862554	0.212435233161	0.0	0.212435233161
NGNGGTAGGT	30	244	333	66	1	21.1081155935	0.212903225806	0.00299401197605	0.20990921383
AGNGGNAGGT	42	438	512	125	7	29.4275732937	0.222024866785	0.0134874759152	0.20853739087
GNGNAGAGGT	14	136	149	40	3	8.41049278477	0.227272727273	0.0197368421053	0.207535885167
AGAGGTNGGT	26	221	311	59	1	19.196058092	0.210714285714	0.00320512820513	0.207509157509
NGAGGTNGGT	26	221	311	59	1	19.196058092	0.210714285714	0.00320512820513	0.207509157509
NGAGNTAGGT	26	228	316	60	1	19.346910315	0.208333333333	0.00315457413249	0.205178759201
NGCAGNTGGT	15	139	153	37	1	9.60093441392	0.210227272727	0.00649350649351	0.203733766234
GTGAAGAGNT	14	143	161	40	3	8.74449846851	0.218579234973	0.0182926829268	0.200286552046
GTGAANNGGT	34	369	389	105	9	20.0470629384	0.221518987342	0.0226130653266	0.198905922015
GTGAAGANGT	17	166	187	45	3	10.1467646635	0.21327014218	0.0157894736842	0.197480668496
GTGNAGNGGT	18	175	194	47	3	10.3975100683	0.211711711712	0.0152284263959	0.196483285316
AGANCCAGNT	21	135	208	38	5	9.34618305558	0.219653179191	0.0234741784038	0.196179000787
AGAANCAGTT	21	131	201	37	5	8.99946115963	0.220238095238	0.0242718446602	0.195966250578
GTNAAGAGGT	14	152	167	41	3	8.66718019152	0.212435233161	0.0176470588235	0.194788174337
GTGAAGAGGN	14	150	175	40	3	8.85593227485	0.210526315789	0.0168539325843	0.193672383205
AGAGGTNGGN	28	243	337	59	1	19.1348383697	0.195364238411	0.00295857988166	0.192405658529
GNGAANAGGT	18	173	197	45	3	10.2291382385	0.206422018349	0.015	0.191422018349
GTGNAGAGNT	15	154	168	40	3	8.35339517554	0.20618556701	0.0175438596491	0.188641707361
GNAGGAAGGT	8	112	154	26	0	9.0573507359	0.188405797101	0.0	0.188405797101
NGAGGTAGGN	28	251	340	59	1	18.8536803755	0.190322580645	0.00293255131965	0.187390029326
GTGANGNGGT	30	395	356	106	9	17.4098317751	0.211576846307	0.0246575342466	0.186919312061
GTGNAGAGGN	15	161	182	40	3	8.77820622121	0.199004975124	0.0162162162162	0.182788758908
AGAACCNGTT	22	147	214	38	5	8.82593731157	0.205405405405	0.0228310502283	0.182574355177
AGNACCAGNT	22	146	229	37	5	9.16224521748	0.20218579235	0.0213675213675	0.180818270982
GNCANGTGGT	15	149	182	34	1	9.37261377966	0.185792349727	0.00546448087432	0.180327868852
AGAGGNAGGN	30	270	354	60	1	18.8129366991	0.181818181818	0.00281690140845	0.17900128041
AGAGGNNGGT	30	270	359	59	1	18.6952977903	0.179331306991	0.00277777777778	0.176553529213
NGCNGGTGGT	16	182	196	40	1	10.4215966331	0.18018018018	0.00507614213198	0.175104038048
NGAGGNAGGT	32	294	409	63	1	20.7386924467	0.176470588235	0.00243902439024	0.174031563845
NTNGGCAGGT	9	124	171	27	1	8.28262266198	0.17880794702	0.00581395348837	0.172993993531
AGANGTAGGT	30	282	371	60	1	18.9175268085	0.175438596491	0.00268817204301	0.172750424448
AGAGNTNGGT	30	287	361	61	1	18.5488057471	0.175287356322	0.00276243093923	0.172524925383
ATGGAAATGG	25	139	187	30	1	8.85582717829	0.177514792899	0.00531914893617	0.172195643963
TNTGGCNGGT	16	125	158	26	0	8.6079331205	0.172185430464	0.0	0.172185430464
ANAGGTAGGT	30	279	364	60	2	17.5519598109	0.176991150442	0.00546448087432	0.171526669568
GTGANGAGGN	15	175	198	40	3	8.74580553119	0.186046511628	0.0149253731343	0.171121138494
AGNGNTAGGT	57	569	663	126	7	30.2938339359	0.181294964029	0.010447761194	0.170847202835
GNNAAGAGGT	17	182	193	41	3	8.53598107782	0.183856502242	0.015306122449	0.168550379793
GTGAANAGGN	18	181	219	40	3	9.55702663487	0.180995475113	0.0135135135135	0.1674819616
NGNACCAGTT	22	159	218	37	5	8.24400199661	0.188775510204	0.0224215246637	0.16635398554
GTGANGAGNT	18	183	215	40	3	9.20509271457	0.179372197309	0.0137614678899	0.16561072942
GTGAAGNGGN	36	462	449	105	9	18.8512888438	0.185185185185	0.0196506550218	0.165534530163
AGANCCNGTT	25	168	242	38	5	8.76684458197	0.184466019417	0.0202429149798	0.164223104438
GTNNAGAGGT	17	189	209	41	3	8.9736636745	0.178260869565	0.0141509433962	0.164109926169
GTNAAGNGGT	40	475	459	106	9	19.0445971774	0.182444061962	0.0192307692308	0.163213292731
AATGGNGGGA	16	124	179	24	0	8.74372487503	0.162162162162	0.0	0.162162162162
AAACAAAAAC	61	716	714	145	6	32.358313318	0.168408826945	0.00833333333333	0.160075493612
AGANNCAGTT	24	167	228	37	5	8.23993793042	0.18137254902	0.0214592274678	0.159913321552
TGCNGCAGGN	12	145	167	27	0	8.27727373118	0.156976744186	0.0	0.156976744186
CAAAAAAAGT	23	136	228	26	1	9.26271031584	0.16049382716	0.00436681222707	0.156127014933
GTGAAGNGNT	40	497	478	105	9	18.7519727027	0.174418604651	0.0184804928131	0.155938111838
AGAGGTANGT	51	551	652	108	7	25.4739739971	0.163884673748	0.01062215478	0.153262518968
NNAGGTAGGT	19	177	217	32	0	10.4645667524	0.153110047847	0.0	0.153110047847
ATGGANATGG	29	161	232	30	1	9.70526910644	0.157068062827	0.00429184549356	0.152776217334
ACAANCGNGT	12	145	183	26	0	8.67733996769	0.152046783626	0.0	0.152046783626
ANNGGTAGGT	19	190	219	34	0	10.494252026	0.151785714286	0.0	0.151785714286
ATGGAANTGG	27	162	218	30	1	9.22264047962	0.15625	0.00456621004566	0.151683789954
ANAGGTAGGN	16	174	203	31	0	9.56078872958	0.151219512195	0.0	0.151219512195
GNGAAGAGGN	19	207	236	40	3	9.08700290857	0.161943319838	0.0125523012552	0.149391018583
AGNNGCAGGT	16	154	185	27	0	8.71633746824	0.149171270718	0.0	0.149171270718
NTGGAAATGG	29	177	240	32	1	9.96568225749	0.153110047847	0.00414937759336	0.148960670254
TATNGCNGGT	21	134	198	23	0	8.56919930872	0.146496815287	0.0	0.146496815287
ANGGAAATGG	30	169	230	30	1	9.32573327641	0.150753768844	0.004329004329	0.146424764515
GNNGGAAGGT	11	153	197	26	0	8.82541684807	0.145251396648	0.0	0.145251396648
AGAAANATAG	32	153	218	26	0	9.45986255547	0.145251396648	0.0	0.145251396648
AGAGNNAGGT	38	354	422	61	1	18.1060076161	0.146987951807	0.00236406619385	0.144623885613
GTNANGAGGT	19	253	245	51	6	8.31339016345	0.167763157895	0.0239043824701	0.143858775425
AGAGGTAGNT	34	346	423	59	1	17.74116192	0.145679012346	0.00235849056604	0.14332052178
AGNGGTAGNT	40	383	470	65	1	19.6748802557	0.145089285714	0.00212314225053	0.142966143464
AAGNATAAGT	24	168	226	29	1	8.92308068312	0.147208121827	0.00440528634361	0.142802835484
GNAGGANGGT	13	159	213	26	0	9.0886704596	0.140540540541	0.0	0.140540540541
ATGGAAANGG	31	180	245	30	1	9.36078647472	0.142857142857	0.00406504065041	0.138792102207
AGNGGTANGT	46	499	592	88	7	20.0538749545	0.149914821124	0.0116861435726	0.138228677552
TTTTTTTTTG	18795	134251	177566	26326	4855	9223372036854775807	0.163946268768	0.0266142604196	0.137332008349
GTGNAGANGT	26	262	288	46	4	9.51047077251	0.149350649351	0.013698630137	0.135652019214
GTGAAGNNGT	48	626	558	111	9	18.9094523985	0.150610583446	0.015873015873	0.134737567573
AGANGTNGGT	63	658	788	108	7	26.2937674378	0.140992167102	0.00880503144654	0.132187135655
NGAGGTANGT	60	659	767	109	8	25.0433107966	0.141927083333	0.0103225806452	0.131604502688
ATGGNAATGG	30	192	251	30	1	9.11113882211	0.135135135135	0.00396825396825	0.131166881167
AGAAAANTAG	25	127	238	19	0	8.31462703884	0.130136986301	0.0	0.130136986301
ANAGNTAGGT	48	435	567	67	2	20.2498322876	0.133466135458	0.00351493848858	0.12995119697
AANCAAAAAC	75	876	888	146	12	28.2110310875	0.142857142857	0.0133333333333	0.129523809524
AGAGGTNNGT	63	675	814	109	8	25.7473554256	0.139030612245	0.00973236009732	0.129298252148
ANAGGNAGGT	44	419	499	65	3	17.0152136537	0.134297520661	0.00597609561753	0.128321425044
GNAGGAAGGN	14	177	231	26	0	8.97444278901	0.128078817734	0.0	0.128078817734
NGANGTAGGT	40	407	523	60	1	18.9932833189	0.128479657388	0.00190839694656	0.126571260441
AGAANAATAG	28	139	237	20	0	8.25566879986	0.125786163522	0.0	0.125786163522
AAATTGAAAC	25	265	291	39	1	10.5487212448	0.128289473684	0.00342465753425	0.12486481615
ACAAANGGGT	18	134	244	19	0	8.18406990695	0.124183006536	0.0	0.124183006536
AGNANCAGTT	32	229	314	37	5	8.29927639615	0.139097744361	0.0156739811912	0.12342376317
ANGGAANTGG	34	214	291	31	1	9.7662232163	0.126530612245	0.00342465753425	0.123105954711
GNGAAGANGT	52	658	605	105	9	18.3273612748	0.137614678899	0.014657980456	0.122956698443
AGAGGTANGN	40	505	543	78	6	16.6547912165	0.133790737564	0.0109289617486	0.122861775816
ANAGGTNGGT	22	229	281	32	0	10.610803764	0.122605363985	0.0	0.122605363985
NNCAGGTGGT	25	274	276	42	3	8.59602341877	0.132911392405	0.010752688172	0.122158704233
TCACCCAANA	6	175	279	25	1	8.69447225236	0.125	0.00357142857143	0.121428571429
TCACCCAATN	6	175	279	25	1	8.69447225236	0.125	0.00357142857143	0.121428571429
TCACCCAATA	6	175	279	25	1	8.69447225236	0.125	0.00357142857143	0.121428571429
ATNGAAATGG	35	234	298	33	1	9.96060742663	0.123595505618	0.00334448160535	0.120251024013
ATGGANNTGG	34	213	305	30	1	9.80793615075	0.123456790123	0.00326797385621	0.120188816267
AAACAAAANC	84	992	979	145	8	30.8549095213	0.127528583993	0.0081053698075	0.119423214185
AAACAAANAC	86	1036	1037	147	6	33.7724994698	0.12426035503	0.00575263662512	0.118507718404
NTGGAANTGG	34	232	339	32	1	10.6878509885	0.121212121212	0.00294117647059	0.118270944742
AGANGTAGGN	46	433	551	60	2	17.4847462694	0.121703853955	0.00361663652803	0.118087217427
TCACCCNATA	8	183	290	25	1	8.67452166573	0.120192307692	0.00343642611684	0.116755881575
NAACAAAAAC	90	1070	1059	153	9	32.1690640645	0.125102207686	0.00842696629213	0.116675241394
GTNAANAGGT	29	328	342	47	3	10.400454299	0.125333333333	0.00869565217391	0.116637681159
AGAACCNGNT	33	251	331	38	5	8.44450286266	0.131487889273	0.014880952381	0.116606936892
AGAGGNANGT	72	805	895	114	7	26.5371316414	0.124047878128	0.00776053215078	0.116287345978
NGNAGGTGGT	23	270	278	36	1	9.06215896374	0.117647058824	0.00358422939068	0.114062829433
AGAGGTNGNT	42	451	523	59	1	17.3457890555	0.11568627451	0.00190839694656	0.113777877563
AGAACCANTT	31	251	335	37	5	8.21249531186	0.128472222222	0.0147058823529	0.113766339869
TNACCCAATA	7	189	283	25	1	8.33344644666	0.116822429907	0.00352112676056	0.113301303146
TCNCCCAATA	8	190	308	25	1	8.83314648626	0.116279069767	0.00323624595469	0.113042823813
GTGAAGAGNN	24	294	294	41	3	8.2746793343	0.122388059701	0.010101010101	0.1122870496
AGNNGTAGGT	75	917	960	124	7	27.8045192596	0.11911623439	0.00723888314374	0.111877351246
TCACNCAATA	10	193	295	25	1	8.46873843023	0.114678899083	0.00337837837838	0.111300520704
TCACCCANTA	7	194	282	25	1	8.16151905289	0.114155251142	0.00353356890459	0.110621682237
AAAAAAAAAG	8666	29163	40608	4617	1107	9223372036854775807	0.136678507993	0.0265372168285	0.110141291164
NGAGGTAGNT	22	252	257	31	0	9.04039680035	0.109540636042	0.0	0.109540636042
TGAAGTAAGT	54	452	552	56	1	17.1347385708	0.110236220472	0.00180831826401	0.108427902208
AGANGAAGGT	18	279	261	35	1	8.17714948091	0.111464968153	0.00381679389313	0.10764817426
GTGANGANGT	40	344	362	45	3	9.85163085703	0.115681233933	0.00821917808219	0.107462055851
TTTTGNCTTA	33	267	316	33	1	9.4026485003	0.11	0.00315457413249	0.106845425868
ANACAAAAAC	98	1180	1150	150	7	32.9646357402	0.112781954887	0.00605012964564	0.106731825242
CAAANAAAGT	33	229	342	28	1	9.44489650675	0.108949416342	0.00291545189504	0.106033964447
NGCAGGTGNT	28	295	366	37	2	10.0700333409	0.111445783133	0.0054347826087	0.106011000524
GTNAAGAGGN	26	319	329	41	3	8.69777785277	0.113888888889	0.00903614457831	0.104852744311
TTTTTTNTTG	30206	235776	294243	35239	7605	9223372036854775807	0.13002601332	0.0251948000318	0.104831213288
AGTANCNAGT	24	360	488	55	14	8.74023668408	0.132530120482	0.0278884462151	0.104641674267
AAAAAAAAAC	11183	64804	81231	9507	1976	9223372036854775807	0.127935298946	0.023748001971	0.104187296975
TCACCCNATN	11	209	335	25	1	8.79667329202	0.106837606838	0.00297619047619	0.103861416361
AGNACCNAGT	21	380	508	57	14	9.1689983072	0.130434782609	0.0268199233716	0.103614859237
TCACCCNNTA	10	209	302	25	1	8.15134966843	0.106837606838	0.003300330033	0.103537276805
ATGGNANTGG	36	253	344	31	2	8.5869195738	0.109154929577	0.00578034682081	0.103374582757
AGANGNAGGT	120	1370	1522	166	8	40.6505068378	0.108072916667	0.00522875816993	0.102844158497
TCACCCNANA	10	212	308	25	1	8.1891540273	0.105485232068	0.00323624595469	0.102248986113
NTGGNAATGG	40	282	386	33	1	10.6044665561	0.104761904762	0.00258397932817	0.102177925434
NATGGNGGGA	24	211	272	24	0	8.30237334393	0.102127659574	0.0	0.102127659574
TTNTGTCTTA	29	264	295	31	1	8.46325025924	0.105084745763	0.00337837837838	0.101706367384
AAANTGAGGT	29	274	331	31	0	10.2565138411	0.101639344262	0.0	0.101639344262
GNAGGAAGNT	20	239	312	27	0	9.42550117664	0.101503759398	0.0	0.101503759398
TTNTTTTTTG	30619	242014	300169	34994	7680	9223372036854775807	0.126328481488	0.0249472955897	0.101381185898
TGCNGCANGT	21	231	263	26	0	8.25017039336	0.101167315175	0.0	0.101167315175
NTGGANATGG	40	264	391	32	3	9.02660426061	0.108108108108	0.00761421319797	0.10049389491
AAAAAAAAGT	10070	69262	83240	8782	1027	9223372036854775807	0.112526267234	0.0121874517901	0.100338815444
AAACAANAAC	107	1292	1292	154	9	33.0783005597	0.106500691563	0.00691775557264	0.0995829359903
ANGGANATGG	41	263	330	30	1	8.96104463447	0.102389078498	0.00302114803625	0.099367930462
TGNNGCAGGT	25	263	326	29	0	9.77727202712	0.0993150684932	0.0	0.0993150684932
AAGTATANGT	31	265	350	32	3	8.17048549111	0.107744107744	0.00849858356941	0.0992455241747
NTGGAAANGG	41	274	369	32	2	8.87211667483	0.104575163399	0.00539083557951	0.0991843278192
NNGGAAATGG	41	284	389	33	2	9.61824802567	0.104100946372	0.00511508951407	0.0989858568582
TCNCCCANTA	11	221	322	25	1	8.22037528493	0.10162601626	0.0030959752322	0.098530041028
AGAGGNAGNT	52	532	635	59	1	17.8835151841	0.0998307952623	0.00157232704403	0.0982584682182
NTTTTTTTTG	32091	250962	310589	35542	8234	9223372036854775807	0.124054114428	0.0258262421469	0.0982278722808
TTTTTNTTTG	34114	269293	331483	37937	8628	9223372036854775807	0.123480779872	0.0253681886208	0.098112591251
TTTNTTTTTG	30398	237841	292605	33096	7473	9223372036854775807	0.122153858646	0.0249035250835	0.0972503335626
NTNGAAATGG	47	321	411	36	2	9.97794828539	0.100840336134	0.00484261501211	0.0959977211223
TNTTTTTTTG	34081	261927	322626	36141	8415	9223372036854775807	0.121250855509	0.0254198120475	0.095831043462
TTTTTTTTNG	36384	273308	336099	36969	8368	9223372036854775807	0.119148373872	0.0242926027747	0.0948557710977
CAAAANAAGT	40	252	384	28	2	8.67223262843	0.1	0.00518134715026	0.0948186528497
ACAAAAATAC	24	296	308	31	0	9.19168528752	0.0948012232416	0.0	0.0948012232416
TCNCCCAATN	13	232	354	25	1	8.52120662422	0.0972762645914	0.00281690140845	0.094459363183
ACAAAAATTG	33	373	411	40	1	10.8282819895	0.0968523002421	0.00242718446602	0.0944251157761
AGAAAGAAAG	176	933	1095	119	21	19.6832065215	0.113117870722	0.0188172043011	0.0943006664214
AANTGAAGGT	35	231	289	24	0	8.15902944295	0.0941176470588	0.0	0.0941176470588
AGANGANGGT	25	346	349	37	1	9.27399835151	0.0966057441253	0.00285714285714	0.0937486012682
AANGGNGGGA	30	290	347	31	1	8.83634886571	0.0965732087227	0.00287356321839	0.0936996455044
AGNACNAGGT	29	301	376	31	0	10.5341345152	0.0933734939759	0.0	0.0933734939759
ACNAAAATAC	34	402	422	41	0	12.2757230969	0.0925507900677	0.0	0.0925507900677
AATNGNGGGA	25	236	294	24	0	8.14095847212	0.0923076923077	0.0	0.0923076923077
ATNGAANTGG	43	326	420	35	2	9.69311881098	0.0969529085873	0.00473933649289	0.0922135720944
TTTTTTTNTG	38233	302399	369222	39686	9155	9223372036854775807	0.116012102255	0.0241954452834	0.0918166569719
TGGTGGNGGT	26	374	335	39	1	9.11095515993	0.0944309927361	0.00297619047619	0.0914548022599
GTGAANANGT	84	937	883	108	11	18.3340122021	0.103349282297	0.0123042505593	0.0910450317374
NNAGGAAGGT	29	353	413	35	0	11.3773498632	0.090206185567	0.0	0.090206185567
TCNCCCNATA	16	245	364	25	1	8.37221887648	0.0925925925926	0.0027397260274	0.0898528665652
TTTTNTTTTG	35158	277807	336203	35992	8734	9223372036854775807	0.114697624913	0.0253205657845	0.0893770591283
GNAGNAAGGT	23	265	298	26	0	8.21846838365	0.0893470790378	0.0	0.0893470790378
TGAAGTAAGN	66	576	677	57	1	16.8273363895	0.0900473933649	0.00147492625369	0.0885724671112
AANTTGAAAC	35	389	406	40	2	9.58689233274	0.0932400932401	0.00490196078431	0.0883381324558
TGAAGTANGT	31	301	356	29	0	9.50622447658	0.0878787878788	0.0	0.0878787878788
AGAGNTAGNT	60	616	704	60	1	17.6218937014	0.0887573964497	0.00141843971631	0.0873389567334
TNAAGTAAGT	198	1607	1874	163	9	40.9365021694	0.0920903954802	0.00477960701009	0.0873107884701
GNAGGAANGT	20	293	331	28	0	8.8880668977	0.0872274143302	0.0	0.0872274143302
ATANAACNTG	52	365	415	38	3	8.80469373164	0.0942928039702	0.00717703349282	0.0871157704774
GTCGTANAGT	87	1022	1138	114	16	20.0819055133	0.100352112676	0.0138648180243	0.0864872946518
ANCAAAAAAC	33	367	341	36	1	8.39427031394	0.0893300248139	0.00292397660819	0.0864060482057
GTCGTAGAGT	84	981	1093	109	16	18.7986638453	0.1	0.014427412083	0.085572587917
GTCGTAGNGT	84	981	1093	109	16	18.7986638453	0.1	0.014427412083	0.085572587917
GTCNTAGAGT	84	981	1093	109	16	18.7986638453	0.1	0.014427412083	0.085572587917
GTCGNAGAGT	84	981	1093	109	16	18.7986638453	0.1	0.014427412083	0.085572587917
AGAGNTANGT	105	1138	1216	117	10	24.0819564237	0.0932270916335	0.00815660685155	0.0850704847819
ANANTGAGGT	38	355	433	33	0	11.0670420255	0.0850515463918	0.0	0.0850515463918
AGANGTANGT	105	1186	1305	120	9	26.6529902223	0.0918836140888	0.00684931506849	0.0850342990203
NACAAAAAAC	33	345	360	32	0	9.52332579417	0.0848806366048	0.0	0.0848806366048
GNCGTAGAGT	85	992	1101	109	16	18.7767925748	0.0990009082652	0.0143240823635	0.0846768259017
GNCGTAGNGT	85	992	1101	109	16	18.7767925748	0.0990009082652	0.0143240823635	0.0846768259017
NGANGAAGGT	31	420	396	40	1	9.82915305422	0.0869565217391	0.00251889168766	0.0844376300515
GTCGTNGAGT	85	997	1108	109	16	18.7807345442	0.0985533453888	0.0142348754448	0.0843184699439
AAAAAAAGGT	1446	12349	13637	1255	110	223.484664324	0.0922522787415	0.00800174583546	0.0842505329061
GNCGTANAGT	91	1062	1170	115	16	20.2438918137	0.0977060322855	0.0134907251265	0.084215307159
TAAAGTAAGT	36	369	411	35	1	9.71248539739	0.0866336633663	0.00242718446602	0.0842064789003
TGANGTAAGT	68	620	725	58	1	17.1056231732	0.0855457227139	0.00137741046832	0.0841683122455
GNCGTNGAGT	87	1020	1126	111	16	19.2427746713	0.0981432360743	0.0140105078809	0.0841327281934
AAAAAAAACG	255	1612	1934	157	9	40.0828581248	0.0887507066139	0.00463201235203	0.0841186942619
TTCNTAGGGT	41	509	550	61	13	8.30172523755	0.10701754386	0.0230905861456	0.083926957714
GTCGTAGANT	85	1003	1105	109	16	18.7125731529	0.0980215827338	0.014272970562	0.0837486121718
NGAAAGAAAG	133	548	653	65	15	9.36485175364	0.10603588907	0.0224550898204	0.0835807992498
GNCNTAGAGT	86	1007	1114	109	16	18.7508357504	0.0976702508961	0.0141592920354	0.0835109588607
ATNGANATGG	51	356	494	35	3	9.41430714634	0.0895140664962	0.00603621730382	0.0834778491923
NTCGTAGAGT	99	1126	1251	120	17	20.9590485506	0.0963081861958	0.0134069400631	0.0829012461327
AAAAAAAANC	25543	166927	199859	19398	4337	9223372036854775807	0.10410841272	0.0212393974417	0.082869015278
TTCGNANGGT	46	549	601	67	16	8.5743349647	0.108766233766	0.0259319286872	0.082834305079
GNCGNAGAGT	87	1022	1126	109	16	18.7137593323	0.0963748894783	0.0140105078809	0.0823643815974
ANANGTAGGT	80	745	804	69	2	18.2596380532	0.0847665847666	0.00248138957816	0.0822851951884
GTCGNNGAGT	87	1026	1139	109	16	18.7606325088	0.0960352422907	0.0138528138528	0.0821824284379
AGAANNATAG	56	313	402	28	0	9.74174710396	0.0821114369501	0.0	0.0821114369501
AAAAAAATCC	60	282	431	26	1	8.95267796066	0.0844155844156	0.00231481481481	0.0821007696008
TGGNGGNGGT	31	456	386	42	1	9.45723820876	0.0843373493976	0.00258397932817	0.0817533700694
GTCNTAGNGT	88	1032	1139	109	16	18.7279718355	0.0955302366345	0.0138528138528	0.0816774227817
GTCGNANAGT	94	1090	1213	114	16	20.2974573721	0.0946843853821	0.013018714402	0.0816656709801
GTCGNAGNGT	88	1033	1144	109	16	18.7484234673	0.0954465849387	0.0137931034483	0.0816534814904
GNCGTAGANT	88	1047	1137	110	16	18.5741698167	0.09507346586	0.0138768430182	0.0811966228418
TATNCNAGGT	48	385	430	35	1	9.74213994796	0.0833333333333	0.00232018561485	0.0810131477185
ANGGAAANGG	59	353	435	34	3	8.27073901763	0.0878552971576	0.00684931506849	0.0810059820891
ATNGNAATGG	48	364	468	33	1	10.2120703116	0.0831234256927	0.00213219616205	0.0809912295306
TGAAGTNAGT	31	330	368	29	0	9.14568085427	0.0807799442897	0.0	0.0807799442897
AAAAAAANAG	23914	114345	143064	13648	3807	9223372036854775807	0.106630831374	0.0259207059256	0.080710125448
GTNGTAGAGT	91	1060	1182	110	16	19.3041297458	0.0940170940171	0.0133555926544	0.0806615013627
GAAAAAAAGG	69	424	417	37	0	10.3725015672	0.0802603036876	0.0	0.0802603036876
AAAAAAAACC	1665	12176	14178	1182	118	216.672449035	0.0884863003444	0.0082540570789	0.0802322432655
GTCGTNGNGT	90	1054	1166	109	16	18.7341146808	0.0937231298366	0.0135363790186	0.080186750818
GTCGTNNAGT	94	1112	1224	114	16	19.977227393	0.0929853181077	0.0129032258065	0.0800820923012
GTNAAGANGT	37	463	474	46	5	8.53640782496	0.090373280943	0.0104384133612	0.0799348675819
GTCGTAGNNT	89	1057	1152	109	16	18.5841745129	0.0934819897084	0.013698630137	0.0797833595714
GTCNNAGAGT	91	1067	1187	109	16	19.0188744565	0.0926870748299	0.0133000831255	0.0793869917044
TGNAGTAAGT	34	337	406	29	0	9.66346190485	0.0792349726776	0.0	0.0792349726776
AAACNAANAC	128	1610	1550	147	7	32.2180263124	0.0836653386454	0.00449582530507	0.0791695133403
GTCGNAGANT	91	1079	1174	110	16	18.8151224525	0.0925147182506	0.0134453781513	0.0790693400994
AAAAAAAAGC	1300	10501	12195	1029	126	176.43343834	0.0892454466609	0.0102264426589	0.079019004002
ATGGNNATGG	46	351	462	31	1	9.7197162132	0.0811518324607	0.00215982721382	0.0789920052469
ATGNAGAAGT	31	372	377	33	1	8.44570628634	0.0814814814815	0.0026455026455	0.078835978836
NGAAGTAAGT	66	678	775	59	1	17.323197698	0.0800542740841	0.00128865979381	0.0787656142903
NAATTGAAAC	39	454	453	41	2	9.40856977827	0.0828282828283	0.0043956043956	0.0784326784327
AAAAAAANAC	29309	194432	230786	21402	4885	9223372036854775807	0.0991595392756	0.0207280488478	0.0784314904278
GTCNTNGAGT	91	1080	1183	109	16	18.6546455112	0.0916736753574	0.0133444537114	0.078329221646
GNNGTAGAGT	95	1106	1220	111	16	19.2174220003	0.0912078882498	0.0129449838188	0.078262904431
GTCGTANNGT	98	1142	1262	114	16	19.9887769969	0.0907643312102	0.0125195618153	0.0782447693949
TGGTGGNGGN	36	458	472	40	1	10.5657849792	0.0803212851406	0.00211416490486	0.0782071202357
TAAAGTNAGT	39	400	442	35	1	9.67913816585	0.0804597701149	0.00225733634312	0.0782024337718
GTCGTNGANT	93	1098	1212	110	16	18.9642610953	0.091059602649	0.0130293159609	0.0780302866881
ANATTGAAAC	40	433	437	40	3	8.32095702241	0.0845665961945	0.00681818181818	0.0777484143763
AANCAAANAC	127	1531	1563	152	20	25.0524672761	0.0903149138443	0.0126342387871	0.0776806750572
AAAAAANAGT	14514	107839	123721	10321	1269	9223372036854775807	0.0873476641842	0.010152812225	0.0771948519592
AAAAAAGGAG	39	407	441	35	1	9.25550261985	0.079185520362	0.00226244343891	0.0769230769231
AANCAAAANC	129	1584	1570	147	14	27.1438541421	0.0849220103986	0.00883838383838	0.0760836265602
GTNGTNGAGT	101	1180	1289	114	16	19.8978459538	0.0880989180835	0.0122605363985	0.075838381685
AAACANAANC	155	1789	1771	155	8	34.4042191399	0.0797325102881	0.00449690837549	0.0752356019126
AAATTGAANC	46	502	543	43	2	10.5713930417	0.0788990825688	0.00366972477064	0.0752293577982
NTCGNAGAGT	107	1239	1357	120	18	20.2322685596	0.0883002207506	0.0130909090909	0.0752093116596
AAAAATACAC	69	358	450	30	1	9.07121340274	0.0773195876289	0.00221729490022	0.0751022927286
TCATTCATTC	37	259	419	21	0	8.54590700929	0.075	0.0	0.075
NTCGTNGAGT	109	1261	1385	120	17	20.8516207385	0.0868935553946	0.0121255349501	0.0747680204446
TTNNTGGGGT	41	297	379	24	0	8.33592025432	0.0747663551402	0.0	0.0747663551402
TTCGTAGNGT	52	620	682	68	17	8.39626024458	0.0988372093023	0.0243204577969	0.0745167515055
NAACNAAAAC	142	1775	1705	155	10	31.6368595146	0.080310880829	0.00583090379009	0.0744799770389
NANAAGAGGT	32	361	354	29	0	8.3354001272	0.074358974359	0.0	0.074358974359
ANACNAAAAC	138	1713	1640	151	11	29.4615959353	0.081008583691	0.00666262870987	0.0743459549811
ATGGAAATGN	58	376	483	32	2	8.74956365716	0.078431372549	0.00412371134021	0.0743076612088
GTNNTAGAGT	102	1179	1329	111	16	19.894871111	0.0860465116279	0.0118959107807	0.0741506008472
TACNAGAGGT	25	532	517	51	7	8.13352212625	0.0874785591767	0.013358778626	0.0741197805507
NACNAGAGGT	28	559	543	53	7	8.61454534671	0.0866013071895	0.0127272727273	0.0738740344623
GTNGNAGAGT	101	1172	1292	110	16	18.9195465358	0.0858034321373	0.0122324159021	0.0735710162351
ATAAAAAGGT	33	391	411	31	0	9.24579571673	0.0734597156398	0.0	0.0734597156398
AAACNAAAAC	215	2510	2553	247	42	34.8549819042	0.0895901342038	0.0161849710983	0.0734051631056
AGAGGTAGNN	32	393	422	31	0	9.27738014759	0.0731132075472	0.0	0.0731132075472
TTCGNAGNGT	54	637	709	68	17	8.63796683189	0.0964539007092	0.0234159779614	0.0730379227478
NGAGGACAGT	96	821	1142	68	4	20.0164170664	0.0764904386952	0.00349040139616	0.073000037299
NGNGGACAGT	96	821	1142	68	4	20.0164170664	0.0764904386952	0.00349040139616	0.073000037299
AAAAAAACAG	278	2337	2650	203	19	42.9898379763	0.0799212598425	0.00711877107531	0.0728024887672
NTCNTAGAGT	182	1884	2047	180	30	28.1439018369	0.0872093023256	0.0144439094848	0.0727653928407
NTCNTAGGGT	50	618	649	64	14	8.3799985407	0.0938416422287	0.0211161387632	0.0727255034655
GTCNTAGANT	97	1155	1236	109	17	17.6179080637	0.0862341772152	0.0135674381484	0.0726667390667
TNCNTAGGGT	48	610	649	62	13	8.45374378889	0.0922619047619	0.0196374622356	0.0726244425263
GTGAAGANNT	48	547	600	46	3	10.9128531663	0.0775716694772	0.00497512437811	0.0725965450991
NAACANAAAC	168	1972	1965	164	9	36.0826073961	0.0767790262172	0.00455927051672	0.0722197557005
ANNGAAATGG	63	441	538	37	3	9.1229182305	0.0774058577406	0.00554528650647	0.0718605712341
TGGTGNNGGT	50	673	632	57	4	11.2224434275	0.0780821917808	0.0062893081761	0.0717928836047
ANAGGTANGT	36	401	433	31	0	9.59012178441	0.0717592592593	0.0	0.0717592592593
TTCNNAGGGT	51	614	680	61	13	8.59121835692	0.0903703703704	0.018759018759	0.0716113516114
AAAANAAAGT	15135	113929	129042	10160	1357	9223372036854775807	0.0818767175173	0.0104065215224	0.0714701959949
AAATCAAATC	34	325	383	25	0	8.22739299059	0.0714285714286	0.0	0.0714285714286
AAACAAANNC	149	1793	1760	149	10	30.6134267093	0.0767250257467	0.00564971751412	0.0710753082325
NGAGGACNGT	98	845	1161	68	4	19.8354883702	0.0744797371303	0.00343347639485	0.0710462607355
NTCGTAGNGT	248	2495	2679	261	65	29.8092660245	0.094702467344	0.0236880466472	0.0710144206967
AAACANAAAC	251	2861	2910	262	38	40.8089452008	0.0838936919629	0.0128900949796	0.0710035969832
NAAAAAAAGT	15339	116391	132054	10303	1382	9223372036854775807	0.0813219252688	0.0103570250907	0.0709649001781
AAANNGAGGT	48	485	575	37	0	12.2346840603	0.0708812260536	0.0	0.0708812260536
ANNCAAAAAC	149	1781	1725	151	13	28.3556073922	0.0781573498965	0.00747986191024	0.0706774879862
NAACAAANAC	156	1918	1927	156	9	34.2604105666	0.0752169720347	0.00464876033058	0.0705682117041
NAACAAAANC	149	1799	1778	154	15	28.1931542845	0.078853046595	0.00836586726157	0.0704871793334
TTCNTAGGNT	50	619	663	61	13	8.23693109209	0.0897058823529	0.0192307692308	0.0704751131222
TCACNCAATN	21	345	441	27	1	8.20418785955	0.0725806451613	0.00226244343891	0.0703182017224
NGAGNACAGT	100	855	1170	68	4	19.7775362013	0.0736728060672	0.00340715502555	0.0702656510416
AAGNATNAGT	53	386	488	31	2	8.38684939598	0.0743405275779	0.00408163265306	0.0702588949249
AAAAAANAAC	22838	154929	179368	15801	4096	9223372036854775807	0.0925496397821	0.0223259058998	0.0702237338823
TACCNGAGGT	96	1697	1577	154	21	22.5237850537	0.0831982712048	0.0131414267835	0.0700568444213
NACCNGAGGT	96	1697	1577	154	21	22.5237850537	0.0831982712048	0.0131414267835	0.0700568444213
NTCGTANAGT	194	2033	2215	186	31	29.2949572942	0.0838215412348	0.0138023152271	0.0700192260077
AAAAANAAGT	15066	114548	129070	10008	1354	9223372036854775807	0.0803494010726	0.0103815248727	0.0699678761999
NGANGACAGT	108	941	1263	74	4	21.4959843065	0.0729064039409	0.00315706393054	0.0697493400103
ANACAAAGGT	34	387	377	29	0	8.31211026919	0.0697115384615	0.0	0.0697115384615
AAATTGANAC	46	533	534	41	1	10.6813868383	0.0714285714286	0.0018691588785	0.0695594125501
ANAAAAAAAC	20042	135306	155796	13666	3541	9223372036854775807	0.0917353596649	0.0222233379567	0.0695120217082
TTCGTNGNGT	56	670	733	68	17	8.36513735685	0.0921409214092	0.0226666666667	0.0694742547425
AAAAAAACAC	1243	10112	11253	844	87	146.632405473	0.0770354143848	0.00767195767196	0.0693634567129
AANAAAAAAC	21071	147902	171080	14883	3897	9223372036854775807	0.0914273428141	0.0222714985398	0.0691558442743
NAAAAAAAAC	21154	142816	165167	14418	3817	9223372036854775807	0.0916977244108	0.0225879373195	0.0691097870912
AAAANCAGCN	41	442	461	35	2	8.19129887779	0.0733752620545	0.00431965442765	0.0690556076269
AAAAAAAGAC	459	3860	4095	334	45	56.6109008734	0.0796375774917	0.0108695652174	0.0687680122743
ANAAAAAAGT	15694	119255	134906	10222	1418	9223372036854775807	0.0789483846552	0.0104016900913	0.0685466945639
GTCGTANANT	111	1327	1411	115	16	19.6403195653	0.0797503467406	0.0112123335669	0.0685380131737
TACCNGNGGT	100	1757	1641	155	21	22.7741455631	0.0810669456067	0.0126353790614	0.0684315665453
TTTTTNNTTG	50442	421778	490076	42363	11457	9223372036854775807	0.0912718333437	0.0228439604174	0.0684278729264
TGAANTAAGT	153	1404	1613	108	5	28.1836782471	0.0714285714286	0.00309023485785	0.0683383365707
AAACAANANC	163	1944	1942	155	11	31.9068147853	0.0738446879466	0.00563236047107	0.0682123274756
GTNGTAGNGT	105	1273	1383	110	16	18.8224443146	0.0795372378886	0.0114367405289	0.0681004973597
NNACAAAAAC	164	1982	1956	161	14	30.7115369574	0.0751283247783	0.00710659898477	0.0680217257936
AANAAAAAGT	16455	126475	142286	10729	1502	9223372036854775807	0.0781974286464	0.0104459342922	0.0677514943542
AAAAANAAAG	29240	152950	184436	15789	4912	9223372036854775807	0.0935705438577	0.0259416524072	0.0676288914505
TANCAGNGGT	36	650	606	57	8	8.60289528573	0.0806223479491	0.0130293159609	0.0675930319882
ACAAAAATNC	39	470	500	34	0	10.1809606378	0.0674603174603	0.0	0.0674603174603
AGAAAGANAG	234	1384	1589	127	27	18.478275217	0.084050297816	0.0167079207921	0.0673423770239
AAAAAAAANG	69923	477993	551745	48304	13929	9223372036854775807	0.0917808765773	0.0246237232045	0.0671571533728
TNCNAGAGGT	36	661	628	56	7	8.99175463348	0.0781032078103	0.0110236220472	0.0670795857631
NTCGTAGANT	119	1389	1508	121	20	19.2315103268	0.0801324503311	0.0130890052356	0.0670434450955
AAAAAANAAG	29230	159774	189359	16510	5182	9223372036854775807	0.0936556919516	0.0266370585121	0.0670186334395
NANCAAAAAC	158	1932	1953	159	18	27.9089305459	0.0760401721664	0.00913242009132	0.0669077520751
AAAAAAANGT	23250	174289	198457	14298	1791	9223372036854775807	0.0758164666706	0.00894390955216	0.0668725571184
CTNAACCCTN	253	1008	765	107	23	8.48873560032	0.0959641255605	0.0291878172589	0.0667763083017
NAAAAAAAAG	18428	78190	98778	8025	2670	9223372036854775807	0.0930812503625	0.0263189022948	0.0667623480677
AGANAGAAAG	230	1394	1509	124	23	18.3259186495	0.0816864295125	0.0150130548303	0.0666733746822
TNCCNGAGGT	165	2402	2304	200	24	32.3587126292	0.0768639508071	0.0103092783505	0.0665546724566
AGNAAGAAAG	244	1458	1713	126	23	20.7944727827	0.0795454545455	0.0132488479263	0.0662966066192
ANACAANAAC	173	2120	2098	163	11	33.9074247324	0.0713972842751	0.00521574205785	0.0661815422172
TGAAGTAANT	54	396	478	29	1	8.50569652522	0.0682352941176	0.00208768267223	0.0661476114454
AAANAAAAGT	16173	126506	142668	10502	1525	9223372036854775807	0.0766524582506	0.0105761028621	0.0660763553885
NTNGTAGAGT	245	2495	2709	224	45	31.0331165476	0.0823832291284	0.016339869281	0.0660433598473
TTTNTTNTTG	53516	427423	493856	41663	11530	9223372036854775807	0.0888174023527	0.0228142449534	0.0660031573993
TTNTTTNTTG	58982	452624	523025	44116	12241	9223372036854775807	0.0888110480332	0.0228690034488	0.0659420445844
TNAAGAAAGT	56	496	490	35	0	10.1561160082	0.0659133709981	0.0	0.0659133709981
ANACAAAANC	164	1990	1941	151	9	31.9111063272	0.070527790752	0.00461538461538	0.0659124061366
GTCNTANAGT	117	1362	1475	114	17	19.1988945274	0.0772357723577	0.0113941018767	0.065841670481
TTTTTTNTNG	59291	457255	529245	43574	11548	9223372036854775807	0.0870037477862	0.0213538266952	0.0656499210909
TTCGTAGNGN	60	701	772	68	18	8.16788638669	0.0884265279584	0.0227848101266	0.0656417178318
ANAAAAAAAG	22155	104622	127447	10528	3401	9223372036854775807	0.0914285714286	0.0259919907068	0.0654365807218
AAAAATACGT	42	414	460	30	1	8.23769398398	0.0675675675676	0.00216919739696	0.0653983701706
NTTTTTNTTG	53011	436758	506777	42269	11883	9223372036854775807	0.0882392850507	0.0229109628658	0.0653283221849
TACNNGAGGT	116	1871	1793	157	22	23.3995976023	0.07741617357	0.0121212121212	0.0652949614488
AAAAANAAAC	25361	175240	202183	16893	4695	9223372036854775807	0.0879234696799	0.0226945349433	0.0652289347366
AGAAAGAANG	248	1443	1687	124	24	19.6898715647	0.0791320995533	0.0140268848627	0.0651052146906
TGNAGTNAGT	39	418	487	29	0	9.49352906352	0.0648769574944	0.0	0.0648769574944
AAATTGNAAC	49	573	573	43	3	9.08924102686	0.0698051948052	0.00520833333333	0.0645968614719
NTTTTTTTNG	54278	429945	500008	40716	11218	9223372036854775807	0.0865081236814	0.021943328391	0.0645647952904
GTNGTAGANT	67	784	819	66	11	10.2883987531	0.0776470588235	0.0132530120482	0.0643940467753
ACNAAAATTG	48	566	624	41	2	10.4491584719	0.0675453047776	0.00319488817891	0.0643504165987
AAAANAAAAG	29135	153343	183560	15162	4842	9223372036854775807	0.0899795258301	0.025700364115	0.0642791617151
AAACAANNAC	175	2176	2147	161	10	34.1939305967	0.068891741549	0.00463606861382	0.0642556729352
GTNGTANAGT	124	1481	1647	119	17	21.1917074562	0.074375	0.0102163461538	0.0641586538462
TTTTTNTTNG	60974	471911	546540	44502	12330	9223372036854775807	0.0861752124753	0.0220623758656	0.0641128366097
ATGANGAAGT	43	494	517	36	2	8.48112325982	0.0679245283019	0.00385356454721	0.0640709637547
TTNTTTTTNG	62787	464060	536073	43693	12055	9223372036854775807	0.0860516826095	0.0219930381225	0.064058644487
AAAAATACNC	223	1381	1687	101	7	25.5428168612	0.0681511470985	0.00413223140496	0.0640189156936
AGAGGTANNT	80	892	932	63	2	16.2728049856	0.0659685863874	0.00214132762313	0.0638272587643
NGAGGACAGN	108	948	1268	68	4	19.4705909503	0.0669291338583	0.00314465408805	0.0637844797702
TTTNTTTTNG	59950	449098	518765	42260	11792	9223372036854775807	0.0860065369853	0.0222256986525	0.0637808383327
GTCGTAGAGN	66	773	823	73	19	8.29859514661	0.0862884160757	0.0225653206651	0.0637230954106
GTCGTANAGN	72	849	908	78	19	9.3650319412	0.084142394822	0.0204962243797	0.0636461704423
TTCNTNGGGT	57	704	740	63	14	8.16639743129	0.0821382007823	0.0185676392573	0.063570561525
TGAAGNAAGT	44	487	511	33	0	9.84430353592	0.0634615384615	0.0	0.0634615384615
TNTTTTNTTG	58856	464778	536557	43924	12569	9223372036854775807	0.0863452473157	0.0228891001337	0.0634561471821
ATACACANAC	50	384	451	26	0	8.56375196449	0.0634146341463	0.0	0.0634146341463
ACAAANATAC	44	545	578	40	3	8.77462665118	0.0683760683761	0.00516351118761	0.0632125571885
TTTTNTNTTG	57382	465034	534056	43937	12637	9223372036854775807	0.0863251540854	0.0231153499313	0.0632098041541
AAAAANAGGT	2271	20694	22169	1553	149	263.75899024	0.069807165011	0.00667622546823	0.0631309395428
GTCGTAGNGN	67	780	826	73	19	8.28468557867	0.0855803048066	0.0224852071006	0.063095097706
AAATNGAAAC	47	531	554	39	3	8.4643206504	0.0684210526316	0.00538599640934	0.0630350562222
NTCGTAGAGN	80	908	988	81	19	10.3324986249	0.0819009100101	0.0188679245283	0.0630329854818
TCANTCATTC	41	313	466	21	0	8.13004905404	0.062874251497	0.0	0.062874251497
ACAANAATTG	53	595	660	43	3	10.1370790474	0.0673981191223	0.00452488687783	0.0628732322444
AAAAAAANNC	58806	427842	489343	37471	8825	9223372036854775807	0.0805285904327	0.0177149074208	0.0628136830119
GAGGAAAGGN	44	388	431	26	0	8.23567842129	0.0628019323671	0.0	0.0628019323671
GAGGAAAGGT	44	388	431	26	0	8.23567842129	0.0628019323671	0.0	0.0628019323671
TNTTTTTTNG	61886	465367	537737	43033	12077	9223372036854775807	0.0846439811172	0.0219656101882	0.0626783709291
TTCNTAGNGT	65	774	821	71	18	8.25803897976	0.0840236686391	0.0214541120381	0.0625695566009
TTTTTTNNTG	64105	507666	587584	46658	13015	9223372036854775807	0.0841709902512	0.0216700327506	0.0625009575006
NCGAANAAGT	40	420	451	28	0	8.65916205046	0.0625	0.0	0.0625
AANAAAAAAG	28150	152679	180428	14844	4858	9223372036854775807	0.0886087283537	0.0262189264165	0.0623898019373
GNAGGACAGT	62	633	815	43	1	13.7099926997	0.0636094674556	0.00122549019608	0.0623839772595
AAAAAAAAGG	10245	69769	79353	5487	846	9223372036854775807	0.0729111300096	0.0105487599596	0.06236237005
AANAGANGGT	55	645	649	44	1	11.601123168	0.0638606676343	0.00153846153846	0.0623222060958
ACAAANGGGN	44	316	500	21	0	8.46343257553	0.0623145400593	0.0	0.0623145400593
TCACNCAANA	32	365	521	25	1	8.22414984636	0.0641025641026	0.00191570881226	0.0621868552903
CNNAGAGAGT	21	607	599	46	5	8.40113112519	0.0704441041348	0.00827814569536	0.0621659584394
CAAANNAAGT	64	460	621	32	2	9.33452327138	0.0650406504065	0.00321027287319	0.0618303775333
ATNAAGAAGT	50	558	595	41	4	8.28198412679	0.0684474123539	0.00667779632721	0.0617696160267
NTTNTTTTTG	54488	435063	502096	40280	11825	9223372036854775807	0.0847388096596	0.0230093730359	0.0617294366236
GAGGAANGGT	45	396	441	26	0	8.25438604698	0.0616113744076	0.0	0.0616113744076
TTNNTTTTTG	58955	454064	519610	41756	12019	9223372036854775807	0.0842160461458	0.0226078712787	0.0616081748671
GNANGACAGT	64	657	837	44	1	13.9466786048	0.0627674750357	0.00119331742243	0.0615741576132
GNAGGACNGT	63	643	825	43	1	13.6797863835	0.0626822157434	0.00121065375303	0.0614715619904
TACCNGAGNT	124	2058	1919	164	24	23.2037310592	0.0738073807381	0.0123520329388	0.0614553477993
GAGGNANGGT	48	428	470	28	0	8.80249898464	0.0614035087719	0.0	0.0614035087719
ATGGAANTGN	69	450	589	32	3	8.23666021993	0.0663900414938	0.00506756756757	0.0613224739262
TTNTGNCTTA	66	581	642	40	2	10.1744037049	0.0644122383253	0.00310559006211	0.0613066482632
AGAAAGNAAG	252	1625	1856	129	23	20.9807739735	0.0735461801596	0.0122405534859	0.0613056266737
NTNTTTTTTG	58458	462387	531404	42496	12463	9223372036854775807	0.0841699958208	0.0229155289804	0.0612544668404
GTCNTAGAGN	69	808	860	73	19	8.2846313938	0.0828603859251	0.0216154721274	0.0612449137977
GTCGTNGAGN	69	810	861	73	19	8.28283630391	0.0826727066818	0.0215909090909	0.0610817975909
AAANAAAAAC	26170	182915	208867	16545	4671	9223372036854775807	0.0829489621979	0.0218743268177	0.0610746353802
NNTTTTTTTG	58380	464233	535765	42587	12720	9223372036854775807	0.0840278599897	0.0231911538146	0.0608367061751
TTTNTNTTTG	58438	463665	529324	42164	12248	9223372036854775807	0.0833562330353	0.0226156448265	0.0607405882087
GNNGGACAGT	64	652	843	43	1	13.7624305831	0.0618705035971	0.00118483412322	0.0606856694739
TCNTTCATTC	49	406	595	27	1	9.12809569543	0.0623556581986	0.00167785234899	0.0606778058496
TTGTGNNGGT	40	435	533	29	1	8.62544306574	0.0625	0.00187265917603	0.060627340824
TTNNTAGGGT	64	774	814	65	14	8.61018001726	0.07747318236	0.0169082125604	0.0605649697996
AGANNTAGGT	46	513	565	33	0	10.4013339487	0.0604395604396	0.0	0.0604395604396
NTTTTNTTTG	57471	467770	536936	42636	12710	9223372036854775807	0.0835335007817	0.0231239743398	0.0604095264419
AAANAAAGGT	2518	23126	24863	1689	193	272.916613171	0.0680636711666	0.0077027458493	0.0603609253173
NTTNTGGCTA	39	469	547	32	2	8.26740715045	0.063872255489	0.00364298724954	0.0602292682395
TANGTAGTTA	33	290	721	19	1	8.95249811775	0.0614886731392	0.00138504155125	0.0601036315879
GAGGANAGGT	45	407	446	26	0	8.16544030043	0.0600461893764	0.0	0.0600461893764
ATNTAAAGGT	120	1154	1164	77	3	18.6465776607	0.0625507717303	0.0025706940874	0.0599800776429
ANACAAANAC	189	2412	2355	162	7	37.1152621174	0.0629370629371	0.00296359017782	0.0599734727592
TTTTNTTTNG	60039	473996	543266	42351	12259	9223372036854775807	0.0820204242496	0.0220674137078	0.0599530105418
AANCAANAAC	280	2818	2976	202	21	38.7170918458	0.0668874172185	0.00700700700701	0.0598804102115
NAAANGAGGT	40	425	458	27	0	8.38025795248	0.0597345132743	0.0	0.0597345132743
GTCGTAGANN	72	829	874	73	19	8.26049477092	0.0809312638581	0.0212765957447	0.0596546681134
GNCGTAGAGN	70	829	873	73	19	8.25669870816	0.0809312638581	0.0213004484305	0.0596308154276
GTCGNAGAGN	70	830	873	73	19	8.25212799213	0.0808416389812	0.0213004484305	0.0595411905507
GAGGNAAGGT	46	411	451	26	0	8.17518835767	0.0594965675057	0.0	0.0594965675057
TNGTGGNGGT	50	697	654	50	5	8.96513461032	0.0669344042838	0.00758725341426	0.0593471508695
TNNTTTTTTG	67226	506150	579227	45135	13499	9223372036854775807	0.0818723527758	0.0227744354052	0.0590979173706
TTTTTGTTTG	118	1301	1353	98	15	15.5348447694	0.0700500357398	0.0109649122807	0.0590851234591
AAAANAGGGT	50	462	452	29	0	8.36173704065	0.0590631364562	0.0	0.0590631364562
AATAAAAAGG	69	447	528	29	1	8.15558952707	0.0609243697479	0.00189035916824	0.0590340105797
GAGGANAGGN	46	415	470	26	0	8.36208531617	0.0589569160998	0.0	0.0589569160998
CNTAGANAGT	24	643	627	46	5	8.3457917311	0.066763425254	0.00791139240506	0.0588520328489
NTTTTTTNTG	66174	516437	594711	45530	13539	9223372036854775807	0.0810189922184	0.0222589395808	0.0587600526376
AAAAAAANCC	3797	29838	33260	2120	255	9223372036854775807	0.066337067401	0.00760853349247	0.0587285339085
TTTTTTTNNG	73250	552730	634431	48332	14137	9223372036854775807	0.080411005853	0.0217972517916	0.0586137540613
AAAAANCTAC	70	580	627	37	1	10.1981772193	0.0599675850891	0.0015923566879	0.0583752284012
TTTNTTTNTG	65299	512088	583449	44772	13141	9223372036854775807	0.0804008188773	0.0220268526123	0.0583739662649
TGGANANGGT	39	453	487	28	0	8.6812211185	0.0582120582121	0.0	0.0582120582121
GNAGGACAGN	66	682	873	43	1	13.6747122181	0.0593103448276	0.00114416475973	0.0581661800679
GAGNAAAGGT	47	421	470	26	0	8.28018297008	0.0581655480984	0.0	0.0581655480984
TTGNNGTGGT	51	649	723	42	2	10.8106987234	0.0607814761216	0.00275862068966	0.0580228554319
NGGTGGNGGT	141	1406	1654	100	14	19.2429828235	0.066401062417	0.0083932853717	0.0580077770453
TTTTNNTTTG	60164	495242	564375	43436	13112	9223372036854775807	0.0806344420971	0.0227052730191	0.057929169078
NAAAGTAAGT	53	585	634	37	1	10.2180686828	0.0594855305466	0.00157480314961	0.057910727397
AGNNAGAAAG	169	849	971	64	12	10.4192151654	0.0700985761227	0.0122075279756	0.0578910481471
GNAGAAGNGT	53	505	548	32	1	8.7248281225	0.0595903165736	0.00182149362477	0.0577688229488
AAANAAAAAG	35307	209969	244166	19330	6666	9223372036854775807	0.0843004112534	0.0265755565478	0.0577248547056
ACNAAAATNC	63	720	768	44	0	13.5727879551	0.0575916230366	0.0	0.0575916230366
GNGGAAAGGT	47	426	470	26	0	8.21320002284	0.0575221238938	0.0	0.0575221238938
AANAGAAGGT	84	934	1031	57	0	18.0204062523	0.0575176589304	0.0	0.0575176589304
AAAAAAACNC	2473	20928	22999	1501	219	227.063119888	0.0669222881091	0.00943233697993	0.0574899511292
AAAANAAGGT	2638	24320	25819	1653	160	277.990046038	0.063643013899	0.00615882058586	0.0574841933132
ANCAATAAGT	44	476	558	29	0	9.5625542191	0.0574257425743	0.0	0.0574257425743
TTNTTNTTTG	69043	525409	598379	45508	13723	9223372036854775807	0.0797103607004	0.0224194660367	0.0572908946637
TTTTTTTGTC	133	1259	1454	84	8	18.4713574037	0.0625465376024	0.00547195622435	0.057074581378
AAAANAAAAC	27312	192641	219886	16377	4784	9223372036854775807	0.0783521036466	0.0212934526194	0.0570586510272
GTNGTAGAGN	76	894	957	74	19	8.73011559719	0.0764462809917	0.0194672131148	0.056979067877
TNTNTTTTTG	65473	497072	566779	43217	13439	9223372036854775807	0.0799886727289	0.023161983944	0.0568266887849
TTGTNGNGGT	55	634	746	41	3	10.1475124019	0.0607407407407	0.00400534045394	0.0567354002868
NGAGGACANT	116	1060	1384	68	5	18.1910834956	0.0602836879433	0.00359971202304	0.0566839759202
NGNAAGAAGT	60	518	539	32	1	8.2750039617	0.0581818181818	0.00185185185185	0.05632996633
TTNTTTTNTG	76418	568802	647905	48205	14544	9223372036854775807	0.0781271525283	0.02195489766	0.0561722548682
GAAANAAAGG	109	673	721	41	1	11.3380717543	0.0574229691877	0.00138504155125	0.0560379276364
NGGTNGTGGT	120	557	639	36	3	8.5133076387	0.0607082630691	0.00467289719626	0.0560353658729
TGANGTAAGN	100	994	1105	60	1	17.4544638982	0.0569259962049	0.000904159132007	0.0560218370729
TNAAGTANGT	297	2664	3003	169	11	40.1824463152	0.0596540769502	0.0036496350365	0.0560044419137
ANACNAAGGT	51	591	567	35	0	9.9920934875	0.055910543131	0.0	0.055910543131
TTTNNTTTTG	62399	493946	559461	42334	13197	9223372036854775807	0.0789401059148	0.0230451683204	0.0558949375945
AGTACNCAGT	140	1994	2198	171	52	17.1231764754	0.0789838337182	0.0231111111111	0.0558727226071
ACAAAAANAC	45	586	557	37	2	8.13454194846	0.0593900481541	0.00357781753131	0.0558122306228
AAAAANACGT	69	697	814	44	3	10.9947594609	0.059379217274	0.00367197062424	0.0557072466497
TACCAGANGT	228	3067	3264	210	29	35.8211307468	0.0640830027464	0.00880655936836	0.0552764433781
ACAAANATTG	54	631	674	41	4	8.57715963607	0.0610119047619	0.00589970501475	0.0551121997472
AAANAAAGGG	60	645	625	41	3	8.4582664794	0.0597667638484	0.00477707006369	0.0549896937847
AGANGAAGGN	51	580	577	36	2	8.26824738063	0.0584415584416	0.00345423143351	0.0549873270081
ACAANAATAC	46	533	556	31	0	9.20549272053	0.0549645390071	0.0	0.0549645390071
AGANANATAG	64	482	490	28	0	8.23087824784	0.0549019607843	0.0	0.0549019607843
AAAAAANANC	47274	347217	387978	27344	7169	9223372036854775807	0.0730027952723	0.0181426152799	0.0548601799924
AAAAAAANGC	3573	28981	32252	1987	303	299.751665291	0.0641630069749	0.00930732606358	0.0548556809114
TTTTTTTTTC	2222	19898	22107	1721	562	148.940404276	0.0796059022156	0.0247915655741	0.0548143366415
GNGGNAAGGT	49	449	490	26	0	8.15871937735	0.0547368421053	0.0	0.0547368421053
GAGGNAAGGN	50	449	503	26	0	8.31179837918	0.0547368421053	0.0	0.0547368421053
AAAAAANAGC	2629	21231	23332	1501	267	206.346684172	0.0660302657047	0.0113140387305	0.0547162269743
NTGGANAAGT	60	502	597	29	0	9.66973913365	0.0546139359699	0.0	0.0546139359699
AGTACNCNGT	108	1131	1319	98	34	9.57355499723	0.079739625712	0.0251293422025	0.0546102835094
AAAAAAANNG	100367	726799	818758	58669	16853	9223372036854775807	0.0746930492394	0.0201684755227	0.0545245737167
TAAAGTAAGN	48	571	613	35	2	8.55876889525	0.0577557755776	0.00325203252033	0.0545037430572
TTTTNTTNTG	70862	564120	640167	46489	14168	9223372036854775807	0.0761354647573	0.0216525174414	0.0544829473159
TTNTNTTTTG	74492	558228	628873	47078	15006	9223372036854775807	0.0777755383228	0.0233056210872	0.0544699172356
NTTTNTTTTG	64859	519596	589006	43881	14123	9223372036854775807	0.0778754057397	0.0234162177577	0.054459187982
TGGNAATGGT	66	779	767	46	1	11.7446643039	0.0557575757576	0.00130208333333	0.0544554924242
ANCAAAAANC	61	706	671	43	2	9.76038929942	0.0574098798398	0.00297176820208	0.0544381116377
ANACAANGGT	64	696	733	40	0	11.9756808363	0.054347826087	0.0	0.054347826087
AANAAAGGAG	56	574	630	35	2	8.68426018847	0.0574712643678	0.00316455696203	0.0543067074058
TTTTTNTNTG	76965	591541	669306	48538	14833	9223372036854775807	0.0758312645783	0.0216812665262	0.054149998052
TNTTTTTNTG	78004	584764	664103	48061	14881	9223372036854775807	0.0759467467309	0.0219165694626	0.0540301772683
NCAAAAATTG	64	735	801	43	1	12.0895812507	0.0552699228792	0.00124688279302	0.0540230400862
NGANAGAAAG	186	910	962	71	18	8.21024075563	0.072375127421	0.0183673469388	0.0540077804822
NACCAGANGT	240	3184	3412	212	29	36.6810987797	0.0624263839812	0.00842778262133	0.0539986013598
TAAAGTANGT	54	612	635	36	1	9.44127892682	0.0555555555556	0.00157232704403	0.0539832285115
GNGGANAGGT	49	456	496	26	0	8.14213407006	0.0539419087137	0.0	0.0539419087137
AGNACNCAGT	110	1151	1343	98	34	9.56897565826	0.0784627702162	0.0246913580247	0.0537714121915
NAAAAAAANC	43591	326777	363325	25549	6946	9223372036854775807	0.0725152273746	0.0187592331022	0.0537559942724
NAAAAAAGGT	3534	31141	33644	1978	207	9223372036854775807	0.0597240254839	0.00611503352929	0.0536089919546
AANAAAAANC	43614	327095	366810	25153	6670	9223372036854775807	0.0714070768322	0.0178590553711	0.0535480214611
AANTGANGGT	122	1165	1228	69	3	16.9671452717	0.0559157212318	0.00243704305443	0.0534786781773
AAAAAAANCG	838	5699	6618	364	44	64.3645556155	0.0600362856672	0.00660462323627	0.0534316624309
AAAAAGTTAC	45	479	510	27	0	8.32936855571	0.0533596837945	0.0	0.0533596837945
TNTTTNTTTG	65953	529896	598693	44120	14417	9223372036854775807	0.0768619690043	0.0235145406208	0.0533474283836
TATGGNNGGT	63	569	561	32	0	9.29748596538	0.0532445923461	0.0	0.0532445923461
GNNGAAGAGT	56	533	573	31	1	8.38274732039	0.0549645390071	0.00174216027875	0.0532223787283
ANAAAAAANC	43665	329359	365130	25528	6966	9223372036854775807	0.0719327560604	0.0187209752322	0.0532117808282
AGAANGAAAG	364	2911	2946	212	44	26.4232165118	0.0678834454051	0.0147157190635	0.0531677263415
AAAAAANNAC	55611	415748	463250	32001	8642	9223372036854775807	0.0714708463894	0.0183135124139	0.0531573339755
AAAANAGAGT	148	1121	1180	66	3	16.0977133358	0.055602358888	0.00253592561285	0.0530664332751
ATAAANAGGT	49	589	600	33	0	9.75190180122	0.0530546623794	0.0	0.0530546623794
ANAAAAAACC	2382	19545	21271	1258	159	200.184365113	0.0604720473009	0.00741950536631	0.0530525419346
TGAAGTNNGT	47	519	583	30	1	8.31547567181	0.0546448087432	0.00171232876712	0.052932479976
NGAANGAAGT	73	900	813	54	3	11.0616683723	0.0566037735849	0.00367647058824	0.0529273029967
NGAGGNCAGT	166	1441	1816	92	13	18.9627534933	0.0600130463144	0.00710770913067	0.0529053371837
NNCGTAGAGT	105	1235	1201	85	14	12.1198637247	0.0643939393939	0.0115226337449	0.0528713056491
GAGNAANGGT	52	466	521	26	0	8.30620479738	0.0528455284553	0.0	0.0528455284553
ATGAANAAGT	78	881	947	51	2	13.2398685338	0.0547210300429	0.00210748155954	0.0526135484834
NAAAAAAACC	2459	20608	22081	1276	127	216.088887313	0.058307439225	0.00571865994236	0.0525887792826
AAAAANAACG	606	4079	4875	251	27	53.7193008511	0.0579676674365	0.00550795593635	0.0524597115001
AGTTCANAGT	208	3259	3868	201	22	42.7491144773	0.0580924855491	0.00565552699229	0.0524369585568
ANGNAAAGGT	51	506	536	28	0	8.6096747316	0.0524344569288	0.0	0.0524344569288
AAAAAAATAC	8673	63077	71147	4089	606	9223372036854775807	0.0608790161689	0.00844563990356	0.0524333762653
NGAGGANAGT	132	1240	1521	73	5	18.7942815269	0.0555978674791	0.00327653997379	0.0523213275053
AAANTGNGGT	58	668	661	38	1	9.79674587606	0.0538243626062	0.00151057401813	0.0523137885881
AANAAAAGGT	2942	28306	29909	1790	217	278.590558811	0.0594763423711	0.00720308039567	0.0522732619754
NGTACNCAGT	154	2172	2392	173	53	17.3419350209	0.0737739872068	0.0216768916155	0.0520970955913
AGTTCNCNGT	230	3903	4640	239	27	50.1719086086	0.0577015934331	0.00578530104993	0.0519162923832
AGTTCNCAGT	230	3903	4640	239	27	50.1719086086	0.0577015934331	0.00578530104993	0.0519162923832
AGNTCACAGT	230	3903	4640	239	27	50.1719086086	0.0577015934331	0.00578530104993	0.0519162923832
AGTTCACAGT	230	3903	4640	239	27	50.1719086086	0.0577015934331	0.00578530104993	0.0519162923832
AGTTCACNGT	230	3903	4640	239	27	50.1719086086	0.0577015934331	0.00578530104993	0.0519162923832
AAAANANAGT	24177	194246	211227	12493	1818	9223372036854775807	0.0604288499025	0.00853340843484	0.0518954414677
GNAGGANAGT	69	738	907	44	4	10.692611498	0.0562659846547	0.00439077936334	0.0518752052914
TGNNGTAAGT	52	567	607	31	0	9.60743504887	0.0518394648829	0.0	0.0518394648829
AGNTCACNGT	232	3912	4650	239	27	50.1676840399	0.0575764875934	0.00577293136626	0.0518035562271
AANCNAAAAC	323	3645	3675	252	48	33.1822121064	0.0646651270208	0.0128928283642	0.0517722986566
ACNAANATAC	73	874	874	51	3	11.5218605655	0.0551351351351	0.00342075256556	0.0517143825696
AAACNNAAAC	451	4392	4421	288	44	43.3730207553	0.0615384615385	0.00985442329227	0.0516840382462
TNNAGTAAGT	297	3015	3182	178	13	38.7267753223	0.0557469464453	0.00406885758998	0.0516780888554
AGNTCNCAGT	211	3311	3909	201	22	42.3990093076	0.0572323462415	0.00559654032053	0.0516358059209
CAAAAAGNNC	76	441	606	24	0	8.8455600786	0.0516129032258	0.0	0.0516129032258
TNTTNTTTTG	74582	575038	647116	46291	15177	9223372036854775807	0.0745032020073	0.0229158393641	0.0515873626432
AAAAAAAGNC	1935	15862	17261	1079	212	138.701852309	0.0636916356768	0.012133005208	0.0515586304687
NGTTCACAGT	234	3931	4662	239	27	49.8463044689	0.0573141486811	0.00575815738964	0.0515559912914
AAAAANAANC	48768	370384	413399	27868	7760	9223372036854775807	0.0699757942207	0.0184253452971	0.0515504489236
AAAANAACAG	164	1524	1624	89	6	20.232396351	0.0551766893986	0.00368098159509	0.0514957078035
TNCCAGANGT	255	3343	3541	214	31	35.5079749024	0.0601630587574	0.00867861142217	0.0514844473352
AAAAAANGGT	4140	35614	38926	2194	258	9223372036854775807	0.058030046551	0.00658432013067	0.0514457264203
AGTTCACAGN	234	3942	4672	239	27	49.8387387134	0.0571633580483	0.0057459033837	0.0514174546646
AGTANNCAGT	115	1214	1425	98	34	9.79101073002	0.0746951219512	0.0233036326251	0.0513914893261
GNGGAANGGT	52	480	542	26	0	8.36944467724	0.0513833992095	0.0	0.0513833992095
AAAAAAACNG	696	5797	6252	354	39	59.1703438935	0.0575516176232	0.00619933237959	0.0513522852436
GNAGGACANT	154	1375	1644	80	6	19.6731659125	0.0549828178694	0.00363636363636	0.0513464542331
GNAGNACAGT	73	778	969	43	1	13.4362409837	0.0523751522533	0.00103092783505	0.0513442244183
AGTTNACNGT	213	3300	3890	202	25	40.6511754546	0.0576813249572	0.00638569604087	0.0512956289163
ANTACNCAGT	158	2226	2399	174	52	17.3119455634	0.0725	0.0212158302734	0.0512841697266
GAGGAAANGT	52	481	538	26	0	8.31381895508	0.0512820512821	0.0	0.0512820512821
AAAAAANNAG	75919	549204	611973	44670	15042	9223372036854775807	0.0752179755302	0.023989856702	0.0512281188282
TACGGATTGT	107	1087	1390	63	5	16.3490390511	0.0547826086957	0.00358422939068	0.051198379305
TACCNNAGGT	246	3409	3439	217	30	34.8078526815	0.0598455598456	0.00864802536754	0.051197534478
AGTTCNNAGT	218	3362	3978	202	22	42.6862221099	0.0566778900112	0.0055	0.0511778900112
GANGANAGGT	52	501	533	27	0	8.33197693279	0.0511363636364	0.0	0.0511363636364
AAAAANAACC	2948	24279	26085	1485	171	240.737333061	0.0576385654401	0.00651279707495	0.0511257683652
AACNAANGGT	46	520	572	28	0	8.84916874492	0.0510948905109	0.0	0.0510948905109
TACGGANTGT	108	1090	1405	63	5	16.4581805132	0.0546400693842	0.00354609929078	0.0510939700934
AAAAAAAATC	4857	38593	43082	2525	450	9223372036854775807	0.0614086288244	0.0103372231921	0.0510714056322
TGGNAAANGT	62	540	556	29	0	8.56537820959	0.0509666080844	0.0	0.0509666080844
TACCNGANGT	393	5281	5469	367	78	42.2244003175	0.0649787535411	0.0140616549486	0.0509170985925
NAAANAAAGT	24636	199273	217178	12644	1930	9223372036854775807	0.059664868793	0.00880844149917	0.0508564272938
TTTTTTGGTA	127	1039	1121	69	13	10.3295849148	0.062274368231	0.0114638447972	0.0508105234339
NAAAAAAACG	275	2079	2382	119	8	28.748056205	0.0541401273885	0.00334728033473	0.0507928470538
GNAGGNCAGT	194	1665	2001	102	14	20.2765867252	0.0577249575552	0.00694789081886	0.0507770667363
NGTTCACAGN	218	3354	3937	202	24	41.0556025899	0.0568053993251	0.00605907599091	0.0507463233342
AGTTCNCAGN	240	3998	4719	239	27	49.7601377837	0.0564078357328	0.00568900126422	0.0507188344686
TACCAGNNGT	258	3426	3688	216	32	36.1466376169	0.0593080724876	0.00860215053763	0.05070592195
AGTTNACAGT	240	3992	4767	241	30	48.8979609661	0.0569336168202	0.00625390869293	0.0506797081273
NACGGATTGT	108	1099	1402	63	5	16.3202014441	0.0542168674699	0.00355366027008	0.0506632071998
AAAAAANACC	3529	28367	30968	1711	195	283.800045728	0.0568854312122	0.00625742065911	0.0506280105531
TNTTGNCTTA	73	657	701	36	1	9.83287236475	0.0519480519481	0.0014245014245	0.0505235505236
GNGGAAAGGN	52	489	530	26	0	8.13256389094	0.0504854368932	0.0	0.0504854368932
AANAAAAAGC	1940	17155	19004	1065	153	165.00770993	0.0584522502744	0.00798663673853	0.0504656135359
AAAAANNAGT	24924	202160	220092	12622	1848	9223372036854775807	0.058766563306	0.00832657474993	0.0504399885561
NAAAAAAAGC	1902	16686	18210	1053	164	154.277227828	0.0593607305936	0.008925655818	0.0504350747756
AGNTCACAGN	244	4042	4776	240	27	50.0609295776	0.056048575432	0.00562148657089	0.0504270888611
ACAAAANTTG	56	675	721	40	4	8.31731064823	0.0559440559441	0.00551724137931	0.0504268145647
AGTTCACNGN	244	4026	4756	239	27	49.7794450116	0.0560375146542	0.00564499268242	0.0503925219717
GAGNNAAGGT	52	491	537	26	0	8.18570590797	0.0502901353965	0.0	0.0502901353965
NGTTCNCAGT	250	4056	4803	240	27	50.0856950165	0.0558659217877	0.0055900621118	0.0502758596759
TACGGATNGT	109	1109	1415	63	5	16.3257021501	0.0537542662116	0.00352112676056	0.050233139451
NGTTCACNGT	252	4083	4850	243	29	49.8184017345	0.0561719833564	0.00594384095101	0.0502281424054
NAAAAAANAC	49974	381578	421982	28107	7916	9223372036854775807	0.0686063683074	0.0184136702194	0.0501926980879
ATAANAAGGT	54	644	703	34	0	10.6923281009	0.0501474926254	0.0	0.0501474926254
NGANGTAAGT	55	644	687	34	0	10.5181509559	0.0501474926254	0.0	0.0501474926254
TACGGNTTGT	109	1111	1415	63	5	16.0225438628	0.0536626916525	0.00352112676056	0.0501415648919
TGGAAANGGT	56	659	658	37	2	8.57443420275	0.0531609195402	0.0030303030303	0.0501306165099
AANAAANAGT	25564	209470	227387	13170	2079	9223372036854775807	0.0591537908732	0.00906016577619	0.050093625097
