#Sequence	Occurrence	Forward Match	Backward Match	Forward Mismatch	Backward Mismatch	Strand Bias Score	FER (Forward Error Rate)	RER (Reverse Error Rate), ERD (Error rate Difference)
ATATNTTT	15408	19866	20796	186	84	10.1005491389	0.00927588270497	0.00402298850575	0.00525289419922
NNGTATTT	3166	9699	10134	57	13	6.9701597088	0.00584255842558	0.00128116684734	0.00456139157824
TCTNTTTN	6870	23442	24402	223	128	7.11362964748	0.00942319881682	0.00521810028536	0.00420509853145
ATATATNT	83196	28323	28271	200	83	11.1700063505	0.00701188514532	0.00292727657473	0.00408460857059
NTTTTNCT	7995	28310	28739	214	109	8.45252772373	0.00750245407376	0.00377842484748	0.00372402922629
NTATATAT	81932	24213	23943	158	68	8.23574705208	0.00648311517788	0.00283203531715	0.00365107986073
NTTTNTCT	7531	26270	26877	188	94	7.95893532171	0.00710560133041	0.00348522487116	0.00362037645925
ATANNTTT	22667	38724	40245	247	119	11.5655852751	0.00633804623951	0.00294817163809	0.00338987460142
NTATATNT	102089	51244	51434	302	132	15.3795596315	0.00585884452722	0.0025598262421	0.00329901828512
ATATNTNT	102700	58248	59018	369	197	12.6253984082	0.00629510210349	0.00332685974837	0.00296824235511
NNTTTTCT	8969	33080	33391	215	117	7.16443573563	0.00645742603995	0.0034917034738	0.00296572256615
NTATNTTT	29907	48723	50726	347	212	9.04910107554	0.00707153046668	0.00416192233696	0.00290960812972
ATNTNTTT	33683	54644	57400	432	288	8.62885217223	0.00784370687777	0.00499237276383	0.00285133411394
ATNTATNT	100283	52884	52848	286	141	11.4294037846	0.00537897310513	0.0026609296269	0.00271804347823
ATANATNT	96704	49353	49356	249	122	10.1811909825	0.00501995887263	0.00246574235014	0.00255421652249
NTANATTT	19310	33579	34330	140	56	8.90586817206	0.00415196180195	0.00162856976677	0.00252339203519
ANATNTTT	24403	45414	47196	272	163	7.58678796261	0.00595368384188	0.00344179564602	0.00251188819585
ATATNNTT	27126	43498	44609	224	119	8.27664694687	0.0051232788985	0.00266052584511	0.00246275305339
NTNTATAT	98207	48636	48569	252	132	8.83118000531	0.00515463917526	0.00271041662389	0.00244422255137
NNTATTTT	24546	47442	49253	273	169	6.89236557876	0.00572147123546	0.00341952976407	0.00230194147139
ANATATNT	101582	55128	55415	274	149	8.89498871193	0.00494566983141	0.00268159239796	0.00226407743346
NTNTATTT	29178	44584	46234	176	86	8.13919985579	0.00393208221626	0.00185664939551	0.00207543282076
