#Sequence	Occurrence	Forward Match	Backward Match	Forward Mismatch	Backward Mismatch	Strand Bias Score	FER (Forward Error Rate)	RER (Reverse Error Rate), ERD (Error rate Difference)
TTTT	184310	397727	421432	3094	1875	81.9963334096	0.00771915643142	0.00442940938846	0.00328974704297
NTTT	332142	855156	885689	4327	2689	96.9391216041	0.00503442185593	0.00302686469048	0.00200755716545
TTNT	354391	866035	890773	4475	2948	78.8343594664	0.00514066466784	0.00329856856894	0.0018420960989
TNTT	357264	875743	901160	3950	2482	83.1601139872	0.00449020283212	0.00274666294838	0.00174353988374
AAAT	98436	249280	252427	1354	970	15.7209183229	0.00540229976779	0.00382798533526	0.00157431443252
AAAG	29092	119589	121643	837	666	5.58573250218	0.00695032634149	0.00544522479948	0.001505101542
ATCT	16350	73332	73022	250	143	6.9310010204	0.00339757005789	0.00195448643477	0.00144308362312
NTNT	830490	2004412	2038572	7954	5363	120.176325234	0.0039525613134	0.00262386034781	0.00132870096559
CTTT	29092	121844	123045	324	173	11.0734282236	0.00265208565254	0.00140401564706	0.00124807000548
NTCT	58511	272246	269894	873	576	13.5310310108	0.00319640889136	0.00212962620623	0.00106678268513
GNGT	15166	77741	79169	259	179	4.12472083674	0.00332051282051	0.00225588546655	0.00106462735396
NNTT	664624	1974356	2010509	6193	4159	96.0720813489	0.0031269107707	0.00206435998388	0.00106255078682
CTNT	55788	245264	245809	708	452	13.2478483891	0.00287837640057	0.00183545100523	0.00104292539533
ANCT	39348	204213	203083	631	417	10.0415521172	0.00308039288434	0.00204914004914	0.0010312528352
NCCT	22238	130556	129414	483	346	5.35258186093	0.00368592556415	0.00266646115906	0.00101946440508
ATAT	217294	256732	256781	966	709	9.38317456109	0.0037485739121	0.00275350499049	0.000995068921614
CCTT	10946	58230	58051	131	73	4.1347289326	0.00224464968044	0.00125593558599	0.000988714094449
AANT	187210	555710	561355	2085	1559	18.5968559154	0.00373793239452	0.0027695171909	0.000968415203615
ANAT	364056	681806	684104	2727	2072	20.8469286362	0.00398373781834	0.00301963344681	0.000964104371525
TNNT	724555	2063829	2091886	7066	5144	72.5327058087	0.00341205131115	0.00245299304254	0.000959058268607
ATNT	364056	683078	687518	2155	1512	26.385429046	0.00314491567102	0.00219438921382	0.000950526457198
TTTN	332144	851496	879246	5592	4944	14.6447941432	0.00652441756272	0.00559155837546	0.000932859187262
TTGT	28022	108133	109851	304	206	5.10265050109	0.00280347113992	0.00187175736209	0.00093171377783
NAAT	219508	587807	592647	2263	1736	16.9573158103	0.00383513820394	0.00292067572592	0.000914462478021
NTGT	73385	274241	277985	795	553	10.9946984873	0.00289053069416	0.0019853664491	0.000905164245062
TTCT	32021	140822	139133	439	310	5.17980497899	0.00310772258444	0.00222313059817	0.00088459198627
TCTT	31312	140967	138821	254	128	9.3631775325	0.00179859935845	0.000921201304076	0.000877398054377
ANAG	55788	241575	244657	1231	1032	5.07295178501	0.00506989118885	0.00420043225378	0.000869458935066
ATTT	98436	252158	254982	650	435	10.6012744219	0.00257112116705	0.00170309728796	0.000868023879087
NNCT	127823	657877	651850	1972	1406	20.4352803244	0.00298856253476	0.00215229557784	0.000836266956918
GTNT	56255	210035	214472	616	451	7.06907977627	0.00292426810222	0.0020984259479	0.000825842154319
ANNT	648244	1674261	1685332	5222	3957	40.7498836775	0.00310929018037	0.00234240559194	0.000766884588433
NAAG	61971	288772	296239	1400	1212	4.77128061062	0.00482472464607	0.00407462069383	0.000750103952243
NCTT	61971	296836	293301	531	313	12.5097042087	0.00178567225012	0.001066025462	0.000719646788114
TNCT	63741	304925	301757	874	650	7.42434944763	0.00285808652088	0.00214942114435	0.000708665376533
NTAT	366452	602769	605004	1959	1545	11.8293614749	0.00323947295313	0.00254719734102	0.000692275612107
CNTT	73936	322588	322677	597	392	10.0552129503	0.00184723919736	0.00121336308962	0.000633876107745
NNGT	137514	616952	628496	1695	1332	11.8450723219	0.00273985002756	0.00211486310548	0.000624986922077
TNGT	53315	240632	245365	610	469	5.3263326588	0.00252858125865	0.0019077914365	0.000620789822155
TTCN	76992	352395	347044	1134	902	5.72904077272	0.00320765764619	0.00259235628517	0.00061530136102
TTNN	664625	1969682	1995776	8921	7815	20.152719327	0.0045087367198	0.00390049665825	0.000608240061547
GANT	42604	186630	189851	409	302	4.57276279355	0.00218670972364	0.00158819476948	0.000598514954165
NANT	506903	1513013	1524781	4080	3256	22.5053209246	0.00268935391568	0.00213083845483	0.000558515460852
ANTT	187210	559549	565071	1225	921	10.8655328385	0.00218448073555	0.0016272314803	0.000557249255251
CNNT	146853	686477	683860	1636	1253	11.5825614707	0.00237751648348	0.0018288953793	0.000548621104182
GNNT	131587	584497	595417	1451	1162	8.97609080297	0.00247632895752	0.00194777221458	0.000528556742942
NNAT	721278	1759879	1765640	5515	4619	18.8134503884	0.003123948535	0.00260922271826	0.000514725816744
NTTN	664624	1971141	1998575	8669	7837	12.67335916	0.00437870300685	0.00390597743634	0.000472725570515
ATAN	366452	605976	602851	1799	1510	5.9111890607	0.00295997696516	0.00249850668723	0.000461470277931
TCNT	80671	362776	357425	796	635	4.09744051634	0.00218938752159	0.00177344579121	0.000415941730383
NTCN	157563	772482	758426	2178	1842	5.57516836046	0.00281155603749	0.00242282984421	0.000388726193275
TANT	221706	530972	535509	1202	1021	4.22421323675	0.00225865976166	0.00190296907908	0.000355690682575
NCNT	178152	817527	806441	1873	1577	5.4088980209	0.00228581889187	0.00195168919504	0.000334129696829
NTAN	653522	1493107	1490294	4074	3617	6.49271947278	0.00272111388002	0.00242116163547	0.000299952244553
TNTN	830489	2010454	2032113	8171	7673	5.40303208965	0.00404780481764	0.00376166911627	0.000286135701366
ATNN	721278	1766775	1761857	4881	4485	4.09141760239	0.002755049513	0.00253914587322	0.000215903639775
