#Sequence	Occurrence	Forward Match	Backward Match	Forward Mismatch	Backward Mismatch	Strand Bias Score	FER (Forward Error Rate)	RER (Reverse Error Rate), ERD (Error rate Difference)
TTTTTTTT	29477	23429	27750	500	360	12.1521706476	0.0208951481466	0.0128068303095	0.0080883178371
TNTTTTTT	36621	35187	40665	608	422	15.0696441721	0.0169856125157	0.0102708886022	0.00671472391348
TTNTTTTT	36196	36051	41229	593	419	13.3133598782	0.0161827311429	0.0100605071072	0.0061222240357
NTTTTTTT	36995	36183	41402	629	459	12.56061251	0.0170868195154	0.0109648598935	0.00612195962192
TTTTTTNT	36158	35366	40813	592	427	12.8260450481	0.0164636520385	0.0103540252182	0.00610962682025
TTTTTTTN	36995	35862	41437	771	649	8.409874044	0.0210465973303	0.0154208050183	0.00562579231198
TTTTTNTT	36145	37300	42455	528	380	10.9811078267	0.0139579147721	0.00887125014591	0.00508666462622
TTTNTTTT	36691	36874	41929	548	405	10.2479706341	0.0146437924216	0.00956677847593	0.00507701394564
TTTTNTTT	36637	37141	42200	531	389	10.2596972349	0.0140953493311	0.00913381389561	0.00496153543546
TNNTTTTT	48665	62381	69437	784	537	17.4087879086	0.0124119369904	0.00767427901792	0.0047376579725
TNNTATGG	1124	4854	4915	23	0	6.97386353305	0.004716013943	0.0	0.004716013943
TNTNTTTT	50648	60705	67511	737	497	17.2416038554	0.0119950522444	0.00730796376897	0.00468708847542
NTNTTTTT	50160	61475	68428	808	581	14.9980489194	0.0129730424032	0.00841919169963	0.00455385070359
NNTTTTTT	49704	62738	69891	835	609	14.6864240699	0.0131345067875	0.00863829787234	0.00449620891513
TTTTTTNN	49704	62532	70059	1004	804	11.7667577213	0.015802064971	0.0113458363321	0.00445622863896
TNTTTTNT	49865	60285	67338	753	535	14.907204872	0.0123365772142	0.00788236854125	0.00445420867295
NTTTTTNT	49753	63162	69958	797	582	13.6228871377	0.0124611078972	0.00825063793592	0.00421046996132
NTTNTTTT	49669	63106	69636	741	535	13.0906234364	0.0116058702836	0.00762423223269	0.00398163805096
TTTTNTNT	49188	61189	67714	677	478	13.2661378405	0.0109430058514	0.00700961989676	0.00393338595459
TNTTNTTT	49594	61955	68502	669	468	13.5254624825	0.0106828053143	0.00678555893867	0.00389724637559
TTNTTTNT	49991	61106	67313	714	524	11.7338925316	0.0115496603041	0.00772439818978	0.00382526211433
TTTTTNNT	47764	62207	69241	666	473	13.1039361078	0.0105927822754	0.00678486387239	0.00380791840299
TNTTTTTN	50160	61041	68206	995	845	8.22594753223	0.016039074086	0.0122373318272	0.00380174225881
TTNNTTTT	48061	63458	69946	687	491	12.6257507955	0.0107101099072	0.00697076820421	0.00373934170303
TNTTTNTT	50732	62157	68583	655	462	12.7487982805	0.010427943705	0.00669128829025	0.00373665541478
TTNTNTTT	48459	60273	66673	644	464	11.6947644796	0.0105717615772	0.00691124119338	0.00366052038385
NTTTNTTT	50886	62863	69016	687	505	11.0686166624	0.0108103855232	0.00726399217503	0.00354639334818
TTTNTTNT	49094	62110	68449	682	506	10.7624970431	0.010861256211	0.00733811906316	0.00352313714783
TTNTTTTN	49669	62732	69527	932	785	7.7255925322	0.0146393566223	0.0111645238366	0.00347483278565
NTTTTNTT	49708	65059	71609	683	499	11.4304698243	0.0103890967722	0.00692017529262	0.00346892147961
TTNTTNTT	52321	69177	75416	658	463	12.2746179457	0.00942220949381	0.0061018200029	0.00332038949091
TTTTTNTN	49753	63255	70117	856	718	7.34367973749	0.0133518428975	0.0101362320887	0.00321561080882
TTTNTNTT	48699	62558	68698	600	435	10.3369204333	0.00949998416669	0.00629221934532	0.00320776482137
TATNNTTT	17115	27479	28841	164	82	7.50132667643	0.00593278587708	0.00283511392318	0.0030976719539
TTTTNTTN	49708	64955	71455	857	721	6.85632698689	0.0130219412873	0.00998947018399	0.00303247110331
TTTTNNTT	47610	63258	69613	570	424	8.9490131084	0.008930250047	0.00605394291589	0.00287630713111
TTTNNTTT	48191	62943	69118	592	461	7.43778214309	0.00931769890611	0.00662556231047	0.00269213659565
