 1000000 / 4205667 Strand Bias Scores calculated
 2000000 / 4205667 Strand Bias Scores calculated
 3000000 / 4205667 Strand Bias Scores calculated
 4000000 / 4205667 Strand Bias Scores calculated
#Sequence	Occurrence	Forward Match	Backward Match	Forward Mismatch	Backward Mismatch	Strand Bias Score	FER (Forward Error Rate)	RER (Reverse Error Rate), ERD (Error rate Difference)
CAAAACCNCC	4	16	133	14	0	11.6181421026	0.466666666667	0.0	0.466666666667
CNAANCCCCC	4	18	130	12	0	9.64852130256	0.4	0.0	0.4
CAAANCCNCC	10	34	149	14	0	9.29342371622	0.291666666667	0.0	0.291666666667
CNNAACCCCC	5	33	152	12	0	8.24605217476	0.266666666667	0.0	0.266666666667
CAAAACCNCN	16	40	216	14	1	9.35365794396	0.259259259259	0.00460829493088	0.254650964328
GNAGGCNGGA	2	52	343	12	2	8.22614156148	0.1875	0.00579710144928	0.181702898551
GGAGGCGGNA	2	52	343	12	2	8.22614156148	0.1875	0.00579710144928	0.181702898551
GGAGGCNGNA	3	52	343	12	2	8.22614156148	0.1875	0.00579710144928	0.181702898551
GNAGGCGGNA	3	52	343	12	2	8.22614156148	0.1875	0.00579710144928	0.181702898551
GGAGGNGGGA	3	52	343	12	2	8.22614156148	0.1875	0.00579710144928	0.181702898551
GGAGNCNGGA	2	52	343	12	2	8.22614156148	0.1875	0.00579710144928	0.181702898551
NGAGGCGNGA	2	52	343	12	2	8.22614156148	0.1875	0.00579710144928	0.181702898551
GNNGGCGGGA	2	52	343	12	2	8.22614156148	0.1875	0.00579710144928	0.181702898551
NGAGNCGGGA	2	52	343	12	2	8.22614156148	0.1875	0.00579710144928	0.181702898551
GGAGGCNNGA	2	52	343	12	2	8.22614156148	0.1875	0.00579710144928	0.181702898551
NGAGGCGGNA	3	52	343	12	2	8.22614156148	0.1875	0.00579710144928	0.181702898551
GGAGNCGGGA	2	52	343	12	2	8.22614156148	0.1875	0.00579710144928	0.181702898551
GGAGGCNGGA	2	52	343	12	2	8.22614156148	0.1875	0.00579710144928	0.181702898551
GNAGGCGNGA	2	52	343	12	2	8.22614156148	0.1875	0.00579710144928	0.181702898551
GNAGGCGGGA	2	52	343	12	2	8.22614156148	0.1875	0.00579710144928	0.181702898551
GGAGGCGNGA	2	52	343	12	2	8.22614156148	0.1875	0.00579710144928	0.181702898551
GGAGGCGGGA	2	52	343	12	2	8.22614156148	0.1875	0.00579710144928	0.181702898551
GGNGGCNGGA	2	52	343	12	2	8.22614156148	0.1875	0.00579710144928	0.181702898551
GGNGGCGGGA	2	52	343	12	2	8.22614156148	0.1875	0.00579710144928	0.181702898551
GGNGNCGGGA	2	52	343	12	2	8.22614156148	0.1875	0.00579710144928	0.181702898551
NNAGGCGGGA	2	52	343	12	2	8.22614156148	0.1875	0.00579710144928	0.181702898551
GGAGNCGNGA	2	52	343	12	2	8.22614156148	0.1875	0.00579710144928	0.181702898551
NGAGGCGGGA	2	52	343	12	2	8.22614156148	0.1875	0.00579710144928	0.181702898551
AAANCCCCCC	8	95	263	21	0	11.389827056	0.181034482759	0.0	0.181034482759
NAANCCCCCC	11	95	263	21	0	11.389827056	0.181034482759	0.0	0.181034482759
NGNGGGACCA	2	93	315	17	1	9.27154031677	0.154545454545	0.00316455696203	0.151380897583
GNNGGGACCA	2	93	315	17	1	9.27154031677	0.154545454545	0.00316455696203	0.151380897583
GGNGGGACCA	2	93	315	17	1	9.27154031677	0.154545454545	0.00316455696203	0.151380897583
GGNGGGACCN	3	93	315	17	1	9.27154031677	0.154545454545	0.00316455696203	0.151380897583
GGNGGGACNA	3	93	315	17	1	9.27154031677	0.154545454545	0.00316455696203	0.151380897583
NNCGGGACCA	1	93	312	17	1	9.21923232318	0.154545454545	0.00319488817891	0.151350566367
NGCGGGNCCA	2	93	312	17	1	9.21923232318	0.154545454545	0.00319488817891	0.151350566367
GGCGGGANCA	1	93	312	17	1	9.21923232318	0.154545454545	0.00319488817891	0.151350566367
GGCGNGNCCA	1	93	312	17	1	9.21923232318	0.154545454545	0.00319488817891	0.151350566367
NGCGGGACCA	1	93	312	17	1	9.21923232318	0.154545454545	0.00319488817891	0.151350566367
GGCGGGACNN	1	93	312	17	1	9.21923232318	0.154545454545	0.00319488817891	0.151350566367
GNCGGGACCA	1	93	312	17	1	9.21923232318	0.154545454545	0.00319488817891	0.151350566367
NGCGGGANCA	1	93	312	17	1	9.21923232318	0.154545454545	0.00319488817891	0.151350566367
NGCGNGACCA	1	93	312	17	1	9.21923232318	0.154545454545	0.00319488817891	0.151350566367
GGCGGGACCA	1	93	312	17	1	9.21923232318	0.154545454545	0.00319488817891	0.151350566367
GGCGGGACCN	1	93	312	17	1	9.21923232318	0.154545454545	0.00319488817891	0.151350566367
NGCGGGACNA	1	93	312	17	1	9.21923232318	0.154545454545	0.00319488817891	0.151350566367
GGCGNGACNA	1	93	312	17	1	9.21923232318	0.154545454545	0.00319488817891	0.151350566367
GGCGGGNCNA	1	93	312	17	1	9.21923232318	0.154545454545	0.00319488817891	0.151350566367
GGCGGGACNA	1	93	312	17	1	9.21923232318	0.154545454545	0.00319488817891	0.151350566367
GGCGNGANCA	1	93	312	17	1	9.21923232318	0.154545454545	0.00319488817891	0.151350566367
GGCGNGACCA	1	93	312	17	1	9.21923232318	0.154545454545	0.00319488817891	0.151350566367
GGCGNGACCN	1	93	312	17	1	9.21923232318	0.154545454545	0.00319488817891	0.151350566367
GNCGGGACNA	1	93	312	17	1	9.21923232318	0.154545454545	0.00319488817891	0.151350566367
GGCGGGNNCA	1	93	312	17	1	9.21923232318	0.154545454545	0.00319488817891	0.151350566367
GNCGGGNCCA	2	93	312	17	1	9.21923232318	0.154545454545	0.00319488817891	0.151350566367
GNCGGGACCN	1	93	312	17	1	9.21923232318	0.154545454545	0.00319488817891	0.151350566367
GGCGGGNCCN	1	93	312	17	1	9.21923232318	0.154545454545	0.00319488817891	0.151350566367
GGCGGGNCCA	1	93	312	17	1	9.21923232318	0.154545454545	0.00319488817891	0.151350566367
AAANCCCNCC	12	125	294	21	0	10.5066721399	0.143835616438	0.0	0.143835616438
GGNGGGANCA	5	107	331	18	1	9.38036767219	0.144	0.00301204819277	0.140987951807
ANANCCCCCC	23	295	478	56	10	12.8436527776	0.159544159544	0.0204918032787	0.139052356265
GNCGGGANCA	2	123	349	19	1	9.4704897729	0.133802816901	0.00285714285714	0.130945674044
AAANCCCCCN	13	151	336	22	1	9.52621054826	0.127167630058	0.00296735905045	0.124200271007
AANACCCNCC	10	216	314	34	4	8.68227646154	0.136	0.0125786163522	0.123421383648
AANACCCCCC	8	216	314	34	4	8.68227646154	0.136	0.0125786163522	0.123421383648
GGNGGGNCCA	4	125	363	18	1	9.08804640823	0.125874125874	0.00274725274725	0.123126873127
GNCNGGACCA	3	118	326	17	1	8.28027599409	0.125925925926	0.00305810397554	0.12286782195
NGCNGGACCA	4	118	326	17	1	8.28027599409	0.125925925926	0.00305810397554	0.12286782195
GGCNGGACNA	3	118	326	17	1	8.28027599409	0.125925925926	0.00305810397554	0.12286782195
GGCNGGACCA	3	118	326	17	1	8.28027599409	0.125925925926	0.00305810397554	0.12286782195
GGCNGGACCN	3	118	326	17	1	8.28027599409	0.125925925926	0.00305810397554	0.12286782195
GGCNNGACCA	3	118	326	17	1	8.28027599409	0.125925925926	0.00305810397554	0.12286782195
ANNACCCCCC	14	221	357	34	4	9.55392026147	0.133333333333	0.01108033241	0.122253000923
NGCGGGACCN	2	142	402	20	1	10.0356792034	0.123456790123	0.00248138957816	0.120975400545
GGCNGGANCA	5	121	337	17	1	8.33105792307	0.123188405797	0.00295857988166	0.120229825915
AANACNCCCC	13	227	328	34	4	8.66057953789	0.130268199234	0.0120481927711	0.118220006463
NAAANCCCCC	13	166	363	24	3	8.6299832144	0.126315789474	0.00819672131148	0.118119068162
AAANCCCCNC	17	196	335	24	0	9.99114826626	0.109090909091	0.0	0.109090909091
GGCGGGANCN	3	137	374	17	1	8.26731672513	0.11038961039	0.00266666666667	0.107722943723
AANNCCCCCC	19	346	542	47	9	10.5899273906	0.119592875318	0.016333938294	0.103258937024
NANACCCCCC	15	308	400	38	4	9.12671724818	0.109826589595	0.00990099009901	0.0999255994964
AANACCCCNC	13	304	378	37	4	8.37174212209	0.108504398827	0.0104712041885	0.0980331946385
AAANCNCCCC	17	343	482	39	4	10.1633654976	0.102094240838	0.0082304526749	0.0938637881628
ANNCCCCCCC	20	467	589	60	16	8.46642765395	0.11385199241	0.0264462809917	0.0874057114181
AANACCCCCN	14	521	566	44	5	8.74903704988	0.0778761061947	0.00875656742557	0.0691195387691
AANACCNCCC	14	517	652	41	5	9.13938927548	0.073476702509	0.0076103500761	0.0658663524329
NAAACCNCCC	13	531	643	39	2	10.658951089	0.0684210526316	0.0031007751938	0.0653202774378
GNACCACTTN	14	244	742	17	1	8.97885898917	0.0651340996169	0.00134589502019	0.0637882045967
AAANCCNCCC	19	417	724	30	4	8.95097186367	0.0671140939597	0.00549450549451	0.0616195884652
ATCTGCNGCN	9	684	501	48	2	8.55233547088	0.0655737704918	0.00397614314115	0.0615976273507
GCNGNAAATA	30	535	441	33	0	8.34153505664	0.0580985915493	0.0	0.0580985915493
NTGCGGNAAT	14	703	724	49	7	8.31481990192	0.0651595744681	0.00957592339261	0.0555836510755
CCANNAGTTT	31	551	641	34	2	8.87542120593	0.0581196581197	0.00311041990669	0.055009238213
TTGNCNTCTT	62	950	1140	66	19	8.28360389125	0.0649606299213	0.016393442623	0.0485671872983
NNCTAAAAAA	317	1106	1142	74	18	8.75772455407	0.0627118644068	0.0155172413793	0.0471946230275
CTAAAAAANN	317	1108	1141	74	19	8.34287493318	0.0626057529611	0.0163793103448	0.0462264426163
TTCNCNTTCT	126	1119	1410	59	13	9.86654278676	0.0500848896435	0.00913562895292	0.0409492606905
CTNAAAAANA	475	1522	1481	95	28	8.46185824266	0.0587507730365	0.0185553346587	0.0401954383778
CNTCTTCCTC	46	1260	1805	57	9	13.1517823213	0.0432801822323	0.00496141124587	0.0383187709865
CNTCTTNCTC	69	1430	1965	63	11	13.2070376798	0.0421969189551	0.00556680161943	0.0366301173357
CCTNNTCCTC	49	1129	1910	49	10	11.86496674	0.0415959252971	0.00520833333333	0.0363875919638
CNTCTNCCTC	50	1322	1871	57	10	12.3702907366	0.0413343002175	0.00531632110579	0.0360179791118
CNTNTTCCTC	94	1928	3071	83	22	16.1564408008	0.0412729985082	0.00711283543485	0.0341601630734
CNNCTTCCTC	58	1473	2171	62	14	12.3432442223	0.0403908794788	0.00640732265446	0.0339835568244
CCNCNTCCTC	34	785	1359	30	4	9.0462067087	0.0368098159509	0.00293470286134	0.0338751130896
CCTCNTCCTC	31	785	1359	30	4	9.0462067087	0.0368098159509	0.00293470286134	0.0338751130896
GNTNGTAGTC	76	1033	2107	47	22	8.18841017206	0.0435185185185	0.0103334899014	0.0331850286172
CNTCTTCCNC	67	1454	2274	62	19	10.8236058224	0.0408970976253	0.0082860880942	0.0326110095311
CCTCNTNCTC	42	914	1485	33	4	9.67153511836	0.0348468848997	0.00268636668905	0.0321605182106
NCTCCTNCTC	36	819	1430	29	3	9.46359096204	0.0341981132075	0.00209351011863	0.0321046030889
CTNTTTTNTC	307	1935	2296	97	38	8.68879329823	0.0477362204724	0.0162810625536	0.0314551579189
NCTCNTCCTC	49	947	1814	34	8	8.99688322147	0.0346585117227	0.00439077936334	0.0302677323594
CCTCNNCCTC	40	1135	1738	37	5	9.91306305697	0.0315699658703	0.00286861732645	0.0287013485439
NNTCTTCCTC	98	1765	2280	65	18	9.46282850369	0.0355191256831	0.00783289817232	0.0276862275107
CNTCNTCCTC	89	2310	3693	81	25	14.3071460874	0.0338770388959	0.00672404518558	0.0271529937103
AATNAATNAA	2842	4701	3909	272	117	8.78806177224	0.0546953549165	0.0290611028316	0.025634252085
TNNTATCATC	435	2869	3585	120	55	9.61791091816	0.0401472064236	0.0151098901099	0.0250373163137
GTNAGTANTC	131	1713	3452	65	41	8.30961321839	0.0365579302587	0.0117377612368	0.024820169022
TATNTTNATC	590	2812	2995	108	38	9.13072910857	0.0369863013699	0.0125288493241	0.0244574520458
TNTTNTCATC	543	3150	3530	123	55	8.1401328125	0.0375802016499	0.0153417015342	0.0222385001157
CNTCCTCNTC	114	2401	3648	64	22	9.95931488949	0.0259634888438	0.00599455040872	0.0199689384351
NATCTTCNTC	280	3371	3734	95	33	8.78393313062	0.0274091171379	0.00876028670029	0.0186488304376
NTNCTTCTTC	349	4565	4810	126	48	9.34000826339	0.0268599445747	0.00988060930424	0.0169793352705
CATCNTCNTC	364	4920	5464	131	51	10.1265327671	0.0259354583251	0.00924750679964	0.0166879515254
CNTCGTCNTC	97	3142	3700	62	10	11.6813642674	0.0193508114856	0.00269541778976	0.0166553936959
NTTCTNCTTC	335	4201	4890	115	52	8.19080350792	0.0266450417053	0.0105220558478	0.0161229858574
CTNCTTCNTC	251	4360	4997	108	43	9.01348472112	0.0241718889884	0.00853174603175	0.0156401429566
CNTCNTCGTC	108	3328	3917	71	21	8.65083076566	0.0208884966167	0.00533265617064	0.015555840446
NTTCTTCNTC	501	6712	7082	166	67	10.8986673849	0.0241349229427	0.00937194013149	0.0147629828112
NTTCNTCTTC	449	6922	7642	168	71	11.3530331141	0.0236953455571	0.00920523791002	0.0144901076471
CNTCTTCNTC	395	8399	9449	198	86	13.2867390026	0.0230312899849	0.00901940220241	0.0140118877825
CTTCNTCNTC	406	8456	9529	182	76	13.0355569337	0.0210696920583	0.00791254554919	0.0131571465092
TAANNTAGGT	355	10897	10211	310	159	9.13313905043	0.0276612831266	0.0153326904532	0.0123285926734
