#Sequence	Occurrence	Forward Match	Backward Match	Forward Mismatch	Backward Mismatch	Strand Bias Score	FER (Forward Error Rate)	RER (Reverse Error Rate), ERD (Error rate Difference)
TTTTTTTT	35834	35839	46342	1082	890	22.5250957146	0.0293058151188	0.0188431571816	0.0104626579372
TTTTTTTN	44441	53703	66660	1601	1362	23.5336064142	0.0289490814408	0.0200229337567	0.00892614768404
TTTTTTAA	2469	5774	6276	65	15	8.26921345485	0.0111320431581	0.00238435860753	0.00874768455054
TNTTTTTT	43943	54624	65811	1351	1078	22.9746748886	0.0241357748995	0.0161162522986	0.00801952260092
NTTTTTNC	6744	20831	22059	460	313	8.69070740618	0.0216053731624	0.013990702664	0.00761467049832
TTNTTTTT	43582	56126	67240	1287	1023	21.7233140795	0.0224165258739	0.014986156483	0.00743036939092
NTTTTTTT	44441	54844	66209	1355	1143	18.0938045648	0.0241107493016	0.0169705428198	0.00714020648178
AAAAANTT	4458	12301	12870	132	46	10.5324724495	0.0106169066195	0.0035614741406	0.00705543247888
NNTTTTTC	7221	23541	24581	556	405	7.30940064256	0.023073411628	0.0162090770832	0.00686433454484
TTTTTTNT	43457	54138	65418	1317	1145	15.1832159529	0.0237489856641	0.0172017487193	0.00654723694479
NAAAAATT	4506	12694	13365	126	49	8.88338371816	0.00982839313573	0.00365289995527	0.00617549318045
TTTNTTTT	44354	57376	68069	1203	1001	15.759923576	0.0205363696888	0.0144925437961	0.00604382589265
TTTTTTNN	58641	90784	105808	2038	1718	22.042184687	0.0219560018099	0.0159775310158	0.00597847079416
NTTTTTTN	58641	90762	105126	2239	1946	19.3754460286	0.0240750099461	0.0181746861925	0.00590032375366
TNTTTTTN	59391	92838	106832	2152	1832	20.2855281404	0.0226550163175	0.0168593094309	0.0057957068866
NTTTTTAA	4626	12370	13002	111	41	8.40551996455	0.00889351814758	0.00314344859312	0.00575006955447
TTTTTNTT	43545	56154	66943	1158	986	13.9074391303	0.0202051926298	0.01451515553	0.00569003709978
NTATTTTT	9506	21215	22149	249	132	9.62790147104	0.0116008199776	0.00592433014676	0.00567648983088
TTTTNTTT	44292	57528	68048	1151	963	14.4799631237	0.019615194533	0.013954297141	0.00566089739193
NTNTTTTT	59391	94127	106846	1763	1380	24.1535164417	0.0183856502242	0.012751094931	0.00563455529324
TNNTTTTT	57358	92998	105532	1682	1305	24.0248812223	0.0177651035065	0.0122148693805	0.00555023412609
TTTTTNAA	5576	15172	16003	123	41	10.5342471223	0.00804184373978	0.00255547245076	0.00548637128902
TNTNTTTT	60048	94169	105991	1615	1249	22.4939615085	0.0168608535872	0.0116467735919	0.00521407999529
TTNTTTTN	58988	94055	107776	1985	1695	17.9673020129	0.0206684714702	0.0154835527217	0.0051849187485
NAAAANTT	8925	27438	28744	219	79	16.470624991	0.00791842933073	0.00274086666898	0.00517756266175
ANAAAATT	4730	13380	13862	116	48	7.27879858752	0.00859513930053	0.00345075485262	0.00514438444791
NNTTTTTT	58641	92348	105302	1792	1485	18.8067322899	0.0190354790737	0.0139061870827	0.00512929199102
TNTTTTAA	4798	12497	13043	94	31	8.10332135753	0.00746565006751	0.00237111824996	0.00509453181755
TTANTTTT	6692	16638	17342	168	87	6.98661647119	0.00999642984648	0.00499168053245	0.00500474931404
TATNTTTT	10922	22103	22813	257	151	7.40252497442	0.0114937388193	0.00657550949312	0.0049182293262
ATATNTTT	11911	22080	22361	190	86	9.48461579538	0.00853165693758	0.00383124693723	0.00470041000035
TTNNTTTT	57276	95190	107066	1502	1177	19.658630482	0.0155338600918	0.0108736823628	0.00466017772901
TNTTTTNT	59112	92839	105043	1719	1440	16.204818303	0.0181793185135	0.0135232854071	0.00465603310644
ATANTTTT	6866	16902	17434	147	70	7.10514854422	0.00862220658103	0.00399908592322	0.00462312065781
TTTTNTAA	5159	13690	14109	88	25	8.65317125421	0.00638699375817	0.0017687844913	0.00461820926687
TTTNTTTN	60628	94721	107698	1815	1554	15.4333617755	0.0188012762078	0.0142239958994	0.00457728030845
TTTTNTTN	58989	94661	107936	1752	1493	15.6641326569	0.0181718233018	0.0136435496989	0.00452827360295
ANAAANTT	9060	27247	28139	198	76	13.3886733305	0.00721442885772	0.0026936026936	0.00452082616411
NTANTTTT	15410	40121	41423	358	180	14.8190353827	0.00884409199832	0.0043266110617	0.00451748093662
TTTTTNTN	58878	93697	107532	1754	1518	14.8834506628	0.0183759206294	0.0139202200825	0.0044557005469
NTTNTTTT	58988	95493	107784	1606	1325	16.3469335609	0.0165398201835	0.0121438194833	0.00439600070026
NATGNTTT	3119	12003	12558	71	20	7.29210105229	0.00588040417426	0.00159007791382	0.00429032626044
TTNTNTTT	57571	93637	105254	1406	1122	16.814545858	0.0147933040834	0.0105474919155	0.00424581216795
NTAAAANT	8906	26215	26877	258	149	7.62752126417	0.00974577871794	0.00551320950196	0.00423256921598
TTNTTTNT	59150	94431	106174	1600	1341	14.5085168802	0.0166612864596	0.0124726782309	0.00418860822864
TNTTNTTT	58718	95538	107033	1482	1201	15.9911319623	0.0152752009895	0.0110963283257	0.00417887266382
NNAAAATT	9107	28478	29647	199	85	11.6786539121	0.00693935906824	0.00285887259518	0.00408048647306
NTATNTTT	22511	48689	50094	389	194	16.1799481483	0.00792615836016	0.00385777919185	0.00406837916831
NTNAAAAT	10456	31459	31911	337	210	7.49472928491	0.0105988174613	0.00653777902307	0.00406103843825
NNTAAAAT	9786	25065	25262	222	120	7.45690631385	0.00877921461621	0.0047277598298	0.00405145478641
NATATTTT	8018	18896	19260	133	58	7.35265595076	0.0069893320721	0.00300238119888	0.00398695087322
TNTTTNTT	59842	94875	106108	1462	1204	14.2864276929	0.0151758929591	0.0112196212912	0.0039562716679
NTTTTTNT	58878	94072	106419	1739	1537	11.5668549711	0.0181503167695	0.0142372818556	0.0039130349139
NNATTTTT	17475	47293	48938	438	259	12.1191429369	0.00917642622195	0.00526454865134	0.00391187757061
ANANTTTT	12407	35226	36221	284	149	10.7087469977	0.00799774711349	0.00409678306296	0.00390096405053
NANAAATT	9270	27862	28933	178	75	10.6763434191	0.00634807417974	0.00258549365692	0.00376258052282
NNTTTTAA	9123	26585	27520	171	73	9.99625344525	0.00639108984901	0.00264559852136	0.00374549132764
AANAANTT	9518	29751	30799	190	81	11.0732389282	0.00634581343309	0.00262305699482	0.00372275643827
NATNTTTT	20120	51101	52841	474	292	11.5235800449	0.0091904992729	0.00549564300905	0.00369485626385
ATANNTTT	17455	39380	39887	272	129	12.223036866	0.00685967920912	0.00322371051579	0.00363596869333
AAAANNTT	10831	33381	34722	199	81	12.5651642552	0.00592614651578	0.00232738557021	0.00359876094557
NTTTNTTT	60628	95939	107428	1474	1256	11.8037207271	0.0151314506277	0.0115564388502	0.00357501177749
NTTTTNTT	58989	95521	107447	1485	1276	11.6216929792	0.0153083314434	0.0117362471602	0.0035720842832
NTATTTTN	18371	44645	45897	489	336	7.82877533336	0.0108344042185	0.00726753617546	0.00356686804309
NNAAATTT	6746	21981	22544	121	45	8.63273456839	0.00547461768166	0.00199212005844	0.00348249762322
ATNNTTTT	19584	50715	53099	484	320	9.74114461485	0.00945330963495	0.00599037795541	0.00346293167954
TTTNTTNT	58113	94087	105506	1495	1301	10.5000701657	0.0156410202758	0.0121808495698	0.003460170706
TANNTTTT	16736	40130	41160	355	221	8.24383094261	0.00876867975794	0.00534061525821	0.00342806449972
TNTTTNAA	11069	32395	33143	183	73	11.5347797485	0.00561728774019	0.00219773603083	0.00341955170936
NNTATTTT	18371	44980	46296	332	182	11.2227546847	0.00732697740113	0.00391583114592	0.00341114625521
TTANNTTT	12827	34839	36118	235	120	9.73697939207	0.00670011974682	0.00331144102875	0.00338867871807
ATNTNTTT	25971	54354	55371	468	288	10.8055736829	0.0085367188355	0.00517436533175	0.00336235350375
TTNTTNTT	60569	103807	115057	1413	1171	12.6046483398	0.0134290058924	0.010075024951	0.00335398094146
NANTTTTT	15722	42147	43746	438	306	6.90792312042	0.0102853117295	0.00694633614819	0.00333897558129
TTTNNTTT	57811	95598	106624	1319	1107	11.3987835684	0.013609583458	0.0102755938402	0.0033339896178
ANAANTTT	8467	26437	27225	167	81	7.70895851374	0.00627725154112	0.00296638101516	0.00331087052596
AAANNTTT	9212	29627	30590	187	91	8.5742316406	0.00627222110418	0.00296600501939	0.00330621608479
TTTTNTNT	58541	93898	105571	1433	1262	9.47138890177	0.0150318364435	0.0118128293692	0.00321900707435
ANATNTTT	18696	44176	44746	296	155	10.7147118681	0.00665587335852	0.00345203893009	0.00320383442843
AAANANTT	10198	30970	32409	174	78	9.62025460174	0.00558695093758	0.00240096038415	0.00318599055343
TATNNTTT	19150	45340	46529	340	199	9.56097876195	0.00744308231173	0.00425868858072	0.00318439373101
TTTNTNTT	58017	94951	106334	1312	1126	10.1223390546	0.0136293279869	0.0104783175135	0.00315101047338
TTTTTNNT	56654	91520	103399	1493	1354	8.19367212835	0.01605151968	0.0129256441343	0.00312587554575
ANNAATTT	7511	24729	25400	129	53	7.9973406718	0.00518947622496	0.00208226928063	0.00310720694432
TNANTTTT	12979	36749	38130	283	174	7.24965987272	0.00764203931735	0.00454260651629	0.00309943280106
NTNTTTAA	9254	26448	26696	151	69	7.46627209783	0.00567690514681	0.00257799364842	0.00309891149839
TANANTTT	10691	26512	26764	144	63	7.71226507398	0.00540216086435	0.00234838036307	0.00305378050128
ATAAANNT	13104	31066	31753	211	118	6.83364472704	0.00674617130799	0.0037024254024	0.00304374590559
ATNANTTT	9577	28898	29772	179	93	7.14553755433	0.00615606837019	0.00311401305876	0.00304205531143
TATNTTNT	23458	48419	49227	384	239	8.58938143446	0.00786836874782	0.00483160150406	0.00303676724376
NTTTNTAA	10130	28636	28845	151	64	8.45842043222	0.00524542328134	0.00221384343976	0.00303157984158
NTTTTNAA	10945	33452	34327	196	98	8.35005998046	0.00582501188778	0.00284676833696	0.00297824355081
ATNNATTT	16654	35635	35722	179	73	10.4500370938	0.00499804545708	0.00203939097639	0.00295865448069
NTATTTNT	22086	47221	48053	359	222	8.26892979545	0.00754518705338	0.00459865354738	0.002946533506
ANNAAATT	8843	27463	28180	153	74	7.08058275223	0.00554026651217	0.00261909818079	0.00292116833138
NANATTTT	13504	37846	38406	222	114	8.59472784353	0.0058316696438	0.00295950155763	0.00287216808616
TTTTNNTT	57014	94764	105848	1247	1085	8.64054568687	0.0129880951141	0.010146540357	0.00284155475706
TATNTNTT	28036	51707	51837	411	264	7.753234125	0.00788595111094	0.00506708124604	0.0028188698649
ANNATTTT	12021	37014	38310	229	129	7.53206838578	0.00614880648713	0.00335596659643	0.0027928398907
TTTTNNAA	12450	37619	38283	203	99	8.88468046195	0.00536724657607	0.00257933406284	0.00278791251322
ANANATTT	14600	35272	35529	181	83	8.75168647604	0.00510535074606	0.00233067505335	0.00277467569271
NATANTTT	13409	36100	36730	181	82	9.17121779323	0.00498883713238	0.00222753449962	0.00276130263276
TTNTTNAA	10858	33584	33934	176	84	7.96226610986	0.00521327014218	0.0024692809689	0.00274398917328
ATATNTTN	23538	47832	47706	358	225	7.22062547387	0.00742892716331	0.00469424798147	0.00273467918184
NAAANATT	10940	32703	34122	154	67	8.95154572906	0.0046869768999	0.00195969463863	0.00272728226127
TNTANTTT	15841	37113	37448	219	118	7.46276764385	0.0058662809386	0.00314113826332	0.00272514267528
NAANATTT	9734	30850	31365	139	56	8.64687375689	0.0044854625835	0.00178224754145	0.00270321504204
TTNTNTAA	11038	30668	30712	135	52	8.69651015224	0.00438268999773	0.00169028734885	0.00269240264888
ANAANATT	11962	35067	35922	165	72	9.11445004649	0.00468324250681	0.0020003333889	0.00268290911791
AAANATNT	18696	42840	44618	205	95	10.4884063954	0.0047624578929	0.00212466173149	0.00263779616142
ATATNNTT	20501	45152	45598	232	115	9.54464916408	0.00511193372114	0.00251569575394	0.00259623796719
ANATATAT	66191	43004	42683	259	146	7.36352636733	0.00598663985392	0.00340890518107	0.00257773467285
NANAATTT	8780	28497	29202	128	56	7.15552421746	0.00447161572052	0.00191400642559	0.00255760929493
TNNATTTT	17149	43668	44695	267	158	7.33525502553	0.00607715944008	0.00352261833099	0.00255454110909
NTNATTTT	15825	43766	45210	273	166	7.14298367279	0.0061990508413	0.00365832157969	0.00254072926161
TTANTNTT	15552	40296	40774	227	126	7.22786532969	0.00560175702687	0.00308068459658	0.0025210724303
ATANTNTT	14886	38516	39236	193	97	7.98683289836	0.00498592058694	0.00246612259426	0.00251979799268
ATATNTNT	81024	75268	74195	464	269	11.4503744249	0.00612686843078	0.00361248388483	0.00251438454595
NATATNTT	23538	47902	47915	297	178	7.18489692681	0.0061619535675	0.00370116233132	0.00246079123618
TTTNNTAA	10389	32536	32840	128	49	8.48306518973	0.00391868723977	0.00148985983155	0.00242882740822
TNTTNTAA	11215	31234	31386	131	55	7.47959059481	0.00417663000159	0.00174930822811	0.00242732177348
NAAAATNT	13504	36724	38546	169	87	7.27778841137	0.00458081478871	0.00225196075894	0.00232885402978
NTATTNTT	21356	52523	53495	308	188	7.50563383779	0.00582991046923	0.00350203975188	0.00232787071736
ANAAATNT	15489	36864	38294	162	79	7.5919551292	0.00437530384054	0.00205873921768	0.00231656462287
TNANATTT	9558	27354	27713	99	36	7.1886196818	0.00360616326085	0.00129734404843	0.00230881921241
ANATATNT	80642	73203	72783	389	221	10.611415397	0.00528590064137	0.00302723138458	0.00225866925679
NTNTATTT	22552	45862	46304	198	104	7.2389956592	0.0042987407729	0.00224099293225	0.00205774784065
NNATATTT	17756	42115	42247	170	85	6.88194825802	0.00402033818139	0.00200793725787	0.00201240092352
ANANATAT	81024	73581	74123	366	219	9.00943026232	0.00494949085156	0.00294584487907	0.00200364597248
NTATATNT	80533	69817	68569	369	231	7.08116164979	0.00525745875246	0.00335755813953	0.00189990061292
ANNTATAT	76461	66815	66318	330	204	6.96546117735	0.00491473676372	0.00306665464057	0.00184808212315
NNATATAT	83430	71286	70667	353	219	7.28725028407	0.00492748363322	0.00308946759586	0.00183801603736
