#Sequence	Occurrence	Forward Match	Backward Match	Forward Mismatch	Backward Mismatch	Strand Bias Score	FER (Forward Error Rate)	RER (Reverse Error Rate), ERD (Error rate Difference)
CCCC	1246	184849	194366	1905	1089	58.35479558	0.0102005847264	0.00557161494973	0.0046289697767
GGGT	1964	339237	353247	2014	1054	74.8559827118	0.00590181420714	0.00297487164868	0.00292694255845
TTTT	139290	7873447	8259994	64711	45378	9223372036854775807	0.00815189115661	0.00546369265579	0.00268819850082
ACCC	1964	350162	341591	2647	1734	37.4530669243	0.00750264307316	0.00505060802447	0.0024520350487
NCCC	6047	954559	954874	6771	4509	99.4205926746	0.00704336700197	0.00469989566211	0.00234347133986
NTTT	249835	16967028	17514247	91027	62723	9223372036854775807	0.00533630592702	0.00356847625046	0.00176782967657
CCGC	268	49567	48218	191	105	5.57710669138	0.00383857872101	0.00217287833951	0.0016657003815
GCCC	523	91267	93064	421	274	8.13776459735	0.00459165866853	0.00293556750734	0.00165609116119
TTGG	5848	893494	910100	3922	2536	71.2639768253	0.00437032546779	0.00277876393217	0.00159156153562
GCCT	1132	186370	188668	738	477	13.731594626	0.00394424610385	0.00252187475217	0.00142237135168
TNTT	268409	17815566	18307201	82939	59668	9223372036854775807	0.00463385070429	0.00324867564526	0.00138517505903
TTNT	264585	17045305	17503595	92534	70712	9223372036854775807	0.00539939720521	0.00402360104441	0.0013757961608
GCCG	297	61756	61988	191	109	5.59151372542	0.00308328086913	0.00175531829235	0.00132796257678
GNGT	11685	1558005	1586142	4992	3152	98.6418586146	0.00319386409571	0.00198327055913	0.00121059353658
CTTT	21622	2352138	2395358	6649	3897	168.078116225	0.00281882170794	0.00162425419557	0.00119456751236
TCCC	2314	328281	325853	1798	1412	10.2950094463	0.00544718082641	0.00431454631568	0.00113263451073
TTCG	3743	559631	563136	1874	1257	28.232406577	0.00333745914996	0.0022271714922	0.00111028765776
ATTT	73700	5088480	5164877	14499	9095	287.453969874	0.00284128153379	0.00175783711238	0.00108344442141
TTTN	249835	16874670	17390585	119080	103877	9223372036854775807	0.007007282089	0.00593770760141	0.00106957448759
TTCC	8239	1057391	1044813	4301	3165	35.6564140707	0.00405108072774	0.00302010156702	0.00103097916073
GTGT	6309	709794	715468	1956	1235	37.6645808441	0.00274815595364	0.00172316845332	0.00102498750032
NTGG	16886	2587239	2625759	8928	6380	101.518944564	0.00343891590949	0.00242388414898	0.00101503176052
CCTT	8322	1196607	1207181	2677	1493	76.3933910085	0.0022321651919	0.00123523795498	0.000996927236916
NTNT	628408	41208970	41862460	162373	122974	9223372036854775807	0.00392476985821	0.00292896817501	0.000995801683198
CCTG	1742	337148	325757	1724	1339	8.63659040117	0.00508746665408	0.00409359943258	0.000993867221493
ACTG	2608	432582	432032	1343	925	17.5342090698	0.00309500489716	0.00213647082736	0.000958534069803
GGAG	2185	372273	384256	1245	920	13.8328596986	0.0033331726985	0.00238851849544	0.000944654203063
NNTT	499645	40578247	41366565	131916	95286	9223372036854775807	0.00324037022402	0.00229816078399	0.000942209440021
GGGN	6047	945026	957397	5243	4403	19.2774315748	0.00551738507728	0.00457787481805	0.000939510259229
ATGG	7301	1003746	1019783	3380	2477	34.4474955312	0.00335608454156	0.00242306262595	0.00093302191561
AGAG	4035	546470	554022	1942	1458	17.3654093447	0.00354113330853	0.00262475696695	0.000916376341587
AAAT	73700	5038675	5087236	27134	23055	81.6822390715	0.00535630143181	0.00451148476672	0.000844816665096
ATNT	278823	14718341	14811738	44133	32112	9223372036854775807	0.00298953955821	0.0021633201629	0.000826219395311
CTCT	4035	554541	551888	1540	1077	18.2447766091	0.00276938071972	0.00194768204136	0.000821698678356
CTGG	1370	266204	265967	568	349	12.1543812775	0.0021291589822	0.00131047327235	0.000818685709849
ACGG	868	141505	143899	364	253	5.44078879064	0.00256574727389	0.00175509184749	0.000810655426399
CTNT	41520	4844542	4885037	12931	9087	153.860458889	0.00266208376248	0.00185671633984	0.000805367422644
TTAA	43972	3724278	3716429	9746	6739	118.85855551	0.00261005285451	0.00181001770535	0.000800035149156
ATCT	12120	1445483	1444074	4212	3052	41.042260046	0.00290543873022	0.00210900778509	0.00079643094513
TTCT	22352	2370472	2374022	8069	6264	51.0223751261	0.00339241577084	0.00263161653684	0.000760799234008
GTTG	5428	810069	824457	2852	2278	17.1641129244	0.00350833598837	0.00275541739493	0.000752918593435
TTCN	55366	6375566	6360185	21399	16637	128.025104662	0.00334518009712	0.00260897983353	0.000736200263596
TCTT	23016	2785336	2801131	5044	3006	115.73902384	0.00180763910292	0.00107198756694	0.000735651535977
GGNT	13575	2044424	2090349	5295	3875	55.9571457304	0.00258328092778	0.00185032737663	0.000732953551144
ATAT	167760	5842409	5831446	19170	15073	105.860098527	0.00327044982248	0.00257811528535	0.000692334537128
ANTT	141742	12151942	12296693	27467	19291	9223372036854775807	0.00225519973917	0.00156633850775	0.000688861231419
AAAC	15223	1658655	1655062	11056	9878	14.7393515831	0.00662150515868	0.00593294653261	0.000688558626069
GACT	2250	417801	426540	940	665	12.3717738741	0.00224482436637	0.00155662972109	0.00068819464528
NCTT	47162	6336412	6369373	11075	6863	220.722375749	0.00174478498341	0.00107634033621	0.000668444647201
NTCT	42302	5168860	5167671	15820	12372	92.5087020921	0.00305129728354	0.00238839716195	0.000662900121581
CCNC	6138	1058982	1047243	4230	3497	14.2880688846	0.00397851040056	0.00332813065078	0.00065037974978
ACNC	11685	1591482	1563465	6327	5195	20.9552699099	0.00395979744763	0.00331174378132	0.000648053666313
TTNN	499643	40465942	41063929	191263	167453	9223372036854775807	0.00470428304159	0.00406129971583	0.000642983325758
CNCC	6253	1105449	1087188	3787	3028	16.6532643252	0.00341406157031	0.00277743126133	0.000636630308978
ACCT	6133	1338440	1337171	3684	2828	25.2667610844	0.00274490285547	0.00211044933616	0.000634453519318
CNTT	55066	6405394	6462901	12892	8929	165.256434119	0.00200863595047	0.00137967159212	0.000628964358355
TNNT	541469	42269738	42875114	146040	121314	9223372036854775807	0.00344305838266	0.00282149019449	0.000621568188173
NTGT	56322	5727863	5793236	15447	12060	100.238769508	0.00268956403189	0.00207741345144	0.000612150580449
ATGT	25243	2341969	2371341	6252	4892	40.8982298926	0.00266244105644	0.00205872067259	0.000603720383848
GCCN	3259	572297	572837	1931	1591	8.00158543948	0.00336277576154	0.00276971178285	0.000593063978692
GGAC	1856	372007	375766	1335	1127	4.99358579258	0.00357580984727	0.00299023860884	0.000585571238435
CCCN	6047	962369	960532	5339	4763	7.69423236809	0.00551716013508	0.00493424289984	0.000582917235243
NTTN	499643	40498748	41132646	184341	163436	9223372036854775807	0.00453114560696	0.00395766358658	0.000573482020378
NGGT	15225	2793611	2843828	8692	7238	35.7806729086	0.00310173453763	0.00253869956009	0.000563034977534
CTTC	8104	1262659	1243218	4319	3550	14.7545826298	0.00340889897062	0.00284736213955	0.000561536831073
CTGT	3801	555246	558050	1246	939	10.5550582286	0.00223902589795	0.00167981838641	0.000559207511538
GGAT	5717	760242	770026	1788	1380	13.4721430082	0.00234636431637	0.00178894123198	0.000557423084381
GTTT	15223	1652963	1694018	5168	4353	20.7876523789	0.00311676218586	0.00256304423474	0.000553717951118
ACTC	2631	406632	399397	1217	973	5.72647957189	0.00298394749037	0.00243025201688	0.000553695473486
ANCT	30987	4892827	4891359	12890	10176	70.3027486171	0.00262754659513	0.00207608432868	0.000551462266441
ANCC	13575	2090050	2049840	7486	6206	21.8549145727	0.00356894947214	0.00301841495764	0.000550534514501
AANT	141742	12079190	12189590	43312	37089	118.289847035	0.00357285979413	0.00303344841228	0.000539411381846
GCTT	3902	577097	581899	843	538	16.0904585489	0.00145862892342	0.000923705053079	0.000534923870339
ANNT	498490	37730064	37952473	109688	90010	9223372036854775807	0.00289875049921	0.00236603904114	0.000532711458068
NCCT	17347	2966278	2951598	9862	8268	29.7757199604	0.00331368820015	0.00279336969984	0.000520318500307
TNCC	17453	2478577	2453438	8636	7273	23.4315928981	0.0034721594009	0.00295564981016	0.000516509590747
TTTC	25405	2619676	2656987	18876	17777	11.7928114611	0.00715392381882	0.00664619383243	0.000507729986394
ACNG	7996	1258163	1257788	3555	2919	14.4497340504	0.00281758681417	0.00231536748824	0.000502219325927
AGAC	3795	794298	795788	2517	2120	8.36222310883	0.00315882607632	0.00265694791881	0.000501878157509
TTGT	20969	2120854	2148377	5993	4994	23.6312876289	0.0028177861407	0.00231915447919	0.000498631661519
TTCA	21032	2388072	2378214	7155	5951	23.9600485302	0.00298719077566	0.00249605207693	0.000491138698722
ACCN	15225	2847713	2811436	8937	7461	25.9098923137	0.00312848966447	0.00264677992846	0.000481709736006
ANAT	278823	14708087	14719332	53853	46801	109.507782265	0.00364809774325	0.00316948249078	0.000478615252472
NTCC	17997	2597859	2558004	7981	6628	23.8697461684	0.00306273600835	0.0025843863759	0.000478349632449
AATT	46822	3786857	3831432	8242	6564	46.7912726155	0.00217174835228	0.00171026754588	0.000461480806407
CTTN	47162	6345034	6360715	16568	13733	60.2617558083	0.00260437543877	0.00215438262262	0.000449992816144
CNGT	7996	1251355	1260518	2745	2198	14.9566727458	0.00218882066821	0.00174069228552	0.00044812838269
ACAA	20969	2170041	2143841	3257	2282	35.8254227348	0.00149864399636	0.00106331277378	0.000435331222581
TNGG	14014	2466062	2498543	8798	7837	15.8851436879	0.00355494856275	0.00312682035446	0.000428128208292
NNCT	96658	13930490	13926461	38129	32129	112.025451264	0.00272961843973	0.00230173678	0.000427881659728
ANGG	18721	2660020	2702004	9765	8755	16.5932773345	0.00365759789646	0.00322972274555	0.000427875150911
CCTN	17347	2993614	2964313	8654	7318	22.5050872608	0.00288248750611	0.0024626206955	0.000419866810608
CAGT	2608	429078	432051	846	670	5.4262388388	0.00196778965585	0.00154834177218	0.000419447883665
TNCT	46375	5743243	5751404	16486	14091	42.572817219	0.00286228744443	0.00244402258609	0.000418264858335
CCNT	18721	2707629	2696927	7663	6520	20.0208135622	0.00282216424606	0.00241173583207	0.000410428413986
GTNG	13019	2120653	2143331	6404	5592	14.8205859325	0.0030107326696	0.00260223377013	0.000408498899474
NNGT	107688	14009365	14182004	35709	30337	110.865535535	0.00254245723447	0.00213455334346	0.000407903891008
TTNG	40626	5515544	5609039	25830	23967	23.6895595663	0.00466129880423	0.00425474426976	0.000406554534476
NNCC	42528	6992581	6900259	22793	19694	41.6324682215	0.00324900710924	0.00284597308681	0.000403034022432
GTNT	43480	4600782	4662090	12775	11063	32.915507225	0.00276901314972	0.00236735240639	0.000401660743329
AGCT	3436	604469	608476	1367	1131	5.934706666	0.00225638621673	0.0018552936564	0.000401092560327
GAGT	2631	395676	402528	834	687	4.33634264684	0.00210335174397	0.00170380566199	0.000399546081974
AATG	21517	2289745	2313566	9357	8539	10.9393131235	0.00406984988052	0.00367726696252	0.000392582918
TTGN	44262	5207331	5248129	16408	14482	30.4938939434	0.00314104514027	0.00275186594639	0.000389179193882
ACTT	11922	1777372	1779162	2511	1826	24.66537439	0.00141076688749	0.00102527361217	0.000385493275312
ATAN	279949	13427128	13339019	37502	32170	82.2932593677	0.00278522321074	0.00240591917443	0.00037930403631
ACGT	3640	559447	562373	1123	916	5.53285982994	0.00200331805127	0.00162616347914	0.000377154572132
NTAA	150180	12129857	12016821	23950	19188	105.883173459	0.0019705759685	0.00159421615587	0.000376359812631
GAAT	15962	1624346	1643133	4221	3662	10.9416738572	0.00259184915327	0.00222371333408	0.000368135819192
NAAT	163198	12047171	12105536	45670	41452	49.9594067906	0.00377661461025	0.003412533214	0.000364081396252
GNCT	8257	1591683	1602794	3985	3429	10.7923134391	0.00249738667442	0.00213482187716	0.000362564797259
GNNT	99360	11845800	12018364	28176	24246	78.0872461444	0.00237292041015	0.00201335092642	0.000359569483729
ATCC	5717	773300	762525	2067	1767	4.94368363059	0.00266583437263	0.00231194360271	0.000353890769919
TNCG	8517	1254321	1255291	3339	2902	7.52577229502	0.00265493058537	0.00230648239181	0.000348448193562
TCCT	7852	1097602	1090477	3585	3181	5.42508135926	0.00325557784463	0.0029085875109	0.000346990333731
TATT	84370	4764064	4820031	9851	8300	33.9364204106	0.00206350552953	0.00171902050626	0.000344485023271
TGGT	6409	1003639	1021080	2592	2287	6.12520270861	0.00257594926016	0.00223477989812	0.000341169362039
NGAG	10866	1621585	1650853	4717	4238	8.41243017802	0.00290044530475	0.00256058428207	0.000339861022674
TNTN	628408	41305897	41776088	174102	161842	130.574562944	0.00419725178875	0.00385908412742	0.000338167661324
GCAA	3928	588211	580809	712	507	7.71652121247	0.0012089865738	0.000872159032265	0.000336827541532
GNTT	34428	4205345	4299770	8618	7398	27.5504786227	0.00204510575912	0.00171760191383	0.000327503845283
NTAT	279949	13345219	13387306	40079	35819	55.994664322	0.00299425533895	0.00266845462588	0.000325800713076
NTCN	115514	14845925	14696373	40455	35282	66.9180883059	0.00271758479899	0.00239497870402	0.000322606094969
CNNT	109224	13565392	13588367	30957	26619	73.7499880089	0.00227686123679	0.00195512503649	0.000321736200307
NCTG	9988	1717974	1698376	4999	4397	7.76041155772	0.00290138034665	0.00258225846898	0.000319121877665
ANGT	46938	5977208	6045089	15478	13742	27.9097037938	0.0025828151183	0.0022680942908	0.0003147208275
GANT	31332	3657311	3718877	7417	6388	21.6111765774	0.00202388826674	0.00171477733799	0.000309110928754
AACT	9298	1504435	1501638	3627	3165	7.4471042856	0.00240507353146	0.00210326534437	0.000301808187092
ANAC	43480	4632522	4596433	21150	19589	11.3587781983	0.00454479817228	0.00424369727874	0.000301100893543
NNGG	42528	6864239	6967712	23149	21391	22.3300597975	0.00336107098947	0.00306062165631	0.000300449333154
GGAN	17997	2553635	2583906	5591	4904	12.5169017884	0.00218464488873	0.00189430665055	0.000290338238182
AGTT	9298	1499233	1521222	2215	1806	11.2576515846	0.00147524256584	0.00118579566495	0.000289446900891
TTNC	51742	6056424	6082763	30808	29171	12.2003848426	0.00506108523546	0.00477279368527	0.000288291550185
NCCN	42528	6972097	6897859	23939	21699	19.9427463176	0.0034217948564	0.00313589394005	0.000285900916355
NATT	163198	12100811	12226801	22500	19260	63.3033164215	0.00185592863204	0.00157275061753	0.000283178014513
NTNG	97916	13329468	13465725	49551	46284	32.9909338667	0.00370363477322	0.00342539736319	0.000278237410032
NCAA	44262	5335763	5255389	7207	5633	37.9941922805	0.00134887525103	0.00107070451331	0.000278170737725
NANT	380944	32512273	32751828	86192	77745	109.609176443	0.00264405087786	0.00236813923836	0.000275911639493
ATAA	81974	4749500	4695733	9001	7601	23.3263900572	0.00189156206965	0.00161608765187	0.000275474417786
CTNN	96658	14044967	13968826	32660	28737	51.0431740984	0.00231999327728	0.00205300022583	0.000266993051451
TNGT	41069	5222797	5290255	12494	11245	18.9583847254	0.00238649580319	0.00212109780251	0.000265398000685
GAGN	10866	1613910	1636513	3711	3339	6.23507686817	0.00229410968329	0.00203615936072	0.000257950322571
NTCG	8126	1265706	1259321	3335	2995	4.29909200976	0.00262796867871	0.00237262301991	0.000255345658801
ANTG	41291	4800489	4849274	17803	16784	9.81611763456	0.00369487776996	0.00344919850935	0.000245679260617
GNGN	34808	5138559	5183520	15090	13949	12.9369344601	0.00292802245555	0.0026838062911	0.000244216164445
TCTN	42302	5212698	5179176	10159	8838	19.1407942226	0.00194510399193	0.00170354204904	0.000241561942895
CTCN	10866	1661313	1632553	3735	3279	5.57789179681	0.00224317857503	0.0020044845681	0.000238694006935
NCNC	34808	5235029	5150835	17807	16301	10.507140631	0.00338997828982	0.00315474568504	0.000235232604786
NGCT	9735	1593411	1605550	3413	3061	5.5062863161	0.00213736767483	0.00190288391662	0.000234483758213
ATTN	163198	12108377	12164552	34744	32128	25.9738494588	0.00286120841586	0.00263415945979	0.000227048956072
CCNN	42528	7004466	6934474	20580	18803	14.7001374886	0.00292951818394	0.00270419256992	0.000225325614017
AANG	55066	6324796	6387905	31444	30332	7.89620801087	0.00494694976905	0.0047259083764	0.000221041392649
CCAA	5848	924464	910122	1199	982	4.68487700982	0.00129528780993	0.00107781329025	0.000217474519676
NTAN	500592	34414296	34339329	91174	83483	71.1018353334	0.0026423056982	0.00242522313401	0.00021708256419
NTTC	55366	6334888	6336924	31585	30214	7.51294051208	0.00496114567673	0.00474530314876	0.000215842527973
NCTN	96658	14049520	13944171	29174	25953	36.8870331921	0.00207220925464	0.00185775015311	0.000214459101524
AGNT	30987	4873611	4926120	10503	9622	11.4566370408	0.00215044120592	0.00194945359786	0.00020098760806
ATNN	544552	37022246	36924213	100507	92856	62.5548649435	0.00270742312673	0.00250846440597	0.000198958720753
ANNG	109224	13425438	13543045	54294	52092	15.4548922572	0.00402782488554	0.00383166421935	0.000196160666194
NGNT	103207	14253223	14453059	29494	27073	31.5082947341	0.00206501326043	0.00186966527653	0.0001953479839
TNCN	127677	15514600	15425290	42698	39490	24.356938779	0.0027445639982	0.00255354424699	0.000191019751203
NGTT	39450	5173996	5256144	7314	6440	16.2110605679	0.00141161212126	0.00122373343589	0.000187878685365
CTAA	10064	1842705	1806510	2679	2293	5.70800892208	0.00145173037156	0.0012676891845	0.00018404118706
TANT	166579	11916258	12004266	27056	25168	18.9969979223	0.002265367887	0.00209220151173	0.000173166375278
TTAN	150180	12008375	12065030	34376	32457	14.9631277419	0.00285449728222	0.00268295390605	0.000171543376177
TGTT	21733	2392719	2426045	3333	2984	6.07392176578	0.00139103825793	0.00122847442332	0.000162563834615
ANNC	99360	11981571	11853126	45730	43388	9.30781816501	0.00380218305005	0.00364711881144	0.000155064238602
GGNN	42528	6895173	6962132	17416	16503	8.26865368019	0.00251946123225	0.00236478910274	0.000154672129513
ACTN	27274	4238712	4198227	7905	7215	6.26146870478	0.00186148173946	0.00171563417115	0.000145847568312
NACT	27274	4201941	4201642	9034	8428	5.30950866821	0.00214534638653	0.00200186695233	0.000143479434195
NNAT	544552	36892892	36959288	109107	104437	25.0818528134	0.0029486785295	0.0028177685864	0.000130909943102
NCNT	135984	17436528	17366971	36802	34397	16.6008490634	0.00210618124879	0.00197668367223	0.000129497576568
TCNT	59352	7126694	7097971	14710	13770	6.74292511818	0.00205981904959	0.00193623474196	0.00012358430763
NTGN	132790	15903065	15950257	42681	40836	10.980448392	0.00267663864707	0.00255367159706	0.000122967050015
ACNN	107688	14242106	14088024	30551	28952	6.74472637651	0.00214052646259	0.00205086415108	8.96623115161e-05
ANCN	103207	14429644	14246248	36225	34685	4.33043832413	0.00250417033363	0.00242876288265	7.54074509823e-05
CNTN	135984	17495935	17393652	40400	38966	4.68148656439	0.00230378810624	0.00223523512074	6.85529855002e-05
