#Sequence	Occurrence	Forward Match	Backward Match	Forward Mismatch	Backward Mismatch	Strand Bias Score	FER (Forward Error Rate)	RER (Reverse Error Rate), ERD (Error rate Difference)
GGGT	48842	1568133	1797584	210175	21192	9223372036854775807	0.118188187873	0.0116517921943	0.106536395679
CGGT	99820	3253900	3635962	342282	45064	9223372036854775807	0.0951792762435	0.0122422389845	0.0829370372591
AGGT	53850	1879863	2052224	194993	28909	9223372036854775807	0.0939790520402	0.0138909911092	0.0800880609311
NGGT	298232	10090451	11164085	997257	142784	9223372036854775807	0.0899425742453	0.0126280759068	0.0773144983385
TGGT	95720	3388555	3678315	249807	47619	9223372036854775807	0.0686591933403	0.012780419621	0.0558787737193
GNGT	235588	8143177	8783966	594762	121874	9223372036854775807	0.0680666230332	0.0136847282233	0.0543818948099
CNGT	320650	11239060	11943203	745201	168159	9223372036854775807	0.0621816397356	0.0138844004498	0.0482972392859
GCGT	104312	3564084	3802924	232637	56369	9223372036854775807	0.061273135424	0.0146060431276	0.0466670922964
NNGT	1023922	36584149	38791641	2250048	546842	9223372036854775807	0.0579398616122	0.0139009427486	0.0440389188636
GAGT	38832	1413678	1495909	86128	20700	9223372036854775807	0.0574260937748	0.0136488706054	0.0437772231694
CCGT	72486	2529010	2641210	157013	42926	9223372036854775807	0.0584555679531	0.0159924832423	0.0424630847108
ANGT	221100	8156132	8528728	483629	129371	9223372036854775807	0.0559771271451	0.0149421945857	0.0410349325594
NCGT	292662	10389180	10908639	583460	163580	9223372036854775807	0.0531740766124	0.0147739129799	0.0384001636325
AAGT	52062	1927588	2002154	113723	36670	9223372036854775807	0.0557107662674	0.0179858585145	0.0377249077528
CAGT	81756	2976353	3114705	162356	44946	9223372036854775807	0.0517269998589	0.0142249887725	0.0375020110864
NAGT	199140	7311496	7644598	400716	116037	9223372036854775807	0.0519586339172	0.014951998129	0.0370066357882
GGGN	190424	6467701	6763733	328435	85555	9223372036854775807	0.048326725657	0.0124910793647	0.0358356462923
ACGT	58148	2155490	2230615	111747	32870	9223372036854775807	0.0492877453923	0.0145218545738	0.0347658908185
TNGT	246584	9045780	9535744	426456	127438	9223372036854775807	0.0450216823145	0.0131879954243	0.0318336868902
GGGA	44408	1577810	1627793	76980	28312	9223372036854775807	0.0465194979423	0.0170955344015	0.0294239635408
CGGN	347604	11707738	12279785	500945	156863	9223372036854775807	0.0410318623229	0.0126129645223	0.0284188978006
GTGT	43602	1597282	1687549	65822	23613	9223372036854775807	0.0395778015085	0.0137993947972	0.0257784067113
NGGN	1083022	37896444	39433558	1503221	497953	9223372036854775807	0.0381531416574	0.0124701767484	0.025682964909
CGNT	400856	14320648	14809757	617443	240302	9223372036854775807	0.041333460882	0.0159668477047	0.0253666131773
TAGT	26490	993877	1031830	38509	13721	9223372036854775807	0.0373009707609	0.0131232240225	0.0241777467384
GGNT	273752	9709338	10210645	392439	161384	9223372036854775807	0.0388485115045	0.0155595399897	0.0232889715147
AGGN	202002	7366661	7516657	272741	94570	9223372036854775807	0.035701878236	0.0124250662869	0.0232768119491
TCGT	57716	2140596	2233890	82063	31415	9223372036854775807	0.0369210931591	0.0138678897544	0.0230532034048
TGGN	342992	12354344	12873383	401100	160965	9223372036854775807	0.0314453969615	0.0123492943414	0.0190961026201
CTGT	66588	2479797	2551326	83550	35223	9223372036854775807	0.0325941045048	0.0136177586429	0.0189763458619
NGNT	1296294	47380406	48949624	1732631	815535	9223372036854775807	0.0352784333007	0.0163876699359	0.0188907633648
CGGA	67888	2415850	2440913	96969	50845	9223372036854775807	0.0385897273142	0.0204052721011	0.0181844552132
NGGA	224292	8226150	8330572	299495	155424	9223372036854775807	0.0351287204663	0.018315351551	0.0168133689154
AGNT	236912	8872071	9044951	323547	174031	9223372036854775807	0.0351849109	0.0188774639109	0.0163074469891
NTGT	233888	8793022	9074319	268615	124441	9223372036854775807	0.0296430987028	0.0135280189939	0.0161150797089
GCNT	337522	12187960	12507375	412656	219369	9223372036854775807	0.0327488751344	0.0172368517824	0.015512023352
ATGT	57040	2193191	2243735	63166	30922	9223372036854775807	0.0279946834654	0.0135941374897	0.0144005459757
GNGN	1086746	38370501	39221774	1085236	529956	9223372036854775807	0.0275051508986	0.013331646195	0.0141735047036
TGGA	67452	2522492	2563095	83337	47433	9223372036854775807	0.0319809933806	0.018169887471	0.0138111059096
CGCT	106738	3798382	3861193	126040	75366	9223372036854775807	0.0321168314723	0.0191451468148	0.0129716846575
CCNT	242340	8856095	9033449	295040	179199	9223372036854775807	0.0322408094734	0.0194514107128	0.0127893987606
CNNT	1189140	43821465	44709067	1354637	787418	9223372036854775807	0.029985699076	0.0173072271407	0.0126784719353
GCGN	460362	15791849	16101544	423539	231811	9223372036854775807	0.026119572347	0.0141924913773	0.0119270809697
GGCT	70488	2449145	2580843	71377	44625	9223372036854775807	0.0283183404073	0.0169969696831	0.0113213707241
GNNT	1080026	39549552	40636621	1128785	682103	9223372036854775807	0.0277490449032	0.0165083268302	0.011240718073
TGNT	384774	14478349	14884271	399202	239818	9223372036854775807	0.0268325075814	0.0158566906079	0.0109758169734
GAGN	170352	6356544	6374356	151751	79649	9223372036854775807	0.0233165521846	0.0123410192586	0.010975532926
AAAC	100836	3798679	3780196	59508	17379	9223372036854775807	0.0154238247135	0.00457634148108	0.0108474832324
CNGN	1525556	54777815	55293855	1326714	729273	9223372036854775807	0.0236471818523	0.0130173559748	0.0106298258774
GCCT	67222	2391420	2419806	77064	51725	9223372036854775807	0.0312191612342	0.0209283233753	0.0102908378589
GNGA	268874	9852852	9874907	308486	206730	9223372036854775807	0.0303587972371	0.020505598446	0.00985319879117
CGAT	97126	3644431	3657630	90226	53234	9223372036854775807	0.0241591128717	0.0143454462357	0.00981366663598
CCGN	347604	12203294	12038257	290867	168876	9223372036854775807	0.0232802346632	0.0138342066069	0.00944602805631
TAAC	70026	2684827	2694198	37366	12292	9223372036854775807	0.0137264330633	0.00454167574977	0.00918475731357
NCNT	1054854	39143759	39881808	1100494	741361	9223372036854775807	0.0273453702818	0.0182497086823	0.00909566159956
TTTC	109494	4059871	4174750	57196	21019	9223372036854775807	0.0138924141871	0.00500957035528	0.00888284383181
TNGN	1042986	38556821	39415951	829759	488182	9223372036854775807	0.0210670487257	0.0122338706118	0.00883317811388
CCCT	36386	1294145	1334881	44107	33158	9223372036854775807	0.032958665483	0.024237613109	0.00872105237405
GGAT	72796	2697682	2761552	66739	43355	9223372036854775807	0.0241421259642	0.0154568404585	0.00868528550565
TTGT	66658	2522752	2591709	56077	34683	9223372036854775807	0.0217451409147	0.0132055687041	0.00853957221059
NAAC	330110	12599628	12573062	172843	63458	9223372036854775807	0.0135324636869	0.00502179397492	0.00851066971202
GAAC	71806	2744038	2746571	39275	15887	9223372036854775807	0.0141108815286	0.00575103766284	0.00835984386576
NCGN	1385700	49387794	49555427	1104638	679280	9223372036854775807	0.0218772983642	0.013522125251	0.00835517311326
GCGA	101722	3643027	3615966	122845	90092	9223372036854775807	0.0326205988945	0.0243093874947	0.00831121139975
CCCG	64996	2219592	2211287	41052	23296	9223372036854775807	0.0181594271367	0.0104252113258	0.00773421581091
ANAC	239320	9147201	9084500	115569	45001	9223372036854775807	0.0124767213263	0.00492918506718	0.00754753625916
AGGA	44544	1709998	1698771	42209	28834	9223372036854775807	0.0240890488395	0.0166901577618	0.00739889107779
ANGN	1054854	39710956	39701649	822421	520848	9223372036854775807	0.0202899699179	0.0129491712064	0.00734079871153
CCGA	63886	2333464	2264393	77184	57519	9223372036854775807	0.0320179470416	0.0247722566574	0.00724569038418
CGNN	1385702	49415710	49620874	1108599	755188	9223372036854775807	0.0219418933567	0.0149910090233	0.00695088433343
NGCT	322156	11724226	11973548	308070	228038	9223372036854775807	0.0256035921989	0.018689209747	0.00691438245187
ATTC	69352	2661287	2706578	32630	14392	9223372036854775807	0.0121124741408	0.00528929021636	0.00682318392446
ATAC	52988	2055000	2051184	23722	9533	9223372036854775807	0.0114118193775	0.00462605976464	0.00678575961285
CANT	307328	11638882	11744086	293862	213373	9223372036854775807	0.0246265234551	0.0178443430164	0.00678218043877
NAGN	947358	35573531	35530005	707454	458295	9223372036854775807	0.0194993052146	0.0127345553972	0.00676474981739
TTAC	72224	2754160	2789948	30859	12840	9223372036854775807	0.0110803552866	0.00458115276646	0.00649920252016
TATC	80662	3093096	3145071	35763	15843	9223372036854775807	0.0114300452657	0.00501215787585	0.00641788738985
AANC	345136	13078186	12985923	162102	76438	9223372036854775807	0.0122430871594	0.00585177518827	0.00639131197117
CNCT	240890	8803642	8925107	240210	185264	9223372036854775807	0.0265605850251	0.0203355055464	0.00622507947868
GGGC	62080	2103567	2127856	36606	23428	9223372036854775807	0.0171042247519	0.0108902404332	0.00621398431877
NTTC	334432	12609524	12908550	148936	70884	9223372036854775807	0.0116735091853	0.00546125509017	0.00621225409511
TANC	261742	10005888	10062669	118128	55978	9223372036854775807	0.0116680969291	0.00553216255098	0.00613593437814
ACNT	221100	8431317	8505946	219591	167446	9223372036854775807	0.0253835782325	0.0193057110759	0.00607786715658
CAGN	415174	15442603	15452834	295649	199591	9223372036854775807	0.0187853771817	0.0127514426678	0.00603393451383
AATC	83464	3199352	3210429	35181	15816	9223372036854775807	0.0108766860626	0.00490229353319	0.00597439252937
TNTC	289258	10906849	11163651	124517	60770	9223372036854775807	0.0112875413616	0.00541408772889	0.00587345363271
GNCT	217388	7844497	8026822	199940	155483	9223372036854775807	0.0248544428902	0.0190023471381	0.00585209575204
TAGN	107956	4108438	4131549	70551	46106	9223372036854775807	0.0168823129231	0.0110363349774	0.00584597794566
TNAC	292288	11168428	11236000	122479	57102	9223372036854775807	0.0108475784983	0.00505636095379	0.00579121754455
NTAC	210454	8063744	8122373	87627	40541	9223372036854775807	0.0107499707718	0.00496648623274	0.00578348453905
ACGN	292662	10904744	10801938	203044	139488	9223372036854775807	0.018279427011	0.0127486124752	0.00553081453584
AAGN	253876	9665946	9571266	189503	132949	9223372036854775807	0.019228246222	0.0137001292737	0.00552811694824
AGAC	41894	1600731	1585472	18669	9618	9223372036854775807	0.011528343831	0.006029753807	0.00549859002405
TGAC	73908	2814222	2827626	32478	16859	9223372036854775807	0.0114089998946	0.00592690768276	0.00548209221185
GGAC	32992	1213414	1222556	15573	8879	9223372036854775807	0.0126714114958	0.00721028718528	0.00546112431053
CAAC	87442	3372084	3352097	36694	17900	9223372036854775807	0.0107645613765	0.0053115774287	0.00545298394784
NNAC	1023924	38871639	38767394	427368	214404	9223372036854775807	0.0108747785917	0.00550010545948	0.00537467313226
TTNC	370558	13882735	14169552	155331	81692	9223372036854775807	0.0110649857324	0.00573227151258	0.00533271421979
GTGN	265608	9754407	9982141	181511	132941	9223372036854775807	0.0182681660618	0.0131428494598	0.00512531660191
GGNN	1083024	38637929	39367603	786850	593699	9223372036854775807	0.0199582602606	0.0148568482578	0.00510141200279
NGAC	217752	8176328	8136440	93603	51512	9223372036854775807	0.0113184741203	0.00629119467237	0.00502727944791
GTTC	71806	2715821	2775050	30987	17875	9223372036854775807	0.0112810942738	0.00640010025332	0.00488099402047
GTAC	48120	1842434	1857545	19631	10787	9223372036854775807	0.0105425965259	0.00577359912478	0.00476899740112
NATC	345796	13272316	13375214	134916	71268	9223372036854775807	0.0100629272321	0.00530012236658	0.00476280486553
NANC	1296294	49102759	48960334	540822	303259	9223372036854775807	0.0108940972651	0.00615584413423	0.00473825313084
GANC	255282	9650014	9642308	114833	68437	9223372036854775807	0.0117598360732	0.00704755402392	0.00471228204929
GNAC	225098	8476990	8481311	95664	55649	9223372036854775807	0.0111592046057	0.00651859678387	0.00464060782185
TCGN	285072	10487907	10613688	187188	139105	9223372036854775807	0.0175350195947	0.0129366388807	0.00459838071397
TNGA	229228	8698347	8719610	216844	175579	9223372036854775807	0.0243229786103	0.0197386474869	0.00458433112347
ANTC	229432	8800589	8875130	89335	48930	9223372036854775807	0.0100490172919	0.00548293041508	0.00456608687686
NCCT	202002	7412850	7525215	200160	167751	9223372036854775807	0.0262918346357	0.0218057638627	0.00448607077298
GATC	76384	2922913	2945554	31464	18427	9223372036854775807	0.0106499610578	0.00621697642461	0.00443298463317
ATNC	281914	10795483	10854639	115103	67468	9223372036854775807	0.0105496625021	0.00617719639626	0.00437246610582
GTGA	76130	2857240	2878799	72340	59859	272.023219992	0.0246929594003	0.0203695019972	0.00432345740315
NCGA	285072	10547220	10356666	304408	252442	9223372036854775807	0.0280518277995	0.0237948374171	0.00425699038242
CTAC	37122	1412150	1423696	13415	7381	9223372036854775807	0.00941030398474	0.00515765399067	0.00425264999407
GAGA	46614	1774775	1752349	36321	28467	183.804859525	0.0200547072049	0.0159853685052	0.00406933869969
NTNC	1151452	43323795	43910743	449775	276061	9223372036854775807	0.0102750358264	0.00624758921238	0.00402744661403
TACC	68642	2612702	2608536	27577	16853	9223372036854775807	0.0104447295153	0.00641923920608	0.00402549030925
CGAC	68958	2547961	2500786	26883	16156	9223372036854775807	0.0104406325199	0.0064189003958	0.00402173212408
CNGA	316338	11796283	11669774	322151	269673	9223372036854775807	0.0265835503168	0.022586724494	0.00399682582279
NGAT	345796	13134411	13232924	266891	214246	9223372036854775807	0.0199153037518	0.0159324229559	0.00398288079592
AACC	81626	3083255	3041574	33293	20645	9223372036854775807	0.0106826527299	0.0067418430883	0.00394080964158
TAGC	42412	1615263	1614864	17422	10990	9223372036854775807	0.0106707662531	0.00675952453295	0.00391124172018
TTGC	108610	4057251	4134060	43073	27659	9223372036854775807	0.0105047796223	0.00664605178773	0.00385872783456
NNTC	1068332	40360702	41014926	397250	244671	9223372036854775807	0.00974656430235	0.0059300385314	0.00381652577095
GTGC	72180	2627768	2675574	31857	22037	9223372036854775807	0.0119780044179	0.00816907997484	0.00380892444308
GTNC	225098	8403247	8534200	92861	61541	9223372036854775807	0.0109298281048	0.00715947583809	0.00377035226673
GANT	229432	8700164	8780422	184827	152256	9223372036854775807	0.020802159507	0.0170448324679	0.00375732703904
NGGC	370076	12782347	13171039	173024	128292	9223372036854775807	0.0133553875068	0.00964650026381	0.00370888724304
AAGC	79210	2996900	2953724	34120	22598	9223372036854775807	0.0112569366088	0.00759259246815	0.00366434414064
NNGA	1068332	40202926	39899313	1007745	847721	9223372036854775807	0.0244534965228	0.0208044835852	0.00364901293755
ANNC	1080026	40777985	40537547	424025	272358	9223372036854775807	0.0102913668532	0.00667382097557	0.00361754587765
CNAC	267218	10079020	9965583	93656	56652	9223372036854775807	0.00920662370452	0.00565263137414	0.00355399233038
TNNC	1263516	47195008	47823981	488756	323242	9223372036854775807	0.0102499458726	0.00671361669187	0.00353632918069
CTCG	41788	1509281	1539629	20277	15268	175.166688642	0.0132567709103	0.00981929992791	0.00343747098238
TGGC	125874	4438955	4627960	59118	45476	9223372036854775807	0.0131429614415	0.00973074200652	0.00341221943496
CTTC	83780	3172545	3252172	28123	17598	9223372036854775807	0.00878660329656	0.00538202992871	0.00340457336785
CGGC	114900	3815056	3975994	48005	36765	9223372036854775807	0.0124266740805	0.00916202542939	0.00326464865109
GAGC	52572	1956797	1936422	23795	17156	218.135322001	0.0120140846777	0.00878183517628	0.00323224950144
TGTC	52488	1987785	2038731	19736	13683	271.843188475	0.00983103041014	0.00666678360214	0.003164246808
ACAC	43602	1692791	1667648	13670	8471	248.388464041	0.00801073098067	0.00505393710112	0.00295679387954
ATGC	86778	3307862	3331163	33174	23550	9223372036854775807	0.00992925547645	0.00701997458501	0.00290928089144
NTGC	382274	14233337	14378295	144078	103273	9223372036854775807	0.0100211338408	0.00713134102605	0.00288979281476
TCCG	67888	2470121	2482057	32183	25069	198.713311269	0.0128613469826	0.00999909856944	0.00286224841318
CCCN	190422	6698484	6728300	151007	131623	9223372036854775807	0.0220464557147	0.0191872416061	0.00285921410867
GNTC	255282	9570148	9726756	95363	68916	9223372036854775807	0.0098663174663	0.0070353519391	0.0028309655272
ANNT	1057096	39955129	40160438	917296	805005	9223372036854775807	0.0224429061892	0.0196508310675	0.00279207512166
CCNN	1083020	39289670	38981457	702950	585573	9223372036854775807	0.0175769929552	0.0147995186902	0.00277747426502
CATC	105286	4056955	4074160	32508	21182	9223372036854775807	0.0079492099574	0.00517221760722	0.00277699235017
AGGC	67222	2424769	2439229	29295	22623	194.358159643	0.0119373414874	0.00918942324721	0.00274791824021
NCCG	347604	12346738	12096171	159875	122677	9223372036854775807	0.0127832371562	0.0100399808558	0.00274325630041
NACC	298232	11192984	11097908	109686	78336	9223372036854775807	0.00970443266945	0.00700915262766	0.00269528004179
TNGC	378618	13811413	14080164	147340	111686	9223372036854775807	0.0105553841378	0.00786972804814	0.00268565608968
NAGC	322156	12037831	11914150	123377	90197	9223372036854775807	0.0101451270301	0.00751369483071	0.00263143219943
TTGN	306966	11606132	11797331	170920	142006	9223372036854775807	0.0145129697992	0.011893960276	0.00261900952321
CANC	434134	16368671	16269434	145759	102406	9223372036854775807	0.00882615990985	0.00625500860013	0.00257115130972
GNGC	327096	11472075	11495255	136813	107890	9223372036854775807	0.0117851942408	0.00929834109631	0.00248685314451
NTGN	1294062	48558324	49114239	748817	632731	9223372036854775807	0.0151867860276	0.012718985699	0.00246780032858
AGCT	53316	2010747	2013861	49135	44136	59.8070923479	0.0238533081021	0.0214460954025	0.00240721269964
CGAN	285072	10661533	10512153	181248	153500	9223372036854775807	0.0167160067145	0.0143919926891	0.00232401402546
CTGN	415174	15424180	15522979	239253	203943	9223372036854775807	0.0152746208318	0.0129677631771	0.00230685765479
GGNC	199896	7043914	7110392	88605	72740	9223372036854775807	0.0124226798414	0.0101265019214	0.00229617792
TCAC	76130	2915219	2924228	21776	15111	265.88280682	0.0074143810255	0.0051409517582	0.0022734292673
ACCG	99820	3649569	3577645	44865	35900	178.631509112	0.0121439441062	0.00993484237778	0.00220910172841
CNCG	285276	10003094	9935316	124652	101741	9223372036854775807	0.0123079705988	0.0101365370347	0.00217143356408
ANGC	337522	12570293	12483389	125873	97418	9223372036854775807	0.00991425285397	0.00774338243962	0.00217087041436
GNNC	1007372	36639753	36806040	387729	308307	9223372036854775807	0.0104713844706	0.00830694933148	0.00216443513911
TGNN	1294062	48504520	49077219	810341	711098	9223372036854775807	0.0164319838598	0.0142824269396	0.00214955692016
CTNC	273882	10242330	10352352	86480	65360	9223372036854775807	0.0083726973388	0.00627393039854	0.00209876694027
CNTC	294360	11083116	11249389	88035	66055	9223372036854775807	0.00788056664886	0.00583759682784	0.00204296982102
NNGC	1534868	55342131	55459815	566829	453479	9223372036854775807	0.0101384286168	0.00811039678685	0.00202803182995
TGNC	362342	13280372	13501817	144892	119917	9223372036854775807	0.0107924879541	0.00880335792785	0.0019891300262
ATCC	72796	2771334	2765714	25577	19993	146.396545464	0.00914473145552	0.00717699312957	0.00196773832595
GCNN	1534868	55151583	55074647	987061	878401	9223372036854775807	0.0175825586382	0.0156988945446	0.00188366409363
GGTC	54520	1992972	2031935	20405	16980	83.8810655264	0.0101347139656	0.00828731304129	0.00184740092435
NGTC	217752	8079437	8232653	74207	60453	9223372036854775807	0.00910108412877	0.00728954869261	0.00181153543615
CNAT	297344	11309181	11268463	220106	198645	219.853323628	0.0190910331229	0.0173230251254	0.00176800799744
AGNC	217388	8065221	7977211	82953	69216	236.906217894	0.0101805631544	0.0086020789103	0.00157848424409
GACC	54520	2026266	2013761	20299	16967	61.0222077952	0.00991857087363	0.00835513175571	0.00156343911793
NGNC	1175656	42271163	42403261	448461	386375	9223372036854775807	0.0104977749804	0.00902963979408	0.00146813518633
CAGC	147962	5468871	5409140	48040	39453	163.300165511	0.00870777143224	0.00724095193016	0.00146681950208
TTCC	80230	3011453	3070794	24203	20174	98.1018453259	0.00797290602097	0.00652675796061	0.00144614806036
AGTC	37784	1438103	1454594	12285	10316	43.1598240295	0.00847014729852	0.00704207084394	0.00142807645457
CCAT	79112	2995722	2982406	64155	59529	33.729335893	0.0209665290468	0.0195694516812	0.00139707736551
CTGC	114706	4240456	4237498	35974	30027	115.988725726	0.00841215686916	0.00703616264697	0.0013759942222
NCAC	265608	10031939	9935519	73295	58893	9223372036854775807	0.00725317197009	0.00589259278085	0.00136057918924
TTTG	97056	3661286	3718884	39823	35468	71.072996654	0.0107597479566	0.00944716957813	0.00131257837849
CCNG	396936	14313047	14189000	166063	145602	253.156122906	0.011469144167	0.0101573800235	0.00131176414348
CACC	93444	3470761	3434037	28517	23871	79.8103248055	0.00814939538956	0.0069033068549	0.00124608853467
CNNC	1359234	49613998	49340564	417037	355898	9223372036854775807	0.00833556611411	0.0071614353553	0.00117413075882
GCAT	86778	3297556	3295398	61338	57317	29.6532758745	0.0182613681765	0.0170956970694	0.00116567110716
AGAT	65674	2531962	2523170	51364	48171	20.5778660199	0.0198828951514	0.0187338046568	0.00114909049465
CNGC	491632	17488350	17401007	156803	136485	283.218492103	0.00888646304172	0.00778246969407	0.00110399334765
NANT	1063376	40187213	40323045	819940	777706	270.664003968	0.019995048181	0.0189219413533	0.00107310682765
ANCC	273752	10259902	10094528	93248	81009	146.229635962	0.00900672742112	0.00796115232051	0.00104557510061
TCTC	46614	1766097	1805099	11822	10225	34.2205969103	0.00664934679251	0.00563260332591	0.00101674346661
AGNN	947358	35718768	35440206	596611	554810	259.744580618	0.0164286045314	0.0154135228055	0.00101508172594
CCTG	98840	3675420	3666719	38155	34322	42.8756161702	0.0102744659795	0.00927360707433	0.00100085890521
CACG	65676	2437923	2387349	27075	24120	25.658243616	0.0109837817313	0.0100022019773	0.000981579753962
NTCC	224292	8417190	8501525	69134	61363	118.549287149	0.00814651903463	0.00716615702553	0.000980362009099
CGTC	72960	2660577	2707393	21781	19474	38.3392887976	0.00812009433491	0.00714152908814	0.000978565246766
CCAG	135932	5041182	4956715	54970	49793	38.9910386074	0.0107865699453	0.0099456547358	0.000840915209528
CGCN	460362	16193822	15896745	295109	279939	37.1728746439	0.0178974003833	0.0173050916986	0.000592308684679
NNCT	947358	35283089	35678685	744178	730532	70.3222137042	0.0206559659382	0.0200644798266	0.00059148611161
TCNC	268874	10026013	10089943	70405	65655	43.805675639	0.00697326517187	0.00646490733485	0.000508357837015
CGNC	396030	13881656	13813841	132011	124502	40.9330117109	0.00942016104707	0.00893233865747	0.000487822389598
