#Sequence	Occurrence	Forward Match	Backward Match	Forward Mismatch	Backward Mismatch	Strand Bias Score	FER (Forward Error Rate)	RER (Reverse Error Rate), ERD (Error rate Difference)
TATNTTTT	10922	14419	14913	165	59	12.3486788912	0.0113137685134	0.00394068928667	0.00737307922677
TNTTTTTT	43943	41630	47715	743	559	13.1630717879	0.0175347509027	0.0115797323611	0.00595501854159
TTTTTTTT	35834	28202	33393	575	479	7.7506674327	0.0199812350141	0.0141414737837	0.00583976123042
NTTTTTTT	44441	42407	48532	724	573	10.2620815174	0.0167860703438	0.0116688728235	0.00511719752029
TNTNTTTT	60048	70632	77455	900	624	17.8871860103	0.0125817815803	0.00799190563404	0.00458987594623
NNTTTTTT	58641	72286	80086	1017	754	16.1343598243	0.0138739205762	0.00932706580901	0.00454685476723
NTGTNTTT	4201	12312	12992	79	24	7.62747129198	0.00637559519006	0.00184388444991	0.00453171074015
TTTTTTNT	43457	42566	48286	663	535	8.23179670813	0.0153369266002	0.0109583990496	0.00437852755061
TANNTTTT	16736	29092	30077	226	105	11.2225197416	0.0077085749369	0.00347889470545	0.00422968023145
NTNTTTTT	59391	72781	80357	960	713	14.9156776406	0.0130185378555	0.00879486863205	0.00422366922342
TNNTTTTT	57358	72523	79691	925	683	14.4317601009	0.0125939440148	0.00849777291164	0.00409617110318
TTNTTTTT	43582	43344	49343	666	553	7.27915313342	0.0151329243354	0.0110830527497	0.00404987158566
TATNNTTT	19150	31081	31683	209	86	12.3825707954	0.00667945030361	0.00270704145551	0.0039724088481
TNTTTTNT	59112	70898	77587	893	664	13.271819213	0.012438885097	0.00848551456211	0.0039533705349
ATATATNT	66191	19495	19035	141	62	6.91406067163	0.00718068853127	0.00324658323297	0.0039341052983
TTTNTTTT	44354	44075	49697	633	517	7.17644355726	0.0141585398586	0.010295933405	0.00386260645361
NNNTTTTT	85554	140383	151210	1504	1037	27.7790931354	0.0105999844947	0.00681130005846	0.00378868443625
NATNTTTT	20120	39106	40539	297	156	11.4116591401	0.00753749714489	0.00383339476594	0.00370410237895
CTTNTNTT	5517	17814	18137	99	34	7.77576438078	0.00552671244348	0.00187111331242	0.00365559913106
NTTTTTNT	58878	74378	81374	901	684	12.1685851761	0.0119688093625	0.00833556752541	0.0036332418371
ATANNTTT	17455	26784	27341	163	67	9.8272196709	0.00604891082495	0.00244454173964	0.00360436908531
NTTNTTTT	58988	74112	81090	855	641	12.277047193	0.011405018208	0.00784280138503	0.00356221682298
NGNNTTTT	6866	25001	26614	180	96	7.42678263799	0.00714824669394	0.00359415949083	0.00355408720311
NNTNTTTT	87450	138379	147910	1339	900	26.4389888997	0.00958358980232	0.00604798064646	0.00353560915585
NNGTNTTT	7010	24305	25608	149	66	8.60823876266	0.00609307270794	0.0025706940874	0.00352237862054
ANNTTTTT	18092	35820	37890	308	191	8.18436459825	0.00852524357839	0.00501562458969	0.0035096189887
ATNTNTTT	25971	37917	38844	265	136	10.4349111452	0.00694044314075	0.0034889687019	0.00345147443885
NTATATNT	80533	35154	34887	219	96	10.9528590387	0.00619116275125	0.00274419003516	0.00344697271609
ATNNTTTT	19584	38836	40166	269	140	10.5417524198	0.00687891573968	0.00347342827371	0.00340548746597
NGNTTTNT	7130	25469	26966	169	87	7.43906795131	0.00659177782978	0.00321590951096	0.00337586831882
TNTTNTTT	58718	72779	79127	817	618	10.9296077906	0.0111011468015	0.00774970217568	0.00335144462577
TNTTTNTT	59842	72412	78818	794	598	10.9238255322	0.0108461055105	0.00752996877204	0.00331613673844
TATNTTNT	23458	31794	32479	210	107	8.45020126101	0.00656167979003	0.00328361873197	0.00327806105806
TATNTNTT	28036	32681	32870	218	111	8.39022437558	0.00662634122618	0.00336557411843	0.00326076710775
ATANATNT	76648	34003	33799	197	85	10.227414392	0.00576023391813	0.00250855861173	0.00325167530639
CNNNTTTT	12034	44701	46213	302	165	10.4923853215	0.00671066373353	0.00355772133339	0.00315294240014
TNNNTTTT	83800	135896	144367	1225	840	21.9126117682	0.00893371547757	0.00578484508323	0.00314887039434
NCCNTNTT	4120	19483	19840	81	20	8.8488245418	0.00414025761603	0.00100704934542	0.00313320827061
NNTTTTNT	86737	139327	148613	1325	950	20.044097075	0.00942041350283	0.00635183835574	0.00306857514709
NTANATAT	75904	29960	29336	166	72	8.31984079157	0.00551019053309	0.00244831338411	0.00306187714898
TATTNTNT	21122	28785	29339	178	91	7.14549243364	0.00614577219211	0.0030920829086	0.00305368928351
ATNTATNT	79506	36298	35698	203	91	9.57663144083	0.00556149146599	0.00254268071195	0.00301881075404
ATATNTNT	81024	39913	39569	243	122	9.20436375971	0.00605139954179	0.00307374467763	0.00297765486415
NTNNTTTT	85478	142114	151219	1248	873	20.7615946584	0.00870523569705	0.00573994687426	0.00296528882279
NTGNNTTT	7970	29039	30097	147	63	8.64281109004	0.00503666141301	0.00208885941645	0.00294780199656
NNNNTTTT	139290	296266	311459	2218	1409	49.3634348582	0.00743088406749	0.00450349668231	0.00292738738518
NTTTTNTT	58989	74150	80938	782	613	9.0032593867	0.0104361287567	0.00751676864784	0.0029193601089
NTNTNTTT	92307	133999	141513	1155	805	18.8894290669	0.00854580700534	0.00565634705378	0.00288945995156
NTTTNTTT	60628	73378	79575	788	622	8.42024928671	0.0106248146051	0.00775590109356	0.00286891351152
TNTNTTNT	91141	130994	138669	1129	792	18.1946093965	0.00854506785344	0.00567900703422	0.00286606081921
TTTTTNNT	56654	72772	79729	758	599	8.56844461867	0.0103087175303	0.00745692660094	0.00285179092932
TTTNTTNT	58113	73166	79385	763	598	8.51171722292	0.0103207131166	0.00747658877511	0.00284412434152
NANNTTTT	34616	83736	87332	524	297	16.6136001191	0.00621884642772	0.00338928893403	0.0028295574937
CNNTNTTT	11305	39683	40707	231	121	8.80047548366	0.00578744300246	0.00296365239541	0.00282379060704
NNNGTTTT	7135	27448	28821	137	62	7.62209852277	0.00496646728294	0.00214659142056	0.00281987586238
NTATNTAT	78864	30248	29769	164	77	7.1883363217	0.00539260818098	0.00257991020572	0.00281269797526
ANNNTTTT	35637	86077	89518	537	310	16.0445211619	0.00619992149075	0.00345103976488	0.00274888172587
NCNNTTTT	12330	45415	46294	266	143	9.28276372407	0.0058229898645	0.00307944096303	0.00274354890147
NNCTNTTT	9621	33634	34028	170	78	8.33272499762	0.00502899065199	0.00228698762681	0.00274200302518
TNTNNTTT	85710	133427	141001	1058	731	18.0537661659	0.00786704836971	0.00515762142635	0.00270942694335
ATNNNTTT	41869	80901	82787	429	213	17.711134034	0.00527480634452	0.00256626506024	0.00270854128428
NNNCTTTT	11899	44154	45295	211	93	11.3492527629	0.00475600135242	0.00204899973561	0.0027070016168
CTNTNTNT	9913	31197	31197	156	73	7.19699362215	0.00497560042101	0.00233450591621	0.0026410945048
TNNTNTTT	83245	132912	140286	1090	778	16.1158769312	0.00813420695214	0.00551522713095	0.00261897982119
TTNNTTTT	57276	75059	81764	785	638	7.32945605697	0.0103501925004	0.0077425305211	0.00260766197929
NNGNNTTT	15244	63929	67146	347	189	12.6587574803	0.00539859356525	0.00280686121631	0.00259173234894
TANNNTTT	31272	62948	64232	342	182	12.1008914747	0.00540369726655	0.00282547272332	0.00257822454323
CTNNNTTT	9025	37861	38392	179	82	8.82374105878	0.00470557308097	0.00213130945574	0.00257426362523
NTNTTTNT	91144	138554	146245	1208	893	15.1212902246	0.00864326497904	0.00606913237913	0.00257413259991
TTNTNTTT	57571	71702	78014	738	599	6.92743107647	0.0101877415792	0.00761960489995	0.00256813667929
NTANATNT	98709	71348	71098	342	158	15.3686406333	0.00477053982424	0.00221735713484	0.00255318268941
NNTATTTT	18371	32326	33169	162	81	6.99086317627	0.0049864565378	0.00243609022556	0.00255036631223
NNCNTTTT	14456	52261	53228	251	119	11.5129406549	0.00477985984156	0.00223067838866	0.0025491814529
TNNTTTNT	86036	133705	141446	1147	851	14.3170087806	0.00850562097707	0.00598044934187	0.0025251716352
TTTTNTNT	58541	73026	79190	739	598	6.91291067955	0.0100183013624	0.00749486138266	0.00252343997977
NNTTNTTT	86672	137188	145416	1163	862	14.7339869243	0.00840615535847	0.00589288888281	0.00251326647566
CTNNTNTT	9418	35759	36401	165	76	8.17056203663	0.00459302972943	0.00208350467418	0.00250952505525
NNNTNTTT	144384	281875	293639	1925	1261	37.158172044	0.00678294573643	0.00427602577145	0.00250691996499
ANNTNTTT	41598	81925	84277	466	267	13.7983383848	0.00565595756818	0.00315811884936	0.00249783871882
NNTTNTCT	10242	36530	36829	168	77	8.18826569935	0.00457790615292	0.00208638161817	0.00249152453476
ATNTNTNT	111705	95505	96013	512	274	16.7607073053	0.0053323890561	0.00284565933096	0.00248672972515
TNTTNTNT	89835	131726	139049	1067	778	14.3544867486	0.00803506208912	0.00556401839416	0.00247104369496
TCCNNNTT	3860	19098	19184	60	13	7.17074640123	0.0031318509239	0.000677189144137	0.00245466177976
ANANNTTT	31974	70544	72389	348	179	13.5314702975	0.00490887547255	0.00246665196781	0.00244222350474
TNTNTNTT	95439	132568	139707	1025	740	14.3409825952	0.00767255769389	0.00526889146796	0.00240366622594
NTNTATNT	109443	83106	82546	383	181	16.2359467957	0.00458743067949	0.00218791930083	0.00239951137866
NNTTTNTT	86902	137834	146391	1114	834	13.6195678111	0.00801738779975	0.00566479877738	0.00235258902237
ANNTTTNT	37364	79077	81518	448	269	11.714171176	0.00563344860107	0.00328903126414	0.00234441733693
NTTTNTNT	90352	137447	144827	1077	793	13.7031539149	0.00777482602293	0.00544568053839	0.00232914548454
TCNNNTTT	11023	41583	41791	181	85	8.32405419744	0.00433387606551	0.00202980227338	0.00230407379213
NNNTTTNT	143286	283254	295669	1981	1379	30.2838100566	0.00694515048995	0.00464234736474	0.00230280312521
TATNNTNT	46347	67451	68381	325	171	11.6214443825	0.00479520774315	0.00249445676275	0.0023007509804
NTANNTTT	34811	69707	71238	360	203	11.0374500101	0.00513793940086	0.00284150557803	0.00229643382283
TNTTTNNT	85802	131522	139145	1043	780	12.5950457405	0.00786783841889	0.00557441486511	0.00229342355378
NTTNTTNT	90359	145428	153790	1128	836	14.1462865157	0.00769671661344	0.00540659397514	0.0022901226383
NTNTATTT	22552	30414	30150	115	45	7.1582247916	0.003766910151	0.00149031296572	0.00227659718528
NTNTTNTT	91060	145052	153803	1088	800	14.4004356287	0.00744491583413	0.00517454383162	0.00227037200251
NTTTTNNT	84813	143294	151901	1087	803	14.0548960618	0.00752869144832	0.00525853939648	0.00227015205184
NNTTTNCT	10702	41114	41427	186	95	7.2323165619	0.00450363196126	0.00228794374067	0.00221568822059
NTATNTNT	111530	84860	84672	441	251	12.0326093928	0.00516992766791	0.00295561861922	0.00221430904869
NNATNTTT	41081	86748	88587	443	255	12.6727895936	0.00508079962381	0.00287026406429	0.00221053555952
ATANNTNT	100694	81095	81259	380	200	13.0084302162	0.00466400736422	0.00245522287286	0.00220878449137
NCNTNTTT	13371	47421	48315	228	125	7.65397520327	0.00478499024114	0.00258051197358	0.00220447826756
TCNNTNTT	11348	40797	40906	172	82	7.66068515103	0.00419829627279	0.00200058553723	0.00219771073556
NNNTTTCT	11239	40669	40986	173	84	7.52585145713	0.00423583565937	0.00204528853178	0.0021905471276
NTGTNNTT	9310	32944	33809	111	40	8.30676366264	0.00335803963092	0.00118171881001	0.00217632082091
NNTNTTNT	151608	290974	302714	1861	1276	29.9100583971	0.00635511465501	0.00419750649692	0.00215760815809
NNANTTTT	30672	78133	80995	442	282	9.75004640768	0.0056251988546	0.0034696162506	0.002155582604
NNGGNNTT	5175	39759	41094	168	85	7.20028947347	0.0042076790142	0.00206415891595	0.00214352009825
NNNAAAAT	34702	83265	85432	629	460	7.41376309425	0.00749755644027	0.0053555627998	0.00214199364047
NNNGNTTT	15369	68895	72210	296	156	11.6783311289	0.00427801303638	0.00215570848188	0.00212230455449
NTNTNTNT	224165	286340	293789	1761	1179	29.2957751154	0.00611243973468	0.00399704374712	0.00211539598756
NANTNTTT	31980	74996	77271	403	251	9.45257821101	0.00534489847345	0.00323779056268	0.00210710791078
NTTNTNTT	85553	135855	143754	969	719	12.2268384228	0.00708209086125	0.00497670845071	0.00210538241054
TNNTTNTT	88246	141704	149647	1034	773	12.3966836722	0.00724404153064	0.00513894428932	0.00210509724131
NNATATNT	110447	83172	83353	376	201	12.4029344348	0.00450040695169	0.00240562989205	0.00209477705965
NCNTTNTT	13038	46112	46897	199	104	7.5144181069	0.0042970352616	0.00221271887832	0.00208431638328
NTNNNTTT	139313	280784	291244	1657	1106	29.3720991056	0.00586671198587	0.00378313665127	0.00208357533459
NCCNNNTT	7534	39870	40686	120	38	10.2837855904	0.00300075018755	0.000933110696395	0.00206763949115
CNNNNTTT	23187	101233	104140	442	239	15.2499514787	0.004347184657	0.00228973260905	0.00205745204795
NGNTNTNT	17828	65656	67840	292	162	9.78754897706	0.00442773093953	0.00238228287403	0.00204544806549
NNTTNTNT	147552	276664	286976	1716	1190	25.9883564945	0.00616423593649	0.00412956420952	0.00203467172697
NTATANNT	98112	69551	69231	309	166	9.96282056691	0.00442313197824	0.00239203423779	0.00203109774045
TNNNNTTT	130600	268363	278189	1590	1078	26.4478694212	0.00588991417024	0.00386010520398	0.00202980896626
CTTNTNNT	11228	44341	44506	173	83	7.62883449021	0.00388641775621	0.00186144564803	0.00202497210818
ATNNATNT	99484	76421	76314	332	176	11.1307509415	0.00432556382161	0.00230095437312	0.00202460944849
TANTNTNT	37202	58740	59337	279	161	7.85319194208	0.0047272912113	0.00270597331003	0.00202131790128
CNTNTNTT	13561	51470	52387	228	126	7.48165617529	0.00441022863554	0.00239940586141	0.00201082277413
NATNTTNT	43561	86572	88311	429	259	10.6539074521	0.00493097780485	0.00292424071356	0.00200673709129
NATNNTTT	37625	87609	89557	405	233	11.7013106356	0.00460154066399	0.00259494375766	0.00200659690633
NTTNNTTT	85060	139538	147293	995	754	11.1340007952	0.0070801875716	0.0050929772302	0.0019872103414
ANNNNTTT	77953	197850	203067	881	500	25.9520977684	0.00443312819842	0.00245619378386	0.00197693441455
NGNNTTNT	16909	65317	68011	299	176	8.78080768651	0.00455681541088	0.00258113716691	0.00197567824397
NNTNNTTT	138655	287303	298528	1668	1140	27.1106827935	0.00577220551543	0.00380420999239	0.00196799552304
NCCNTNNT	7890	43239	43408	139	54	8.88400659091	0.00320438932178	0.00124246468179	0.00196192463999
ANATNTNT	104397	85827	86420	406	240	10.2892901179	0.0047081743648	0.00276944380337	0.00193873056143
ATNTNNTT	44867	81660	82567	332	175	11.7212505917	0.00404917552932	0.00211500809746	0.00193416743186
NNNTTNTT	143870	293188	305756	1730	1210	25.9241116255	0.00586603733919	0.00394180462983	0.00192423270936
TANNTNTT	41988	79415	80570	339	188	10.6478472101	0.0042505705043	0.00232794274251	0.00192262776179
ATANANNT	96511	74568	74542	338	195	9.07132597752	0.00451232211038	0.00260914941729	0.00190317269309
TANNTTNT	35887	65315	66228	308	186	7.63824256467	0.00469347637261	0.0028006143283	0.00189286204431
TNTNNTNT	148850	262054	271229	1511	1046	22.9189005043	0.0057329311555	0.0038417041594	0.0018912269961
NTANANAT	95672	66714	66328	319	191	7.53763395606	0.0047588501186	0.00287136006254	0.00188749005606
TNNNTTNT	139370	267716	276764	1616	1143	22.099633288	0.00600002970312	0.00411288668511	0.001887143018
TATNNNTT	43780	69850	70390	288	157	9.34177854966	0.00410619065271	0.00222546671014	0.00188072394258
ANANATNT	104397	85544	86188	371	211	10.5915719361	0.00431822149799	0.00244215789535	0.00187606360265
NATTNTNT	38805	76053	77336	362	222	8.55227337323	0.00473728979912	0.00286237396529	0.00187491583383
TNNTNTNT	150959	263017	271054	1553	1090	21.6785805983	0.0058699021053	0.00400523252396	0.00186466958135
NCNNNTTT	23833	98474	100211	402	222	12.7765944617	0.00406569845058	0.00221042884311	0.00185526960748
CNNTNTNT	24073	85500	86835	372	216	10.2946591472	0.00433202906652	0.00248130406314	0.00185072500338
ATNNTTNT	46113	91307	92827	419	253	10.2897474199	0.00456795237991	0.0027180919639	0.00184986041601
TTNTNTNT	91302	131542	138059	963	753	8.78251984522	0.00726765027735	0.00542460306025	0.00184304721709
TNNGTNTT	8107	36149	37647	112	47	6.99967618007	0.00308871790629	0.00124688279302	0.00184183511327
NNTNTNTT	151509	284341	294846	1611	1127	23.5113486868	0.00563381266786	0.00380777976369	0.00182603290417
TTTNTNNT	83014	134267	141774	930	720	9.34038705173	0.00687885086208	0.00505284433029	0.00182600653179
NANGTNTT	7264	36185	37324	109	44	7.08115297481	0.0030032512261	0.00117747805609	0.00182577317001
CNNNTNTT	24211	101856	104078	405	223	13.1352374652	0.00396045413207	0.00213804278003	0.00182241135204
NTANNTAT	96667	59564	58757	255	144	7.08363100551	0.00426285962654	0.00244478022444	0.0018180794021
NNNATTTT	34702	84281	86133	366	217	9.75523346263	0.00432383900197	0.0025130283729	0.00181081062907
NNNTATAT	108782	75300	75377	333	196	8.47710403186	0.00440284003015	0.00259351884932	0.00180932118082
NANNNTTT	71376	197941	203498	859	515	21.7364540267	0.00432092555332	0.00252434893855	0.00179657661477
ANTTNTNT	36776	74746	76172	331	200	8.30588978424	0.00440880695819	0.00261876080239	0.0017900461558
NNNCTTNT	23003	96288	97070	358	187	12.7547844114	0.00370424021687	0.00192274077958	0.00178149943729
ATNNTNTT	39796	84263	85268	351	203	9.73621489993	0.00414824969863	0.0023750745867	0.00177317511193
NATNTNTT	48962	86978	88473	407	256	8.79483289787	0.00465754992276	0.00288518973504	0.00177236018772
NNCNNTTT	24151	97567	98837	353	182	13.1590085527	0.00360498366013	0.00183803108494	0.00176695257519
CNNNTTNT	24588	97780	99687	448	280	9.91773566036	0.00456081768946	0.00280092430502	0.00175989338444
NGNNNTTT	15313	64360	67124	264	157	7.64256277128	0.00408516959643	0.00233349682674	0.00175167276969
ANNTTNTT	35771	81771	84148	377	240	8.23176871076	0.00458927788869	0.00284400625681	0.00174527163187
NNANNTTT	71785	192760	197566	814	489	20.2841048806	0.00420511019042	0.00246901113327	0.00173609905715
TNTTNNTT	85172	142503	149807	909	693	9.68409383674	0.00633838172538	0.00460465116279	0.00173373056259
NTNNTTNT	147941	292826	302782	1705	1233	20.9839493071	0.00578886433007	0.00405572093482	0.00173314339525
ANNTNTAT	96511	74082	74158	305	176	8.27692862139	0.00410017879468	0.00236769176958	0.0017324870251
NTANANTT	25088	46073	46839	150	71	7.08702568276	0.00324513770201	0.00151353655937	0.00173160114264
ANANTTNT	30075	64460	65759	266	157	7.29180727153	0.00410963136916	0.00238181928515	0.00172781208401
ANNTNTNT	156076	211890	214818	913	552	21.3156588974	0.00429035304953	0.00256303106282	0.00172732198671
NNGTNNTT	15945	66060	67742	216	104	9.87298634616	0.00325909831613	0.00153288329452	0.00172621502161
NNNTATTT	39323	71730	71925	243	119	10.0440562511	0.00337626609979	0.00165176836378	0.00172449773601
ANNANTTT	22540	61687	63050	243	139	7.35961875347	0.00392378491846	0.00219974995648	0.00172403496198
NNTTTNNT	137263	282955	294100	1652	1205	20.0770032746	0.00580449532162	0.00408052691285	0.00172396840877
NTATATNN	108782	76585	75804	348	213	7.48433399685	0.00452341647927	0.00280200481471	0.00172141166456
TTNNNTTT	80616	135094	142579	941	745	8.28239704741	0.00691733744992	0.00519801289386	0.00171932455606
TTTNNTNT	83543	133243	140665	917	724	8.23487783262	0.0068351222421	0.00512062465963	0.00171449758247
ATNNNTNT	161240	216385	218167	902	534	22.0514109526	0.0041511917418	0.00244168979566	0.00170950194614
TTNNTTNT	83732	135922	142848	982	785	7.89748450971	0.00717290948402	0.00546531785871	0.00170759162531
NTNNATAT	99599	74801	73818	325	194	7.53422879135	0.00432606554322	0.00262119656272	0.0017048689805
NNNTNTCT	20221	77410	77574	287	155	9.37075018859	0.00369383631286	0.00199410773328	0.00169972857958
ATNNANAT	95771	81516	80605	365	223	7.8406711404	0.00445768859687	0.00275894492008	0.00169874367679
NNATNTNT	165878	212292	214022	912	554	20.5242235006	0.00427759329093	0.00258183580643	0.00169575748451
TTTTNNNT	82030	135949	143796	906	712	8.46947806431	0.00662014540937	0.00492706286157	0.0016930825478
TGNNNTNT	20374	72797	74473	270	150	8.78912521302	0.00369523861661	0.00201010412339	0.00168513449322
ATANNNTT	33659	60362	61028	213	112	7.76508522919	0.00351630210483	0.00183186130193	0.0016844408029
ATATNTNN	110447	84065	83314	419	274	7.03384204519	0.00495951896217	0.00327798248552	0.00168153647665
TNNNTNTT	147785	292728	302643	1523	1063	22.1757590246	0.00517585326813	0.00350009548708	0.00167575778105
NAANNTTT	22396	63407	65349	254	152	6.95645796159	0.00398988391637	0.00232057525839	0.00166930865798
ATATNNNT	104069	90824	90538	365	212	9.46997654764	0.00400267576133	0.00233608815427	0.00166658760706
NCNNTTNT	23628	90345	91424	384	236	8.81516570992	0.0042323843534	0.00257473270783	0.00165765164557
CTTNNNTT	9983	47319	47682	143	65	7.14741780222	0.00301293666512	0.00136134207385	0.00165159459127
NNANATTT	29680	66750	67757	221	112	8.83235172898	0.0032999357931	0.00165023795842	0.00164969783468
NTNNTNTT	143137	293355	303920	1514	1064	21.6126452796	0.00513448344858	0.00348870760433	0.00164577584425
NCNNTNTT	23573	98203	99473	360	201	11.0204061287	0.00365248622708	0.00201657403134	0.00163591219574
NTTTNNTT	84596	134953	142448	877	692	7.92448614563	0.00645660016197	0.00483442783289	0.00162217232908
NNNTATNT	165998	199596	200223	740	419	20.4252757357	0.00369379442537	0.00208829656802	0.00160549785735
NTNTNNTT	146963	278400	287563	1383	963	20.3307965814	0.00494311662967	0.00333765414555	0.00160546248412
ANNTATNT	102211	83475	83363	328	193	8.29815983984	0.00391394102836	0.00230982813921	0.00160411288915
CTNNNTNT	19510	82826	83223	305	173	8.79942527256	0.00366890810889	0.0020744400211	0.00159446808778
NTANNTNT	148735	190118	190875	785	483	16.7575126483	0.00411203595543	0.00252406484181	0.00158797111362
NNTNNTCT	20195	82870	82470	313	180	8.39322581057	0.00376278806968	0.0021778584392	0.00158492963048
ANANNTAT	100694	80029	80502	320	194	7.59708084212	0.00398262579497	0.00240408446515	0.00157854132982
NNNGTNTT	17265	77788	80406	231	112	10.5961852438	0.00296081723683	0.00139099331826	0.00156982391856
NATNNTNT	91465	197840	199835	761	455	18.2835179701	0.00383180346524	0.00227170602626	0.00156009743898
NTATNNTT	43827	75476	76332	280	164	7.58957597682	0.0036960768784	0.00214390294917	0.00155217392923
TNNTATNT	46204	69056	69368	250	143	7.13733977045	0.00360719129657	0.00205722835235	0.00154996294422
ANNNTTNT	82620	199289	203792	831	533	16.5000039182	0.0041525084949	0.00260858925731	0.00154391923759
NTANANNT	134873	161682	161751	624	373	14.5965066551	0.0038445898488	0.00230070809997	0.00154388174883
NTGNNTNT	23395	78538	79600	291	172	7.719492483	0.00369153484124	0.00215614501329	0.00153538982795
NNCNTNTT	28071	111305	112509	360	191	12.4582695396	0.00322392871535	0.00169476486247	0.00152916385289
NNNCTNTT	20233	82253	83051	259	134	9.64737244159	0.00313893736669	0.00161086734387	0.00152807002281
ANANNTNT	149666	206010	208613	801	491	17.8971697812	0.00387310152748	0.00234811385722	0.00152498767026
TNTNTNNT	154976	264674	273016	1456	1082	15.5004112511	0.00547101040845	0.00394749323235	0.0015235171761
NANGNNTT	16146	77623	80267	237	123	9.43377417232	0.00304392499358	0.00153004104988	0.0015138839437
TNNGNNTT	16044	73230	76429	223	117	8.92782741662	0.0030359549644	0.00152849267107	0.00150746229333
TANNNTNT	79583	149537	150883	589	366	12.5750244032	0.003923371035	0.00241985070976	0.00150352032524
TTNNTNTT	85601	142877	150950	907	729	7.35645217149	0.00630807322094	0.00480620257254	0.0015018706484
ATNTTNNT	43177	96588	97471	384	241	8.13793430402	0.00395990595223	0.00246643196332	0.00149347398891
NTTNNTNT	145123	286126	295556	1495	1101	16.8017320272	0.00519781239896	0.00371135688691	0.00148645551205
NTNNATNT	152656	199766	199357	720	421	17.7669027804	0.00359127320611	0.00210733914645	0.00148393405966
ATNNNNTT	79810	181308	183098	597	331	18.0090417698	0.00328193287705	0.0018045129178	0.00147741995925
NANTNTNT	80328	167785	170934	677	437	13.0592863871	0.00401871045102	0.00255002304941	0.00146868740161
NNCNTTNT	26767	102397	103143	365	216	9.29986850792	0.00355189661548	0.00208980350042	0.00146209311506
CNNTNNTT	21164	87076	88639	286	162	8.68324644127	0.00327373457567	0.00182430378036	0.00144943079531
NANNTTNT	76107	190380	194640	771	506	14.106993777	0.00403346045796	0.00259293042133	0.00144053003664
NTNTTNNT	149376	310742	320334	1603	1187	17.2554453166	0.00513214554419	0.00369182728344	0.00144031826075
CTNNNNTT	17830	88114	88970	259	133	9.81435842803	0.00293075939484	0.00149265456831	0.00143810482653
TCNNNTNT	22575	86038	85929	312	188	7.36752417415	0.00361320208454	0.00218307651219	0.00143012557235
NNTATNTT	45568	82517	83563	300	184	7.07491179744	0.00362244466716	0.00219709362723	0.00142535103992
NTGNNNTT	18293	79190	80772	230	119	8.88348992977	0.00289599597079	0.00147111545166	0.00142488051913
NNANATNT	157644	204122	205430	747	460	16.0951632814	0.00364623247051	0.00223420272961	0.00141202974089
NTTTNNNT	137313	281567	291345	1422	1057	15.417243721	0.00502493029764	0.00361488635509	0.00141004394256
NTTNTNNT	142875	292203	301731	1487	1108	15.693167198	0.00506316183731	0.00365870974346	0.00140445209385
ANNNTNTT	77533	198073	201985	720	450	15.572358595	0.0036218579125	0.00222293575716	0.00139892215535
NNGNTNTT	17114	86370	89436	286	171	7.91843120947	0.00330040620384	0.00190833305434	0.0013920731495
NANNTNTT	85027	213244	217832	767	482	16.3511727672	0.00358392792894	0.00220782909021	0.00137609883873
TNTNNNTT	142875	274152	283126	1281	933	15.321143435	0.00465085882955	0.00328452891829	0.00136632991126
CNTNTNNT	28462	116397	117170	406	248	9.2897818204	0.00347593811803	0.00211211228261	0.00136382583541
TNTTNNNT	139317	280869	289536	1383	1029	14.6169640108	0.00489987670592	0.00354137628414	0.00135850042179
ATNTNNNT	158288	229287	229976	821	511	16.755475832	0.00356788986041	0.0022170447791	0.00135084508132
NNNANTTT	61851	177949	181760	618	386	13.5811376489	0.00346088582997	0.00211917912005	0.00134170670992
NTNTANNT	144342	177389	176934	620	380	13.2168526424	0.00348296996219	0.00214309078809	0.0013398791741
TNNNNTCT	18584	80509	80039	249	141	7.06475867853	0.00308328586642	0.00175854327763	0.00132474258879
NNTCNTNT	28496	112355	112434	342	193	9.80580878388	0.00303468592775	0.00171362106777	0.00132106485998
CNTNNTNT	27023	106986	108098	392	253	7.56069316971	0.00365065469649	0.00233500383014	0.00131565086635
TNNTNNTT	137755	290363	299094	1322	966	15.3140808065	0.00453228654199	0.00321935612877	0.00131293041321
NNNCNTTT	28231	112840	114468	343	197	9.80484709272	0.00303049044468	0.00171804822745	0.00131244221723
NNCTNNTT	18482	78297	78800	234	132	7.01810618303	0.002979715017	0.00167232554604	0.00130738947096
TTNNNTNT	137863	269339	277228	1379	1056	12.2909959444	0.00509386150902	0.00379468456685	0.00129917694218
TNCNNTNT	23727	86987	87203	268	155	7.33299347756	0.00307145722308	0.00177430801987	0.00129714920321
NNNNTTCT	22352	92737	91907	289	167	7.57757833417	0.00310665835358	0.0018137584986	0.00129289985498
NTNNANAT	140755	187492	186178	731	487	11.0676878192	0.00388369115358	0.00260895186564	0.00127473928794
NNTNNTGT	22103	86532	88268	261	154	7.17471910012	0.00300715495489	0.00174164800615	0.00126550694874
TNNTTNNT	139150	278660	287814	1429	1110	11.9356242781	0.0051019497374	0.00384184076089	0.00126010897651
NTATNNNT	159037	196191	196419	692	446	12.4495278785	0.0035147778122	0.00226551189902	0.00124926591319
ANNTNNTT	77123	189245	192367	614	383	13.303935542	0.00323397890013	0.00198702983139	0.00124694906874
NTANNNTT	72220	162260	164715	510	312	11.8337089143	0.00313325551392	0.00189059972005	0.00124265579387
TANNNNTT	73256	165447	167426	543	341	11.3695632607	0.00327128140249	0.00203258090089	0.0012387005016
ATNNANNT	136911	181198	181315	644	419	11.1947562632	0.00354153605878	0.00230556747774	0.00123596858103
ANANNNTT	70351	178205	181646	559	345	12.7443398636	0.00312702781321	0.00189569813892	0.00123132967429
NNNTTNCT	21185	96066	96511	303	185	7.03300814692	0.00314416461725	0.0019132125424	0.00123095207485
NNNNAAAT	73700	187121	189791	962	740	7.76042568925	0.00511476316307	0.00388388241284	0.00123088075024
NNTTNNTT	135077	283964	294083	1340	1023	12.6625054125	0.00469674452514	0.00346655100201	0.00123019352313
NTNNNAAT	63986	162153	162038	615	414	9.28543926147	0.00377838395753	0.00254844507916	0.00122993887837
TCNNNNTT	22767	100763	101186	276	154	8.36655463097	0.00273161848395	0.001519636866	0.00121198161796
NTTNNNTT	130848	279517	289027	1223	914	12.9407747459	0.00435634394814	0.00315236548125	0.00120397846688
NNNNCTTT	21622	91696	93027	242	134	7.79994812402	0.00263220866236	0.00143837013342	0.00119383852893
TTTNNNNT	129291	267417	276759	1252	964	11.2586526456	0.00466000915625	0.00347108449786	0.00118892465839
NNNANCTT	13402	77475	77862	168	76	8.33429195293	0.00216374946872	0.000975134080936	0.00118861538779
ANNTTNNT	73573	205996	208957	696	461	11.9424962019	0.0033673291661	0.0022013389489	0.00116599021721
ANNNATNT	150435	209086	210404	703	461	12.0965539271	0.00335098599069	0.00218623289783	0.00116475309286
NNANTNTT	71715	186399	190148	607	400	10.976428383	0.00324588515876	0.00209920859836	0.00114667656041
ATANNNNT	150655	195854	195813	673	448	10.6132828458	0.00342446584948	0.00228267460168	0.0011417912478
NNNTNTAT	160541	180784	181364	671	465	9.04668447122	0.00369788652834	0.0025573478378	0.00114053869054
ANTNNTNT	78851	186700	188825	643	434	10.1368388311	0.00343220723486	0.00229315382624	0.00113905340862
NNNANAAT	81045	190050	191971	926	715	7.11855675967	0.00484877680965	0.00371070031035	0.0011380764993
NCNTNNTT	25591	109775	111111	309	186	7.69836226575	0.00280694742197	0.00167120407558	0.00113574334639
ANNNNCTT	15540	78001	77807	166	77	7.72238307193	0.00212365832129	0.000988649786863	0.00113500853442
NNANTTNT	70458	179217	182330	672	476	8.80542982774	0.00373563697614	0.00260385326521	0.00113178371093
NATNNNTT	83435	192622	195249	594	381	11.5676217996	0.00307427956277	0.00194755405613	0.00112672550664
NNATNNTT	83998	204851	207442	621	394	12.4927073727	0.0030223096091	0.00189572547586	0.00112658413324
CTTNNNNT	21347	106941	106935	302	182	7.18173771596	0.00281603461298	0.00169907671051	0.00111695790247
TATNNNNT	95339	162853	163194	570	388	8.36465211799	0.0034878811428	0.0023718991087	0.0011159820341
ANNTNTAN	134873	161143	160948	600	420	7.60999939603	0.00370958866844	0.00260274651728	0.00110684215117
NNNNATAT	167760	203153	203073	718	494	9.77747514404	0.00352183488579	0.00242671945846	0.00109511542733
NNATANNT	151248	180527	181112	609	412	9.18455641418	0.00336211465418	0.00226967232983	0.00109244232435
TTNTNNNT	142884	276314	284459	1288	1021	9.30718808649	0.00463973602496	0.00357643267479	0.00106330335016
NTATNTNN	165998	201207	200125	831	614	7.59309513113	0.00411308763698	0.00305869811048	0.0010543895265
NATNTNNT	97701	199258	201221	721	515	8.68899174658	0.00360537856475	0.00255284133719	0.00105253722756
ANATNNNT	150435	209038	210262	700	482	9.81728013127	0.00333749725848	0.0022871351023	0.00105036215618
NTNTATNN	160541	183320	181658	669	472	7.7689893903	0.00363608693998	0.00259155548235	0.00104453145763
NTANNNAT	142386	166452	165762	602	426	7.13542271662	0.00360362517509	0.00256336197559	0.0010402631995
NNTANNTT	73148	193386	195345	536	338	10.9953365364	0.00276399789606	0.00172728341246	0.0010367144836
TTNNTNNT	136531	289806	298463	1339	1068	9.28460014123	0.00459908293119	0.00356557418097	0.00103350875022
NTANATNN	148485	170493	168575	604	425	7.07830836362	0.00353016125356	0.00251479289941	0.00101536835415
ANANANNT	156076	210939	213368	906	699	7.08255863783	0.0042767117468	0.00326533281636	0.00101137893043
NNNNATTT	73700	189647	191561	509	320	10.5826863659	0.0026767496161	0.00166770029341	0.00100904932269
ANNANNTT	59726	175666	178634	496	324	9.26037543115	0.00281559019539	0.00181048067144	0.00100510952395
NNNATNTT	87041	215186	217726	644	433	10.3373474521	0.0029838298661	0.00198479090938	0.000999038956716
NATNANNT	66010	159765	159464	480	319	7.73571593891	0.00299541327343	0.00199645769575	0.000998955577675
CNTNNNTT	25209	125237	126747	331	208	7.14787774527	0.00263602191641	0.00163837580245	0.000997646113962
NTNNNCTT	21730	97046	96705	182	85	8.28819575798	0.00187188875633	0.00087818989565	0.000993698860675
NANANTNT	72842	163531	165546	507	348	7.60710012313	0.00309074726588	0.00209772505335	0.00099302221253
NNANNTAT	151248	179823	180297	618	440	7.36228145823	0.00342494222488	0.00243447661519	0.00099046560969
TTNNNNTT	129258	275439	285114	1167	924	8.89561050653	0.00421899741871	0.00323034002475	0.000988657393959
NANNATNT	87347	189649	191664	589	405	8.60677716033	0.00309612170019	0.00210861721569	0.000987504484498
AANNNTNT	70351	176781	179470	570	404	7.45750787002	0.00321396552599	0.0022460166561	0.000967948869887
NNNNTCTT	23016	108796	108784	202	97	8.72976768052	0.00185324501367	0.000890880869941	0.000962364143729
TNNNATNT	86849	174998	175927	536	369	7.64481446479	0.00305353948523	0.00209307074466	0.000960468740571
ANNNNTAT	150655	193614	195003	652	469	7.5378735602	0.00335622291085	0.00239932061881	0.000956902292044
NAANNTNT	70382	173532	176390	561	403	6.9433881859	0.00322241560545	0.00227950201648	0.00094291358897
NANTNNTT	65427	175322	178445	532	377	7.09714351007	0.0030252368442	0.00210824171523	0.000916995128975
ATNNNNAT	154634	217932	217395	737	535	7.62769261366	0.00337039086473	0.00245491671638	0.000915474148355
NTNTNNAT	151332	205192	204564	699	512	6.89757651066	0.00339500026713	0.00249663539371	0.000898364873424
NNNTANTT	65794	163126	163843	368	222	8.75124452522	0.00225084712589	0.00135312223814	0.000897724887751
TNNTANNT	76890	176697	177263	462	304	7.94866373549	0.00260782686739	0.00171202982536	0.000895797042029
NNNATTNT	81045	190610	193183	592	427	7.04254465359	0.00309620192257	0.00220546459377	0.000890737328803
NNANANTT	59821	158844	160920	420	282	7.02435818562	0.00263713080169	0.00174935794841	0.000887772853275
ATNNTNNT	97069	233741	234281	743	536	8.16131283425	0.00316865969533	0.00228262860014	0.000886031095187
NNTNATNT	85084	196150	196452	556	382	7.83354149431	0.0028265533334	0.0019407216233	0.000885831710104
ANTNNNTT	64203	168427	170263	463	318	6.93175670046	0.0027414293327	0.00186421699955	0.000877212333153
NTNNANTT	61906	159846	160614	364	232	7.22323937571	0.00227201797641	0.00144237345038	0.000829644526025
