#Sequence	Occurrence	Forward Match	Backward Match	Forward Mismatch	Backward Mismatch	Strand Bias Score	FER (Forward Error Rate)	RER (Reverse Error Rate), ERD (Error rate Difference)
TGCTAAGA	28	97	146	29	4	6.91451558376	0.230158730159	0.0266666666667	0.203492063492
TCCGAACA	69	284	378	77	10	16.1195337961	0.213296398892	0.0257731958763	0.187523203016
GACGTCAA	114	382	483	102	12	20.7524675726	0.210743801653	0.0242424242424	0.18650137741
GACACGGA	53	133	186	31	3	7.78708641529	0.189024390244	0.015873015873	0.173151374371
TAAGGACA	41	150	177	35	4	7.0666114749	0.189189189189	0.0220994475138	0.167089741675
ACCTAAGA	12	158	203	34	4	7.56773277561	0.177083333333	0.0193236714976	0.157759661836
TACTAAGA	18	202	270	45	8	8.52410446709	0.182186234818	0.0287769784173	0.153409256401
AGTCAAGA	21	264	314	58	9	10.3337513576	0.180124223602	0.0278637770898	0.152260446513
AACTTGCA	69	275	317	53	8	9.24506066163	0.161585365854	0.0246153846154	0.136969981238
GGACAAGA	66	318	368	57	11	8.86686623031	0.152	0.0290237467018	0.122976253298
TTCAATTC	94	1227	1419	163	32	24.5162679441	0.11726618705	0.0220537560303	0.09521243102
GGAACTTC	105	442	482	56	12	7.6485634664	0.112449799197	0.0242914979757	0.0881583012211
