#Sequence	Occurrence	Forward Match	Backward Match	Forward Mismatch	Backward Mismatch	Strand Bias Score	FER (Forward Error Rate)	RER (Reverse Error Rate), ERD (Error rate Difference)
CCCC	2228	10309	10342	150	59	9.29376260145	0.0143417152691	0.00567253148736	0.00866918378179
TTTT	257870	663781	698734	6874	4555	130.024870243	0.0102496812817	0.00647671156523	0.0037729697165
NCCC	11068	54215	54282	418	265	8.21403337378	0.00765105339264	0.00485819568446	0.00279285770818
NTTT	468327	1400049	1443416	9345	5881	195.310894967	0.00663050928271	0.00405782941661	0.00257267986611
TTCC	16265	75217	74392	373	186	13.9417686195	0.00493451514751	0.00249403309287	0.00244048205464
AAAT	140427	435895	443459	3518	2496	42.5093941101	0.00800613545799	0.00559697727349	0.00240915818449
TTTC	49409	198457	199843	2110	1714	10.3017632138	0.010520175303	0.00850379793309	0.00201637736993
AAAC	28424	117039	118171	1145	915	6.79632752303	0.00968828267786	0.00768352283224	0.00200475984562
CTTT	41606	174346	174905	585	258	28.6887017408	0.00334417570356	0.00147291380029	0.00187126190327
TNTT	503429	1478248	1517605	8534	5902	120.587370146	0.00573991345066	0.00387395660145	0.00186595684921
TTNT	498217	1452347	1491739	9774	7245	97.7724313911	0.00668480925997	0.00483327373741	0.00185153552256
ACCT	10003	55084	55257	224	125	6.85711367955	0.00405004700947	0.00225705102741	0.00179299598206
TTCG	7120	35807	35664	119	55	5.67806951593	0.0033123643044	0.00153979674683	0.00177256755757
AANT	269116	926510	939961	4927	3412	65.5715530909	0.00528967605968	0.00361680904584	0.00167286701384
ATTT	140427	443063	449434	1536	822	50.200698865	0.00345479859379	0.00182562808713	0.00162917050666
TTTN	468326	1388515	1431095	12767	10922	45.3287220559	0.0091109426939	0.00757411320394	0.00153682948997
TNCC	33230	158662	156049	636	385	13.3500684788	0.00399251716908	0.00246110180651	0.00153141536257
NNTT	943546	3168438	3221836	12866	8390	222.021248203	0.00404425355137	0.00259734148632	0.00144691206505
TTNC	99028	418078	417229	2956	2340	16.1672621956	0.00702081067087	0.00557715179148	0.00144365887939
NTCC	34947	171943	169036	597	349	14.0638569706	0.00346006723079	0.00206039495823	0.00139967227256
ATGG	14107	66631	68122	206	123	5.61856009146	0.00308212517019	0.00180232984101	0.00127979532918
NTNT	1171626	3387683	3436044	15477	11288	156.404782566	0.00454783201495	0.00327441627322	0.00127341574173
ANTT	269116	936339	947504	2709	1531	75.2107688194	0.00288483655788	0.00161321763686	0.00127161892101
NCCT	31518	158772	158819	695	492	8.32706062783	0.00435826848188	0.00308829898751	0.00126996949437
GNGT	21686	98856	100544	290	174	7.45680971201	0.00292497932342	0.00172759586171	0.00119738346171
AATT	91016	318425	322632	937	564	22.1409112043	0.00293397461188	0.00174507110237	0.00118890350952
NAAT	314722	1033911	1042133	5178	4018	34.7908953053	0.00498321125524	0.00384074574321	0.00114246551204
CCTT	15745	74966	75276	165	80	7.16262390413	0.00219616403349	0.00106162747492	0.00113453655857
CNTT	105641	458808	458319	1042	533	36.6078966343	0.00226595629009	0.00116159458823	0.00110436170186
NNCC	78175	397072	391652	1424	980	17.42239298	0.00357343611981	0.00249597587563	0.00107746024418
ANNT	922038	2822023	2844156	10147	7242	111.409565609	0.00358276515887	0.00253980678951	0.00104295836936
ANAT	513524	1269114	1275703	5767	4476	37.8102598665	0.00452355945378	0.00349638605226	0.00102717340152
NTGG	31164	153849	156597	498	347	7.20098644519	0.00322649614181	0.00221097971251	0.0010155164293
ANCC	25393	128763	127525	458	326	5.24230774027	0.00354431555243	0.00254984317682	0.000994472375603
TTCN	108209	475150	469607	1818	1339	15.4896585895	0.00381157645796	0.00284321344698	0.000968363010983
TNNT	1028427	3383217	3425932	14203	11133	90.3801822106	0.00418052522208	0.00323910080257	0.000941424419506
ATNT	513524	1274157	1281697	3946	2773	47.0480931077	0.00308738810565	0.00215886708136	0.000928521024289
CTNT	79755	342909	342007	929	613	14.7679537708	0.00270185377998	0.00178915416496	0.000912699615014
TTNN	943541	3150636	3193674	18748	16090	53.1851636507	0.0059153450639	0.00501282960367	0.000902515460227
GTTT	28424	118859	120343	350	246	4.89585235482	0.00293601993138	0.0020399870635	0.000896032867884
NGGT	26293	136575	138861	468	352	4.66491026994	0.00341498653707	0.00252849949358	0.000886487043491
ATGT	45514	165386	167456	429	295	6.47975985507	0.00258722069777	0.00175855881634	0.000828661881425
NTTN	943543	3156013	3201909	18001	15623	45.3442606967	0.0056713675491	0.00485558496388	0.000815782585224
NANT	727142	2527812	2549887	8537	6583	59.6688594241	0.00336586171698	0.002575035107	0.000790826609977
CCNT	35744	172758	171818	483	344	5.61577639914	0.00278802362027	0.0019981180516	0.000789905568672
AANC	65360	293752	293498	1716	1484	4.28680553975	0.00580773552466	0.00503081543959	0.000776920085073
ANCT	56423	273795	272750	778	570	7.57123472639	0.00283349054714	0.00208546758378	0.000748022963356
NTGT	104079	410119	413994	1153	864	10.4322390059	0.00280349744208	0.00208264032512	0.000720857116959
ANGT	82975	342775	348199	893	665	8.85020038958	0.0025984380274	0.00190618693818	0.000692251089222
TTAA	83520	286055	285219	787	587	6.95509467725	0.00274367073162	0.00205384071713	0.000689830014492
ACTT	21314	97739	96239	139	71	5.18621766615	0.00142013527044	0.000737202782681	0.000682932487758
NTTC	108209	471548	468419	3040	2697	4.67030616363	0.00640555597697	0.00572470474363	0.000680851233344
NNGT	195291	848301	860545	2249	1718	18.0812580342	0.00264417141849	0.00199243154351	0.000651739874986
NCTT	88814	406491	401504	689	425	13.7597266337	0.00169212633233	0.0010574006852	0.000634725647139
NATT	314724	1041887	1052074	2384	1741	24.1444672421	0.00228293230397	0.00165209263486	0.000630839669116
NCCN	78175	395342	390596	1581	1324	4.99785064371	0.00398314030681	0.00337824045724	0.000604899849574
TNGT	75417	330130	335017	943	756	5.81960515186	0.00284831442008	0.00225152111695	0.000596793303138
TNCT	89880	397405	393026	1424	1174	5.36430825636	0.00357045249969	0.00297818366312	0.000592268836578
NNCT	181286	850534	843319	2686	2173	11.7102590198	0.00314807435363	0.00257010119552	0.000577973158108
CNNT	208521	931010	927731	2119	1593	16.7259457249	0.00227085429774	0.00171414920953	0.000556705088212
CTTN	88814	405910	401267	1161	925	5.96623957079	0.00285208231488	0.00229989656681	0.000552185748065
ACNT	82975	349261	345960	773	574	6.73695984405	0.00220835690247	0.0016564031235	0.000551953778969
GTNT	80130	318270	320601	828	657	5.26382092274	0.00259481413234	0.00204508525858	0.000549728873758
NTCT	82691	369221	364341	1281	1063	4.48472897324	0.00345747121473	0.00290910882202	0.000548362392714
GNTT	65360	295043	298408	581	424	6.46054515177	0.00196533434363	0.00141885741821	0.000546476925411
NTNC	243267	1064674	1053673	4959	4334	8.59653098447	0.0046361696021	0.00409638121487	0.000539788387228
TNCN	243267	1068505	1054717	3225	2664	10.9495194495	0.00300915342484	0.00251943244677	0.000489720978065
ATAT	303826	558865	558467	1696	1438	5.30014988144	0.00302554048534	0.00256829283539	0.000457247649944
GNNT	187596	816215	824566	1900	1549	9.39239940954	0.00232241188586	0.00187504161043	0.00044737027543
TATT	161066	451707	457647	1093	903	5.20323573595	0.00241386925795	0.00196925089957	0.000444618358376
NNAT	1026459	3085192	3096685	10568	9236	21.5383395518	0.00341370132052	0.00297367511923	0.000440026201284
NTCN	224399	1038763	1021346	2906	2424	8.60795233343	0.00278975375095	0.00236771931195	0.000422034438997
NCNT	254831	1136602	1123756	2567	2089	10.3744598708	0.00225339699377	0.00185549520582	0.00039790178795
TNTN	1171625	3395856	3428467	17123	15974	12.1006162393	0.00501702471653	0.00463761754084	0.000379407175687
TANT	318041	987865	993858	2481	2144	6.56176817717	0.00250518505654	0.00215260611926	0.000352578937271
NTAA	283278	934099	924317	1978	1652	6.40533444218	0.0021130740313	0.00178407700474	0.000328997026565
ATAN	516529	1219103	1210854	3342	2920	6.34349495024	0.00273386532727	0.00240571968093	0.000328145646345
NGNT	192983	900368	912698	1788	1557	4.89801054495	0.00198191886991	0.00170302596103	0.000278892908879
ATNN	1026459	3103348	3095168	8429	7693	7.7034498542	0.00270874166112	0.00247932472644	0.000229416934677
NTAN	929042	2691480	2686414	7305	6758	5.14045399709	0.00270677360368	0.00250930872592	0.000197464877758
