#Sequence	Occurrence	Forward Match	Backward Match	Forward Mismatch	Backward Mismatch	Strand Bias Score	FER (Forward Error Rate)	RER (Reverse Error Rate), ERD (Error rate Difference)
TGGCGGGT	77	1321	2142	606	6	210.394869851	0.314478463934	0.00279329608939	0.311685167844
CGGCGGGT	93	1503	2325	634	13	204.690038041	0.2966775854	0.00556030795552	0.291117277445
NGGCGGGT	259	4805	6830	1580	29	9223372036854775807	0.247454972592	0.00422802157749	0.243226951015
CGGNGGGT	150	2968	3903	729	18	215.290832638	0.197186908304	0.00459066564652	0.192596242658
GGCGGGGT	60	1172	1625	282	7	87.2426820864	0.193947730399	0.00428921568627	0.189658514713
AGGCGGGT	47	1005	1294	238	3	73.8095268655	0.19147224457	0.00231303006939	0.1891592145
CGGCAGGT	110	2449	3052	564	18	155.570318942	0.187188848324	0.00586319218241	0.181325656142
TGGNGGGT	163	3668	4645	754	17	221.222987245	0.170511080959	0.0036465036465	0.166864577312
CGNCGGGT	194	4067	5089	778	22	179.586434276	0.160577915377	0.0043044414009	0.156273473976
CGGCNGGT	414	9148	11253	1724	62	9223372036854775807	0.158572479765	0.00547945205479	0.15309302771
TGGCAGGT	94	2258	2705	408	16	107.5652546	0.153038259565	0.00588019110621	0.147158068459
NGGNGGGT	530	12108	14419	2010	68	9223372036854775807	0.142371440714	0.0046938634638	0.13767757725
TGGCNGGT	346	8073	9892	1297	42	293.29980301	0.138420490928	0.00422790416751	0.134192586761
GCGGGGGT	42	933	1123	141	4	39.7170943653	0.131284916201	0.00354924578527	0.127735670416
NGGCAGGT	345	8641	9810	1198	56	243.107790756	0.121760341498	0.00567605919319	0.116084282305
GGACGGGT	63	1593	1946	216	8	59.5985202157	0.119402985075	0.00409416581372	0.115308819261
TGGCGGGA	168	3882	4554	517	24	132.057199949	0.117526710616	0.00524246395806	0.112284246658
CGGCTGGT	125	3082	3610	396	19	100.745120571	0.11385853939	0.00523560209424	0.108622937296
NGGCNGGT	1263	30443	35400	3899	178	9223372036854775807	0.113534447615	0.0050030917983	0.108531355817
TCGGCGGT	143	3284	4022	393	13	110.706847689	0.106880609192	0.00322180916976	0.103658800023
TNGCGGGT	269	6626	7661	789	29	169.688819439	0.106405933918	0.0037711313394	0.102634802578
TGGCGGGN	468	10580	12803	1284	81	268.661014284	0.108226567768	0.00628686743247	0.101939700336
NGNCGGGT	978	23559	27052	2791	137	9223372036854775807	0.105920303605	0.00503880245688	0.100881501148
TGNCGGGT	349	8415	9870	1006	59	206.405709737	0.106782719457	0.00594218954578	0.100840529911
GGNGGGGT	121	2873	3298	336	13	87.8639418492	0.104705515737	0.00392630625189	0.100779209485
CGGCGGGN	441	9516	11325	1141	74	233.605819638	0.107065778362	0.0064917975261	0.100573980836
CNGCGGGT	357	8447	9705	1006	63	199.663784202	0.106421241934	0.00644963144963	0.0999716104841
GCGGCGGT	170	3938	4755	450	18	121.821574996	0.102552415679	0.00377121307354	0.0987812026056
CTTGGGGT	41	1070	1203	125	8	29.2607156028	0.10460251046	0.00660611065235	0.0979963998079
CGGNAGGT	280	7248	7855	829	50	155.949334082	0.102637117742	0.00632511068944	0.0963120070523
GGCTAGGT	15	376	438	40	0	12.9330313034	0.0961538461538	0.0	0.0961538461538
AGGNGGGT	118	2953	3278	323	17	77.5634992162	0.0985958485958	0.0051593323217	0.0934365162741
NCGGCGGT	544	12738	15223	1360	63	295.940652432	0.0964675840545	0.00412141829125	0.0923461657632
CGGCGGGA	145	3331	3898	356	21	87.4145802385	0.0965554651478	0.00535850982393	0.0911969553239
GNCGGGGT	200	4660	5382	480	24	100.471889571	0.0933852140078	0.00443951165372	0.0889457023541
CGNCAGGT	287	7453	8179	783	55	145.766800614	0.0950704225352	0.00667962108331	0.0883908014519
GGGCGGGT	42	976	1069	102	7	22.9546776946	0.0946196660482	0.00650557620818	0.0881140898401
GGCNGGGT	253	6198	7099	623	27	131.5992578	0.0913355812931	0.00378894190289	0.0875466393902
CGGCGNGT	340	8545	9526	878	54	170.625946381	0.0931762708267	0.00563674321503	0.0875395276117
TGGCGNGT	304	7720	8733	783	49	154.330327642	0.0920851464189	0.00557959462537	0.0865055517935
NGCGGGGT	198	4689	5388	464	21	98.1009934289	0.0900446341937	0.0038824181919	0.0861622160018
CAGGGGGT	21	521	542	51	2	12.694776831	0.0891608391608	0.00367647058824	0.0854843685726
CCGGCGGT	114	2585	3050	258	17	62.4571304279	0.0907492085825	0.00554287577437	0.0852063328081
TGGCTGGT	77	1964	2293	191	9	49.3840964632	0.0886310904872	0.00390964378801	0.0847214466992
GCGGNGGT	330	8028	9126	776	36	161.325180572	0.0881417537483	0.00392927308448	0.0842124806638
GCTCGGGT	39	948	981	92	5	21.1117983182	0.0884615384615	0.00507099391481	0.0833905445467
CGGNNGGT	1032	26218	28849	2540	155	9223372036854775807	0.0883232491828	0.00534409047028	0.0829791587126
CGNNGGGT	500	12490	13880	1148	59	229.773571193	0.0841765654788	0.00423272831624	0.0799438371626
GGNCGGGT	181	4543	5037	415	20	84.1866427213	0.0837031060912	0.00395491398062	0.0797481921105
CGNCNGGT	1025	25937	28669	2395	157	9223372036854775807	0.0845333898066	0.00544647193506	0.0790869178715
GGCTGGGT	66	1643	1931	151	10	36.8179780286	0.0841694537347	0.00515198351365	0.079017470221
GNGGCGGT	376	8792	10395	795	43	169.184245742	0.0829247939919	0.0041195631347	0.0788052308572
GNGGGGGT	98	2416	2661	216	10	53.6000916178	0.0820668693009	0.00374391613628	0.0783229531646
AGNCGGGT	254	6534	7056	592	36	112.280650708	0.0830760595004	0.00507614213198	0.0779999173684
GGCGNGGT	217	5382	6013	492	35	94.1248321445	0.0837589376915	0.00578703703704	0.0779719006545
ACGGCGGT	117	2931	3396	259	15	63.8891584929	0.0811912225705	0.00439753737907	0.0767936851915
GGCGGGGA	116	2677	3249	240	18	57.9615903034	0.0822763112787	0.00550964187328	0.0767666694054
NNGCGGGT	1269	32105	35760	2867	199	9223372036854775807	0.08197986961	0.00553408048055	0.0764457891294
TCGGNGGT	238	5775	6702	502	27	105.302977217	0.0799745101163	0.00401248328132	0.075962026835
GTGGCGGT	55	1389	1588	116	4	31.3485133708	0.0770764119601	0.00251256281407	0.0745638491461
CNGNGGGT	667	16716	18349	1438	92	274.417971816	0.0792111931255	0.00498888346619	0.0742223096593
AGTCGGGT	47	1241	1373	112	12	22.3951895508	0.0827790096083	0.0086642599278	0.0741147496805
GGGAGGGT	33	903	936	80	7	16.1553102417	0.0813835198372	0.00742311770944	0.0739604021278
GGGGCGGT	61	1186	1630	100	7	27.8518221829	0.0777604976672	0.00427611484423	0.073484382823
NGGCTGGT	354	9039	10323	765	51	151.886527378	0.078029375765	0.00491613649508	0.0731132392699
NGGCGNGT	1031	26542	29322	2266	167	9223372036854775807	0.078658705915	0.00566312862423	0.0729955772908
GCGCGGGT	43	1017	1187	90	10	18.6841978911	0.0813008130081	0.00835421888053	0.0729465941276
CTGGGGGT	25	675	663	55	2	13.2446159764	0.0753424657534	0.00300751879699	0.0723349469564
NGGCGGGN	1515	35739	40364	3040	251	9223372036854775807	0.078392944635	0.00617998276499	0.07221296187
NCGGGGGT	124	3103	3340	254	12	61.4023066455	0.0756627941615	0.0035799522673	0.0720828418942
TGTCGGGT	71	1865	2072	158	13	34.3763134948	0.0781018289669	0.00623501199041	0.0718668169765
GGCGGGGN	318	7212	8618	604	52	119.753809617	0.0772773797339	0.00599769319493	0.071279686539
GCNGGGGT	177	4268	4773	336	10	90.6941022971	0.0729800173762	0.00209073803052	0.0708892793457
CCGTGGGT	15	403	414	34	3	7.04651891161	0.0778032036613	0.00719424460432	0.070608959057
NGGCGGGA	518	12828	13942	1056	83	191.588617104	0.076058772688	0.00591800356506	0.0701407691229
NCGGNGGT	987	24501	27520	1969	122	9223372036854775807	0.0743860974688	0.0044135735475	0.0699725239213
GCGNGGGT	153	3977	4297	322	23	70.7470004517	0.0749011398	0.00532407407407	0.0695770657259
TGGNAGGT	284	7527	8103	602	37	114.144765556	0.074055849428	0.00454545454545	0.0695103948825
CTNGGGGT	105	2747	2874	221	16	47.0315619666	0.074460916442	0.00553633217993	0.0689245842621
GGGNGGGT	99	2519	2593	204	16	41.8042594529	0.0749173705472	0.00613261786125	0.0687847526859
CGGAGGGT	35	911	953	70	3	17.2243477875	0.0713557594292	0.00313807531381	0.0682176841153
NGTCGGGT	158	4117	4493	324	28	67.9407793281	0.0729565413195	0.00619332006193	0.0667632212576
GGNNGGGT	657	17037	18416	1294	81	245.079657958	0.0705908024658	0.00437908850084	0.0662117139649
AGGCNGGT	290	7828	8381	590	35	112.168155347	0.0700879068662	0.00415874524715	0.0659291616191
NGACGGGT	237	6440	6852	491	35	89.5991528013	0.0708411484634	0.00508203862349	0.0657591098399
CNGGGGGT	81	1988	2086	148	8	34.4674211694	0.0692883895131	0.00382043935053	0.0654679501626
GCCGGGGT	63	1455	1649	102	1	31.0307132387	0.0655105973025	0.000606060606061	0.0649045366964
TGGNNGGT	1024	26784	29197	1985	126	9223372036854775807	0.0689978796621	0.00429696825018	0.064700911412
CCGCGGGT	47	1051	1408	77	7	19.6171034471	0.0682624113475	0.00494699646643	0.0633154148811
CNGCAGGT	518	14198	15375	1048	90	186.145951723	0.0687393414666	0.00581959262852	0.0629197488381
CGNCTGGT	277	7375	8033	533	39	99.4225950429	0.0674001011634	0.00483151635282	0.0625685848106
CGGNTGGT	293	7854	8410	573	46	102.594017425	0.0679957280171	0.0054399243141	0.062555803703
TNGNGGGT	650	17103	18633	1224	82	231.421576392	0.0667867081355	0.00438151215602	0.0624051959795
GCGNCGGT	341	8499	9494	600	34	120.646028537	0.0659413122321	0.00356842989085	0.0623728823413
GCAGGGGT	40	999	1125	68	2	18.930932663	0.0637300843486	0.00177462289264	0.061955461456
CNNCGGGT	868	21901	24197	1590	158	277.548425727	0.0676854965732	0.0064873742558	0.0611981223174
AAGAGGGT	75	2096	2151	149	12	30.3829621917	0.0663697104677	0.00554785020804	0.0608218602597
ACGTGGGT	31	889	1095	64	7	14.3886225514	0.0671563483736	0.00635208711434	0.0608042612592
TGNCAGGT	395	10291	11682	738	76	132.207438263	0.0669144981413	0.00646368430005	0.0604508138412
CGTCGGGT	22	560	556	38	2	8.79035476062	0.0635451505017	0.00358422939068	0.059960921111
GGCGCGGT	64	1613	1762	113	10	24.0607343063	0.0654692931634	0.00564334085779	0.0598259523056
TGGTGGGT	34	960	1097	66	5	15.4688221546	0.0643274853801	0.00453720508167	0.0597902802984
CNTGGGGT	99	2660	2869	186	18	37.5429620368	0.0653548840478	0.00623484586076	0.059120038187
NNGGCGGT	1855	46988	52556	3192	238	9223372036854775807	0.0636110003986	0.00450808804031	0.0591029123583
TNGGCGGT	424	10604	11954	723	57	137.892251552	0.063829787234	0.004745649821	0.059084137413
CTGGCGGT	144	3682	4150	241	10	62.7264536882	0.0614325771094	0.00240384615385	0.0590287309555
GCGGGCGT	84	2084	2275	147	16	28.7784786483	0.0658897355446	0.00698384984723	0.0589058856974
NGGNAGGT	1055	28980	30181	1997	171	9223372036854775807	0.0644671853311	0.00563389562467	0.0588332897064
GNNGGGGT	608	15493	16829	1031	65	197.18456072	0.0623940934398	0.00384751982953	0.0585465736103
TCGNCGGT	342	9058	9807	600	42	112.435166644	0.0621246634914	0.00426439232409	0.0578602711673
TGGAGGGT	41	1059	1123	69	4	16.0266999473	0.061170212766	0.00354924578527	0.0576209669807
AGGCGNGT	225	6023	6434	403	33	72.0726341744	0.0627139744787	0.00510282975104	0.0576111447276
TNGCAGGT	379	10285	10987	672	46	124.574368222	0.0613306562015	0.00416931025106	0.0571613459505
NGGAGGGT	157	4208	4361	279	24	56.027530985	0.0621796300423	0.0054732041049	0.0567064259374
TGNNGGGT	926	24531	26577	1612	137	287.869636034	0.0616608652412	0.00512839709516	0.056532468146
CNGGCGGT	526	13266	14687	855	63	162.298920369	0.0605481198215	0.00427118644068	0.0562769333809
CCGGNGGT	210	5154	5583	340	32	59.7560260694	0.0618856934838	0.00569902048085	0.0561866730029
NGNGGGGT	419	10847	11663	697	51	128.400359411	0.0603776853777	0.00435376472597	0.0560239206517
CGNNAGGT	743	20644	21526	1363	132	224.756847991	0.0619348389149	0.00609474559054	0.0558400933243
CNGCNGGT	1975	52246	56469	3394	304	9223372036854775807	0.0609992810927	0.00535465802406	0.0556446230687
GNGGNGGT	897	23032	24994	1472	112	270.67065399	0.0600718250082	0.0044610849996	0.0556107400086
GCGGGNGT	281	7155	7835	464	43	82.699200718	0.0609003806274	0.00545823813151	0.0554421424959
NGNCAGGT	1230	33228	35640	2173	221	9223372036854775807	0.0613824468235	0.00616268369538	0.0552197631282
TGNCNGGT	1444	37645	41689	2430	228	9223372036854775807	0.0606363069245	0.00543932056206	0.0551969863625
ACGGNGGT	209	5544	6109	351	27	66.175513241	0.0595419847328	0.00440026075619	0.0551417239766
GNACGGGT	245	6825	7220	434	34	77.6394361781	0.0597878495661	0.0046870692032	0.0551007803629
CCGNGGGT	102	2465	2888	157	14	35.349417869	0.059877955759	0.00482425913163	0.0550536966273
CGGNGGGN	862	20840	22795	1362	145	231.115655613	0.0613458247005	0.006320836966	0.0550249877345
GCNCGGGT	163	4176	4389	276	32	50.2285996468	0.0619946091644	0.00723818140692	0.0547564277575
NCGNCGGT	1281	32997	35947	2057	147	9223372036854775807	0.0586808923375	0.00407269906356	0.054608193274
TGGNGGGA	357	9167	9817	595	65	98.1565093422	0.060950624872	0.00657761586723	0.0543730090047
ANGCGGGT	365	9873	10546	627	60	107.390842118	0.0597142857143	0.00565717518386	0.0540571105304
AGACGGGT	69	1958	1932	122	9	24.8057703579	0.0586538461538	0.00463678516229	0.0540170609916
NTGGCGGT	524	13521	15070	829	59	159.979155663	0.0577700348432	0.00389979509551	0.0538702397477
AGTNGGGT	96	2673	2772	173	21	30.615223703	0.0607870695713	0.00751879699248	0.0532682725788
GGANGGGT	237	6598	6888	402	29	72.3172644	0.0574285714286	0.00419256903282	0.0532360023958
CGGCGGNT	682	16197	18205	1012	106	178.804095075	0.0588064384915	0.0057888700781	0.0530175684134
TGGNGGGN	976	24664	27073	1556	174	261.170484338	0.0593440122044	0.00638602414945	0.052957988055
ATGGCGGT	178	4779	5141	294	26	52.3307773521	0.0579538734477	0.00503193342365	0.052921940024
ACAGGGGT	52	1334	1417	87	12	15.2298929101	0.0612244897959	0.00839748075577	0.0528270090401
CGGCTCGT	82	2165	2350	134	13	27.4206432026	0.0582862113963	0.00550148116801	0.0527847302283
GCGGAGGT	78	2083	2142	128	11	25.8480342212	0.0578923563998	0.00510915002322	0.0527832063766
GGCTNGGT	228	6000	6521	366	31	66.4772759171	0.057492931197	0.00473137973138	0.0527615514656
TCGGGGGT	37	970	1090	55	1	15.9733214898	0.0536585365854	0.000916590284143	0.0527419463012
CGGCCGGT	86	2114	2266	130	12	26.6616382867	0.0579322638146	0.00526777875329	0.0526644850613
GNGCGGGT	278	7159	7848	445	47	76.620161623	0.0585218306155	0.0059531348955	0.05256869572
GGCAGGGT	69	1860	2013	109	6	26.0732230271	0.0553580497715	0.00297176820208	0.0523862815694
AGGCAGGT	86	2528	2450	148	9	31.2987479127	0.0553064275037	0.00366002440016	0.0516464031036
GGNAGGGT	184	5041	5186	298	22	52.6999282704	0.0558156958232	0.0042242703533	0.0515914254699
CCGNCGGT	316	7834	8507	464	37	85.2879043711	0.055917088455	0.00433052434457	0.0515865641105
NCGNGGGT	514	13847	14792	828	77	142.959128192	0.0564224872232	0.00517855941893	0.0512439278042
GAGCGGGT	124	3271	3532	192	15	41.6817916773	0.0554432572914	0.00422892585283	0.0512143314385
GCNGCGGT	574	15128	16497	902	84	159.404115769	0.0562694946974	0.00506603944274	0.0512034552547
CGGAAGGT	103	2940	2961	180	20	32.126181186	0.0576923076923	0.00670915800067	0.0509831496916
CGGCTNGT	414	10838	11988	642	61	115.005245684	0.0559233449477	0.00506266080173	0.050860684146
TNGCNGGT	1411	37837	40940	2212	182	9223372036854775807	0.055232340383	0.0044258547736	0.0508064856094
NNGGGGGT	409	10591	11146	621	54	107.566524021	0.0553870852658	0.00482142857143	0.0505656566944
CTGGNGGT	253	6733	7300	386	27	73.0666098453	0.0542210984689	0.00368500068241	0.0505360977865
GCGGGAGT	61	1581	1777	95	11	18.9964096916	0.0566825775656	0.00615212527964	0.050530452286
CGGGCGGT	94	2412	2589	139	11	29.9160870474	0.0544884359075	0.00423076923077	0.0502576666767
CGGCNNGT	1676	44631	47878	2622	252	9223372036854775807	0.0554885404101	0.0052358196551	0.050252720755
CGCGGGGT	31	779	885	48	7	8.96203083421	0.0580411124547	0.00784753363229	0.0501935788224
CGNCGNGT	804	21677	23038	1251	104	220.838684302	0.0545621074669	0.0044939936047	0.0500681138622
