#Sequence	Occurrence	Forward Match	Backward Match	Forward Mismatch	Backward Mismatch	Strand Bias Score	FER (Forward Error Rate)	RER (Reverse Error Rate), ERD (Error rate Difference)
GGGT	31718	2072843	2241512	29458	7530	9223372036854775807	0.014012265608	0.00334809220993	0.0106641733981
AGGT	88435	4780818	4852553	65959	15018	9223372036854775807	0.0136088373779	0.00308531709142	0.0105235202865
NGGT	230605	13244103	13477135	156965	32953	9223372036854775807	0.0117128724367	0.00243914029279	0.00927373214394
CGGT	12163	666152	678191	7459	1372	9223372036854775807	0.0110731564657	0.00201894452759	0.00905421193809
AAGT	173679	9550443	9637226	105724	25788	9223372036854775807	0.0109488578646	0.00266873255073	0.00828012531388
TGGT	98289	5724290	5704879	54089	9033	9223372036854775807	0.00936058365157	0.00158087838945	0.00777970526213
NAGT	404189	22676766	22626865	192484	46282	9223372036854775807	0.00841671677034	0.00204126934827	0.00637544742206
GAGT	41444	2353279	2314428	18261	4489	9223372036854775807	0.0077000598767	0.00193581745272	0.00576424242399
GNGT	181162	10344015	10376059	78698	20055	9223372036854775807	0.00755062525467	0.00192908619509	0.00562153905958
GGCC	214	11639	11773	99	34	7.66677150247	0.00843414551031	0.00287964766664	0.00555449784367
ANGT	687287	37447460	37526101	276445	68548	9223372036854775807	0.00732811197568	0.00182334459354	0.00550476738215
TAGT	148492	8525923	8413415	54420	11958	9223372036854775807	0.00634240379435	0.00141928434504	0.00492311944931
NNGT	1619167	91539812	90952813	582200	142290	9223372036854775807	0.00631987933568	0.00156199395263	0.00475788538305
GCGT	11320	607080	590930	3984	1152	9223372036854775807	0.00651977534268	0.00194567644347	0.00457409889922
ACGT	52638	2854247	2859411	17825	4743	9223372036854775807	0.00620632073291	0.00165598637503	0.00455033435787
CCTG	21902	1324187	1277459	22924	16195	200.202664734	0.0170171574577	0.0125188033276	0.00449835413007
CAGT	40574	2247121	2261796	14079	4047	9223372036854775807	0.00622633999646	0.00178609021013	0.00444024978633
CCGT	14712	820888	814133	4763	1198	9223372036854775807	0.0057687812405	0.00146934189918	0.00429943934132
TNGT	624317	36625007	35942183	189202	43642	9223372036854775807	0.00513937431061	0.00121275530018	0.00392661901043
GGGN	96970	5562226	5816315	42736	21843	9223372036854775807	0.00762467256691	0.00374141981084	0.00388325275608
CNGT	126401	7123330	7108470	37855	10045	9223372036854775807	0.00528613630286	0.00141110891808	0.00387502738478
NCGT	136608	7717458	7695305	40684	10944	9223372036854775807	0.00524403910111	0.00142014616969	0.00382389293143
GTGT	96680	5310813	5229189	26995	6884	9223372036854775807	0.00505731940902	0.00131472574962	0.00374259365939
CCCG	861	46083	46780	329	160	14.0118505741	0.00708868396104	0.003408606732	0.00368007722905
AGGN	267647	15170712	15552777	102022	54735	9223372036854775807	0.00668000896238	0.00350696510757	0.00317304385481
NGGN	663738	37896595	38659272	238025	120133	9223372036854775807	0.00624170373272	0.00309785567881	0.00314384805392
ATGT	372535	20261952	20176911	86937	22999	9223372036854775807	0.00427232169776	0.00113856942927	0.00313375226849
CGCG	160	8836	8869	35	8	4.14707275406	0.0039454401984	0.000901205362172	0.00304423483623
TCGT	57938	3435243	3430831	14112	3851	9223372036854775807	0.00409119965907	0.00112121005671	0.00296998960236
CGGN	33722	1852099	1884527	10428	5057	9223372036854775807	0.00559884501003	0.00267625043396	0.00292259457607
TGGN	261882	15117176	15208398	81815	37631	9223372036854775807	0.00538292311641	0.0024682492733	0.00291467384311
TTTC	391110	22874825	22530873	243463	173113	9223372036854775807	0.0105311863923	0.00762478447617	0.00290640191618
NTGT	847765	47901485	47153508	192067	52111	9223372036854775807	0.00399361228299	0.00110391519281	0.00288969709019
CCNG	43181	2521294	2491163	31975	24265	209.046821602	0.0125231614844	0.00964646970615	0.00287669177821
ACCG	663	37798	37245	223	117	7.53410860494	0.00586517976907	0.00313152400835	0.00273365576072
GCCG	344	16730	16833	76	31	4.72502901466	0.00452219445436	0.00183823529412	0.00268395916024
TGCG	416	24028	22485	124	56	5.25490481495	0.00513415038092	0.00248436182956	0.00264978855137
CTCG	588	33701	33845	181	95	6.56357552406	0.00534206953545	0.00279905715969	0.00254301237575
TTGT	319598	18939551	18393058	66581	18800	9223372036854775807	0.00350313256795	0.00102108108807	0.00248205147988
AAAC	231895	13220670	13548173	127551	97113	9223372036854775807	0.00955565539408	0.00711696332345	0.00243869207063
CTGT	58952	3389169	3354350	11554	3428	9223372036854775807	0.00339751282301	0.00102091323488	0.00237659958813
TTTG	318627	18785106	18111819	174925	125399	9223372036854775807	0.00922598702502	0.0068759939153	0.00234999310972
ACGG	432	23642	23658	95	40	5.46767198898	0.00400219067279	0.00168790615242	0.00231428452037
CGGG	363	18961	19481	74	32	4.41381645022	0.00388757551878	0.00163993235279	0.00224764316599
AGNT	462592	26526933	26376096	117757	58376	9223372036854775807	0.00441952974495	0.00220832857944	0.00221120116551
GGNT	214359	13030345	13378680	55181	27191	9223372036854775807	0.00421694932248	0.00202829044081	0.00218865888167
AAGN	713721	40729424	40887127	164331	85628	9223372036854775807	0.00401848644127	0.00208987655333	0.00192860988793
GACG	932	54510	55305	239	142	6.3563720213	0.00436537653656	0.00256100420221	0.00180437233435
TTNC	791012	45590881	45053270	330658	244533	9223372036854775807	0.00720049909477	0.00539834128379	0.00180215781098
TCGG	1138	62856	65513	222	115	9.10301066364	0.00351945210692	0.0017523008472	0.00176715125972
GNGN	549378	31251231	31141030	127295	73864	9223372036854775807	0.0040567552472	0.00236630628956	0.00169044895765
CCGN	37239	2082488	2071035	7497	3969	232.36060391	0.0035871070845	0.00191276739707	0.00167433968743
NAGN	1478168	84863479	84923076	303101	160425	9223372036854775807	0.00355891947287	0.00188550069184	0.00167341878103
TNGN	1491630	87217388	86193098	313709	166480	9223372036854775807	0.00358397199112	0.00192775374609	0.00165621824503
TAGN	429158	24847793	24685237	82312	40713	9223372036854775807	0.0033017109234	0.00164656969702	0.00165514122638
GGGA	1790	99787	100226	516	351	7.72420612367	0.00514441243034	0.00348986348768	0.00165454894266
ANGN	2072177	118565674	119178644	442761	250292	9223372036854775807	0.00372041696036	0.00209574001396	0.0016246769464
NGNT	1580472	93719650	92964555	313340	159360	9223372036854775807	0.00333223478271	0.00171126826015	0.00162096652256
CTGG	3906	218352	219721	776	425	23.6746065788	0.00354130918915	0.00193053700726	0.00161077218189
GGCT	3771	203190	199970	651	329	22.7824296048	0.00319366565117	0.00164254439613	0.00155112125504
TCCC	5804	326489	321241	1475	962	22.6120496268	0.00449744484151	0.00298569535355	0.00151174948796
CAGG	861	53543	58816	173	101	6.38933679297	0.00322064189441	0.00171427601541	0.001506365879
ACGN	136608	7683464	7712908	25867	14556	9223372036854775807	0.0033552846544	0.00188367102066	0.00147161363374
CGCT	649	35925	36207	102	50	4.53590921139	0.00283120992589	0.00137904404667	0.00145216587922
TNTC	799029	47186218	46878058	319203	248357	9223372036854775807	0.00671929630936	0.00527001682602	0.00144927948334
ANAC	651620	35770906	36172892	246913	198173	9223372036854775807	0.00685530126075	0.00544864441006	0.00140665685069
NCGN	334178	19093529	19094015	61915	35456	9223372036854775807	0.00323224040121	0.00185347519542	0.00137876520579
CCTA	22164	1269756	1260822	13274	11472	26.6556993107	0.0103458219995	0.00901678385656	0.00132903814292
CGNT	121365	7126478	7088025	19275	9853	9223372036854775807	0.00269740641749	0.00138816136316	0.00130924505433
CNCG	1845	103799	106201	472	343	5.80172483997	0.00452666609124	0.00321932722631	0.00130733886493
GAGN	177054	10137880	10040281	32345	18955	9223372036854775807	0.00318036228304	0.0018843379358	0.00129602434723
GCGN	24300	1328963	1298068	4879	3076	80.8263008067	0.0036578545285	0.00236407346151	0.00129378106699
CGGA	4176	239167	242100	894	595	14.7139336491	0.00372405346974	0.00245163682812	0.00127241664163
TTGN	672649	39699467	38722943	127411	75392	9223372036854775807	0.00319912095545	0.0019431761698	0.00125594478565
NCCG	1704	98580	98793	422	298	5.38329864894	0.0042625401507	0.00300733669052	0.00125520346019
TCGN	127941	7552952	7576520	22171	12744	9223372036854775807	0.00292681716191	0.00167921421629	0.00124760294562
TTNG	607323	35764799	35038546	226854	178326	9223372036854775807	0.00630296141164	0.00506365244477	0.00123930896686
TGCC	1489	78670	77757	294	194	4.85763062056	0.00372321564257	0.00248874292825	0.00123447271432
NGCC	1515	80621	81732	337	241	4.4000900193	0.00416265223943	0.00293999243653	0.0012226598029
ACCC	5503	389849	361368	1964	1376	14.7435312358	0.00501259529418	0.00379330877975	0.00121928651444
CCTC	1655	95051	95622	283	168	7.23725038069	0.00296851070972	0.00175383651738	0.00121467419233
GTGN	242964	13776500	13550882	45834	28879	9223372036854775807	0.00331593781484	0.00212662063787	0.00118931717697
CCAT	6332	400554	395020	1444	953	21.3230966002	0.00359205767193	0.00240672975178	0.00118532792015
TGNT	782156	47035894	46121754	121127	63940	9223372036854775807	0.00256858888521	0.00138441137206	0.00118417751315
TTAC	199344	11137041	11145646	51464	38390	9223372036854775807	0.00459972087424	0.00343257121132	0.00116714966291
AGAC	15234	863980	858360	3848	2830	33.2675583601	0.0044340583618	0.00328615055911	0.00114790780269
AANC	528398	30786134	31230466	181947	148504	9223372036854775807	0.0058753075465	0.00473259638541	0.00114271116109
NCTG	81134	4741540	4700785	34676	28951	102.101714119	0.00726014066366	0.00612106045665	0.001139080207
CNGN	390948	22557193	22670487	66405	40993	9223372036854775807	0.00293520951	0.00180494622103	0.00113026328897
NAAC	593839	34016829	34474597	229301	193242	9223372036854775807	0.00669567627057	0.00557409996048	0.00112157631009
GNCG	2155	122162	121963	482	346	5.50025424865	0.00393007403542	0.0028289005715	0.00110117346392
NTGN	2028049	117737883	116506896	347129	215615	9223372036854775807	0.00293965334059	0.00184724435889	0.00109240898171
ATAC	241858	12847860	12856649	78917	65220	284.702219653	0.00610492468463	0.00504725748264	0.00105766720199
TCAG	2446	143510	146798	438	294	7.63148159434	0.00304276544308	0.00199874908221	0.00104401636087
NCCC	12466	728735	694599	3924	3026	17.6384291733	0.00535583402374	0.00433757391149	0.00101826011226
NTTC	861422	50564722	50446678	374193	321495	9223372036854775807	0.00734591618216	0.00633260921168	0.00101330697048
GGAT	81961	4830235	4892090	15556	10783	202.200905823	0.00321020861197	0.00219932272364	0.00101088588833
CAGN	158235	9148382	9310431	24113	15129	9223372036854775807	0.00262883762815	0.00162231544272	0.00100652218543
ATGN	954201	54982074	55025832	150541	95373	9223372036854775807	0.00273052529796	0.00173024156493	0.00100028373303
AGCT	9800	548998	548841	1480	967	24.2952696406	0.00268857247701	0.00175879579781	0.000929776679205
GNCC	3427	188211	188778	520	350	8.09385618455	0.00275524423651	0.00185059853644	0.000904645700065
CGAT	32790	2003323	1990778	5166	3331	84.6895102714	0.00257208279458	0.00167042022277	0.000901662571812
TNNC	1743696	100566738	100114194	511368	421015	9223372036854775807	0.00505913713896	0.00418773685545	0.000871400283503
TGGG	2824	153222	152046	297	163	9.0122602057	0.00193461395658	0.00107089593914	0.000863718017442
CACC	2662	146849	149333	364	243	6.40524742955	0.00247260771807	0.00162459218056	0.000848015537505
TGAC	6366	369222	366327	1347	1025	9.77723354368	0.00363495057601	0.00279023933448	0.000844711241526
CCTN	159676	9340976	9213437	69987	61166	104.528822821	0.00743675222185	0.00659499926843	0.000841752953418
TATT	1268845	69683151	68343373	145713	85502	9223372036854775807	0.00208671588872	0.00124950176369	0.000837214125026
CCAC	5811	334001	336954	923	653	11.4145409869	0.00275584908815	0.00193420160127	0.000821647486881
CNTG	44991	2687251	2658744	22008	19569	26.59296047	0.00812325436586	0.00730646492774	0.000816789438125
AACC	42237	2737147	2655401	7799	5424	78.7866771097	0.0028412216488	0.00203846551352	0.000802756135289
NTAC	628525	34344818	34433852	168799	141474	9223372036854775807	0.00489079426245	0.00409176185353	0.000799032408925
GAAC	20400	1186375	1195877	6593	5686	17.0832445969	0.00552655226293	0.00473216968232	0.000794382580605
NTTG	672650	39533732	38589234	256803	219950	9223372036854775807	0.00645387150487	0.0056674729363	0.000786398568566
CTGN	158235	9279842	9207239	23343	15971	288.709421499	0.00250914068676	0.00173160971072	0.000777530976046
NNAC	1619157	90503023	91401776	466326	399361	9223372036854775807	0.00512618816256	0.00435028380967	0.000775904352899
TAGG	9736	538115	540501	1478	1065	15.8796250979	0.00273910150799	0.00196651931621	0.000772582191783
TAAC	104810	5885587	5862900	31307	26771	74.1410285915	0.00529112064539	0.00454541518533	0.000745705460062
TTGG	43917	2564977	2543724	8377	6416	54.0461967879	0.00325528473735	0.00251594030132	0.000739344436034
ACAC	59014	3161344	3228478	12459	10337	54.1865863281	0.00392557446067	0.00319159939669	0.000733975063978
NCGG	3125	166528	170956	369	253	6.09406811927	0.00221094447474	0.00147772605412	0.000733218420615
CNGG	8735	498322	516418	1282	949	14.4285247716	0.00256603229758	0.00183428784596	0.000731744451621
TACC	67815	3823680	3795687	10013	7169	98.8699290112	0.00261184189762	0.00188516209922	0.000726679798394
NGAC	8492	479714	479569	1768	1419	9.09867238111	0.00367199604554	0.00295017755121	0.000721818494336
NTNC	1966503	112201558	111842691	614116	535272	9223372036854775807	0.00544353437981	0.00476314026087	0.000680394118935
GNNT	1513692	87112397	86558953	254013	193773	9223372036854775807	0.00290744463461	0.00223362433591	0.000673820298706
CTTC	54696	3253311	3312678	12429	10453	46.2827418502	0.00380587554429	0.00314552751607	0.000660348028219
TNAC	532078	29977174	30095380	127701	108754	9223372036854775807	0.00424187112552	0.00360063294647	0.000641238179054
TCTC	22567	1270778	1303395	4061	3325	21.216000274	0.0031855002867	0.00254453899841	0.000640961288295
AGAT	145495	8786727	8696313	27822	21969	137.611790876	0.0031563724928	0.00251987719599	0.000636495296807
CNCC	6871	371328	373658	1356	1126	5.67969543478	0.00363847119812	0.00300439719945	0.000634073998666
TCAC	27313	1600075	1632724	3930	3009	31.7886524688	0.00245011705076	0.00183954227249	0.000610574778272
CNNG	40358	2459530	2474695	17024	15598	16.4131730543	0.00687406775705	0.00626351999544	0.000610547761614
ACNC	55521	3141687	3145566	11391	9487	39.2728828469	0.00361266039089	0.00300692254615	0.000605737844744
CAAC	13424	780078	795352	3112	2706	8.80747869678	0.00397349302213	0.0033907309995	0.000582762022626
ATGG	20306	1215715	1220852	3836	3145	16.4330344664	0.00314541991274	0.00256945074212	0.000575969170621
TTCC	101130	5915370	5811301	17899	14221	78.9513818631	0.00301671810262	0.00244115462958	0.000575563473041
AATC	84167	5014935	5126717	17726	15162	57.6391173313	0.00352219233523	0.00294872749826	0.000573464836973
ANCG	5844	350826	350544	1252	1049	4.54463931437	0.00355603019785	0.00298356338152	0.00057246681633
TANT	2515688	140113094	137990569	386789	303969	9223372036854775807	0.00275294891171	0.00219798268533	0.000554966226376
CTNG	5824	332863	334719	1152	974	4.12631751334	0.00344894690358	0.00290146056069	0.000547486342891
ANNT	7361410	383131846	383034241	1239587	1029501	9223372036854775807	0.00322497171636	0.00268054723062	0.000544424485735
TGGA	31726	1841159	1862606	5860	4915	21.4412044737	0.00317267986956	0.00263183118155	0.000540848688012
ATCC	52558	3150466	3123428	7524	5775	47.8404457059	0.00238252812707	0.00184551785231	0.000537010274759
CCNC	4406	246006	246950	561	431	4.48172238481	0.00227524364574	0.00174225183017	0.00053299181557
GAGA	17956	1049423	1025143	1997	1413	19.8249803043	0.00189933613589	0.00137644707157	0.000522889064325
TGCT	25165	1425472	1397982	2654	1870	27.3125912255	0.00185837944271	0.00133585550472	0.000522523937985
GTNT	615945	34395180	33955483	86272	67460	9223372036854775807	0.00250198280513	0.00198277967899	0.000519203126138
CGTT	12418	733035	724637	999	614	19.954068465	0.00136097238003	0.00084660345177	0.000514368928256
NCNG	89063	5218336	5244408	28213	25649	30.3446686297	0.00537743953216	0.00486693028178	0.000510509250378
ANNC	1513692	85952775	86521766	408327	366787	9223372036854775807	0.00472813559049	0.00422135007819	0.000506785512303
NACC	215963	12611290	12533438	30591	24088	160.449009275	0.00241981395016	0.00191821223384	0.000501601716312
TATC	60922	3684770	3674867	12486	10599	33.4512297006	0.00337709912432	0.00287589140695	0.000501207717375
TNGG	72234	4139066	4148413	10364	8301	51.6499026127	0.00249769245414	0.0019970101383	0.000500682315848
ATNT	4085153	203073107	200511940	394491	288897	9223372036854775807	0.0019388394215	0.00143872408261	0.000500115338889
NGAT	608508	37322515	36940715	95337	75905	9223372036854775807	0.00254790146693	0.00205056539468	0.000497336072246
TCNC	72636	4120082	4183777	11507	9639	43.4232711602	0.00278512698141	0.00229860333437	0.000486523647041
NGCT	133026	7424475	7349784	16444	12694	97.9088394175	0.00220994207839	0.00172414776655	0.000485794311838
TNCC	262565	14986144	14790059	40829	33272	147.550820151	0.00271704753845	0.00224456972593	0.000472477812522
AANT	2126378	115894860	118417823	628160	586354	9223372036854775807	0.00539086611384	0.00492717158995	0.000463694523886
NNTC	1800810	106169867	106520159	526277	478518	9223372036854775807	0.00493248378311	0.0044721861374	0.000460297645702
ATAT	2418998	109806169	109300624	246096	194669	9223372036854775807	0.00223617387611	0.00177787551105	0.000458298365062
NANC	1580459	92447681	93213904	387787	348494	9223372036854775807	0.00417714272739	0.00372472283149	0.000452419895895
ANCC	171263	10708316	10478759	29880	24612	88.3399567776	0.00278259029729	0.0023432477059	0.000439342591387
NCAC	178852	9885822	10122660	29440	25680	77.8390889146	0.00296916006859	0.00253046311022	0.000438696958366
GCNT	120369	6644083	6595929	14472	11500	70.3975491355	0.00217344453864	0.00174046516429	0.000432979374355
NATT	2474601	139312535	137653935	241507	180334	9223372036854775807	0.0017305625587	0.00130833936515	0.000422223193542
NANT	5757576	321603182	321687709	1170261	1034166	9223372036854775807	0.00362564215049	0.00320451162475	0.000421130525737
CCNT	36697	2403783	2351760	9560	8359	13.1501600854	0.00396131009972	0.00354177056326	0.000419539536461
NNCG	16250	948656	949800	3501	3107	5.9634072279	0.00367691462647	0.00326054903574	0.000416365590734
CANC	7972	484713	486397	1178	979	4.84410768581	0.00242441205949	0.00200871606316	0.000415695996332
CGAN	16289	985816	984520	1896	1486	11.5566976753	0.00191958789607	0.00150709022055	0.000412497675521
CTNC	57785	3345267	3393177	10513	9274	21.8924737192	0.00313280369988	0.00272568216265	0.000407121537232
CCAN	15146	933867	929968	2335	1947	8.10230549858	0.00249411985875	0.00208924633684	0.000404873521904
TANC	324602	18943643	18882057	70652	62872	94.074371018	0.00371573071734	0.00331867171421	0.000397059003127
CATT	16815	1065734	1041271	1714	1262	13.6259418937	0.00160569882561	0.00121051324035	0.000395185585262
GTAT	263169	14180131	14114723	23196	17520	167.411863795	0.00163313848931	0.0012397182811	0.000393420208216
TTGA	107561	6381516	6210631	17613	14738	40.9342895015	0.00275240583523	0.00236740986759	0.00038499596764
TTTN	3548114	194575946	188068555	878468	777239	9223372036854775807	0.00449449046467	0.00411573370811	0.00037875675656
NTGG	129024	7461730	7466809	18935	16113	50.8862043474	0.00253119207985	0.00215330321497	0.000377888864874
ATNC	246072	13876265	13902320	63432	58305	50.0425572668	0.00455045758886	0.00417638895107	0.000374068637788
AAAT	98605	5505065	5700799	45050	44504	11.6580754069	0.00811694892809	0.00774615368415	0.000370795243937
TNNT	8195557	462581818	454347866	876942	693848	9223372036854775807	0.00189216835604	0.00152480086694	0.000367367489099
CCNN	314875	18550718	18425595	90908	83575	57.6034208253	0.00487661323106	0.0045153294286	0.000361283802454
GANT	335228	19641262	19406154	53978	46298	109.576192165	0.00274066221077	0.00238005985055	0.000360602360215
NTNG	1378721	80387151	79375206	357843	325164	256.114072786	0.00443176700217	0.00407983049514	0.000351936507034
NTCC	272972	15942876	15757694	39611	33589	94.0133423435	0.00247840026399	0.00212705959357	0.000351340670414
TTNN	7138548	397752680	389455388	1326936	1164884	9223372036854775807	0.00332499067053	0.00298213913486	0.000342851535675
AGNN	1478169	84963878	84985658	226183	197239	9223372036854775807	0.00265503977043	0.00231547654455	0.00033956322588
TNTG	352051	19681127	19338732	116082	107431	44.4700112798	0.0058635537969	0.00552453458299	0.000339019213909
GGAN	63078	3612873	3707746	7927	6901	22.7569297327	0.00218929518338	0.00185778083355	0.000331514349836
TAGA	9447	558875	554602	890	703	5.17559600747	0.00158995292667	0.0012659709529	0.000323981973775
TGAT	237907	14915343	14643550	30282	25028	89.618810238	0.00202614477481	0.00170623219238	0.000319912582431
NTNT	9348673	496504634	488284188	828814	659914	9223372036854775807	0.00166651570155	0.00134967166451	0.000316844037041
NGGA	94901	5434410	5516527	15884	14374	22.667554388	0.002914338199	0.0025988532429	0.000315484956105
NNCC	632180	36824472	36372729	93787	81336	161.433250165	0.00254039606797	0.00223119150087	0.000309204567107
AGTT	11515	639315	630718	895	689	5.97094251282	0.00139797878821	0.00109121374961	0.0003067650386
AGGA	17293	988252	1010960	2350	2096	5.26406643045	0.00237229482678	0.00206898730179	0.000303307524994
NCNC	179803	10002604	10128342	29185	26463	37.8575940372	0.00290925177952	0.00260595846006	0.000303293319459
NAGG	20922	1177057	1193285	2816	2492	6.07777118612	0.00238669755135	0.00208400061215	0.000302696939192
CNTC	71508	4292274	4350844	12170	11066	15.8292513962	0.00282731056555	0.00253696201893	0.000290348546614
GGNN	543757	31362412	31936442	86026	78421	110.409870522	0.00273546177397	0.00244951852519	0.000285943248775
TNTT	3815683	209991248	204349040	269491	204881	9223372036854775807	0.00128169910028	0.0010015989867	0.000280100113573
NTAT	4108700	202808538	201416280	375712	316551	9223372036854775807	0.00184911970293	0.00156915955837	0.000279960144563
TNGA	249327	14671851	14494109	34256	29797	57.2766926184	0.00232937241651	0.00205158309342	0.000277789323088
NATC	168111	10172021	10231012	30366	27689	31.3371046459	0.00297636229639	0.00269907466842	0.000277287627972
GNGA	24342	1417507	1395353	3537	3105	5.46044803089	0.00248901511846	0.00222030264763	0.000268712470832
AANA	199509	12326407	12221699	30822	27303	41.087622901	0.0024942485083	0.00222899792163	0.000265250586676
ACNT	285966	15926581	15948269	43308	39220	46.3082584707	0.00271185353887	0.00245316822423	0.000258685314641
GNAT	354337	19824179	19741872	50445	45424	53.7993212523	0.00253816122509	0.00229561431739	0.0002425469077
GATT	10432	658975	647276	793	626	4.32272922508	0.00120193765081	0.000966195504876	0.000235742145935
NNGG	149827	8600447	8704629	22222	20443	22.1184157233	0.00257716027369	0.00234301791435	0.000234142359342
TGTT	290451	17075315	16620062	20894	16489	89.6238376398	0.00122214228897	0.000991130914094	0.000231011374878
TTAA	609534	33186492	33213124	59843	52201	115.754520469	0.00179998787836	0.00156923162482	0.000230756253541
ANAA	197537	12248019	12152419	29904	26941	29.7588258321	0.0024355911012	0.00221202099289	0.000223570108306
CANT	165641	9760284	9752009	21431	19261	25.7852693526	0.00219092459758	0.00197118695932	0.000219737638258
CGNN	39554	2264042	2266661	4870	4392	6.25714925444	0.00214640321	0.00193390466889	0.000212498541105
AAAN	1021171	56143856	57797106	255229	250707	61.4574267226	0.00452541029699	0.00431897408435	0.000206436212647
TTNT	3776443	207934728	202602457	263548	215739	9223372036854775807	0.00126585101982	0.0010637063353	0.00020214468452
AAGA	70894	4162685	4127751	5731	4861	14.92254355	0.00137486277761	0.00117625366233	0.000198609115279
AATT	34544	2028984	2030631	3737	3336	5.76943805235	0.00183842248887	0.00164014460412	0.000198277884755
ANAT	2197251	107770281	108747001	429922	412740	114.469973042	0.00397339365435	0.00378106430282	0.000192329351535
GTAN	38808	2138566	2119544	4474	4031	4.91851026645	0.00208768851725	0.00189821409651	0.000189474420735
NGTT	524221	30622617	30118706	37421	31312	98.2070215424	0.00122051381671	0.00103854001016	0.000181973806556
TTAN	2093841	115613397	114715286	219641	197505	220.150730979	0.00189618612956	0.00171873816902	0.000177447960539
AGAN	192076	11203348	11126119	22364	20290	19.9105917492	0.00199221216436	0.00182031719812	0.000171894966238
CNTN	110472	6753793	6676522	32561	31106	4.76866939133	0.00479801083174	0.00463740684486	0.000160603986873
AAAA	1600664	84030317	87307060	99080	89414	204.290762411	0.00117770961796	0.00102308475282	0.000154624865135
CNNT	1317153	77078161	76824825	146129	134002	106.726465996	0.00189226731641	0.00174121676777	0.000151050548644
NAGA	315609	18380551	18228218	26071	23197	32.5121364256	0.0014163924266	0.00127096994945	0.000145422477142
NCNT	844286	49622028	49392961	106851	99614	49.210757934	0.00214867099659	0.0020127059463	0.000135965050289
TTTT	55360	3087762	2998359	4095	3585	5.20551799563	0.00132444676452	0.00119422614146	0.000130220623057
CNTT	43026	2671613	2616255	3103	2715	4.7148407767	0.00116012316822	0.00103666708668	0.000123456081538
AANN	5069744	279030502	285038259	915354	900017	144.851535238	0.00326975370552	0.00314759189497	0.000122161810544
NGAN	463284	27723939	27700786	53405	50139	22.8294778619	0.00192261002348	0.00180675058579	0.000115859437687
NNGA	105149	6263674	6241068	12002	11267	5.23299545433	0.00191246329479	0.00180204675533	0.000110416539459
NAAA	1252485	67869885	70008464	81425	76355	79.0568253565	0.00119828447752	0.00108946560881	0.00010881886871
NNTT	7138563	399523746	390903576	490401	437841	9223372036854775807	0.00122595914089	0.00111882101148	0.000107138129415
ATAN	3648758	177772631	177881186	410968	393126	89.5431962853	0.00230643000987	0.00220517468608	0.000101255323793
NTAN	7210454	374569455	373922452	778837	741612	185.353792122	0.00207497147742	0.00197940520925	9.55662681755e-05
ANAN	2979767	158446260	160630474	505815	497883	48.52219232	0.00318218557386	0.00308997751401	9.22080598454e-05
TTAT	257737	14077982	13903088	19016	17498	10.8008050085	0.00134893968205	0.00125698731361	9.19523684427e-05
NNAT	1531066	83151519	83116551	254758	247558	22.7875695381	0.00305442239078	0.00296959930322	8.48230875547e-05
TNAA	270205	14439848	14704087	19376	18498	9.43423867086	0.00134004425134	0.00125643696402	8.36072873124e-05
TNTN	628408	31584521	30830424	107446	102377	7.47163467252	0.00339032285374	0.00330965824918	8.06646045542e-05
NNAA	376991	23016729	23077089	44986	43789	4.96558572821	0.00195067886322	0.00189391596634	5.67628968755e-05
