#Sequence	Occurrence	Forward Match	Backward Match	Forward Mismatch	Backward Mismatch	Strand Bias Score	FER (Forward Error Rate)	RER (Reverse Error Rate), ERD (Error rate Difference)
CGTGNCNC	9	228	366	25	1	8.8358862983	0.098814229249	0.00272479564033	0.0960894336087
TTTTACGT	36	440	311	48	1	9.11473879377	0.0983606557377	0.00320512820513	0.0951555275326
GGNTAGAT	37	456	318	47	3	7.01385679382	0.0934393638171	0.00934579439252	0.0840935694246
TTTNACGT	64	735	685	62	3	13.377815875	0.077791718946	0.00436046511628	0.0734312538298
TTTACGTT	41	568	509	51	7	7.3989077608	0.0823909531502	0.0135658914729	0.0688250616774
TCTGAGNT	25	514	523	43	6	7.10367593748	0.0771992818671	0.0113421550095	0.0658571268577
GCNAATGA	37	525	509	41	4	7.72262481953	0.0724381625442	0.00779727095517	0.064640891589
NCGGCANA	20	392	443	27	1	7.41425789256	0.0644391408115	0.00225225225225	0.0621868885592
NACGTTAT	71	847	663	63	6	9.36886857325	0.0692307692308	0.00896860986547	0.0602621593653
ACATCGTC	11	410	401	25	0	7.1904495145	0.0574712643678	0.0	0.0574712643678
TTTACGNT	69	704	697	56	12	6.83930616426	0.0736842105263	0.0169252468265	0.0567589636998
ACGNTATC	34	633	535	39	1	8.61914223702	0.0580357142857	0.00186567164179	0.0561700426439
AANCTGCT	20	491	482	30	1	7.48300335215	0.0575815738964	0.00207039337474	0.0555111805216
NCGTTATC	34	689	606	40	2	8.38258784065	0.0548696844993	0.00328947368421	0.0515802108151
TACGNTAT	73	797	786	58	13	6.83128392068	0.0678362573099	0.0162703379224	0.0515659193875
AATTTGTC	30	767	697	49	6	7.73765622455	0.0600490196078	0.00853485064011	0.0515141689677
TCNGAGNT	45	795	730	55	10	7.06449795086	0.0647058823529	0.0135135135135	0.0511923688394
ANATCGTC	36	544	534	31	2	6.8504359471	0.0539130434783	0.00373134328358	0.0501817001947
TNTACGTT	94	931	827	66	14	6.95441084945	0.0661985957874	0.0166468489893	0.0495517467981
ACANCGTC	20	716	657	38	2	8.23837694716	0.0503978779841	0.00303490136571	0.0473629766184
ACGTTATN	71	952	736	56	7	7.16000224824	0.0555555555556	0.00942126514132	0.0461342904142
CGTTATNT	93	607	590	29	0	8.35807934254	0.0455974842767	0.0	0.0455974842767
GCTGCNAC	12	609	629	31	2	7.01692798725	0.0484375	0.00316957210777	0.0452679278922
TCGTNGCN	20	614	691	30	1	8.33079764713	0.0465838509317	0.0014450867052	0.0451387642265
AATTNGTC	55	980	897	57	9	7.98175620379	0.0549662487946	0.00993377483444	0.0450324739602
CTGCTAAT	14	721	727	37	3	7.79446523672	0.0488126649077	0.0041095890411	0.0447030758666
TNNTGGCC	37	812	916	39	6	7.20170001739	0.0458284371328	0.00650759219089	0.0393208449419
NCGNTATC	80	1278	1279	62	9	9.95495030122	0.0462686567164	0.00698757763975	0.0392810790767
GCTNCAAC	21	875	1130	38	3	10.0707259894	0.0416210295728	0.00264783759929	0.0389731919735
NTCGTNGC	20	653	736	27	1	7.4272731508	0.0397058823529	0.00135685210312	0.0383490302498
TGGTNCAA	42	965	942	41	4	7.70676640827	0.0407554671968	0.00422832980973	0.0365271373871
CTGNTAAT	75	1391	1292	60	8	9.23395076276	0.0413507925569	0.00615384615385	0.035196946403
TGCTNANC	65	1040	1028	43	6	7.23768913836	0.0397045244691	0.00580270793037	0.0339018165387
TNAATTCT	241	1984	1939	108	35	8.64373809333	0.0516252390057	0.0177304964539	0.0338947425518
ACANCGNC	41	1281	1330	57	12	7.8364918562	0.042600896861	0.00894187779434	0.0336590190666
ACGNNATC	78	1770	1586	85	20	8.43787053595	0.0458221024259	0.0124533001245	0.0333688023013
ANNCAACC	99	1148	1320	52	14	6.8433298887	0.0433333333333	0.0104947526237	0.0328385807096
NATTTGTC	105	1802	1834	81	19	9.74210021395	0.0430164630908	0.0102536427415	0.0327628203493
TAATTCTT	184	1439	1582	71	23	7.08851077116	0.0470198675497	0.0143302180685	0.0326896494811
NGGTGCAA	23	946	984	36	4	7.13713463379	0.0366598778004	0.00404858299595	0.0326112948045
NACGNTAT	188	1898	2002	90	27	9.08086954565	0.0452716297787	0.0133070478068	0.0319645819719
TAGTNGTC	55	1046	1652	46	17	7.18630641596	0.0421245421245	0.0101857399641	0.0319388021605
NCGTTATN	205	2064	1908	90	19	10.1640373695	0.041782729805	0.0098598858329	0.0319228439721
CAAGNTNC	64	1377	1296	56	11	7.09709035041	0.0390788555478	0.00841622035195	0.0306626351959
TACGNNAT	189	2193	2115	105	33	8.47313448534	0.0456919060052	0.0153631284916	0.0303287775136
NNCCAGCA	51	1622	1511	67	15	7.48057918602	0.0396684428656	0.00982961992136	0.0298388229442
GCNGANAT	80	1563	1383	58	9	7.84939820022	0.03578038248	0.00646551724138	0.0293148652386
AANTNGTC	159	1979	2101	86	28	7.99657990531	0.0416464891041	0.0131517144199	0.0284947746842
NNCAGGTT	97	2026	1953	75	16	9.07165666862	0.0356972870062	0.00812595226003	0.0275713347462
TCANCNCC	110	1889	2576	81	36	7.94575828774	0.041116751269	0.0137825421133	0.0273342091557
GAAANATC	128	1968	1987	71	15	9.26438933505	0.0348209906817	0.00749250749251	0.0273284831892
NCATCGTC	54	1775	1488	56	5	9.47378370588	0.0305843801202	0.00334896182184	0.0272354182983
ACNNCGTC	42	1380	1638	48	11	7.4118767717	0.0336134453782	0.00667070952092	0.0269427358572
ACGNTATN	188	2051	2119	83	26	7.7858819555	0.0388940955951	0.0121212121212	0.0267728834739
NGCNGCTA	44	2254	2086	81	17	9.32630192514	0.0346895074946	0.00808368996671	0.0266058175279
NCANCGTC	76	2278	1950	77	12	9.97903052245	0.0326963906582	0.00611620795107	0.0265801827071
TTNNACGT	194	2670	2365	122	42	7.38147042764	0.0436962750716	0.0174491067719	0.0262471682997
ACNTTTTC	212	1774	2012	70	24	7.02794750854	0.0379609544469	0.0117878192534	0.0261731351934
TNCTANCC	112	1564	1955	58	19	7.10252134157	0.035758323058	0.0096251266464	0.0261331964115
NCATCGNC	73	1899	1653	60	8	8.76689721719	0.0306278713629	0.0048163756773	0.0258114956856
GAANGNTC	129	1833	1981	63	15	8.20459702402	0.0332278481013	0.00751503006012	0.0257128180411
TNTACGTN	244	2831	2436	120	37	8.09958726904	0.0406641816333	0.0149615851193	0.0257025965141
AANGCAGN	81	1876	1592	58	7	8.51883109458	0.0299896587384	0.00437773608505	0.0256119226533
ANGNCATC	89	2039	2180	83	30	7.00888023764	0.0391140433553	0.0135746606335	0.0255393827218
TNCTAANC	179	2719	2889	99	29	10.1636606509	0.0351312987935	0.00993831391364	0.0251929848798
GNTATNGT	223	3420	3123	156	59	8.61320962414	0.0436241610738	0.0185417976116	0.0250823634623
TGCNNATC	89	1807	1741	61	14	6.92838061997	0.0326552462527	0.00797720797721	0.0246780382755
ACANNGTC	84	1838	1657	58	10	7.63154692005	0.0305907172996	0.00599880023995	0.0245919170596
GCTNNAAC	67	2041	2112	75	24	6.92727105766	0.0354442344045	0.0112359550562	0.0242082793484
TTTNCATC	285	2985	2876	108	32	9.4742431767	0.0349175557711	0.0110041265475	0.0239134292236
TNTTGTTC	283	2098	2381	81	32	6.79516889847	0.0371730151446	0.0132615002072	0.0239115149374
GTTNNTGC	103	2917	2812	103	29	9.54737933514	0.0341059602649	0.0102076733545	0.0238982869104
NNAAGTAC	240	2664	2697	93	27	9.09452598241	0.0337323177367	0.00991189427313	0.0238204234635
NCGTNATC	96	2744	2478	91	21	9.24505234115	0.0320987654321	0.00840336134454	0.0236954040876
GTTNTNGT	346	4245	4023	189	78	9.66162447089	0.0426251691475	0.0190197512802	0.0236054178673
GCANNTAC	100	1795	1931	55	12	7.74174838844	0.0297297297297	0.00617601646938	0.0235537132604
NCGNCATC	73	2519	2404	87	24	8.17453073354	0.0333844973139	0.00988467874794	0.023499818566
TNGTNGTC	112	2225	3042	76	30	8.74290128088	0.0330291177749	0.009765625	0.0232634927749
NATTNGTC	203	3387	3308	130	46	9.25674676976	0.0369633210122	0.0137149672033	0.0232483538089
CGANTNAC	89	2466	2443	83	23	8.27165613549	0.0325617889368	0.00932684509327	0.0232349438436
AANGCANC	98	1961	1824	62	14	6.83176615803	0.0306475531389	0.0076169749728	0.0230305781661
GCNAATGN	108	2279	2549	77	25	8.00385903883	0.0326825127334	0.00971250971251	0.0229700030209
ANACNACC	109	2185	2550	78	30	7.1152324516	0.0344675209898	0.0116279069767	0.0228396140131
NAATTCTT	356	3053	3274	120	50	8.0805561262	0.0378190986448	0.0150421179302	0.0227769807146
ANNAGTTC	204	2260	2115	75	20	7.18949791605	0.0321199143469	0.00936768149883	0.0227522328481
NNGTTATC	211	2297	2532	78	26	7.62425133365	0.0328421052632	0.010164190774	0.0226779144891
GTTATNGN	217	3490	3092	152	61	7.06295556447	0.0417353102691	0.0193466539803	0.0223886562887
NGNTCATC	163	2709	2480	86	21	8.50659856132	0.0307692307692	0.00839664134346	0.0223725894258
NNCTAACC	117	2271	2637	78	29	7.40083137202	0.0332056194125	0.0108777194299	0.0223278999827
NNCAATTC	210	3003	3102	104	35	8.81851627867	0.0334728033473	0.011157156519	0.0223156468283
NANAGTTC	201	2723	2496	95	30	7.0583906008	0.0337118523776	0.0118764845606	0.021835367817
TNNACCTC	95	1338	2021	36	9	7.05993389046	0.0262008733624	0.00443349753695	0.0217673758255
CCANCANC	110	2481	2887	83	31	7.73149252295	0.0323712948518	0.0106237148732	0.0217475799786
TAGTANTC	134	2414	3147	78	31	8.172450705	0.0313001605136	0.009754562618	0.0215455978956
ACATCNTC	117	2313	2262	70	18	7.46676787665	0.0293747377256	0.00789473684211	0.0214800008835
CNATTNAC	157	2241	2505	73	26	6.88516266143	0.0315471045808	0.010272619518	0.0212744850628
GTAANNAC	209	2914	3018	96	34	7.67964865795	0.0318936877076	0.0111402359109	0.0207534517968
NATTTGNC	223	4245	4160	158	64	9.06318635031	0.0358846241199	0.0151515151515	0.0207331089684
NCATNGTC	122	2916	2521	82	17	8.63752022807	0.0273515677118	0.00669818754925	0.0206533801626
ANCTNTTC	332	4125	4653	133	51	11.1231311572	0.0312353217473	0.0108418367347	0.0203934850126
GATAGNNA	282	3629	3243	130	47	7.39524936644	0.0345836658686	0.0142857142857	0.0202979515829
NNATCACC	213	3093	3860	104	48	8.33776490661	0.0325304973413	0.0122824974411	0.0202479999001
NCCANCAC	114	2769	3151	90	36	7.43423596506	0.0314795383001	0.0112958895513	0.0201836487488
AGNAGNTC	104	3393	2708	106	28	7.56146478871	0.0302943698199	0.0102339181287	0.0200604516913
NGCTGCNA	51	2946	2892	94	32	7.20429289215	0.0309210526316	0.0109439124487	0.0199771401829
NAAAGTNC	256	3272	2906	98	27	8.20304394269	0.0290801186944	0.00920559154449	0.0198745271499
GAAANANC	391	5902	5331	192	63	12.0154265872	0.0315063997374	0.0116796440489	0.0198267556885
NTNGCATC	84	2996	2682	92	27	7.1647980594	0.029792746114	0.00996677740864	0.0198259687054
NAGTNATC	188	3530	3759	98	28	10.5419221626	0.0270121278942	0.00739371534196	0.0196184125522
NTCAGGTN	137	2999	2852	96	33	6.82558177993	0.0310177705977	0.01143847487	0.0195792957277
NGGTNCAA	147	3631	3135	109	31	8.28701360065	0.0291443850267	0.00979153506001	0.0193528499667
NAGNAATC	212	3347	3467	109	43	7.59281119064	0.0315393518519	0.0122507122507	0.0192886396011
GNTNCAAC	131	3827	4479	120	51	9.33535988827	0.0304028375982	0.0112582781457	0.0191445594525
ACNTTNTC	391	4388	4801	155	73	8.82551576728	0.0341184239489	0.014977431268	0.019140992681
NAAAGNTC	227	3246	3004	98	31	7.47394775702	0.0293062200957	0.0102141680395	0.0190920520562
GCTNCANC	55	2099	2476	52	13	7.58136006331	0.0241748024175	0.00522298111691	0.0189518213006
TAGTNNTC	246	4865	5461	142	52	12.0111307254	0.0283602955862	0.00943225104299	0.0189280445432
ANNAGGTC	128	3750	2816	111	28	7.55090389266	0.028749028749	0.0098452883263	0.0189037404227
NCNTCGTC	111	3381	3662	88	24	10.0681225594	0.0253675410781	0.00651112316875	0.0188564179094
NAANGTTC	291	3177	3205	97	35	7.30422611651	0.029627367135	0.0108024691358	0.0188248979992
NTNAATTC	641	5372	5527	203	99	8.94405232034	0.0364125560538	0.0175968716673	0.0188156843866
GATNNTCA	255	2820	2936	83	29	7.02094364593	0.0285911126421	0.00978077571669	0.0188103369254
ANAAGTNC	278	3256	3066	102	36	6.81628032783	0.0303752233472	0.0116054158607	0.0187698074865
GANNTATC	266	3819	3533	122	44	7.61104189834	0.0309566099975	0.0123008107353	0.0186557992622
ACNTNTTC	491	6263	6966	189	76	13.7809687362	0.0292932424055	0.010792388526	0.0185008538795
GNTGCNAC	72	3227	3404	103	43	6.83977392	0.0309309309309	0.0124746156078	0.0184563153232
NNAATTCT	653	5877	6177	223	115	9.22239024568	0.0365573770492	0.0182771773681	0.0182801996811
ACATCNNC	191	3630	3588	115	46	7.01333406362	0.0307076101469	0.0126582278481	0.0180493822988
NATNGTTC	343	4473	4007	149	58	7.56092861316	0.0322371267849	0.0142681426814	0.0179689841035
TNNACATC	348	4422	4584	125	46	9.48860576304	0.0274906531779	0.00993520518359	0.0175554479943
TNTNCATC	678	8172	7663	245	90	14.0349852552	0.0291077581086	0.0116084096479	0.0174993484607
GNTGCAAN	100	4081	4369	136	66	7.00407188882	0.032250414987	0.0148816234498	0.0173687915371
NANTAATC	589	5706	6115	170	73	10.4766230558	0.0289312457454	0.0117970265029	0.0171342192425
TNCAANAC	279	3848	4770	122	66	7.35946200619	0.0307304785894	0.0136476426799	0.0170828359095
AANNCTTC	324	4156	4510	134	65	7.25465609462	0.0312354312354	0.0142076502732	0.0170277809622
NTTNATTC	973	6163	6616	227	125	8.6180285702	0.035524256651	0.0185432428423	0.0169810138087
NTTNCATC	504	6044	5957	186	78	9.80033856624	0.0298555377207	0.0129246064623	0.0169309312584
GNTTCNTC	216	4922	5228	147	65	8.54595096142	0.0289998027224	0.0122803703004	0.016719432422
AANTCNTC	365	3824	4122	111	48	7.27696093403	0.028208386277	0.0115107913669	0.0166975949101
TNNTGTTC	566	4992	5687	150	72	8.92866473982	0.0291715285881	0.0125021705157	0.0166693580724
NAGTANTC	229	3887	4785	117	61	7.51615077094	0.0292207792208	0.0125877011969	0.0166330780239
NATTTNTC	1260	9047	9606	317	169	12.3338901743	0.0338530542503	0.0172890025575	0.0165640516928
TNTTCCNC	309	4165	4789	131	68	7.11239397151	0.0304934823091	0.0140004117768	0.0164930705323
GTTNTTNC	388	5267	5427	161	73	8.31171441895	0.0296610169492	0.0132727272727	0.0163882896764
TNAACNTC	256	4383	4586	120	48	8.30377300756	0.0266489007328	0.0103582218386	0.0162906788943
TAGNNATC	185	3290	3729	79	27	7.95278271797	0.0234490946869	0.00718849840256	0.0162605962843
NNCTTTTC	684	6293	7353	222	134	8.73700478305	0.0340752110514	0.0178976893282	0.0161775217233
AANNAATC	826	5548	6206	188	105	7.87936257455	0.0327754532775	0.0166376168595	0.0161378364181
GAANNATC	338	5593	5612	146	53	10.0581267239	0.0254399721206	0.00935569285084	0.0160842792697
ACATNNTC	480	6087	6020	168	66	9.96623356816	0.0268585131894	0.0108445612882	0.0160139519012
NTTAATNC	682	5339	5119	179	86	6.80314582876	0.0324392895977	0.0165225744476	0.01591671515
TNTTGNTC	478	5062	5145	158	75	7.25629746514	0.0302681992337	0.014367816092	0.0159003831418
TNTTGTNC	551	5926	5996	170	73	9.20940807991	0.0278871391076	0.0120283407481	0.0158587983595
TNTNGTTC	488	5038	5532	163	87	7.22777443708	0.0313401268987	0.0154831820609	0.0158569448378
TCNTCATC	425	7304	5922	177	47	11.7155313332	0.0236599385109	0.00787401574803	0.0157859227629
NCCTNTTC	299	4047	5304	120	70	7.16540844599	0.0287976961843	0.0130256791961	0.0157720169882
AATTNNTC	822	6999	7093	233	119	8.89683654896	0.032217920354	0.0165002773156	0.0157176430384
ANTTNATC	717	6495	6703	225	122	7.90527649442	0.0334821428571	0.0178754578755	0.0156066849817
TTTNCANC	517	5457	5578	157	70	8.21055920549	0.0279657997862	0.0123937677054	0.0155720320809
TTNNCATC	728	7980	8493	222	100	12.3238387864	0.0270665691295	0.0116373792622	0.0154291898673
NATTTTNC	1335	8847	8896	317	174	9.75384592728	0.0345918812746	0.019184123484	0.0154077577905
TCATCANC	314	5476	4456	140	43	7.89307921837	0.0249287749288	0.00955767948433	0.0153710954444
TNNTAATC	638	6063	6114	176	80	8.5480651675	0.0282096489822	0.0129157248951	0.0152939240871
TCANCANC	459	9167	8258	236	82	13.5061051586	0.0250983728597	0.00983213429257	0.0152662385672
AAGNANAC	399	4598	4461	124	50	7.2282267838	0.0262600592969	0.0110840168477	0.0151760424492
TCATCNNC	537	9277	7706	237	76	12.7871165218	0.0249106579777	0.00976612695965	0.0151445310181
NCATCNTC	600	10606	9101	252	74	16.2916482257	0.0232086940505	0.00806539509537	0.0151432989551
AANTNATC	703	5379	5880	156	78	7.81577461527	0.0281842818428	0.0130916414904	0.0150926403524
TCNTCANC	613	10843	9391	267	85	15.8178480174	0.0240324032403	0.00897002954833	0.015062373692
NNTTCATC	685	8725	8317	267	125	10.3115317879	0.0296930604982	0.014806917792	0.0148861427062
NATTCNTC	510	5150	6047	161	95	6.92856298989	0.0303144417247	0.0154672745034	0.0148471672213
TNGTANTC	278	4231	4825	107	48	7.46542104313	0.0246657445828	0.00985019495178	0.014815549631
NNTTGTTC	584	5649	5892	160	76	7.83978521794	0.0275434670339	0.0127345844504	0.0148088825835
TNGTNATC	313	5850	5808	145	55	9.21684755427	0.024186822352	0.0093808630394	0.0148059593126
AATTTNNC	717	7325	7137	266	148	7.19713845486	0.035041496509	0.0203157172272	0.0147257792818
ACANCNTC	226	5136	4621	135	51	6.99314407237	0.0256118383608	0.0109160958904	0.0146957424704
NCATATNC	526	5326	5359	155	74	6.87857114165	0.0282795110381	0.0136204675133	0.0146590435248
ACNTCNTC	265	5290	6126	140	69	8.33152186568	0.0257826887661	0.0111380145278	0.0146446742383
NAAANATC	883	6987	7260	201	98	9.15193820497	0.0279632721202	0.0133188366404	0.0146444354798
ANNAATTC	775	6300	6966	180	95	8.28719231691	0.0277777777778	0.0134541849596	0.0143235928181
NCNTTATC	475	6198	6740	180	95	7.92655778103	0.0282220131703	0.0138990490124	0.0143229641578
AANTTNTC	808	6877	7055	219	119	7.54812433974	0.0308624577227	0.0165876777251	0.0142747799975
ANTTTNTC	1153	8772	8842	322	191	8.03744332466	0.0354079612932	0.021144691686	0.0142632696071
TNNTCATC	1137	13742	12855	349	137	17.7198341231	0.0247675821446	0.0105449507389	0.0142226314057
NCATCANC	463	8539	7259	211	73	10.7680041481	0.0241142857143	0.00995635570104	0.0141579300132
NCNTCATC	585	10252	8568	250	84	12.7413113891	0.0238049895258	0.00970873786408	0.0140962516617
TCATCNTC	402	6758	5283	151	42	8.90420680662	0.0218555507309	0.00788732394366	0.0139682267873
TCNNCATC	576	9655	8351	233	81	12.2127526678	0.0235639158576	0.00960626185958	0.013957653998
NTTTNATC	1077	8021	7955	246	130	8.13201562387	0.0297568646426	0.0160791589363	0.0136777057063
NTATCANC	684	5892	7055	162	94	7.63877467417	0.0267591674926	0.0131486921248	0.0136104753678
TCANCNTC	528	9052	7828	212	75	10.867978873	0.022884283247	0.00949006706314	0.0133942161838
NNATCTTC	563	6713	7251	171	85	8.37949843233	0.0248402091807	0.011586695747	0.0132535134337
NANTTTTC	1226	9357	9979	285	166	9.16272174428	0.0295581829496	0.0163627402661	0.0131954426835
AGTNANAC	406	9668	8887	290	144	8.7570697774	0.0291223137176	0.0159450780644	0.0131772356532
NTANCATC	652	7100	7339	184	91	8.09258696495	0.0252608456892	0.0122476446837	0.0130132010055
ATTNNTTC	1318	8541	8843	292	181	7.08511697756	0.0330578512397	0.0200576241135	0.0130002271262
NTATCNTC	827	7363	8818	191	110	9.06939686891	0.0252846174212	0.0123207885305	0.0129638288908
TCNTNATC	847	12826	12077	311	131	14.2675929247	0.0236735936667	0.0107306684142	0.0129429252526
TGTNNGTC	289	8134	8053	219	109	8.35551873717	0.0262181252245	0.0133545699583	0.0128635552661
AAATNNTC	876	6400	6350	167	81	6.89748531156	0.0254301812091	0.0125952417975	0.0128349394115
NCATNTTC	731	9043	8651	260	133	8.31712171025	0.0279479737719	0.0151411657559	0.012806808016
TANTANTC	785	6893	8036	189	115	7.36814583143	0.0266873764473	0.0141086983192	0.0125786781281
ANNTCTTC	597	6951	8437	173	100	8.50331130081	0.0242841100505	0.0117137167623	0.0125703932882
NNATCATC	965	10641	10146	248	105	11.7573140711	0.0227752778033	0.0102429031314	0.0125323746719
NTNTCATC	828	7359	7830	194	105	7.59733229146	0.0256851582153	0.0132325141777	0.0124526440376
TCATNNTC	929	13040	11772	313	131	13.0568495935	0.0234404253726	0.0110056288331	0.0124347965395
CANAGGNC	281	7488	8125	217	130	6.98379123912	0.0281635301752	0.0157480314961	0.0124154986791
TANTNATC	819	7644	8232	216	127	7.13052902517	0.0274809160305	0.0151932049288	0.0122877111017
TNATCNTC	994	12365	12127	288	129	13.1143751254	0.0227614004584	0.0105254569191	0.0122359435393
CANNGGTC	282	7521	8142	216	130	6.82072635458	0.027917797596	0.0157156673114	0.0122021302846
CANAGNTC	321	8367	8849	239	140	7.46670004	0.0277713223333	0.015574591167	0.0121967311663
TNATCATC	574	6235	6030	140	60	6.95275299138	0.0219607843137	0.00985221674877	0.012108567565
CATNGNTC	347	8597	9196	249	150	7.46498491997	0.0281483156229	0.0160496469078	0.0120986687151
TNATCANC	840	10196	10392	242	117	10.5805558594	0.0231845181069	0.011133314302	0.0120512038049
TNANCATC	770	9439	9545	216	100	10.1344468238	0.0223718280684	0.0103680663556	0.0120037617127
NCANCATC	517	9750	8401	228	93	9.00898449784	0.0228502705953	0.0109489051095	0.0119013654858
TCNTCNTC	972	16049	15905	410	211	14.0634070045	0.0249103833769	0.0130925788037	0.0118178045732
NNTTTATC	1163	9575	10541	301	202	7.13619924976	0.0304779262859	0.0188029414502	0.0116749848357
TNANCTTC	489	7381	7632	185	99	6.87718155022	0.0244514935237	0.0128055878929	0.0116459056308
ANTTAGGT	401	10728	11163	318	195	8.09787396281	0.0287887017925	0.0171685155837	0.0116201862088
TCATNATC	446	6580	6066	138	55	6.94151585645	0.020541827925	0.00898545989217	0.0115563680328
NCTTNTTC	883	9786	11542	303	218	7.43964353929	0.0300327088909	0.018537414966	0.0114952939249
TCNTCTNC	543	8531	9258	234	144	6.9797269279	0.0266970907017	0.0153158902361	0.0113812004655
CATANGTC	314	8595	9040	236	141	6.87699147262	0.0267240403125	0.0153578041608	0.0113662361518
TTANCNTC	655	8127	9297	207	128	7.29254549881	0.024838012959	0.0135809018568	0.0112571111022
NCTTCNTC	592	9561	10600	264	169	7.50803632992	0.0268702290076	0.0156931934256	0.0111770355821
TANTAANC	763	8786	8781	232	130	6.81372220404	0.0257263251275	0.0145887105824	0.0111376145451
TTANNATC	1116	9102	10534	256	174	7.10664868973	0.0273562727078	0.0162495330594	0.0111067396484
TCANNATC	669	10202	10027	230	111	9.18811598291	0.0220475460123	0.0109489051095	0.0110986409028
CATNNGTC	376	9550	10087	263	161	7.20104577977	0.0268011821054	0.0157103825137	0.0110907995917
CNNAGGTC	854	23658	25515	665	423	16.5828684193	0.0273403774205	0.0163081193616	0.011032258059
CATANGNC	462	12139	12468	332	198	8.75766030471	0.026621762489	0.0156324017054	0.0109893607836
TNTTNATC	1267	11030	10857	310	181	7.51714431113	0.0273368606702	0.01639789817	0.0109389625002
ACATANGT	487	10743	11102	305	189	7.36412527723	0.0276068066618	0.0167389956603	0.0108678110016
ACTNAGGT	563	15716	16863	472	315	10.0167561251	0.0291574005436	0.018337408313	0.0108199922307
NCTNAGGT	669	18693	19397	562	363	11.5539750752	0.0291872240976	0.0183704453441	0.0108167787535
ACTNNGGT	629	17313	18509	523	349	10.8734280768	0.0293227180982	0.0185067345424	0.0108159835559
NCNTCTTC	599	9586	11264	243	159	7.95656815155	0.024722759182	0.0139192856518	0.0108034735303
ANTTNGGT	609	13951	14511	411	265	8.75075581703	0.0286171842362	0.0179344883595	0.0106826958767
ACNNAGGT	966	26340	28049	783	520	15.9672280401	0.0288684879991	0.0182015471315	0.0106669408676
TCNTNTTC	1146	12010	13339	362	255	7.44079103241	0.0292596184934	0.0187582757099	0.0105013427835
TCTTCNNC	622	10117	10924	266	168	7.18042088049	0.0256187999615	0.0151460512081	0.0104727487534
CNTAGGNC	648	18316	19977	501	329	11.944611776	0.0266248604985	0.0162021077514	0.0104227527471
CNTANGTC	729	20206	21170	544	340	13.0028372135	0.0262168674699	0.0158066015807	0.0104102658892
TTATNNTC	1667	10676	12988	286	207	7.7876682438	0.0260901295384	0.0156877605153	0.0104023690231
CNTAGGTC	581	16364	17533	450	292	10.4826310218	0.0267634114428	0.016381486676	0.0103819247668
CNTNGGTC	619	17303	18406	470	302	10.9716325644	0.0264446069881	0.0161428265982	0.0103017803899
NNTAGGTC	1102	31851	31731	868	525	18.6246040485	0.0265289281457	0.0162760416667	0.0102528864791
ACNTAGGT	656	18663	19719	543	364	10.5673332655	0.0282724148704	0.0181247821541	0.0101476327163
ACANANGT	742	14298	14449	391	242	8.56796191825	0.0266185581047	0.0164726703424	0.0101458877623
NCATANGT	738	13791	14481	373	239	8.48301145369	0.0263343688224	0.0162364130435	0.0100979557789
ACNTNGGT	726	20165	21218	587	394	11.1226847376	0.0282864302236	0.0182306126226	0.010055817601
CTNANGTC	603	16619	17864	442	290	10.0714809635	0.0259070394467	0.0159744408946	0.00993259855212
NANAGGTC	651	18754	18651	500	305	10.6434824525	0.0259686298951	0.0160898923824	0.00987873751273
CNTAGNTC	662	18001	19208	487	323	10.3302437831	0.0263414106447	0.016537811684	0.00980359896075
ANTAAGAN	1020	13856	12691	399	236	6.85500881819	0.0279901788846	0.0182563626518	0.00973381623279
CATANNTC	709	13530	14321	365	241	7.75779473059	0.0262684418856	0.0165499244609	0.00971851742464
NTNAGGTC	688	19077	20257	507	333	10.8843114514	0.0258884803922	0.0161728994658	0.0097155809264
NCNTAGGT	745	21169	21997	603	404	10.8891251454	0.0276961234613	0.0180349091558	0.00966121430549
CTNAGGTC	531	14711	15947	395	268	8.36399719728	0.0261485502449	0.0165279062596	0.0096206439853
NCATNATC	693	9929	9079	198	92	7.10198111273	0.0195516934926	0.0100316214153	0.00952007207731
ANNTAGGT	1334	36588	35883	1048	670	17.0661833655	0.0278456796684	0.0183295488742	0.00951613079417
ACNTAGNT	881	23387	24355	658	443	11.7211568585	0.027365356623	0.0178643438987	0.0095010127243
NATAGGNC	639	18398	18190	504	318	9.3027116767	0.0266638450958	0.0171817592392	0.00948208585651
CTNNGGTC	575	15909	17190	424	288	8.78584108667	0.0259597134635	0.0164778578785	0.00948185558506
NATNGGTC	639	17890	17672	475	295	9.28496823853	0.0258644160087	0.0164189903712	0.00944542563748
NATAGGTC	585	17011	16812	458	287	8.70893309552	0.0262178716584	0.016784607287	0.00943326437139
ACTNAGGN	596	16585	17572	475	330	8.25052681434	0.0278429073857	0.0184336945593	0.00940921282643
NATAGNTC	783	19780	19332	531	330	9.83655715987	0.0261434690562	0.0167836435764	0.00935982547973
CTNAGGNC	589	16297	18061	427	297	9.02207878568	0.0255321693375	0.016178232923	0.0093539364145
CATANGTN	738	13830	14564	352	229	7.73828758185	0.0248201946129	0.015480294734	0.00933989987889
NNTTCTTC	1255	14993	16064	395	271	7.66409155414	0.0256693527424	0.0165901438629	0.00907920887953
ACNTAGGN	718	19943	20883	557	385	9.2682715775	0.0271707317073	0.0181023133346	0.00906841837273
ANTNAGGT	887	23131	23769	649	442	10.4128421731	0.0272918418839	0.0182561645533	0.00903567733063
CTNAGNTC	614	17356	18411	450	304	8.78107697113	0.0252723800966	0.0162436548223	0.00902872527426
NNTTAGGT	634	14655	15436	411	287	6.89062506027	0.0272799681402	0.0182535139604	0.00902645417974
TNNAGGTC	508	14623	14065	373	227	7.14682145109	0.0248732995465	0.015883011475	0.00899028807159
TNATNATC	1604	14577	15442	352	231	7.6996654183	0.0235782704803	0.014738722644	0.00883954783624
TTANNTTC	1486	16840	18222	453	322	7.93942063211	0.026195570462	0.0173641069888	0.00883146347325
ACTNAGNT	738	20051	21260	571	409	8.67702346206	0.0276888759577	0.0188748903964	0.0088139855613
ANATAGGT	653	17653	17212	493	323	7.39823475555	0.0271685219883	0.0184203022526	0.00874821973568
ANTTAGNT	962	21152	21146	587	396	8.66683923993	0.027002162013	0.0183826942717	0.00861946774132
TNAAGANC	770	18924	18314	484	305	8.22002326929	0.0249381698269	0.0163811160642	0.00855705376264
NATANGTC	866	21854	21002	561	360	8.50435190191	0.025027883114	0.0168523546484	0.00817552846555
ANATAGNT	1266	22389	21568	622	415	7.9959846455	0.0270305506062	0.0188782240822	0.00815232652399
CTNAGGTN	669	18525	19331	479	336	7.4767267126	0.0252052199537	0.0170844561957	0.00812076375804
ANATANGT	2759	28852	27958	859	596	9.22108560859	0.0289118508297	0.0208727323667	0.00803911846292
NNTAAGAC	1105	29617	29403	801	551	10.2790829858	0.026333092248	0.0183948721373	0.00793822011073
NNAAGACC	1001	27717	26995	734	495	9.40540229576	0.0257987416962	0.0180065478356	0.00779219386067
ANANAGGT	926	21232	20428	580	392	7.02021086512	0.0265908674124	0.018828049952	0.00776281746046
TTAANANC	1116	20331	20439	506	346	7.33948145746	0.0242837260642	0.0166466201588	0.00763710590544
ACTNANGT	855	22885	24196	660	504	7.24255684125	0.0280314291782	0.0204048582996	0.00762657087857
NTTAGGNC	622	17406	19596	425	323	6.85584006509	0.0238348942852	0.0162156734776	0.00761922080765
TNANGACC	847	23857	25507	579	417	8.96682638742	0.023694549026	0.0160854806357	0.00760906839032
TTANGNCC	868	24685	26499	602	438	9.07733231934	0.0238066990944	0.0162601626016	0.00754653649277
TTANGANC	1010	25714	27297	625	450	9.31665064563	0.0237290709594	0.0162179695102	0.0075111014492
TTANGACC	772	22241	23909	544	398	8.11990333271	0.0238753565943	0.0163738840663	0.00750147252793
CNTAGGTN	745	20928	21921	536	392	7.03877912207	0.0249720462169	0.0175682337651	0.00740381245185
NTAANACC	1182	29380	28921	759	525	9.11821055562	0.0251833172965	0.0178292467568	0.00735407053975
NTAAGACC	918	26015	25388	685	476	7.73344978478	0.0256554307116	0.018403959171	0.00725147154056
NTAAGNCC	956	26585	25886	701	490	7.57564972828	0.0256908304625	0.0185774946921	0.00711333577036
NTAAGACN	1105	29499	29155	781	557	8.21883900831	0.0257926023778	0.0187466343565	0.00704596802132
NTANGACC	1390	40143	41024	991	722	11.1384195829	0.0240919920261	0.0172950701864	0.0067969218397
TTNNGACC	833	23801	25336	573	432	7.06408129975	0.0235086567654	0.0167649798199	0.00674367694547
NTAAGANC	1161	30508	29216	788	549	7.81027571388	0.0251789366053	0.0184444817739	0.00673445483142
TTANNACC	1178	28426	31254	676	540	7.35445404988	0.0232286440794	0.0169843366673	0.00624430741215
ACNTANGT	1636	43656	44005	1187	923	8.27718226163	0.0264701291171	0.0205439814815	0.00592614763566
