#Sequence	Occurrence	Forward Match	Backward Match	Forward Mismatch	Backward Mismatch	Strand Bias Score	FER (Forward Error Rate)	RER (Reverse Error Rate), ERD (Error rate Difference)
CGGCGGGT	564	15699	31705	6358	61	9223372036854775807	0.288253162261	0.00192029213625	0.286332870125
TGGCGGGT	668	20832	37122	6627	89	9223372036854775807	0.241341636622	0.00239176587568	0.238949870746
GGCGGGGT	270	10077	15060	2942	26	9223372036854775807	0.22597741762	0.00172345220734	0.224253965413
NGGCGGGT	1818	61794	101285	17058	223	9223372036854775807	0.216329325826	0.00219687118257	0.214132454643
AGGCGGGT	306	11659	16736	2891	37	9223372036854775807	0.198694158076	0.0022059261909	0.196488231885
CGGNGGGT	974	37866	54198	7287	129	9223372036854775807	0.161384625606	0.0023745099122	0.159010115694
GGCGGGGA	440	16964	24258	2862	83	9223372036854775807	0.144355896298	0.00340988455692	0.140946011741
TGGNGGGT	1226	51214	68070	7640	181	9223372036854775807	0.129812756992	0.00265197579523	0.127160781197
NGGNGGGT	3214	137854	177624	19700	428	9223372036854775807	0.125036495424	0.00240379215061	0.122632703273
AGGNGGGT	528	23707	28540	3229	52	9223372036854775807	0.119876744877	0.00181869054281	0.118058054334
CGGCGGGA	558	21908	31362	2802	62	9223372036854775807	0.113395386483	0.00197301425662	0.111422372227
GGNGGGGT	626	28592	34449	3622	50	9223372036854775807	0.112435587012	0.00144931737152	0.11098626964
GGCGGGGN	1340	55715	74522	6832	211	9223372036854775807	0.109229859146	0.00282338458245	0.106406474563
GCGGGGGT	150	7040	8483	834	10	200.132789518	0.105918211836	0.00117744024491	0.104740771592
CGGCNGGT	2102	95200	119132	11286	278	9223372036854775807	0.105985763387	0.00232811322335	0.103657650163
CGGCGGGN	2252	89217	127167	10439	302	9223372036854775807	0.104750341174	0.00236920349261	0.102381137681
TGGCGGGA	708	31098	39698	3271	93	9223372036854775807	0.0951729756467	0.00233721193235	0.0928357637143
CGNCGGGT	1816	82507	103116	8472	222	9223372036854775807	0.0931203904198	0.00214829007722	0.0909721003425
TGGCGGGN	2854	119643	159304	11612	491	9223372036854775807	0.0884690107044	0.00307268688007	0.0853963238243
CGGGGGGT	54	2545	3042	237	6	68.6718875072	0.0851905104242	0.00196850393701	0.0832220064871
GNCGGGGT	974	47405	54834	4342	113	9223372036854775807	0.0839082458887	0.00205652719894	0.0818517186897
TGNCGGGT	1984	90988	110746	8250	252	9223372036854775807	0.0831334770955	0.00227031117678	0.0808631659187
TGGCNGGT	2746	129673	154415	11462	372	9223372036854775807	0.0812130229922	0.00240330260293	0.0788097203892
NGGCGGGA	1858	83864	104133	7335	233	9223372036854775807	0.0804285134705	0.00223252783474	0.0781959856358
GGGCGGGT	280	13604	15722	1182	36	262.101924177	0.0799404842419	0.0022845538774	0.0776559303645
TNGCGGGT	2120	98979	118802	8552	243	9223372036854775807	0.0795305539798	0.00204124490739	0.0774893090724
NGCGGGGT	976	47630	54171	4051	92	9223372036854775807	0.0783847061783	0.00169544625251	0.0766892599258
NGGCGGGN	7430	324477	415291	27995	1150	9223372036854775807	0.0794247486325	0.00276149562603	0.0766632530065
CGGCAGGT	774	39050	43946	3278	102	9223372036854775807	0.0774428274428	0.00231565564838	0.0751271717944
NGNCGGGT	5800	277392	326526	22959	711	9223372036854775807	0.0764405645395	0.00217273719048	0.074267827349
CNGCGGGT	2258	107987	127289	8821	283	9223372036854775807	0.0755170878707	0.00221835512495	0.0732987327457
NGGCNGGT	7628	369353	429131	30014	1058	9223372036854775807	0.075153931096	0.00245938413116	0.0726945469648
AGNCGGGT	1052	52859	59248	3994	132	9223372036854775807	0.0702513499727	0.0022229706972	0.0680283792755
AGGCGGGN	1166	54521	64759	4101	188	9223372036854775807	0.0699566715568	0.00289466796003	0.0670620035967
TGGCAGGT	650	32694	36616	2461	109	9223372036854775807	0.0700042668184	0.00296800544588	0.0670362613725
GGNGGGGA	1038	47917	57349	3555	161	9223372036854775807	0.0690666770283	0.00279951312815	0.0662671639001
GGCNGGGT	1478	76268	83361	5561	168	9223372036854775807	0.0679587921153	0.00201127752038	0.0659475145949
CGGCGNGT	2328	112055	131260	8133	332	9223372036854775807	0.0676689852564	0.00252294972339	0.065146035533
GNGGGGGT	374	18704	20374	1271	39	267.308839649	0.0636295369212	0.00191054720031	0.0617189897208
NNGCGGGT	7784	384726	434403	26134	958	9223372036854775807	0.0636080416687	0.00220047271115	0.0614075689575
CGGNGGGA	1026	47044	57927	3191	125	9223372036854775807	0.0635214491888	0.00215324192104	0.0613682072678
NGGCAGGT	2038	104205	115164	6977	279	9223372036854775807	0.0627529636092	0.00241677711078	0.0603361864984
GCGGGGGA	208	10555	11071	709	31	138.407178266	0.0629438920455	0.00279228967754	0.0601516023679
TGGCGNGT	2562	125271	143582	8242	320	9223372036854775807	0.0617318163774	0.00222373559784	0.0595080807796
AGGCNGGT	1242	63066	69555	4129	180	9223372036854775807	0.0614480244066	0.00258120025812	0.0588668241485
GGCGGGGC	368	15708	20789	1011	62	241.25272344	0.0604701238112	0.00297347849024	0.057496645321
CGGNGGGN	4186	193028	236062	12036	594	9223372036854775807	0.0586938711817	0.00250997228044	0.0561838989012
GGGNGGGT	486	25067	26816	1544	66	9223372036854775807	0.0580211190861	0.00245517446619	0.0555659446199
NGGCGNGT	7218	358816	403870	21997	990	9223372036854775807	0.0577632591324	0.00244528972978	0.0553179694027
CGGCGGNT	2680	125011	152914	7613	440	9223372036854775807	0.0574028833394	0.00286917850203	0.0545337048373
GTGGCGGT	962	43005	53962	2591	132	9223372036854775807	0.0568251601018	0.00244019669464	0.0543849634071
GTAGGGGT	24	1450	1424	85	2	21.7544311931	0.0553745928339	0.00140252454418	0.0539720682897
ACGGCGGT	750	34806	42390	2068	97	9223372036854775807	0.0560828768238	0.00228305128628	0.0537998255375
TGGNGGGA	1276	61850	70615	3640	154	9223372036854775807	0.0555810047335	0.00217609405248	0.0534049106811
AGGCGNGT	1150	58559	63135	3497	201	9223372036854775807	0.0563523269305	0.00317355058734	0.0531787763432
GGGGGGGT	34	1766	1707	100	1	26.984709616	0.05359056806	0.000585480093677	0.0530050879663
CGGNNGGT	5886	298227	333231	17563	910	9223372036854775807	0.0556160739732	0.0027234011989	0.0528926727743
GNNGGGGT	2972	152671	165811	8848	332	9223372036854775807	0.054779933011	0.00199827859133	0.0527816544196
GCGGTGGT	974	49082	56641	2863	150	9223372036854775807	0.0551159880643	0.0026412635805	0.0524747244838
GGCAGGGT	404	21662	22450	1252	49	245.01823689	0.0546390852754	0.0021778745722	0.0524612107032
CGGNAGGT	1662	85989	94513	4977	216	9223372036854775807	0.0547127498186	0.00228018874896	0.0524325610697
GGCGGGNT	1908	87659	107856	5102	278	9223372036854775807	0.0550015631569	0.00257088427322	0.0524306788837
GCGGGGGN	712	34945	39325	2030	124	9223372036854775807	0.0549019607843	0.00314329894294	0.0517586618414
NGNGGGGT	2088	106473	115301	6019	212	9223372036854775807	0.0535060270953	0.00183529126592	0.0516707358293
GCAGGGGT	230	12614	12637	715	25	137.176415054	0.053642433791	0.00197441162534	0.0516680221656
TNGNGGGT	3816	192229	212637	10881	442	9223372036854775807	0.0535719560829	0.00207434801177	0.0514976080711
ANGCGGGT	1694	86926	93988	4901	202	9223372036854775807	0.0533721018872	0.00214460133772	0.0512275005495
GGCNGGGA	1650	82360	92561	4652	231	9223372036854775807	0.0534638900382	0.00248943874472	0.0509744512934
AGGCGGGA	264	13350	14843	758	41	153.592003906	0.0537283810604	0.00275463585058	0.0509737452098
GCGGNGGT	2654	132708	150671	7397	334	9223372036854775807	0.0527961171978	0.00221184728982	0.050584269908
GGNGGGGN	3154	150571	174279	8394	470	9223372036854775807	0.052804076369	0.00268957190027	0.0501145044687
