#Sequence	Occurrence	Forward Match	Backward Match	Forward Mismatch	Backward Mismatch	Strand Bias Score	FER (Forward Error Rate)	RER (Reverse Error Rate), ERD (Error rate Difference)
GGGT	2199	17282	17621	426	77	54.28481313	0.0240569234244	0.00435077409877	0.0197061493257
AGGT	5502	51239	52016	1015	177	130.367210591	0.019424350289	0.00339125936428	0.0160330909247
NGGT	14597	133349	135752	2298	426	285.146020372	0.0169410307637	0.00312825860271	0.013812772161
AAGT	10495	97527	98768	1583	383	162.016976368	0.0159721521542	0.00386279513066	0.0121093570235
GAGT	2772	25417	26124	418	114	40.1258951321	0.016179601316	0.00434484335696	0.0118347579591
CAGT	2886	26613	27269	417	122	37.2437135014	0.0154273029967	0.00445401774305	0.0109732852536
CGGT	663	6121	6241	87	21	9.60252369744	0.0140141752577	0.00335356116257	0.0106606140952
NAGT	25066	233429	236624	3330	852	9223372036854775807	0.0140649352295	0.00358773097071	0.0104772042588
TGGT	6233	58707	59874	770	151	93.4059654901	0.0129461808766	0.00251561849229	0.0104305623843
GNGT	11832	105762	107701	1427	391	132.439697095	0.0133129332301	0.00361728897606	0.00969564425403
ANGT	42314	390451	393999	4672	1136	9223372036854775807	0.0118241661457	0.0028749667835	0.00894919936223
TAGT	8913	83872	84463	912	233	89.019452172	0.010756746556	0.00275101539624	0.00800573115971
NNGT	101204	936225	947643	9828	2761	9223372036854775807	0.0103884243272	0.00290508036582	0.00748334396135
GGGN	6303	54765	55708	634	266	34.7931301179	0.0114442498962	0.00475220638153	0.00669204351467
ATGT	22853	209079	210521	1762	455	169.669256093	0.00835700836175	0.00215664340968	0.00620036495207
CNGT	8440	78598	79329	804	320	46.9807667929	0.0101256895292	0.00401762733995	0.00610806218928
GTGT	6109	56006	56811	520	179	37.9594015433	0.00919930651382	0.00314090191262	0.0060584046012
GCGT	752	7057	7145	63	21	5.20114271098	0.00884831460674	0.00293050516327	0.00591780944347
ACGT	3464	32606	32694	312	121	19.1576450789	0.00947809708974	0.00368733810757	0.00579075898217
AGGN	16798	154941	154950	1480	589	83.9815730649	0.00946164517552	0.00378683159851	0.00567481357701
TNGT	38618	361414	366614	2925	914	235.185557801	0.00802823743821	0.00248688535295	0.00554135208526
CCGT	975	9047	8740	81	30	5.27065361791	0.00887379491674	0.00342075256556	0.00545304235118
NCGT	8930	84119	84183	724	269	46.1400951996	0.00853340876678	0.00318524132051	0.00534816744627
AACC	4745	42023	41665	319	95	26.6813824487	0.00753389069954	0.00227490421456	0.00525898648498
NGGN	42059	387405	390244	3573	1524	182.324567841	0.00913862161042	0.0038900573809	0.00524856422952
TCGT	3739	35409	35604	268	97	18.3607140881	0.00751184236343	0.00271701072799	0.00479483163544
NTGT	52611	485328	491084	3476	1214	242.979589217	0.00711123476895	0.0024659860491	0.00464524871985
TGGN	16616	156489	157711	1260	534	65.8193784863	0.00798737234467	0.00337451420266	0.00461285814201
GGNT	13596	122156	123293	922	398	47.0705252254	0.00749118445214	0.00321769570947	0.00427348874267
ANCC	13596	122294	122178	750	267	50.578301737	0.00609538051429	0.00218057086855	0.00391480964573
ATCC	5639	53439	53545	300	92	24.8587213741	0.00558253782169	0.00171523388706	0.00386730393464
GTCC	1790	16789	16808	81	19	8.96435463925	0.00480142264375	0.00112913769537	0.00367228494838
AGNT	28438	269179	270791	1934	975	70.7329441684	0.00713355685637	0.00358764525364	0.00354591160273
NACC	14597	135233	134954	782	300	47.2950102102	0.00574936587876	0.0022180490041	0.00353131687467
AAGN	42832	403286	403206	2657	1286	104.238421524	0.00654525389032	0.0031792965003	0.00336595739002
AAAC	14141	129979	130011	1495	1052	17.5612786205	0.0113710695651	0.00802667419485	0.00334439537023
ACAC	6109	56341	55901	424	234	12.3676213892	0.0074693913503	0.00416852231228	0.00330086903802
GNGN	35347	326109	329097	2334	1288	68.5286477076	0.00710625588002	0.00389848207394	0.00320777380607
NTCC	17946	168648	169714	923	396	47.3550381386	0.00544314770804	0.00232790547293	0.00311524223511
TTCC	7882	73594	74283	455	226	18.0116431209	0.00614457994031	0.00303319062127	0.00311138931904
ANGN	127372	1193816	1193443	7442	3724	268.825685166	0.00619517206129	0.00311067712358	0.00308449493771
GAGN	11634	108858	110140	729	395	23.2704171529	0.00665224889814	0.00357352874655	0.00307872015158
NAGN	91125	857206	857759	5516	2857	184.265414101	0.00639371663178	0.00331971518075	0.00307400145102
NNCC	42059	389180	389623	2120	941	99.7733872376	0.00541783797598	0.00240933624195	0.00300850173403
TTGT	19733	183426	186673	975	433	48.3140584113	0.00528738998162	0.00231419623101	0.0029731937506
AANC	32297	299542	298763	2511	1616	42.5035669172	0.00831311061304	0.00537987009744	0.00293324051559
TACC	5343	50093	50087	277	131	12.1014751876	0.00549930514195	0.00260862638894	0.00289067875301
TAGN	26190	246470	245653	1467	750	50.7536480445	0.00591682564522	0.00304379410965	0.00287303153557
GNCC	4731	44806	44869	202	73	13.9286275407	0.00448809100604	0.00162431578479	0.00286377522125
TNCC	16969	158380	159002	905	457	33.2851272757	0.00568163982798	0.00286594046118	0.0028156993668
NGNT	98484	927213	933495	5137	2589	186.878191549	0.00550973346919	0.00276577743023	0.00274395603896
ANAC	40126	369971	368056	3335	2313	39.8660895464	0.008933689788	0.00624512310696	0.00268856668105
GACC	1985	19081	19246	81	31	5.51808833854	0.00422711616741	0.00160813404575	0.00261898212166
CACC	2524	24036	23956	105	43	6.21006838	0.00434944699888	0.00179174132256	0.00255770567633
TNGN	92307	867307	872461	5070	2859	137.493827229	0.00581170755304	0.00326623406297	0.00254547349007
ACNC	11832	107065	106438	656	392	14.9379730656	0.0060898060731	0.00366938125995	0.00242042481315
CAGN	10469	98592	98760	663	426	12.0923426955	0.00667976424361	0.0042949609824	0.00238480326122
ATGN	58812	551503	550993	2803	1527	82.3350320827	0.0050567736954	0.00276370086151	0.00229307283389
ATAC	16606	152607	151218	1251	897	12.7959327709	0.00813087392271	0.00589685435361	0.00223401956909
GGAT	5639	53588	53868	324	207	6.42605721447	0.00600979373794	0.00382801664355	0.00218177709439
GTGN	15370	143345	144086	860	547	16.3274359607	0.00596373218682	0.00378198613041	0.0021817460564
ACGN	8930	84086	84294	502	322	9.40276521976	0.00593464794061	0.00380542686962	0.00212922107098
ANNC	93559	868341	866100	6142	4265	73.3123319163	0.00702357850296	0.0049002430015	0.00212333550146
TGNT	48933	464435	467602	1968	1039	64.6940373347	0.00421952688984	0.0022170488711	0.00200247801874
NCGN	21420	201977	201939	1190	786	18.80319225	0.00585725043929	0.00387717351091	0.00198007692838
NCCC	6303	55733	55218	265	153	6.99389385658	0.00473231186828	0.00276317928157	0.00196913258671
NTGN	126044	1180970	1186035	6092	3821	115.97531414	0.00513199816016	0.0032113129656	0.00192068519456
TCGN	8108	76869	77102	436	289	7.29797542626	0.00563999741285	0.00373428434831	0.00190571306454
CGNT	7517	71443	71809	313	177	9.09598011635	0.00436200457105	0.00245881143556	0.00190319313549
AATC	9890	94398	94246	490	310	9.50487067219	0.00516398280078	0.00327848047718	0.0018855023236
CNCC	6763	63700	63574	263	144	8.22929701065	0.00411175210669	0.00225995793967	0.00185179416701
AAGG	7874	74081	73735	395	258	6.81916110076	0.0053037220044	0.00348681632046	0.00181690568394
NCAC	15370	143492	143126	771	508	12.4250982671	0.00534440570347	0.00353676706072	0.00180763864275
TTAC	12551	116883	117473	729	529	7.8822248168	0.00619834710744	0.00448297486483	0.00171537224261
CNGN	25622	240326	240976	1525	1117	14.7844054763	0.00630553522623	0.00461392935773	0.00169160586851
NAAC	36715	342344	340670	2854	2268	14.7950503929	0.00826771881645	0.00661344033032	0.00165427848613
ATNC	41813	390258	389450	2590	1942	20.7337427965	0.00659288070704	0.00496177745074	0.0016311032563
GCTT	3521	33238	33561	90	36	5.73737749098	0.00270043206913	0.00107152424324	0.0016289078259
TTGN	41393	387479	391995	1907	1286	28.7660912372	0.00489745394031	0.00326992659193	0.00162752734838
NTAC	39251	363417	362618	2401	1821	17.9168687813	0.00656337304343	0.0049967209876	0.00156665205583
NANC	98484	927789	924102	5659	4198	46.7232938049	0.00606246946804	0.00452224496391	0.00154022450412
NNAC	101204	942476	939166	6512	5026	41.3635776244	0.00686204672767	0.00532306988409	0.00153897684358
TTAA	39424	368112	368993	1313	785	30.1006586011	0.00355417202409	0.00212289535884	0.00143127666525
GNNT	93559	870800	875890	3901	2787	42.7234546051	0.00445980969497	0.00317181398853	0.00128799570644
GGNN	42059	390007	391098	1883	1414	15.6673687058	0.00480491974789	0.00360243763248	0.00120248211541
NCNC	35347	328447	326845	1508	1112	13.4502853884	0.00457032019518	0.00339068841342	0.00117963178176
GGAN	17946	169709	169843	709	509	7.93547163991	0.00416035864756	0.00298793087255	0.00117242777501
TATT	77039	706037	711832	2098	1296	43.6278581759	0.00296271191228	0.00181734555367	0.0011453663586
TNAA	128780	1199992	1198084	3486	2107	74.440756848	0.00289660467412	0.00175555390767	0.00114105076645
TCAA	12534	119819	119133	356	224	7.08881388778	0.00296234657791	0.00187672277286	0.00108562380505
GTNT	40126	371323	373927	1370	973	16.1182628884	0.00367594776398	0.00259535876234	0.00108058900164
NATT	149717	1390016	1398730	4121	2658	71.6495452982	0.0029559505271	0.00189669099493	0.00105925953217
TAAA	57351	528807	526874	1292	728	34.7586162402	0.00243728058344	0.00137982797639	0.00105745260705
AATT	42562	396578	398505	1286	882	17.6941666606	0.00323226026984	0.00220838434901	0.00102387592083
TTNC	47360	440795	443658	3506	3071	7.65183109902	0.00789104683537	0.00687441379449	0.00101663304087
NGGA	17946	169541	169236	897	723	4.67337835319	0.00526291085321	0.00425396713325	0.00100894371996
NTNC	120656	1125592	1129794	7522	6446	19.8004225395	0.00663834353825	0.00567309723298	0.000965246305271
GATT	9890	94515	95230	254	164	5.01617152035	0.00268020133166	0.00171918569302	0.000961015638639
ATNT	244552	2159488	2164457	8061	6010	67.0071113381	0.00371894706879	0.00276898934653	0.000949957722254
NATC	37823	361603	359901	1585	1241	9.56668621103	0.00436413097349	0.00343632144697	0.000927809526525
AGNN	91125	859275	858834	3829	3024	21.3999743307	0.00443631358446	0.00350869864873	0.000927614935725
TGTT	20285	190062	191919	468	297	9.45508524617	0.00245630609353	0.00154513672119	0.00091116937234
NGAT	37823	361618	362697	1612	1285	9.0415847837	0.00443795941965	0.00353039436016	0.000907565059491
ANTC	29652	280582	281086	1512	1262	5.71973769826	0.00535991548916	0.00446966155241	0.000890253936753
TANC	36202	341363	339068	1813	1504	6.56343201292	0.00528300347344	0.00441609997299	0.00086690350045
CATT	20226	192886	193163	483	316	8.40472779024	0.00249781505826	0.00163325218758	0.000864562870681
TNAC	32935	308433	308012	1744	1477	5.44942612802	0.0056225961306	0.00477238286337	0.000850213267231
TNNC	107438	1005798	1006576	6331	5473	14.5781849748	0.00625513150992	0.0054078409247	0.000847290585218
NGTT	36715	343101	345947	884	598	13.3749387099	0.00256987950056	0.0017256056212	0.000844273879356
TGAA	19471	183254	183084	525	370	6.53206081702	0.00285669200507	0.00201685436131	0.00083983764376
NAAA	222116	2027048	2022283	4547	2932	76.0411609492	0.00223814293695	0.0014477475231	0.000790395413851
GNTT	32297	300781	303332	711	484	10.6129904534	0.00235827152959	0.00159306948943	0.000765202040165
AAAA	122241	1096786	1095488	2297	1457	41.6683050848	0.00208992405487	0.00132823432351	0.000761689731364
NGAA	51467	488056	485635	1340	974	13.0603470779	0.00273806896664	0.00200160703974	0.000736461926906
NNAA	451379	4178286	4160048	10871	7799	107.999182535	0.00259503284312	0.00187122991799	0.000723802925134
ANTT	127108	1180689	1186988	2974	2187	27.9987027663	0.00251253946436	0.00183909012551	0.00067344933885
TNGA	32120	305577	305278	1307	1100	4.50968806908	0.00425893823073	0.00359033612074	0.000668602109992
NTAA	136403	1269380	1262256	3897	3036	23.1711528779	0.00306060660799	0.00239944613575	0.000661160472235
NGAN	110792	1051892	1051038	3808	3144	14.5710057135	0.00360708534622	0.00298240721242	0.000624678133799
CNAA	37044	350272	348474	902	683	7.09699929728	0.00256852728277	0.00195614007452	0.000612387208249
ANNT	442412	4000626	4008847	18949	16556	37.1184497799	0.00471417998171	0.00411288012654	0.000601299855178
NNTT	451380	4152556	4183920	9422	6981	84.0802350873	0.00226382743974	0.00166575158898	0.000598075850763
TNTT	240507	2182152	2203933	4672	3434	44.8739668519	0.00213643164699	0.0015556996186	0.000580732028396
NCAA	41393	393802	389874	1087	857	6.16681252777	0.00275267226993	0.00219332481938	0.000559347450552
ANAA	238195	2180527	2167682	5281	4033	35.7994264385	0.00241604020115	0.00185705767101	0.000558982530141
TGAN	44826	425890	425894	1396	1178	4.71064700161	0.0032671325529	0.00275831709876	0.000508815454147
GNAA	47360	447495	445808	1202	976	5.6428585661	0.00267886792201	0.00218450078785	0.000494367134153
NTNT	562171	5061012	5094926	14824	12498	47.5405392747	0.00292050412976	0.00244702613294	0.000473477996824
ATTT	65861	607654	611075	1183	903	9.33545706398	0.00194304879631	0.00147554323848	0.000467505557829
ATAN	247532	2189503	2180241	8638	7588	14.7305844223	0.00392968421953	0.00346827837093	0.000461405848596
NCTT	42832	404901	406742	972	791	4.92039364121	0.00239483779409	0.00194094711349	0.000453890680603
ATAT	144244	1232192	1232578	4842	4322	7.24041768915	0.00391420122648	0.00349421941952	0.000419981806966
CNTT	51468	488934	489667	1065	876	4.75952023921	0.00217347382342	0.00178577617049	0.000387697652927
NTTT	222116	2014538	2032501	3445	2934	10.7845149679	0.00170715015934	0.00144146091622	0.000265689243125
TNNT	496658	4576270	4607680	13064	12004	12.2850208688	0.00284660039997	0.00259844612748	0.000248154272487
NTAN	449376	4062359	4061811	14301	13368	7.62445299903	0.00350801881933	0.00328034670379	0.000227672115539
ATNN	493884	4491766	4487687	17325	16295	7.46573033226	0.00384223782576	0.00361790966305	0.000224328162712
