#Sequence	Occurrence	Forward Match	Backward Match	Forward Mismatch	Backward Mismatch	Strand Bias Score	FER (Forward Error Rate)	RER (Reverse Error Rate), ERD (Error rate Difference)
CGAG	1226	4696	5025	153	71	8.3131733548	0.0315528975046	0.0139324960754	0.0176204014293
GCAG	1708	6820	7069	121	41	9.80110190768	0.0174326465927	0.00576652601969	0.011666120573
GAAA	1694	7071	7049	126	44	9.12285859896	0.0175072947061	0.00620329902721	0.0113039956789
GCCC	1270	5089	5168	103	49	4.88673220949	0.0198382126348	0.0093923710945	0.0104458415403
CAGG	1671	6542	6840	101	36	7.92002329142	0.0152039741081	0.00523560209424	0.00996837201384
CGAC	1342	5383	5384	75	22	6.83258553083	0.0137412971785	0.00406955234924	0.00967174482921
GAAC	1595	6333	6511	101	41	6.44043410278	0.0156978551445	0.00625763125763	0.00944022388691
GAGT	944	3967	4052	46	10	6.21588168936	0.0114627460753	0.00246184145741	0.00900090461785
GAGC	1800	7303	7383	100	36	7.27297157294	0.0135080372822	0.00485240598463	0.00865563129755
CCCA	1338	5240	5462	70	27	5.06279338708	0.0131826741996	0.00491892876662	0.008263745433
GAAN	6154	25000	25536	336	136	20.0423716176	0.0132617619198	0.0052976004986	0.0079641614212
GAGN	5282	21032	21602	269	104	17.5238853246	0.0126285150932	0.00479130194416	0.00783721314903
ACGA	1163	4875	5019	52	15	5.17075018948	0.0105540897098	0.00297973778308	0.00757435192669
GAGA	1297	5037	5237	55	17	5.18747491181	0.0108012568735	0.00323562999619	0.00756562687733
CCGA	1287	5291	5295	58	18	5.08664561637	0.010843148252	0.00338791643139	0.00745523182062
GANA	5382	22059	22179	273	115	14.8645831651	0.0122246104245	0.00515833856643	0.00706627185807
CAGT	1254	5194	5251	54	18	4.48961596919	0.0102896341463	0.00341620800911	0.00687342613723
CAGN	6907	27773	28248	346	170	14.4160003469	0.0123048472563	0.00598212400591	0.00632272325039
GTGA	1401	5838	5809	56	19	4.42420684296	0.00950118764846	0.00326012354152	0.00624106410693
CGAN	5357	21389	21645	341	208	8.01353755651	0.0156925908882	0.00951814396193	0.00617444692625
TGAA	1814	7318	7403	73	28	5.00645791752	0.00987687728318	0.00376799892343	0.00610887835975
CCNA	4799	19304	19554	198	83	11.2329326701	0.0101528048405	0.00422671487498	0.00592608996555
CCAT	1521	6278	6292	53	17	4.53598902154	0.00837150529142	0.00269456332224	0.00567694196919
GNAG	5698	22748	23412	246	120	10.9269682147	0.0106984430721	0.0050994390617	0.0055990040104
NAGG	5044	19850	20631	222	117	8.64905926382	0.01106018334	0.00563909774436	0.00542108559562
GNAA	5857	24524	24579	306	174	8.63617412972	0.0123238018526	0.00702945097564	0.00529435087696
NGAG	5283	20976	21568	282	175	6.76556371969	0.0132655941293	0.00804856735501	0.00521702677426
GANC	6092	24915	25076	365	240	6.44452505362	0.0144382911392	0.00948017064307	0.00495812049617
CANG	5816	23870	24105	224	109	9.56644330618	0.00929692039512	0.00450152804163	0.00479539235349
NGAC	4653	18801	18861	168	77	8.06412586018	0.00885655543255	0.00406589925018	0.00479065618236
NAGT	3798	16048	16179	119	44	8.26383751459	0.00736067297581	0.0027121987302	0.00464847424562
GANN	21945	88829	89818	999	600	23.3867151913	0.011121253952	0.00663584684465	0.00448540710734
NAGN	20612	83388	84844	759	402	26.0207472706	0.00901992940925	0.0047157637895	0.00430416561974
NAGC	6771	27333	27537	292	174	7.36289798476	0.0105701357466	0.00627909494425	0.00429104080236
NGAA	6154	25176	25615	264	157	6.98673151223	0.0103773584906	0.00609188266336	0.00428547582721
CCGN	5558	23015	22917	342	241	4.31634807416	0.0146422913902	0.0104067708783	0.00423552051185
CNAG	5368	21541	21864	238	149	5.37176495582	0.0109279581248	0.00676872757007	0.00415923055473
CNGC	7533	30991	30806	481	347	5.17890214332	0.0152834265379	0.0111385741341	0.00414485240376
NCGA	5357	21599	21801	149	64	8.20161363844	0.00685120470848	0.0029270523668	0.00392415234168
AGNG	5013	20183	20569	164	86	6.25085382913	0.0080601562884	0.00416364076495	0.00389651552345
GNAN	20624	84239	85359	831	539	15.1664280746	0.00976842600212	0.00627488416494	0.00349354183718
GANG	6437	25575	26069	243	157	5.01363942904	0.00941203811294	0.00598642568444	0.00342561242851
NCAG	6907	27928	28324	208	116	6.6240260962	0.00739266420245	0.00407876230661	0.00331390189583
GCNA	6189	25360	25117	214	129	5.02803600604	0.00836787362165	0.00510972035174	0.00325815326991
NATG	5657	23684	23383	190	111	4.9071335549	0.0079584485214	0.00472461053886	0.00323383798254
NNAG	20613	83366	84783	745	485	13.7053771774	0.00885734327258	0.00568794858564	0.00316939468694
NGAN	21946	89045	89988	885	615	11.9656647562	0.00984098743467	0.0067878547068	0.00305313272787
NNAA	22019	91587	91943	828	554	12.825804229	0.00895958448304	0.00598938343946	0.00297020104358
NAAA	6382	26691	26716	234	154	4.20739330967	0.00869080779944	0.0057312988463	0.00295950895315
NAGA	4999	20157	20497	126	67	4.72982734582	0.00621209880195	0.00325812098813	0.00295397781382
NCCA	6680	26819	27215	179	103	5.32654067294	0.00663012074969	0.00377040778974	0.00285971295995
NCNA	21018	85376	85851	589	353	13.9359336176	0.00685162566161	0.0040949375899	0.0027566880717
GNNA	21323	87838	87991	870	657	7.2623132803	0.00980745817739	0.00741133471708	0.00239612346031
CANN	23818	97273	98165	860	636	8.49033119044	0.00876361672424	0.0064371818099	0.00232643491434
NANA	19097	79024	79577	610	446	6.4967665254	0.00766004470452	0.00557339764818	0.00208664705635
CNAN	21018	85227	85657	757	587	5.54974948833	0.0088039635281	0.00680627058114	0.00199769294696
NAAN	22019	91467	91901	743	562	6.35498966293	0.00805769439323	0.00607810691844	0.00197958747479
NANC	23587	95945	96477	839	659	5.61317911321	0.00866878822946	0.00678430242135	0.00188448580811
NANG	21116	86126	87112	667	525	4.70046660614	0.00768495155139	0.00599062040006	0.00169433115133
CNNA	19098	78075	78386	610	478	4.24046458763	0.00775243057762	0.00606106715358	0.00169136342404
AGNN	20612	83602	84770	554	424	4.82501058095	0.00658301250059	0.00497687630584	0.00160613619475
NCAN	23818	97610	98405	645	504	4.67984506506	0.00656455142232	0.00509559291874	0.00146895850358
