#Sequence	Occurrence	Forward Match	Backward Match	Forward Mismatch	Backward Mismatch	Strand Bias Score	FER (Forward Error Rate)	RER (Reverse Error Rate), ERD (Error rate Difference)
GGGT	63436	7696589	8345707	248660	54751	9223372036854775807	0.0312966906386	0.00651762082496	0.0247790698137
AGGT	176870	18629818	19203933	480487	96788	9223372036854775807	0.025142822158	0.00501473494177	0.0201280872162
CGGT	23607	2502174	2590723	60800	11110	9223372036854775807	0.0237224411953	0.00427006652618	0.0194523746691
NGGT	461210	50497325	52247285	1165927	238972	9223372036854775807	0.0225678205468	0.0045530394747	0.0180147810721
GAGT	82888	8991598	9089031	173384	37325	9223372036854775807	0.0189180949837	0.00408980320294	0.0148282917808
TGGT	196578	21618337	22055077	375661	76069	9223372036854775807	0.0170801597781	0.00343719209118	0.013642967687
GGGN	193940	21382897	22391482	420897	157534	9223372036854775807	0.0193038422579	0.00698629155259	0.0123175507053
GGGA	74886	8065311	8254794	125262	33719	9223372036854775807	0.0152934355142	0.00406816035639	0.0112252751578
GNGT	362324	40050981	40638847	600846	166668	9223372036854775807	0.0147802951144	0.00408444789877	0.0106958472156
AAGT	347358	37636469	38226627	579969	184283	9223372036854775807	0.0151759041489	0.00479767336936	0.0103782307795
CGGN	69888	7492850	7717025	112196	40222	9223372036854775807	0.014752836472	0.00518508692581	0.00956774954618
CGGA	23288	2812825	2887379	36336	11041	9223372036854775807	0.0127532280556	0.00380931680019	0.00894391125537
NAGT	808378	88252387	88982165	1165168	365647	9223372036854775807	0.013030640348	0.00409240015861	0.00893824018936
CTAG	34920	5156541	5253893	79911	36703	9223372036854775807	0.0152605237287	0.0069374036498	0.00832312007887
NGGN	1327476	145727437	149626018	2000647	786884	9223372036854775807	0.0135427668581	0.00523149270799	0.00831127415007
AGGN	535294	58854483	60432884	791417	318418	9223372036854775807	0.0132685901294	0.00524133622684	0.00802725390258
GCGT	21261	2299662	2278095	27238	9225	9223372036854775807	0.0117057028665	0.00403310424427	0.00767259862221
CTTG	80926	11532891	11511903	180984	92649	9223372036854775807	0.0154503953645	0.00798384978584	0.00746654557863
CAGT	81148	8757105	8871512	99552	35962	9223372036854775807	0.0112403585235	0.00403728374621	0.00720307477733
CTCG	16271	1974954	2024132	28905	15129	9223372036854775807	0.0144246676039	0.00741886399044	0.00700580361342
TGGN	523764	57668481	58751102	674839	269574	9223372036854775807	0.0115666883544	0.0045674502271	0.00699923812728
ANGT	1374574	148617670	149386541	1584316	538740	9223372036854775807	0.0105479031416	0.00359338996336	0.00695451317821
CNGT	252802	27638020	27767628	283321	98917	9223372036854775807	0.0101471129198	0.003549668608	0.00659744431182
GCGA	15395	2001669	1983556	22152	8814	9223372036854775807	0.0109456320495	0.0044238770911	0.00652175495837
CCGA	20209	2500471	2476905	25080	8484	9223372036854775807	0.00993050625388	0.00341355015251	0.00651695610137
CTNG	146362	21235802	21394175	318233	179177	9223372036854775807	0.014764428099	0.00830547798043	0.00645895011853
NNGT	3238334	357020409	358010556	3493108	1224670	9223372036854775807	0.00968925667217	0.0034091033155	0.00628015335667
TAGT	296984	32867215	32794995	312263	108077	9223372036854775807	0.00941132949711	0.00328470849166	0.00612662100545
CCGT	26508	2979503	2946029	29826	11542	9223372036854775807	0.00991117953537	0.00390252676943	0.00600865276594
GGGC	7463	976374	1021648	17662	12487	245.134349114	0.0177679681621	0.0120748258206	0.00569314234151
CGGC	1379	160948	175949	2603	1832	46.5710724762	0.015915524821	0.0103048132253	0.00561071159574
NGGA	572198	63507096	64758139	556519	203582	9223372036854775807	0.00868697465792	0.00313387633311	0.00555309832481
TGGA	209542	23871522	24322220	208533	76869	9223372036854775807	0.00865998852577	0.00315048647923	0.00550950204654
TTTG	637254	71878768	71352086	1141109	737566	9223372036854775807	0.0156273749954	0.0102312326324	0.00539614236305
ACGT	105276	11336265	11348974	101841	41650	9223372036854775807	0.00890365939955	0.00365651609605	0.00524714330351
CCAA	121135	15556166	15694008	132393	57941	9223372036854775807	0.00843882475121	0.003678338471	0.0047604862802
GNGA	407848	45612446	45643557	353610	135266	9223372036854775807	0.00769285056782	0.00295477234091	0.0047380782269
GNGN	1098756	120523946	121504600	1195741	624558	9223372036854775807	0.00982372720035	0.00511391391071	0.00470981328964
NCGT	273216	30093145	30021422	234382	104608	9223372036854775807	0.00772835846457	0.00347234600775	0.00425601245682
TNGT	1248634	140713738	140217540	1024625	420345	9223372036854775807	0.00722898852726	0.00298884614199	0.00424014238527
GAGN	354108	38983769	39181657	348160	181826	9223372036854775807	0.00885184146448	0.00461915425523	0.00423268720925
CCCG	4376	555802	549804	7417	4969	99.6214535034	0.0131689449397	0.00895681657182	0.00421212836789
CTGT	112507	12745799	12705083	91395	38964	9223372036854775807	0.00711954653018	0.0030574275189	0.00406211901128
GTGT	193360	20963965	20828897	151133	65076	9223372036854775807	0.00715757985116	0.00311458237263	0.00404299747853
CTGA	89586	11448150	11385135	82475	35778	9223372036854775807	0.00715269120278	0.00313267424417	0.00402001695861
CCTG	42803	5177448	5036683	93914	71017	9223372036854775807	0.0178158889486	0.0139039097833	0.00391197916536
CCGN	71765	7843080	7763201	66648	35360	9223372036854775807	0.00842607988543	0.00453416982954	0.00389191005589
CCCA	34664	5064808	5060439	54656	34688	9223372036854775807	0.0106761176561	0.0068080736751	0.00386804398097
AGGA	248928	27610658	28152396	182628	78807	9223372036854775807	0.00657093947078	0.00279148571883	0.00377945375194
TAGC	44917	6435868	6455428	86188	61764	9223372036854775807	0.0132148512678	0.00947708767825	0.00373776358951
CCNA	333049	40372977	40282303	416720	263302	9223372036854775807	0.0102163053577	0.00649397141811	0.00372233393959
GCGN	58598	6410348	6387329	60249	36457	9223372036854775807	0.00931119647847	0.00567531359233	0.00363588288614
CNGA	299516	34376477	34388314	213843	92349	9223372036854775807	0.00618216310228	0.00267828376734	0.00350387933494
AACC	145021	17823962	17334291	197146	131788	9223372036854775807	0.0109397269025	0.00754536836802	0.00339435853445
GAGA	152128	17111680	17082630	93409	34872	9223372036854775807	0.00542914948013	0.00203721314009	0.00339193634004
TCGA	79924	9604494	9594305	62846	30132	9223372036854775807	0.00650085752648	0.00313078053293	0.00337007699355
CNGN	781896	86701995	87296597	672206	381327	9223372036854775807	0.00769341513063	0.00434917916168	0.00334423596895
GCCA	20258	2867663	2814037	29155	19221	9223372036854775807	0.0100644914523	0.0067840627292	0.00328042872315
TTTC	782220	88633786	88087814	1403426	1099790	9223372036854775807	0.0155871774439	0.0123311979544	0.00325597948955
GTGA	148274	17187223	17092808	109836	55237	9223372036854775807	0.00634998123091	0.00322118352267	0.00312879770824
TCAA	408982	46790998	47515419	279149	134282	9223372036854775807	0.00593048923344	0.00281810792475	0.00311238130869
CCNG	74314	9699799	9569537	149656	117314	9223372036854775807	0.0151943432403	0.0121106435931	0.00308369964726
AAAC	457359	51549231	52230671	719198	564429	9223372036854775807	0.0137597018652	0.010690935333	0.00306876653214
AGGC	16531	2236208	2270715	32065	25443	187.475519988	0.0141363054623	0.0110806834721	0.00305562199022
NCGA	247010	28400223	28326154	172203	84880	9223372036854775807	0.00602689460111	0.00298757165966	0.00303932294145
AAGN	1427442	158826767	160061485	1190253	709370	9223372036854775807	0.0074382900019	0.00441230470535	0.00302598529655
NAGN	2956336	329163052	331064120	2434204	1438661	9223372036854775807	0.00734084482291	0.00432676381134	0.00301408101158
TNGA	1046786	119520474	119368939	693437	333164	9223372036854775807	0.00576835903792	0.00278327607995	0.00298508295796
TTGA	414112	47549835	47130772	294917	150789	9223372036854775807	0.00616404072906	0.00318917135583	0.00297486937324
NTTG	1345300	151569297	150879076	1854314	1390871	9223372036854775807	0.0120862361922	0.00913424498664	0.00295199120552
ACAA	371944	52801780	54183276	351269	200046	9223372036854775807	0.00660863311905	0.00367844391705	0.002930189202
GGNT	428718	49594792	51130416	393693	254821	9223372036854775807	0.00787567376767	0.00495903132645	0.00291664244122
AGNT	925184	102981754	103288083	797906	497622	9223372036854775807	0.00768846226708	0.00479470655424	0.00289375571284
NAGC	147510	20999366	21115755	263687	203038	9223372036854775807	0.0124011824642	0.00952389753022	0.00287728493403
TTNG	1214646	137090832	136897824	1630727	1227923	9223372036854775807	0.0117553970108	0.00888989219367	0.00286550481712
AAGC	89375	10520526	10551460	118846	88478	9223372036854775807	0.0111703961474	0.00831564995961	0.00285474618783
CNCG	35332	4977504	5048351	59724	45982	9223372036854775807	0.0118565210866	0.00902610803024	0.00283041305636
ANGN	4144354	461807190	464560339	3244380	1935869	9223372036854775807	0.00697638758643	0.00414980650818	0.00282658107825
TCNA	550219	82926836	83755965	616595	383209	9223372036854775807	0.00738053240835	0.00455446591382	0.00282606649453
CTGN	316470	35600040	35525987	247767	146090	9223372036854775807	0.00691163618461	0.00409536007673	0.00281627610787
TNGN	2983260	335549557	335448116	2346900	1398593	9223372036854775807	0.00694561884678	0.00415201622172	0.00279360262506
CCTA	114336	13669363	13526696	167013	127456	9223372036854775807	0.0120705739711	0.00933459653884	0.00273597743226
CTCA	65868	9432603	9643804	72208	47223	9223372036854775807	0.00759699482715	0.00487285816044	0.00272413666671
TAGN	858316	96113363	96064362	651983	389431	9223372036854775807	0.00673777366538	0.00403748767039	0.00270028599499
NCAA	1327557	150791912	152752986	867492	466555	9223372036854775807	0.00572000137888	0.00304500977457	0.00267499160431
GCNA	137402	20107227	20185448	166867	113405	9223372036854775807	0.00823055274381	0.00558676886817	0.00264378387564
NCNA	1491630	226896004	229726120	1723896	1133276	9223372036854775807	0.00754044595418	0.00490894466344	0.00263150129074
GGCC	962	61860	62344	273	111	15.9074326993	0.00439380039592	0.00177727964134	0.00261652075458
GCAA	84615	10699266	10815491	75849	48073	9223372036854775807	0.00703927521887	0.00442515918349	0.00261411603539
TACC	168774	18478040	18213062	185273	134786	9223372036854775807	0.00992712279969	0.00734614762451	0.00258097517518
TCCG	1041	147131	141337	1594	1160	12.1068147918	0.010717767692	0.00814052225661	0.00257724543544
ATGT	745070	81015118	80607007	422019	216019	9223372036854775807	0.00518214435756	0.00267274081027	0.00250940354728
ACGN	273216	29976467	30045862	194705	119345	9223372036854775807	0.00645334559758	0.0039563792816	0.00249696631598
TCGT	115876	13164639	13137044	74285	41328	9223372036854775807	0.0056111055551	0.00313604745715	0.00247505809795
TTAA	1313916	144610797	145170531	811271	452112	9223372036854775807	0.00557873375862	0.0031046820102	0.00247405174842
CGNA	131741	19625088	19809391	141433	93181	9223372036854775807	0.00715517920427	0.00468185719916	0.00247332200511
CAGN	316470	35239153	35756616	243808	158034	9223372036854775807	0.00687112893425	0.00440026562976	0.00247086330449
AANC	1042272	118665441	119297795	1329966	1036446	9223372036854775807	0.01108347422	0.00861305968598	0.002470414534
NCGN	668356	73864397	73839437	492366	308867	9223372036854775807	0.00662167071474	0.00416553020552	0.00245614050922
NGGC	47209	6299144	6498689	89204	75792	9223372036854775807	0.0139635473835	0.0115282103637	0.00243533701978
GGNA	388409	48702386	49698655	311191	195588	9223372036854775807	0.00634907752193	0.00392005145764	0.00242902606429
CTGC	21832	3050274	3035501	32710	25095	209.442348365	0.0106098507161	0.00819938338807	0.00241046732799
CNTG	234121	34515240	34324649	417666	331769	9223372036854775807	0.0119562340448	0.00957308975209	0.00238314429268
ACGA	70525	9810860	9857181	54057	30825	9223372036854775807	0.00547972172498	0.00311741315691	0.00236230856807
NNGA	3601616	411549091	412280263	2018497	1048721	9223372036854775807	0.00488069437395	0.00253725492428	0.00234343944967
CAGA	112681	13584449	13638322	61884	30403	9223372036854775807	0.00453484463555	0.00222427475862	0.00231056987693
GCCG	344	22895	22804	100	47	4.68491248476	0.00434877147206	0.00205680276574	0.00229196870632
CAGC	21281	2961324	3004074	33347	26868	171.996460945	0.0111354469322	0.0088645708166	0.00227087611564
CTAA	270934	31941681	31980079	171090	99373	9223372036854775807	0.00532778687956	0.00309771501084	0.00223007186871
CGCC	563	41060	40779	180	88	7.40413227007	0.00436469447139	0.00215332664497	0.00221136782642
CGAA	90220	11372910	11420809	61895	36925	9223372036854775807	0.00541286012311	0.00322271402007	0.00219014610304
TCCA	108671	16860091	16716533	135158	96910	9223372036854775807	0.00795269313206	0.00576384027947	0.00218885285259
GTGN	485928	53288796	53095432	365163	247689	9223372036854775807	0.00680589106202	0.00464331661434	0.00216257444768
NTGT	1695530	188177552	186759684	927631	515443	9223372036854775807	0.00490537057358	0.00275233026541	0.00215304030818
CGCA	7865	1124433	1140488	9605	7317	75.1584486792	0.00846973381844	0.00637477620327	0.00209495761517
CTNA	849174	96625293	96900939	577388	377508	9223372036854775807	0.00594004192127	0.00388069517598	0.00205934674529
NACC	461206	51930254	51210497	488908	376644	9223372036854775807	0.00932689461919	0.00730112180475	0.00202577281443
ACCG	6737	967651	962102	10361	8318	46.7783160975	0.0105939395427	0.00857154634076	0.0020223932019
CNAA	1214646	138187388	139815048	645976	369333	9223372036854775807	0.00465288732757	0.00263462303978	0.00201826428779
GAGC	3802	538415	540296	6077	4996	24.5764337602	0.0111608618676	0.00916206362829	0.00199879823928
TTNC	1582024	177194376	176224508	2134715	1766857	9223372036854775807	0.0119038968418	0.00992664447514	0.00197725236667
TGGC	5078	686513	715529	8896	7863	25.4786276112	0.0127924717684	0.0108696253207	0.0019228464477
NTGA	1455888	168691439	168243931	789994	469692	9223372036854775807	0.00466124215506	0.00278396013107	0.00187728202399
CCAG	13491	1896241	1915652	16040	12586	98.9372216176	0.00838788860005	0.00652720255487	0.00186068604518
TCGN	255882	28978220	28994102	169003	116168	9223372036854775807	0.00579825391942	0.00399061911827	0.00180763480115
ATAG	181264	27160581	27069923	295515	245543	9223372036854775807	0.0107631835203	0.00898915654597	0.00177402697437
CNAG	140538	20774549	21089452	196196	161757	9223372036854775807	0.00935570004785	0.00761166105891	0.00174403898895
ACNA	624317	94879164	96732510	573179	417495	9223372036854775807	0.00600487093334	0.00429742643863	0.00170744449471
GGCA	18298	2545726	2584736	18885	14712	127.35744441	0.00736368985394	0.00565966312848	0.00170402672546
CNGC	55060	7550838	7590757	80762	68255	241.707464233	0.0105825777032	0.00891172386203	0.0016708538412
TNAA	4286448	474484327	479611651	2045519	1265701	9223372036854775807	0.00429253071381	0.00263206614896	0.00166046456485
NCCG	7787	1120634	1096546	12164	10052	35.0292095273	0.0107380133086	0.00908369615705	0.00165431715159
CTAC	65985	9568888	9722818	88438	73786	9223372036854775807	0.00915760739567	0.00753179367054	0.00162581372513
CNNG	457876	68073631	68581240	744371	636652	9223372036854775807	0.0108165157134	0.00919779527524	0.00161872043819
TTNA	3987309	455028499	452126380	3525381	2761028	9223372036854775807	0.00768804093425	0.00606969538273	0.00161834555152
CNCA	232799	34295922	34899451	224101	170927	9223372036854775807	0.00649191340342	0.00487382827753	0.00161808512589
ANAC	1284287	140544364	141080887	1608246	1381455	9223372036854775807	0.0113135172122	0.00969698364218	0.00161653357007
CTTA	300609	34758954	34901576	221190	165861	9223372036854775807	0.00632330158504	0.00472977252372	0.00159352906131
NCCA	261882	39628248	39496680	301259	236981	9223372036854775807	0.00754477133915	0.0059642377278	0.00158053361135
NTGN	4056098	455827802	454280077	2532010	1805935	9223372036854775807	0.00552406632019	0.0039596368941	0.00156442942609
GTGC	6957	1012855	988807	11707	9873	25.7884172862	0.0114263460874	0.00988604958545	0.00154029650195
ANGC	212462	26884174	26937556	283298	242354	9223372036854775807	0.0104278381146	0.00891665940027	0.00151117871437
CNNA	3195920	362749831	364475378	1860508	1319147	9223372036854775807	0.00510272968425	0.00360625135108	0.00149647833317
CAAA	628917	71511199	73045234	271797	167857	9223372036854775807	0.00378637024289	0.0022927183883	0.00149365185459
NAAC	773005	102719124	103565616	1171334	1024261	9223372036854775807	0.0112747024371	0.00979311793244	0.00148158450462
ATAC	521633	56410976	56210345	660968	573939	9223372036854775807	0.0115813121768	0.010107356465	0.00147395571175
TTGN	1345298	152789493	151638550	851075	623420	9223372036854775807	0.00553938983095	0.00409439073985	0.00144499909109
NTNG	2983274	334073542	333913560	3245544	2755286	9223372036854775807	0.00962158423493	0.00818396484479	0.00143761939014
NCTG	102594	13107521	13023832	151127	131236	275.8937474	0.01139837184	0.00997607918104	0.00142229265898
NGNT	3160944	359979745	360143845	2050703	1539017	9223372036854775807	0.00566444897474	0.00425515599907	0.00140929297568
GNGC	22293	3157042	3165697	37524	33097	63.5272444039	0.0117461965099	0.0103467119171	0.00139948459289
TNTC	1598058	182065931	180821245	2016786	1744814	9223372036854775807	0.0109558682796	0.00955716527791	0.00139870300167
NAGA	1317648	150273745	150282250	498460	289405	9223372036854775807	0.00330604702637	0.00192204170167	0.0013840053247
NGNA	1966500	296711569	299299653	1695082	1292759	9223372036854775807	0.00568044309441	0.00430070403773	0.00137973905668
TAGA	326172	37235943	37069038	123849	72616	9223372036854775807	0.00331503451625	0.00195510948435	0.0013599250319
GTAA	208414	31170030	31260181	182927	141153	9223372036854775807	0.00583444170832	0.0044951275	0.00133931420832
CGCT	649	93325	94007	557	435	4.09950871972	0.00593297969792	0.0046060015671	0.00132697813082
TNTG	1795652	197909242	196637154	2172870	1892788	9223372036854775807	0.010859891363	0.00953401779566	0.00132587356734
NNGC	420419	59903548	59954775	670516	590714	9223372036854775807	0.0110693580011	0.0097565319854	0.00131282601574
ATGN	1908402	214149473	214020108	1068005	788736	9223372036854775807	0.00496244547573	0.00367180412739	0.00129064134834
TTCA	551836	67577146	67551701	391968	304844	9223372036854775807	0.00576685463341	0.00449247747583	0.00127437715759
NTTC	1722844	195579139	195294349	2315379	2057718	9223372036854775807	0.011700066396	0.0104266351565	0.00127343123943
ANGA	1847466	212039694	212879453	757607	487942	9223372036854775807	0.00356022842602	0.00228686299516	0.00127336543085
GTNA	532078	80007232	79843174	486233	382642	9223372036854775807	0.00604065187155	0.00476956195746	0.00127108991409
ACCC	14205	1302939	1254657	6561	4719	52.104753084	0.00501030927835	0.00374709379883	0.00126321547952
AATC	315012	36195234	36634490	285202	242599	9223372036854775807	0.00781794384256	0.00657858324989	0.00123936059267
NTAG	429162	64524367	64486795	611581	530918	9223372036854775807	0.00938930066697	0.00816574400272	0.00122355666425
ACTG	8174	989789	997502	7385	6218	24.671099916	0.00740592915579	0.00619495476826	0.00121097438753
AGCT	5550	806157	807031	5834	4855	20.6118631759	0.00718480869862	0.00597990358252	0.0012049051161
TTCC	195748	19220817	19229994	144952	121532	9223372036854775807	0.00748495967292	0.00628022823626	0.00120473143665
CCCC	7510	526536	531189	2237	1616	23.8942986668	0.00423054883665	0.00303300457015	0.00119754426649
TGNA	840688	127339256	127628480	772599	620902	9223372036854775807	0.00603065969188	0.00484136445975	0.00118929523212
GNNA	2671601	332669451	334670819	1539244	1151594	9223372036854775807	0.00460563720522	0.00342917552677	0.00117646167845
TTTA	1015768	146978942	143769922	1507307	1303274	9223372036854775807	0.0101511554784	0.0089835616498	0.00116759382857
TTGC	25480	2849021	2827061	23912	20438	54.2460159081	0.00832320141124	0.00717752666463	0.00114567474661
TNGC	125329	18197708	18165632	200390	178827	256.997146965	0.0108918867592	0.00974828420942	0.00114360254975
CTTC	181071	23661435	23862719	199646	173700	9223372036854775807	0.00836701405104	0.00722653403571	0.00114048001533
GGNN	1218465	138842064	141683185	894495	750122	9223372036854775807	0.00640129545483	0.00526647885807	0.00113481659676
CCCN	5668	851232	797015	7686	6281	14.7758317274	0.00894846772334	0.00781903557344	0.00112943214991
TGAA	641586	73957552	74304732	291782	209414	9223372036854775807	0.00392975915447	0.00281039253942	0.00111936661505
ANCC	428718	50693831	49370314	443420	377387	9223372036854775807	0.00867117397453	0.00758601889965	0.00108515507488
TCTC	46585	3350133	3381290	12777	9214	133.608217795	0.00379938803001	0.00271759006921	0.0010817979608
TGCC	917	68497	68502	145	71	6.15976813778	0.00211240931208	0.00103539293891	0.00107701637317
TACG	3105	425315	429893	3881	3454	7.1988414704	0.0090424887464	0.0079705178529	0.0010719708935
NTCC	286100	20649538	20846120	60270	38495	9223372036854775807	0.00291021529509	0.00184322287004	0.00106699242505
TANC	700052	96741200	96099153	920618	810630	9223372036854775807	0.00942659085048	0.00836479016778	0.0010618006827
ATCC	102808	8539993	8477359	38214	28891	267.097780787	0.00445477708803	0.00339644379133	0.0010583332967
NNAA	14654087	1634762348	1656044165	6375107	4729752	9223372036854775807	0.00388456614684	0.00284792044937	0.00103664569747
AGCG	983	68880	68941	180	109	4.42288275826	0.00260642919201	0.00157856625634	0.00102786293567
GGAA	250135	28439486	28925602	109465	81968	9223372036854775807	0.00383429149463	0.0028257451417	0.00100854635293
GNAA	1541304	175181074	176979420	653108	480674	9223372036854775807	0.00371434036643	0.00270863149661	0.00100570886981
AAAN	3733385	547568169	564745382	4159279	3714637	9223372036854775807	0.00753864795938	0.00653456158013	0.00100408637925
CTAN	429162	64894632	65342490	385319	321817	9223372036854775807	0.00590256264132	0.00490094260798	0.00100162003334
CGNT	134881	19522729	19426116	118280	98309	9223372036854775807	0.00602209387512	0.0050351802934	0.000986913581714
GCCN	2399	339949	330916	3301	2882	4.64672595951	0.00961689730517	0.00863396425383	0.000982933051341
TTGG	106479	11904116	11994855	118651	107720	133.569446316	0.00986885963938	0.00890058520604	0.000968274433342
NANC	3114069	353752146	353541776	3059635	2710357	9223372036854775807	0.00857492707058	0.00760797409738	0.000966952973205
ANNC	2984724	333332877	333111343	3171148	2841576	9223372036854775807	0.00942380406891	0.00845825661661	0.000965547452305
TNCA	840688	127643698	127819805	717964	594373	9223372036854775807	0.00559328999651	0.0046285621203	0.000964727876212
TAAA	1916834	208741890	212242490	662779	469445	9223372036854775807	0.00316506314384	0.00220695185721	0.000958111286626
TCTA	187461	26990676	27163677	164875	139622	9223372036854775807	0.0060715026552	0.00511374101716	0.000957761638046
TCCC	28933	2051638	2086632	5531	3619	95.0424772691	0.00268864638734	0.00173137101716	0.000957275370176
NAAA	7281501	803536535	819853015	2481774	1747072	9223372036854775807	0.00307905412605	0.00212642625974	0.000952627866314
ATGC	80961	10982436	10954548	109670	98891	115.445624468	0.00988721168009	0.00894662737995	0.000940584300141
TCTG	23207	3523116	3523165	29607	26269	44.1930759857	0.00833360777072	0.00740089828406	0.000932709486651
TAAC	186281	27621834	27563893	281271	254693	273.194174332	0.0100802760123	0.00915549769496	0.000924778317335
AGNN	2894285	325310268	326804328	1765853	1469120	9223372036854775807	0.00539890529031	0.00447529341453	0.000923611875775
NTNC	3933006	436925812	435601785	4423224	4004075	9223372036854775807	0.0100220542908	0.00910832944766	0.00091372484318
NNCC	663736	48906779	48759718	138587	94104	9223372036854775807	0.00282568999485	0.0019262361909	0.000899453803955
NGAA	1722836	196949539	198095050	705806	531458	9223372036854775807	0.00357089255542	0.00267566502252	0.000895227532907
TNCC	459620	47101393	46772221	368716	323670	9223372036854775807	0.00776732996337	0.00687257408507	0.000894755878295
CATT	16815	1247435	1244546	2686	1564	64.8672534072	0.00214859201629	0.00125510588953	0.000893486126765
TTGT	639196	73063547	72230424	262416	194871	9223372036854775807	0.00357875968162	0.00269064834323	0.000888111338381
AAAA	3973405	435714927	445662859	1285822	921990	9223372036854775807	0.00294237939624	0.00206453488528	0.000877844510958
GAAA	762935	87768850	89007009	261160	187149	9223372036854775807	0.0029667155553	0.00209822037896	0.000868495176335
GTCC	9044	672001	672903	1570	990	29.711292757	0.00233086044381	0.00146907595123	0.000861784492587
GCTA	18979	2760330	2766651	17188	14862	38.7899901154	0.00618825872596	0.00534313519297	0.000845123532987
TNNA	10431480	1250994608	1250072566	6694424	5623605	9223372036854775807	0.00532279747193	0.00447847586851	0.00084432160342
TNNC	3487392	390137322	388012329	3655549	3305589	9223372036854775807	0.00928292325536	0.00844732338579	0.000835599869568
AAGA	708436	81000780	81157616	217691	150193	9223372036854775807	0.00268031393992	0.00184721494586	0.000833098994056
ATGA	774226	90268960	90416010	297921	223609	9223372036854775807	0.0032895137462	0.00246701169386	0.000822502052341
ACAC	25899	1818100	1800522	8200	6630	33.8685717766	0.0044899523627	0.00366875614226	0.000821196220439
ACTC	9351	665321	660937	1670	1115	24.2086904962	0.0025037819101	0.00168415773988	0.000819624170225
CTNC	281914	38884953	39113575	330033	299436	9223372036854775807	0.00841599178437	0.00759738960314	0.000818602181221
ACAG	13429	1999553	2019140	17017	15514	19.3239962043	0.0084385863124	0.00762488364115	0.000813702671252
NTAC	1257050	135909067	135723238	1277667	1163500	9223372036854775807	0.00931334220698	0.0084997277092	0.000813614497785
CCAN	254420	38512189	38446327	238805	206785	9223372036854775807	0.00616255159803	0.00534976329978	0.000812788298248
NTNA	6193436	920360625	921241007	5807031	5055178	9223372036854775807	0.00626995659196	0.00545740993201	0.000812546659955
NCCC	90667	6884230	6832381	22742	16987	172.692897368	0.00329261505621	0.00248008283392	0.000812532222287
TATT	2537690	280205320	276945912	1329626	1089663	9223372036854775807	0.00472277427329	0.00391914955487	0.000803624718414
AGNA	829000	117164901	118203282	498835	408449	9223372036854775807	0.00423949652593	0.00344358012952	0.000795916396407
NCTA	542985	73135395	73460277	491936	436368	9223372036854775807	0.00668143192641	0.00590511247161	0.000776319454798
CACC	15564	1116768	1119911	2256	1395	45.6979360974	0.00201604255137	0.00124408502229	0.00077195752908
AGAC	22804	2122397	2113274	13690	11989	23.8483859916	0.00640891499269	0.00564118417344	0.000767730819253
NTAA	3853118	449484904	451472513	2253001	1919242	9223372036854775807	0.00498740746584	0.00423307653665	0.000754330929193
CGAN	124151	19027524	19062867	107541	93239	227.407647978	0.00562010110757	0.00486732533219	0.00075277577538
CANA	1692093	192172013	193726046	671835	530654	9223372036854775807	0.00348382905116	0.00273171530248	0.000752113748677
GACA	4199	633234	640558	2547	2099	11.398203462	0.00400609643887	0.00326612796562	0.00073996847325
NTGC	226196	30149644	29885730	295031	269963	195.764244311	0.00969072588228	0.00895230628591	0.000738419596362
TTAC	327429	36183612	36070836	295389	268051	269.335306868	0.0080975079334	0.00737642294878	0.000721084984618
GNCA	160422	23788192	23837842	131897	115342	248.579316112	0.00551406811237	0.00481530973085	0.000698758381524
GAAC	6117	983012	1000012	10280	9757	5.96707700387	0.0103494239358	0.00966260600197	0.000686817933794
CGNN	317928	47265774	47313433	311723	279168	9223372036854775807	0.00655189994547	0.00586578573422	0.000686114211257
CNAN	1491637	226990592	229741934	1322346	1179874	9223372036854775807	0.00579181369038	0.0051094091555	0.000682404534882
AANT	2319268	328893461	335056700	2856740	2678610	9223372036854775807	0.00861111761617	0.007931092547	0.000680025069172
GANA	1598058	183320981	184417588	540140	418106	9223372036854775807	0.00293776083308	0.00226204144314	0.000675719389938
NGCC	8352	581104	582032	1997	1609	10.044578133	0.0034247926174	0.00275683168249	0.000667960934913
CNTA	1349373	148977528	148547450	758995	657881	9223372036854775807	0.00506887020477	0.00440923253607	0.000659637668698
ACAN	847765	126338004	128339196	788914	715890	9223372036854775807	0.00620571954714	0.00554716611479	0.000658553432352
GTCA	29018	3802426	3772839	19586	16928	38.6363596435	0.00512452603498	0.00446676537106	0.000657760663915
TTTN	3733387	263003850	266794144	1482624	1327260	9223372036854775807	0.00560567040566	0.0049502202368	0.000655450168863
GANT	36781	5791735	5804654	36816	33069	46.420052572	0.00631649272692	0.00566470865438	0.000651784072538
GACC	4527	355159	354171	616	385	12.2854087064	0.00173143138219	0.00108586513837	0.000645566243824
NCTC	107651	7799843	7816414	22515	17507	139.486309758	0.00287828810699	0.00223476851503	0.000643519591962
ATGG	17336	1244362	1235267	3889	3062	21.0472552833	0.00311555929056	0.00247268698383	0.000642872306729
ACNC	71258	5318471	5235504	20481	16814	67.3471685025	0.00383614612006	0.00320125323714	0.00063489288292
AAAT	1134475	164116363	169578592	1725235	1674749	9223372036854775807	0.010402908684	0.00977936541396	0.000623543270027
TCNC	118693	8478832	8539690	25232	20111	134.7569414	0.00296705198832	0.00234947050755	0.00061758148077
TGCA	56834	8326237	8319512	53645	48528	55.6973447488	0.00640164145509	0.00579920746077	0.000602433994327
ATNC	1092415	131220676	130891204	1306320	1222667	9223372036854775807	0.00985701056711	0.00925464518408	0.000602365383037
CCTC	8058	589193	588409	1239	888	13.3660511813	0.00209846349791	0.00150688023187	0.000591583266044
CTNN	1568357	230377879	230404988	1405295	1268175	9223372036854775807	0.00606297245718	0.00547398319071	0.000588989266474
TAGG	5780	529429	526398	1055	738	12.6539643044	0.00198874989632	0.00140001821162	0.000588731684702
ATTG	68087	10429622	10417227	108370	101986	41.2551899869	0.0102837428611	0.00969521198972	0.000588530871351
AATA	1268845	89319317	89401614	166439	115355	9223372036854775807	0.00185994964383	0.00128863835861	0.000571311285218
CTCC	14903	1072980	1089473	1832	1249	26.9434155728	0.00170448413304	0.00114511305356	0.000559371079484
CTGG	2550	187020	187932	381	279	4.18059155889	0.00203307346279	0.00148237881952	0.000550694643272
GTTA	65060	9685848	9680667	55275	49896	60.0906473728	0.00567439708953	0.00512776085001	0.00054663623952
CCTN	202875	16683912	16493147	142047	131267	68.150956642	0.00844213396693	0.00789603771898	0.000546096247942
CNCC	81146	5806550	5845353	12509	9412	100.723768507	0.00214966028012	0.00160757946732	0.000542080812802
ANAA	7645270	849716078	862342553	3035976	2616435	9223372036854775807	0.00356020954246	0.00302492376667	0.000535285775782
GGAT	13774	1452853	1484722	6664	6009	11.641533948	0.00456589405947	0.00403090832618	0.00053498573329
AGAA	631499	73329183	73613959	223364	184959	9223372036854775807	0.00303679490528	0.00250625625704	0.000530538648244
GGTA	26518	3916034	3967053	19228	17377	26.8555171832	0.00488607874139	0.00436122607249	0.000524852668903
NCNG	52103	7832771	7869028	87597	83825	22.8589175041	0.0110597133871	0.0105402426022	0.000519470784809
TTAG	73494	11426869	11440010	94710	88865	42.7773971772	0.0082202274532	0.00770803742776	0.000512190025436
NNAC	2689506	315329331	316348979	2943319	2788026	9223372036854775807	0.0092477911627	0.00873614139482	0.000511649767881
NTCA	811473	119202241	119812903	618683	560121	9223372036854775807	0.00516339700402	0.00465321034055	0.000510186663466
CATC	17033	1293819	1288137	2855	2186	19.6211201657	0.0022017870336	0.0016941494494	0.000507637584194
AAAG	16245	2541523	2596901	38121	37599	5.85116191977	0.0147776204779	0.0142717783261	0.000505842151806
GNCC	41698	3090913	3090568	5667	4103	55.471928502	0.00183008351149	0.00132582752738	0.000504255984102
ATNG	494791	74929927	74981205	783608	746431	201.248755394	0.0103496422403	0.00985678464861	0.000492857591715
CACA	91792	13537858	13792770	60319	54637	87.1907666409	0.00443581518317	0.00394564845245	0.000490166730717
GTNG	13019	936027	942421	2915	2476	9.26594460149	0.00310455810902	0.00262039142891	0.000484166680114
GANC	13265	2070094	2089699	19587	18763	6.47373756401	0.00937320098139	0.00889890356098	0.00047429742041
ANAG	32642	5070715	5151161	62915	61415	11.5423986637	0.012255460561	0.0117820824099	0.00047337815112
ACNG	9022	1299191	1310899	11948	11428	4.31325676118	0.00911268751826	0.00864234035908	0.000470347159178
NCAC	27706	1956241	1951331	6571	5631	16.1612766089	0.00334774802681	0.00287741918341	0.000470328843403
ACCA	16952	2544288	2564430	13363	12258	13.2264575243	0.00522471596007	0.00475726979751	0.000467446162567
CATA	389875	27667576	27279267	54776	41471	9223372036854775807	0.00197587852575	0.00151793117741	0.000457947348339
NNTC	3172425	342332825	342061925	2942218	2781283	9223372036854775807	0.00852137465377	0.0080653553136	0.000456019340176
NGCA	119449	17359662	17477786	103566	96217	70.9589341979	0.00593051868761	0.00547496207893	0.00045555660868
TCAC	10022	719134	718861	1816	1489	7.80272978109	0.00251889867536	0.00206705073922	0.000451847936135
TTNN	7515539	533433378	539627493	2105723	1889068	9223372036854775807	0.0039319687322	0.00348847687412	0.000443491858078
CAAN	672650	102819711	105161707	580306	548252	9223372036854775807	0.00561224279102	0.00518637983768	0.00042586295334
TATC	151879	14718602	14528882	87922	80587	51.1867274544	0.00593805811546	0.00551608001632	0.000421978099139
AGNC	9838	694799	691823	2680	2375	4.41327163404	0.00384240959226	0.00342121412047	0.000421195471793
AANN	14654119	1627061317	1649995004	9112235	8548886	9223372036854775807	0.00556923499274	0.00515445268078	0.000414782311965
CCNN	642919	97677382	96230820	757499	706423	239.003697146	0.00769543267899	0.00728742615467	0.000408006524319
TNAC	95379	11583408	11554682	96377	91395	26.9985953143	0.0082516073712	0.00784770700039	0.000403900370806
ANGG	36218	2580407	2580287	9640	8601	13.7604464815	0.00372194018101	0.00332227581881	0.000399664362201
NAAN	7515547	1119198473	1141333704	7066928	6757018	9223372036854775807	0.00627465603909	0.0058854390777	0.000389216961391
CCNC	15543	1122198	1134747	2437	2031	9.87794636963	0.00216692526909	0.00178662852378	0.000380296745312
CATN	50054	3655965	3622783	7356	5962	30.0517684377	0.00200801403972	0.00164299227419	0.000365021765531
GCNC	7870	557705	558591	1387	1187	4.12165646751	0.00248080816753	0.00212048347738	0.00036032469015
AANA	7830875	865210403	878248081	2245907	1963533	9223372036854775807	0.00258907218048	0.00223075107028	0.000358321110201
ANAN	9348673	1341659219	1361343699	8257549	7889617	9223372036854775807	0.00611708010134	0.00576206911401	0.000355010987329
TGNT	1260222	132594480	131785994	507067	456883	9223372036854775807	0.00380962514282	0.00345487795157	0.00035474719125
CNTC	144201	10657856	10687684	31541	27838	53.5350586129	0.00295068094112	0.00259791356875	0.000352767372377
TTTT	157061	12254440	12091330	35707	31040	59.059688401	0.00290533546914	0.00256055540295	0.000344780066191
NCNC	459558	33357244	33291372	95361	83756	159.404841261	0.0028506300182	0.00250953344658	0.000341096571617
TNGG	65352	4900649	4953791	10467	8885	32.9945204041	0.00213128747112	0.00179036471452	0.000340922756596
NNTG	2416439	336375378	334458950	3323016	3190214	9223372036854775807	0.00978225407801	0.00944831008082	0.000333943997195
NATC	736543	68175202	67900601	356462	332323	163.85371673	0.0052014204704	0.00487042003359	0.000331000436808
NNCA	1972115	300288432	302771404	1462225	1373277	9223372036854775807	0.00484580552214	0.00451520965445	0.000330595867693
AGAT	11594	1833535	1806430	10339	9617	4.27378037805	0.0056072161113	0.00529556779092	0.000311648320374
TNNG	1394523	195509188	194252010	2029821	1955095	208.080559681	0.0102755451203	0.00996444547714	0.000311099643166
ANTC	215101	22906334	23005674	169402	162876	35.2449765565	0.00734113096111	0.0070300471976	0.000311083763508
NATT	2474601	176613047	176874721	321745	267340	9223372036854775807	0.00181843828658	0.00150918420216	0.000309254084411
NTGG	114284	8166441	8230031	18504	16147	40.0111038126	0.00226073602205	0.00195811926446	0.000302616757586
NTTA	2040461	304760665	302989571	2190967	2091500	9223372036854775807	0.00713782489353	0.00685555479776	0.000282270095772
GGAN	17024	1234800	1239067	2631	2299	5.86571423108	0.00212617915666	0.00185199207969	0.000274187076963
NANA	18228592	1962713198	1978574768	5746298	5257791	9223372036854775807	0.00291918528762	0.00265031994568	0.000268865341944
NCAN	1708814	260076302	262343599	1414450	1356570	9223372036854775807	0.00540917791234	0.00514436530376	0.000264812608579
AATN	2474601	176229330	176535801	398220	352030	9223372036854775807	0.00225457466856	0.00199013124877	0.000264443419792
GATA	87016	6381707	6327935	9692	7953	35.2001002447	0.0015164129168	0.00125523052175	0.000261182395045
ACTA	18065	1300971	1294658	3237	2882	4.82667762078	0.00248196606676	0.00222112613099	0.000260839935776
AACN	33092	5463900	5461827	33156	31727	7.52264484079	0.00603159218316	0.0057753141227	0.000256278060464
TGNN	242995	38517614	38366356	241368	230881	42.9830144197	0.00622740813987	0.00598180123619	0.000245606903686
CNTT	43026	3163892	3171421	4015	3284	17.2544803522	0.00126739831693	0.00103442682076	0.000232971496173
ATNT	4085153	272605170	272267673	506448	442574	9223372036854775807	0.00185436270968	0.00162287264549	0.000231490064196
CTTN	229333	16959568	17046231	45827	42179	38.0990222718	0.00269485066357	0.00246828113324	0.000226569530333
AATT	34544	2484369	2502726	5258	4728	7.80956783239	0.0021119629567	0.00188557796075	0.000226384995948
GTNT	443901	31561964	31837631	69660	63277	80.3432834586	0.00220222648069	0.00198354855605	0.000218677924642
TGTT	29527	2134165	2155165	2652	2231	9.66408880568	0.00124109832522	0.00103411705593	0.000206981269287
CNNC	43626	3036870	3048521	9080	8496	5.46765709694	0.00298100756743	0.00277917983446	0.000201827732966
TNTN	9348670	644279039	645991171	2496873	2374225	9223372036854775807	0.0038604916381	0.0036618626081	0.000198629029997
NTTT	185273	14409043	14301551	49411	46350	17.5378826899	0.00341744698292	0.00323043767865	0.000187009304267
TNTT	4015192	284441537	286955612	374822	324579	9223372036854775807	0.00131601289096	0.001129834253	0.00018617863796
AGAN	274767	42193310	42246735	205188	197528	34.8049031067	0.00483951106004	0.0046538209416	0.000185690118442
TACN	327080	47674093	47776354	243137	234726	37.202076733	0.00507410382445	0.00488899645665	0.000185107367798
TTCN	286826	20974542	21217797	52100	48803	33.4708508643	0.00247780886744	0.00229481910602	0.00018298976142
CNTN	488667	36095825	36020994	112686	106115	41.0403434695	0.0031121412311	0.00293726796683	0.000174873264271
NANT	5757576	868335717	868669006	5673377	5522581	9223372036854775807	0.00649121049077	0.0063173577533	0.000173852737473
NATA	4108695	273894631	271770113	612977	561287	9223372036854775807	0.00223300550563	0.00206104400741	0.000171961498214
ATAT	2418998	154023524	153726162	346983	319875	229.143513903	0.00224772857681	0.00207648964056	0.000171238936245
ACNN	1113645	165688767	167159218	954723	934495	94.7279177576	0.00572913469347	0.00555936913595	0.000169765557517
GNTA	149906	23063448	23038489	93411	89457	18.6251394602	0.00403383723155	0.00386791805896	0.000165919172594
TANT	2043891	306660744	302616171	1664262	1596301	143.612897423	0.00539775226665	0.0052473226673	0.000150429599349
ANNA	13456262	1607361171	1626515520	5622276	5448285	9223372036854775807	0.00348563775435	0.0033384839684	0.000147153785948
TTNT	197537	15124738	15060448	38541	36432	11.9250692046	0.00254173256325	0.00241321385611	0.000128518707146
ANNT	6618644	454004834	455011481	1503534	1448070	254.580378503	0.0033007823909	0.00317239500593	0.000128387384969
ATTT	54468	3911073	3926998	3933	3446	8.25485798103	0.00100459616154	0.000876745731525	0.000127850430013
NTTN	5304789	378702244	382135752	1630605	1598955	144.563003852	0.00428731045527	0.0041668240345	0.000120486420768
NCTN	260042	19079664	19086132	64519	62278	9.63994064129	0.00337016210094	0.00325238492387	0.000117777177071
NNGG	84970	6141279	6168813	13451	12790	5.02963992264	0.00218547361135	0.00206904260917	0.000116431002178
GNNT	560377	40202029	40522227	104147	100277	24.3222306774	0.00258389682018	0.00246850858824	0.000115388231935
ANTT	105302	7534055	7575074	10242	9518	7.47317027249	0.0013575817601	0.00125491259121	0.000102669168892
TTAN	933625	65464362	65830699	136618	130602	38.2826018714	0.00208256035199	0.00197997913959	0.000102581212408
NNTT	1619486	118529727	119109179	182779	172710	74.2920733852	0.00153967771517	0.00144791469558	9.17630195854e-05
NATN	7565348	523155560	520602210	1257078	1203720	198.848252064	0.00239711614273	0.00230683465019	9.02814925346e-05
ATAN	803304	53930412	53649108	138509	133084	18.7801836364	0.00256171193059	0.00247449936589	8.72125647064e-05
TANN	750177	108224783	107887596	582295	572780	12.0818046741	0.005351627952	0.00528100695502	7.06209969785e-05
NTNT	4463931	309564644	311538909	507576	489787	96.9020407579	0.00163696057647	0.00156968575736	6.72748191109e-05
NTAN	726340	50695507	50654580	115744	112531	10.1601188672	0.00227792069123	0.00221661224725	6.13084439784e-05
TATN	599079	39469849	39093942	111703	108432	5.6231905617	0.00282209752665	0.00276595493936	5.61425872842e-05
