#Sequence	Occurrence	Forward Match	Backward Match	Forward Mismatch	Backward Mismatch	Strand Bias Score	FER (Forward Error Rate)	RER (Reverse Error Rate), ERD (Error rate Difference)
GGGT	63436	7696589	8345707	248660	54751	9223372036854775807	0.0312966906386	0.00651762082496	0.0247790698137
AGGT	176870	18629818	19203933	480487	96788	9223372036854775807	0.025142822158	0.00501473494177	0.0201280872162
CGGT	23607	2502174	2590723	60800	11110	9223372036854775807	0.0237224411953	0.00427006652618	0.0194523746691
NGGT	461210	50497325	52247285	1165927	238972	9223372036854775807	0.0225678205468	0.0045530394747	0.0180147810721
GAGT	82888	8991598	9089031	173384	37325	9223372036854775807	0.0189180949837	0.00408980320294	0.0148282917808
TGGT	196578	21618337	22055077	375661	76069	9223372036854775807	0.0170801597781	0.00343719209118	0.013642967687
GGGN	193940	21382897	22391482	420897	157534	9223372036854775807	0.0193038422579	0.00698629155259	0.0123175507053
GGGA	74886	8065311	8254794	125262	33719	9223372036854775807	0.0152934355142	0.00406816035639	0.0112252751578
GNGT	362324	40050981	40638847	600846	166668	9223372036854775807	0.0147802951144	0.00408444789877	0.0106958472156
AAGT	347358	37636469	38226627	579969	184283	9223372036854775807	0.0151759041489	0.00479767336936	0.0103782307795
CGGN	69888	7492850	7717025	112196	40222	9223372036854775807	0.014752836472	0.00518508692581	0.00956774954618
CGGA	23288	2812825	2887379	36336	11041	9223372036854775807	0.0127532280556	0.00380931680019	0.00894391125537
NAGT	808378	88252387	88982165	1165168	365647	9223372036854775807	0.013030640348	0.00409240015861	0.00893824018936
NGGN	1327476	145727437	149626018	2000647	786884	9223372036854775807	0.0135427668581	0.00523149270799	0.00831127415007
AGGN	535294	58854483	60432884	791417	318418	9223372036854775807	0.0132685901294	0.00524133622684	0.00802725390258
GCGT	21261	2299662	2278095	27238	9225	9223372036854775807	0.0117057028665	0.00403310424427	0.00767259862221
CTTG	80926	11532891	11511903	180984	92649	9223372036854775807	0.0154503953645	0.00798384978584	0.00746654557863
CAGT	81148	8757105	8871512	99552	35962	9223372036854775807	0.0112403585235	0.00403728374621	0.00720307477733
CTCG	16271	1974954	2024132	28905	15129	9223372036854775807	0.0144246676039	0.00741886399044	0.00700580361342
TGGN	523764	57668481	58751102	674839	269574	9223372036854775807	0.0115666883544	0.0045674502271	0.00699923812728
ANGT	1374574	148617670	149386541	1584316	538740	9223372036854775807	0.0105479031416	0.00359338996336	0.00695451317821
CNGT	252802	27638020	27767628	283321	98917	9223372036854775807	0.0101471129198	0.003549668608	0.00659744431182
GCGA	15395	2001669	1983556	22152	8814	9223372036854775807	0.0109456320495	0.0044238770911	0.00652175495837
CCGA	20209	2500471	2476905	25080	8484	9223372036854775807	0.00993050625388	0.00341355015251	0.00651695610137
CTNG	146362	21235802	21394175	318233	179177	9223372036854775807	0.014764428099	0.00830547798043	0.00645895011853
NNGT	3238334	357020409	358010556	3493108	1224670	9223372036854775807	0.00968925667217	0.0034091033155	0.00628015335667
TAGT	296984	32867215	32794995	312263	108077	9223372036854775807	0.00941132949711	0.00328470849166	0.00612662100545
CCGT	26508	2979503	2946029	29826	11542	9223372036854775807	0.00991117953537	0.00390252676943	0.00600865276594
NGGA	572198	63507096	64758139	556519	203582	9223372036854775807	0.00868697465792	0.00313387633311	0.00555309832481
TGGA	209542	23871522	24322220	208533	76869	9223372036854775807	0.00865998852577	0.00315048647923	0.00550950204654
TTTG	637254	71878768	71352086	1141109	737566	9223372036854775807	0.0156273749954	0.0102312326324	0.00539614236305
ACGT	105276	11336265	11348974	101841	41650	9223372036854775807	0.00890365939955	0.00365651609605	0.00524714330351
CCAA	121135	15556166	15694008	132393	57941	9223372036854775807	0.00843882475121	0.003678338471	0.0047604862802
GNGA	407848	45612446	45643557	353610	135266	9223372036854775807	0.00769285056782	0.00295477234091	0.0047380782269
GNGN	1098756	120523946	121504600	1195741	624558	9223372036854775807	0.00982372720035	0.00511391391071	0.00470981328964
NCGT	273216	30093145	30021422	234382	104608	9223372036854775807	0.00772835846457	0.00347234600775	0.00425601245682
TNGT	1248634	140713738	140217540	1024625	420345	9223372036854775807	0.00722898852726	0.00298884614199	0.00424014238527
GAGN	354108	38983769	39181657	348160	181826	9223372036854775807	0.00885184146448	0.00461915425523	0.00423268720925
CCCG	4376	555802	549804	7417	4969	99.6214535034	0.0131689449397	0.00895681657182	0.00421212836789
CTGT	112507	12745799	12705083	91395	38964	9223372036854775807	0.00711954653018	0.0030574275189	0.00406211901128
GTGT	193360	20963965	20828897	151133	65076	9223372036854775807	0.00715757985116	0.00311458237263	0.00404299747853
CTGA	89586	11448150	11385135	82475	35778	9223372036854775807	0.00715269120278	0.00313267424417	0.00402001695861
CCTG	42803	5177448	5036683	93914	71017	9223372036854775807	0.0178158889486	0.0139039097833	0.00391197916536
CCGN	71765	7843080	7763201	66648	35360	9223372036854775807	0.00842607988543	0.00453416982954	0.00389191005589
AGGA	248928	27610658	28152396	182628	78807	9223372036854775807	0.00657093947078	0.00279148571883	0.00377945375194
CCNA	333049	40372977	40282303	416720	263302	9223372036854775807	0.0102163053577	0.00649397141811	0.00372233393959
GCGN	58598	6410348	6387329	60249	36457	9223372036854775807	0.00931119647847	0.00567531359233	0.00363588288614
CNGA	299516	34376477	34388314	213843	92349	9223372036854775807	0.00618216310228	0.00267828376734	0.00350387933494
AACC	145021	17823962	17334291	197146	131788	9223372036854775807	0.0109397269025	0.00754536836802	0.00339435853445
GAGA	152128	17111680	17082630	93409	34872	9223372036854775807	0.00542914948013	0.00203721314009	0.00339193634004
TCGA	79924	9604494	9594305	62846	30132	9223372036854775807	0.00650085752648	0.00313078053293	0.00337007699355
CNGN	781896	86701995	87296597	672206	381327	9223372036854775807	0.00769341513063	0.00434917916168	0.00334423596895
TTTC	782220	88633786	88087814	1403426	1099790	9223372036854775807	0.0155871774439	0.0123311979544	0.00325597948955
GTGA	148274	17187223	17092808	109836	55237	9223372036854775807	0.00634998123091	0.00322118352267	0.00312879770824
TCAA	408982	46790998	47515419	279149	134282	9223372036854775807	0.00593048923344	0.00281810792475	0.00311238130869
CCNG	74314	9699799	9569537	149656	117314	9223372036854775807	0.0151943432403	0.0121106435931	0.00308369964726
AAAC	457359	51549231	52230671	719198	564429	9223372036854775807	0.0137597018652	0.010690935333	0.00306876653214
NCGA	247010	28400223	28326154	172203	84880	9223372036854775807	0.00602689460111	0.00298757165966	0.00303932294145
AAGN	1427442	158826767	160061485	1190253	709370	9223372036854775807	0.0074382900019	0.00441230470535	0.00302598529655
NAGN	2956336	329163052	331064120	2434204	1438661	9223372036854775807	0.00734084482291	0.00432676381134	0.00301408101158
TNGA	1046786	119520474	119368939	693437	333164	9223372036854775807	0.00576835903792	0.00278327607995	0.00298508295796
TTGA	414112	47549835	47130772	294917	150789	9223372036854775807	0.00616404072906	0.00318917135583	0.00297486937324
NTTG	1345300	151569297	150879076	1854314	1390871	9223372036854775807	0.0120862361922	0.00913424498664	0.00295199120552
ACAA	371944	52801780	54183276	351269	200046	9223372036854775807	0.00660863311905	0.00367844391705	0.002930189202
GGNT	428718	49594792	51130416	393693	254821	9223372036854775807	0.00787567376767	0.00495903132645	0.00291664244122
AGNT	925184	102981754	103288083	797906	497622	9223372036854775807	0.00768846226708	0.00479470655424	0.00289375571284
TTNG	1214646	137090832	136897824	1630727	1227923	9223372036854775807	0.0117553970108	0.00888989219367	0.00286550481712
AAGC	89375	10520526	10551460	118846	88478	9223372036854775807	0.0111703961474	0.00831564995961	0.00285474618783
ANGN	4144354	461807190	464560339	3244380	1935869	9223372036854775807	0.00697638758643	0.00414980650818	0.00282658107825
TCNA	550219	82926836	83755965	616595	383209	9223372036854775807	0.00738053240835	0.00455446591382	0.00282606649453
CTGN	316470	35600040	35525987	247767	146090	9223372036854775807	0.00691163618461	0.00409536007673	0.00281627610787
TNGN	2983260	335549557	335448116	2346900	1398593	9223372036854775807	0.00694561884678	0.00415201622172	0.00279360262506
CCTA	114336	13669363	13526696	167013	127456	9223372036854775807	0.0120705739711	0.00933459653884	0.00273597743226
CTCA	65868	9432603	9643804	72208	47223	9223372036854775807	0.00759699482715	0.00487285816044	0.00272413666671
TAGN	858316	96113363	96064362	651983	389431	9223372036854775807	0.00673777366538	0.00403748767039	0.00270028599499
NCAA	1327557	150791912	152752986	867492	466555	9223372036854775807	0.00572000137888	0.00304500977457	0.00267499160431
GCAA	84615	10699266	10815491	75849	48073	9223372036854775807	0.00703927521887	0.00442515918349	0.00261411603539
TACC	168774	18478040	18213062	185273	134786	9223372036854775807	0.00992712279969	0.00734614762451	0.00258097517518
ATGT	745070	81015118	80607007	422019	216019	9223372036854775807	0.00518214435756	0.00267274081027	0.00250940354728
ACGN	273216	29976467	30045862	194705	119345	9223372036854775807	0.00645334559758	0.0039563792816	0.00249696631598
TCGT	115876	13164639	13137044	74285	41328	9223372036854775807	0.0056111055551	0.00313604745715	0.00247505809795
TTAA	1313916	144610797	145170531	811271	452112	9223372036854775807	0.00557873375862	0.0031046820102	0.00247405174842
CAGN	316470	35239153	35756616	243808	158034	9223372036854775807	0.00687112893425	0.00440026562976	0.00247086330449
AANC	1042272	118665441	119297795	1329966	1036446	9223372036854775807	0.01108347422	0.00861305968598	0.002470414534
NCGN	668356	73864397	73839437	492366	308867	9223372036854775807	0.00662167071474	0.00416553020552	0.00245614050922
GGNA	388409	48702386	49698655	311191	195588	9223372036854775807	0.00634907752193	0.00392005145764	0.00242902606429
CNTG	234121	34515240	34324649	417666	331769	9223372036854775807	0.0119562340448	0.00957308975209	0.00238314429268
ACGA	70525	9810860	9857181	54057	30825	9223372036854775807	0.00547972172498	0.00311741315691	0.00236230856807
NNGA	3601616	411549091	412280263	2018497	1048721	9223372036854775807	0.00488069437395	0.00253725492428	0.00234343944967
CAGA	112681	13584449	13638322	61884	30403	9223372036854775807	0.00453484463555	0.00222427475862	0.00231056987693
CTAA	270934	31941681	31980079	171090	99373	9223372036854775807	0.00532778687956	0.00309771501084	0.00223007186871
CGAA	90220	11372910	11420809	61895	36925	9223372036854775807	0.00541286012311	0.00322271402007	0.00219014610304
GTGN	485928	53288796	53095432	365163	247689	9223372036854775807	0.00680589106202	0.00464331661434	0.00216257444768
NTGT	1695530	188177552	186759684	927631	515443	9223372036854775807	0.00490537057358	0.00275233026541	0.00215304030818
CTNA	849174	96625293	96900939	577388	377508	9223372036854775807	0.00594004192127	0.00388069517598	0.00205934674529
NACC	461206	51930254	51210497	488908	376644	9223372036854775807	0.00932689461919	0.00730112180475	0.00202577281443
CNAA	1214646	138187388	139815048	645976	369333	9223372036854775807	0.00465288732757	0.00263462303978	0.00201826428779
TTNC	1582024	177194376	176224508	2134715	1766857	9223372036854775807	0.0119038968418	0.00992664447514	0.00197725236667
NTGA	1455888	168691439	168243931	789994	469692	9223372036854775807	0.00466124215506	0.00278396013107	0.00187728202399
TCGN	255882	28978220	28994102	169003	116168	9223372036854775807	0.00579825391942	0.00399061911827	0.00180763480115
TNAA	4286448	474484327	479611651	2045519	1265701	9223372036854775807	0.00429253071381	0.00263206614896	0.00166046456485
TTNA	3987309	455028499	452126380	3525381	2761028	9223372036854775807	0.00768804093425	0.00606969538273	0.00161834555152
ANAC	1284287	140544364	141080887	1608246	1381455	9223372036854775807	0.0113135172122	0.00969698364218	0.00161653357007
CTTA	300609	34758954	34901576	221190	165861	9223372036854775807	0.00632330158504	0.00472977252372	0.00159352906131
NTGN	4056098	455827802	454280077	2532010	1805935	9223372036854775807	0.00552406632019	0.0039596368941	0.00156442942609
ANGC	212462	26884174	26937556	283298	242354	9223372036854775807	0.0104278381146	0.00891665940027	0.00151117871437
CNNA	3195920	362749831	364475378	1860508	1319147	9223372036854775807	0.00510272968425	0.00360625135108	0.00149647833317
CAAA	628917	71511199	73045234	271797	167857	9223372036854775807	0.00378637024289	0.0022927183883	0.00149365185459
NAAC	773005	102719124	103565616	1171334	1024261	9223372036854775807	0.0112747024371	0.00979311793244	0.00148158450462
ATAC	521633	56410976	56210345	660968	573939	9223372036854775807	0.0115813121768	0.010107356465	0.00147395571175
TTGN	1345298	152789493	151638550	851075	623420	9223372036854775807	0.00553938983095	0.00409439073985	0.00144499909109
NTNG	2983274	334073542	333913560	3245544	2755286	9223372036854775807	0.00962158423493	0.00818396484479	0.00143761939014
NCTG	102594	13107521	13023832	151127	131236	275.8937474	0.01139837184	0.00997607918104	0.00142229265898
NGNT	3160944	359979745	360143845	2050703	1539017	9223372036854775807	0.00566444897474	0.00425515599907	0.00140929297568
TNTC	1598058	182065931	180821245	2016786	1744814	9223372036854775807	0.0109558682796	0.00955716527791	0.00139870300167
NAGA	1317648	150273745	150282250	498460	289405	9223372036854775807	0.00330604702637	0.00192204170167	0.0013840053247
TAGA	326172	37235943	37069038	123849	72616	9223372036854775807	0.00331503451625	0.00195510948435	0.0013599250319
TNTG	1795652	197909242	196637154	2172870	1892788	9223372036854775807	0.010859891363	0.00953401779566	0.00132587356734
ATGN	1908402	214149473	214020108	1068005	788736	9223372036854775807	0.00496244547573	0.00367180412739	0.00129064134834
TTCA	551836	67577146	67551701	391968	304844	9223372036854775807	0.00576685463341	0.00449247747583	0.00127437715759
NTTC	1722844	195579139	195294349	2315379	2057718	9223372036854775807	0.011700066396	0.0104266351565	0.00127343123943
ANGA	1847466	212039694	212879453	757607	487942	9223372036854775807	0.00356022842602	0.00228686299516	0.00127336543085
AATC	315012	36195234	36634490	285202	242599	9223372036854775807	0.00781794384256	0.00657858324989	0.00123936059267
ACTG	8174	989789	997502	7385	6218	24.671099916	0.00740592915579	0.00619495476826	0.00121097438753
TTCC	195748	19220817	19229994	144952	121532	9223372036854775807	0.00748495967292	0.00628022823626	0.00120473143665
GNNA	2671601	332669451	334670819	1539244	1151594	9223372036854775807	0.00460563720522	0.00342917552677	0.00117646167845
TTTA	1015768	146978942	143769922	1507307	1303274	9223372036854775807	0.0101511554784	0.0089835616498	0.00116759382857
TTGC	25480	2849021	2827061	23912	20438	54.2460159081	0.00832320141124	0.00717752666463	0.00114567474661
CTTC	181071	23661435	23862719	199646	173700	9223372036854775807	0.00836701405104	0.00722653403571	0.00114048001533
GGNN	1218465	138842064	141683185	894495	750122	9223372036854775807	0.00640129545483	0.00526647885807	0.00113481659676
TGAA	641586	73957552	74304732	291782	209414	9223372036854775807	0.00392975915447	0.00281039253942	0.00111936661505
ANCC	428718	50693831	49370314	443420	377387	9223372036854775807	0.00867117397453	0.00758601889965	0.00108515507488
TANC	700052	96741200	96099153	920618	810630	9223372036854775807	0.00942659085048	0.00836479016778	0.0010618006827
ATCC	102808	8539993	8477359	38214	28891	267.097780787	0.00445477708803	0.00339644379133	0.0010583332967
NNAA	14654087	1634762348	1656044165	6375107	4729752	9223372036854775807	0.00388456614684	0.00284792044937	0.00103664569747
GGAA	250135	28439486	28925602	109465	81968	9223372036854775807	0.00383429149463	0.0028257451417	0.00100854635293
GNAA	1541304	175181074	176979420	653108	480674	9223372036854775807	0.00371434036643	0.00270863149661	0.00100570886981
CGNT	134881	19522729	19426116	118280	98309	9223372036854775807	0.00602209387512	0.0050351802934	0.000986913581714
TTGG	106479	11904116	11994855	118651	107720	133.569446316	0.00986885963938	0.00890058520604	0.000968274433342
NANC	3114069	353752146	353541776	3059635	2710357	9223372036854775807	0.00857492707058	0.00760797409738	0.000966952973205
ANNC	2984724	333332877	333111343	3171148	2841576	9223372036854775807	0.00942380406891	0.00845825661661	0.000965547452305
TAAA	1916834	208741890	212242490	662779	469445	9223372036854775807	0.00316506314384	0.00220695185721	0.000958111286626
TCTA	187461	26990676	27163677	164875	139622	9223372036854775807	0.0060715026552	0.00511374101716	0.000957761638046
NAAA	7281501	803536535	819853015	2481774	1747072	9223372036854775807	0.00307905412605	0.00212642625974	0.000952627866314
ATGC	80961	10982436	10954548	109670	98891	115.445624468	0.00988721168009	0.00894662737995	0.000940584300141
AGNN	2894285	325310268	326804328	1765853	1469120	9223372036854775807	0.00539890529031	0.00447529341453	0.000923611875775
NTNC	3933006	436925812	435601785	4423224	4004075	9223372036854775807	0.0100220542908	0.00910832944766	0.00091372484318
NGAA	1722836	196949539	198095050	705806	531458	9223372036854775807	0.00357089255542	0.00267566502252	0.000895227532907
TNCC	459620	47101393	46772221	368716	323670	9223372036854775807	0.00776732996337	0.00687257408507	0.000894755878295
TTGT	639196	73063547	72230424	262416	194871	9223372036854775807	0.00357875968162	0.00269064834323	0.000888111338381
AAAA	3973405	435714927	445662859	1285822	921990	9223372036854775807	0.00294237939624	0.00206453488528	0.000877844510958
GAAA	762935	87768850	89007009	261160	187149	9223372036854775807	0.0029667155553	0.00209822037896	0.000868495176335
TNNA	10431480	1250994608	1250072566	6694424	5623605	9223372036854775807	0.00532279747193	0.00447847586851	0.00084432160342
TNNC	3487392	390137322	388012329	3655549	3305589	9223372036854775807	0.00928292325536	0.00844732338579	0.000835599869568
AAGA	708436	81000780	81157616	217691	150193	9223372036854775807	0.00268031393992	0.00184721494586	0.000833098994056
ATGA	774226	90268960	90416010	297921	223609	9223372036854775807	0.0032895137462	0.00246701169386	0.000822502052341
CTNC	281914	38884953	39113575	330033	299436	9223372036854775807	0.00841599178437	0.00759738960314	0.000818602181221
NTAC	1257050	135909067	135723238	1277667	1163500	9223372036854775807	0.00931334220698	0.0084997277092	0.000813614497785
NTNA	6193436	920360625	921241007	5807031	5055178	9223372036854775807	0.00626995659196	0.00545740993201	0.000812546659955
TATT	2537690	280205320	276945912	1329626	1089663	9223372036854775807	0.00472277427329	0.00391914955487	0.000803624718414
AGNA	829000	117164901	118203282	498835	408449	9223372036854775807	0.00423949652593	0.00344358012952	0.000795916396407
NCTA	542985	73135395	73460277	491936	436368	9223372036854775807	0.00668143192641	0.00590511247161	0.000776319454798
AGAC	22804	2122397	2113274	13690	11989	23.8483859916	0.00640891499269	0.00564118417344	0.000767730819253
NTAA	3853118	449484904	451472513	2253001	1919242	9223372036854775807	0.00498740746584	0.00423307653665	0.000754330929193
CANA	1692093	192172013	193726046	671835	530654	9223372036854775807	0.00348382905116	0.00273171530248	0.000752113748677
NTGC	226196	30149644	29885730	295031	269963	195.764244311	0.00969072588228	0.00895230628591	0.000738419596362
TTAC	327429	36183612	36070836	295389	268051	269.335306868	0.0080975079334	0.00737642294878	0.000721084984618
AANT	2319268	328893461	335056700	2856740	2678610	9223372036854775807	0.00861111761617	0.007931092547	0.000680025069172
GANA	1598058	183320981	184417588	540140	418106	9223372036854775807	0.00293776083308	0.00226204144314	0.000675719389938
CNTA	1349373	148977528	148547450	758995	657881	9223372036854775807	0.00506887020477	0.00440923253607	0.000659637668698
GTCA	29018	3802426	3772839	19586	16928	38.6363596435	0.00512452603498	0.00446676537106	0.000657760663915
AAAT	1134475	164116363	169578592	1725235	1674749	9223372036854775807	0.010402908684	0.00977936541396	0.000623543270027
ATNC	1092415	131220676	130891204	1306320	1222667	9223372036854775807	0.00985701056711	0.00925464518408	0.000602365383037
CTNN	1568357	230377879	230404988	1405295	1268175	9223372036854775807	0.00606297245718	0.00547398319071	0.000588989266474
CCTN	202875	16683912	16493147	142047	131267	68.150956642	0.00844213396693	0.00789603771898	0.000546096247942
ANAA	7645270	849716078	862342553	3035976	2616435	9223372036854775807	0.00356020954246	0.00302492376667	0.000535285775782
GGAT	13774	1452853	1484722	6664	6009	11.641533948	0.00456589405947	0.00403090832618	0.00053498573329
AGAA	631499	73329183	73613959	223364	184959	9223372036854775807	0.00303679490528	0.00250625625704	0.000530538648244
NNAC	2689506	315329331	316348979	2943319	2788026	9223372036854775807	0.0092477911627	0.00873614139482	0.000511649767881
NTCA	811473	119202241	119812903	618683	560121	9223372036854775807	0.00516339700402	0.00465321034055	0.000510186663466
NNTC	3172425	342332825	342061925	2942218	2781283	9223372036854775807	0.00852137465377	0.0080653553136	0.000456019340176
TATC	151879	14718602	14528882	87922	80587	51.1867274544	0.00593805811546	0.00551608001632	0.000421978099139
AANN	14654119	1627061317	1649995004	9112235	8548886	9223372036854775807	0.00556923499274	0.00515445268078	0.000414782311965
TNAC	95379	11583408	11554682	96377	91395	26.9985953143	0.0082516073712	0.00784770700039	0.000403900370806
AANA	7830875	865210403	878248081	2245907	1963533	9223372036854775807	0.00258907218048	0.00223075107028	0.000358321110201
TGNT	1260222	132594480	131785994	507067	456883	9223372036854775807	0.00380962514282	0.00345487795157	0.00035474719125
NNTG	2416439	336375378	334458950	3323016	3190214	9223372036854775807	0.00978225407801	0.00944831008082	0.000333943997195
NATC	736543	68175202	67900601	356462	332323	163.85371673	0.0052014204704	0.00487042003359	0.000331000436808
TNNG	1394523	195509188	194252010	2029821	1955095	208.080559681	0.0102755451203	0.00996444547714	0.000311099643166
ANTC	215101	22906334	23005674	169402	162876	35.2449765565	0.00734113096111	0.0070300471976	0.000311083763508
NANA	18228592	1962713198	1978574768	5746298	5257791	9223372036854775807	0.00291918528762	0.00265031994568	0.000268865341944
ANNA	13456262	1607361171	1626515520	5622276	5448285	9223372036854775807	0.00348563775435	0.0033384839684	0.000147153785948
