#Sequence	Occurrence	Forward Match	Backward Match	Forward Mismatch	Backward Mismatch	Strand Bias Score	FER (Forward Error Rate)	RER (Reverse Error Rate), ERD (Error rate Difference)
GGGT	2842	221923	227512	4309	1015	9223372036854775807	0.0190468191945	0.00444148831429	0.0146053308802
AGGT	7856	622478	636856	10610	2503	9223372036854775807	0.0167591235342	0.00391485847544	0.0128442650587
CGGT	1237	92483	95171	1390	317	153.082936023	0.0148072395684	0.00331978887399	0.0114874506944
NGGT	21742	1716445	1755115	25632	6068	9223372036854775807	0.0147134713334	0.00344541140813	0.0112680599252
AAGT	16669	1312735	1342643	18074	5826	9223372036854775807	0.0135812126308	0.00432045527187	0.00926075735895
TGGT	9807	779561	795576	9323	2233	9223372036854775807	0.011817960562	0.00279891552991	0.0090190450321
NAGT	38403	3090152	3126672	33363	10928	9223372036854775807	0.0106812357232	0.00348291687914	0.00719831884407
GNGT	17427	1379863	1390561	13506	4322	9223372036854775807	0.00969305331179	0.00309846775679	0.006594585555
GAGT	4059	318646	323237	3192	1144	216.399725322	0.00991803329625	0.00352671703953	0.00639131625672
GCGT	1118	84581	84857	841	299	57.0613761696	0.00984523893142	0.00351120296867	0.00633403596275
ANGT	65909	5317518	5329057	48816	16229	9223372036854775807	0.00909671295152	0.0030361331461	0.00606057980542
TAGT	13831	1156700	1153843	9888	3009	9223372036854775807	0.00847600009601	0.00260102415867	0.00587497593734
NNGT	156485	12592044	12662861	102883	34888	9223372036854775807	0.00810426085948	0.00274757360537	0.00535668725411
CCGT	1427	107463	110510	870	338	54.964427108	0.0080307939409	0.00304922055427	0.00498157338663
ACGT	5078	398582	403382	3221	1311	180.158466062	0.00801636622922	0.00323949265246	0.00477687357677
TNGT	60790	4928136	4957464	34022	11733	9223372036854775807	0.00685629115397	0.00236114607652	0.00449514507745
NCGT	13300	1040814	1050438	7540	2951	9223372036854775807	0.00719222705308	0.002801434228	0.00439079282507
GTGT	9408	754713	754955	5164	1864	9223372036854775807	0.00679583669462	0.0024629402803	0.00433289641432
CAGT	3844	302071	306949	2209	949	114.289902487	0.00725976074668	0.00308218955628	0.0041775711904
GGGN	9438	726705	728702	6798	3758	191.987100687	0.00926785575519	0.00513065559894	0.00413720015625
CNGT	12359	966527	985779	6539	2604	9223372036854775807	0.00671999638257	0.00263460622046	0.0040853901621
AGGN	24828	1962058	1969688	15663	7839	9223372036854775807	0.00791972174033	0.00396404195745	0.00395567978287
CGGN	3741	278387	281242	2249	1150	80.372491309	0.00801393976539	0.00407235332446	0.00394158644093
NGGN	64045	5036904	5054055	39454	20785	9223372036854775807	0.00777210748336	0.00409569562784	0.00367641185551
TCGT	5677	450188	451689	2608	1003	156.781074052	0.00575976819583	0.00221563447112	0.00354413372471
ATGT	36306	2983723	2946176	16911	6589	9223372036854775807	0.00563580896571	0.00223146779375	0.00340434117196
TGGN	26038	2069754	2074423	14744	8038	9223372036854775807	0.00707316581738	0.00385985619899	0.00321330961839
NTGT	83040	6744633	6730636	36348	14941	9223372036854775807	0.00536028636565	0.00221493283673	0.00314535352891
TTTC	38465	3012246	3061828	35637	27742	241.532007407	0.0116923779555	0.00897924306619	0.00271313488927
TTGT	31475	2541687	2556356	12203	5488	9223372036854775807	0.00477820109715	0.00214220694156	0.00263599415559
GGNT	20273	1618185	1645032	9019	4893	281.008759017	0.00554263632587	0.00296558934497	0.0025770469809
AGNT	44232	3561814	3596784	20515	11897	9223372036854775807	0.00572672135921	0.00329677242184	0.00242994893737
TTTG	31551	2489257	2490422	24125	18020	192.546445323	0.00959862050417	0.00718374194022	0.00241487856395
CTGT	5851	464510	473149	2070	1000	86.2860473129	0.00443653821424	0.00210904167255	0.00232749654169
CCGN	3741	276449	282692	1542	928	37.1290209312	0.00554694216719	0.00327198364008	0.00227495852711
AAGN	68875	5507134	5497192	30371	18117	9223372036854775807	0.00548460001391	0.00328485675055	0.00219974326336
TAGN	40472	3343016	3303136	15165	8293	9223372036854775807	0.00451583759184	0.00250435688037	0.00201148071147
NAGN	141869	11398423	11364516	55582	33229	9223372036854775807	0.00485262578461	0.00291540124823	0.00193722453638
GNGN	54141	4257531	4252369	22798	14565	9223372036854775807	0.0053262260915	0.00341345800052	0.00191276809098
TNGN	145874	11751218	11726715	58754	36289	9223372036854775807	0.00497494828946	0.00308501127773	0.00188993701173
ANGN	200765	16267340	16146102	81654	50322	9223372036854775807	0.00499443574326	0.00310698213383	0.00188745360943
NGNT	153949	12480988	12585141	57573	34646	9223372036854775807	0.00459167523291	0.00274537121744	0.00184630401547
AAAC	22791	1807640	1814571	17243	14035	74.8217415966	0.00944882493837	0.00767524551489	0.00177357942348
TTNC	77375	6104204	6183945	51501	41066	285.168814738	0.00836638532873	0.00659693613393	0.0017694491948
GCGN	3337	248121	248123	1350	920	18.5822465197	0.00541145062953	0.00369414117241	0.00171730945712
NCGN	33144	2565196	2582018	12485	8137	205.962076004	0.00484350080557	0.00314151083622	0.00170198996934
TCGN	12766	1000214	1002186	4537	2868	83.3861679345	0.00451554663792	0.0028535780167	0.00166196862122
ACGN	13300	1040412	1049017	5056	3421	72.416433549	0.00483611167439	0.00325054777574	0.00158556389865
CGNT	12209	960616	981966	3887	2480	75.4286781726	0.00403005485727	0.00251918337827	0.001510871479
TTCC	12818	995214	1018459	5895	4485	49.9254638958	0.00588846968712	0.00438440422936	0.00150406545776
TNTC	78618	6303774	6354485	47420	38379	222.959437986	0.0074663126335	0.006003412555	0.0014629000785
GTGN	24035	1922586	1911713	8750	5939	114.318481001	0.00453054258814	0.00309701655983	0.0014335260283
GAGN	17331	1360119	1363831	5900	3948	86.17746123	0.00431912001224	0.0028864312144	0.00143268879784
CNGN	37865	2933455	2968627	12114	8031	191.257589607	0.00411261796957	0.0026979921778	0.00141462579176
TGNT	77235	6340373	6361359	24152	15376	9223372036854775807	0.00379478437118	0.00241126532622	0.00138351904496
TTNG	58880	4687040	4681532	32558	26053	155.628046849	0.00689846889502	0.0055342601355	0.00136420875952
TTGN	66598	5338234	5346970	24308	17090	276.358235706	0.00453292487033	0.0031860195449	0.00134690532544
NTGN	199587	16209021	16093224	67799	47056	9223372036854775807	0.00416537136861	0.00291543888954	0.00124993247907
TATT	123354	10214821	10164659	37397	24477	9223372036854775807	0.00364769847851	0.00240226452959	0.00124543394892
CCCC	2045	148297	156485	788	641	5.94780579855	0.00528557534293	0.00407952853124	0.00120604681168
ATGN	93762	7757736	7630205	30564	20945	9223372036854775807	0.00392434806055	0.00273749697758	0.00118685108297
CAGN	15191	1188154	1200357	4146	2871	54.2327515936	0.00347731275686	0.00238608144092	0.00109123131593
AACC	7043	562447	565566	2421	1835	19.1655392682	0.00428595707316	0.00323404435311	0.00105191272005
TNCC	26936	2107246	2143238	9835	7743	63.0505041104	0.00464554733617	0.00359975285695	0.00104579447921
ANAC	63288	5071019	5100993	36109	31021	91.158738814	0.00707031427448	0.00604460549016	0.00102570878432
AANC	51646	4120167	4136585	26124	22001	81.1830502297	0.0063005707993	0.00529050018444	0.00101007061486
NTCC	27905	2181459	2228469	9498	7438	65.4021581741	0.00433509192558	0.0033266142107	0.00100847771488
GGAT	8837	713612	721435	3084	2418	20.0644101499	0.0043030796879	0.00334045724754	0.000962622440366
TCTC	7484	589047	600579	2225	1691	19.0815632363	0.00376307350932	0.00280771082737	0.000955362681946
TNNC	170286	13625234	13733111	80507	67997	251.003157476	0.00587396186751	0.00492692325863	0.000947038608887
CTGN	15192	1190465	1204336	4177	3082	39.7162244456	0.00349644496008	0.00255255429354	0.000943890666538
NTTC	84055	6660211	6756030	51238	45514	93.0867387737	0.00763441694931	0.00669171588098	0.000942701068323
ATCC	8837	708127	718070	2548	1924	21.8079029307	0.00358532381187	0.00267224449093	0.000913079320943
TTAC	20025	1625312	1626953	8176	6738	31.4157634714	0.0050052403201	0.00412440296237	0.000880837357729
NTTG	66598	5338461	5309501	36542	31639	71.7549277175	0.00679850783339	0.00592364176936	0.000874866064031
ATAC	26404	2153579	2154920	14350	12541	27.6204981277	0.0066192204634	0.00578603259759	0.000833187865813
ANCC	20273	1609559	1629453	6001	4717	37.9542020412	0.00371450147317	0.00288648059871	0.00082802087446
TACC	8141	660688	659903	2091	1551	18.1874412859	0.00315489778644	0.00234483425907	0.00081006352737
CTGG	1991	152433	152971	458	339	4.61960823217	0.00299559817125	0.0022112060531	0.000784392118151
CGAT	4371	348118	356989	1290	1044	7.84539259552	0.0036919589706	0.00291593233026	0.000776026640342
NNCC	64045	4992676	5087089	19381	15802	95.3353829417	0.00386687541662	0.0030966759823	0.000770199434319
GTNT	63288	5135646	5171820	14578	10696	136.558399617	0.00283055649618	0.0020638624174	0.000766694078778
GNNT	147149	11859194	11999132	42704	34001	237.975914272	0.00358799915778	0.00282561490844	0.000762384249345
NTNC	191550	15255404	15420198	92467	82786	140.4957753	0.00602474440918	0.00534000422112	0.000684740188053
NACC	21742	1730449	1744928	5629	4478	31.6187743664	0.0032423658384	0.00255972598699	0.000682639851409
NATT	242457	19848290	19897916	61999	49067	9223372036854775807	0.00311391763324	0.00245987074837	0.000654046884866
TANT	243953	20335597	20181224	85687	71859	241.820879551	0.00419596534674	0.00354805241256	0.00064791293418
NCCC	9438	712911	738492	2938	2565	9.55738430916	0.00410421750956	0.00346127220983	0.000642945299729
NTAC	60641	4923458	4945657	26630	23566	44.6634508541	0.00537970234065	0.0047423913155	0.000637311025142
NAAC	57266	4603653	4625830	32015	29222	31.6049294157	0.00690623228411	0.00627748089602	0.000628751388082
TTGG	8504	670485	671906	3311	2912	6.50770262507	0.00491395021639	0.00431523758999	0.000598712626399
AGCT	4914	378711	383727	1399	1194	4.83404924625	0.00368051353556	0.00310193520229	0.000578578333267
TCNC	20141	1573401	1616466	5450	4659	19.4497868934	0.00345187734625	0.00287393014111	0.000577947205142
TNAC	50969	4146257	4160930	19674	17384	33.5258915062	0.00472259382117	0.00416052982136	0.000562063999806
NNTC	176385	14122836	14286496	75205	68000	98.6870094467	0.00529685750309	0.00473719174815	0.000559665754942
NNAC	156484	12549312	12661594	68888	62765	75.2063655902	0.00545941576453	0.00493266497747	0.000526750787065
NCTC	17331	1346631	1375337	4247	3631	14.3947869878	0.00314388123872	0.0026331285425	0.000510752696216
CNGG	5495	418797	420172	1303	1095	4.76985195938	0.00310164246608	0.00259930163056	0.000502340835522
TNTT	393285	31411615	31453247	78434	62766	9223372036854775807	0.00249075509536	0.00199155902112	0.00049919607424
ATNT	400918	31380337	31178058	91819	75985	9223372036854775807	0.00291746774514	0.00243120546036	0.000486262284777
TAAC	17517	1451752	1443265	8369	7659	6.73482157272	0.00573171675498	0.00527870515616	0.000453011598819
ANNT	718866	56788918	56884480	250553	225117	9223372036854775807	0.00439262488953	0.00394184185891	0.000450783030617
TNNT	800823	64997666	65118469	198045	169175	9223372036854775807	0.0030376998266	0.00259122537796	0.000446474448644
ACAC	9408	738838	758627	3148	2897	4.64039574455	0.00424266765141	0.00380421365577	0.000438453995637
TGTT	32027	2624751	2632776	6249	5128	25.7661821967	0.00237514253136	0.00194396763491	0.000431174896447
NTNG	145874	11773782	11664164	58552	52992	50.4421636423	0.00494847424016	0.00452259916997	0.000425875070193
CNCC	10366	774928	802250	2322	2073	5.98136901274	0.00298745577356	0.00257732279196	0.000410132981598
TTAA	64568	5276344	5237602	17370	15160	30.2090431635	0.0032812501771	0.00288610068379	0.000395149493304
NANC	153949	12420982	12494894	57448	52850	48.7972231924	0.00460378429017	0.00421191251591	0.000391871774264
AATC	16207	1316887	1321361	4877	4374	7.11088314338	0.00368976610045	0.00329930189668	0.00039046420377
NCNC	54141	4180869	4296878	14082	12799	23.0270290678	0.00335689260733	0.00296982813329	0.000387064474036
CCNC	10172	760152	788116	2250	2029	5.24795171914	0.00295119897377	0.00256788311006	0.000383315863708
NTGG	26038	2082173	2062118	7262	6404	10.8426753926	0.00347558071919	0.00309593033093	0.000379650388258
NGAT	60457	4991449	5009641	17785	15960	23.9098070516	0.00355044304179	0.00317573957821	0.000374703463579
NTNT	916396	72590008	72641953	187507	160638	9223372036854775807	0.00257644136379	0.00220648740372	0.000369953960068
TANC	55690	4606392	4580910	19158	17351	18.2696422935	0.00414177773454	0.00377338302458	0.000368394709957
TATC	25618	2143665	2129963	7776	6945	9.92490212841	0.00361432174993	0.00325002293033	0.000364298819607
ATAT	237500	18110454	18002599	57275	50447	86.4491087809	0.00315256794066	0.00279437608479	0.000358191855871
NANT	561720	45792991	45961453	233815	218051	133.146680533	0.0050799744827	0.00472181338284	0.000358161099858
ANNC	147149	11783862	11847114	61237	57282	34.4518864865	0.00516981749161	0.00481183589659	0.000357981595017
AGNN	141869	11416153	11407201	40114	36065	47.1312529371	0.00350148962136	0.00315163520624	0.000349854415115
GCNT	16101	1257194	1290233	4188	3857	5.87611398903	0.00332016787936	0.00298047276465	0.000339695114712
ATGG	11595	952785	932051	2843	2472	4.70385910855	0.0029750070111	0.00264519974361	0.000329807267484
NCAC	24035	1877929	1932877	6214	5763	7.87445212602	0.00329805115641	0.0029727025131	0.000325348643312
ACNC	17427	1362267	1395607	4966	4658	4.78343343979	0.00363215340765	0.00332651319572	0.000305640211932
NATC	60457	4965276	4996477	16444	15036	16.6191650664	0.00330086797331	0.00300029152873	0.000300576444584
NGTT	57266	4650741	4683636	10634	9305	22.3451616115	0.00228130111823	0.00198276517859	0.000298535939637
TTNN	736008	58854878	58873592	262071	244722	131.079520522	0.00443309413684	0.00413952941892	0.000293564717923
GGNN	64045	5061448	5089202	18669	17304	13.8546114458	0.0036749153612	0.00338861836254	0.000286296998665
GTAT	26404	2180890	2185539	5326	4760	7.98830235803	0.00243617282098	0.0021732192728	0.000262953548181
NNTT	736008	58983942	59208519	135006	120381	195.263073174	0.00228363332852	0.00202904486684	0.000254588461687
TTNT	389639	31057607	31161713	70417	63220	90.6662738199	0.00226217378912	0.00202466407214	0.000237509716986
CGNN	33144	2571242	2602745	8668	8169	5.4170785521	0.00335980712505	0.0031287893818	0.000231017743252
AANT	207807	16549834	16733667	117776	115220	14.6649358528	0.00706616005534	0.00683843389774	0.0002277261576
TTTN	367410	28896057	28845267	162071	155212	30.6276482188	0.00557747560338	0.00535204952994	0.000225426073443
TGAT	28554	2396856	2390412	7103	6548	5.32803408851	0.00295470929413	0.00273179360523	0.000222915688894
TNAA	210114	17028669	16959216	41521	37767	36.439787685	0.00243236894258	0.00222198257185	0.000210386370735
NTAT	401792	31714142	31640775	88584	82316	47.9418472915	0.00278542160191	0.00259482911044	0.000190592491467
TNGA	51702	4193429	4143156	15428	14495	4.84021516867	0.00366560327424	0.00348634361085	0.000179259663387
AAAA	203679	15845886	15850611	31110	28522	25.620311993	0.00195943867467	0.00179619378464	0.000163244890036
TTAN	217945	17946201	17900354	51833	48865	18.3765052198	0.00287992566299	0.00272240257362	0.000157523089376
TAAA	93715	7564329	7538993	14703	13462	11.9056142327	0.00193995750381	0.00178246676081	0.000157490743
NAAA	367410	29013982	28976362	55727	51299	39.6795649732	0.00191701265396	0.00176724538708	0.000149767266881
NAGA	64154	5212823	5150270	12506	11622	5.67349144883	0.00239334212257	0.00225150003138	0.000141842091189
AATA	123354	10239743	10187442	26172	24723	8.26562939584	0.00254940743226	0.00242093620696	0.0001284712253
TTTT	203679	15834612	15856336	29798	28137	11.7635349396	0.00187829235377	0.00177135243958	0.000106939914185
TATN	401792	31811531	31414230	115642	112177	4.67112401222	0.0036220557329	0.00355819170894	6.3864023964e-05
NTAN	720850	57994249	57728668	177983	173638	8.58719046396	0.00305958691769	0.00299880975379	6.07771638949e-05
ATAN	401792	31747752	31483345	105262	102465	4.6157600785	0.00330461663691	0.00324402002038	6.05966165234e-05
AANN	736008	58869833	58893655	257469	254260	5.41424326969	0.00435448585156	0.00429871450245	5.57713491145e-05
AANA	393285	31475406	31393826	69237	67348	5.42433249406	0.00219488931924	0.00214067027505	5.42190441912e-05
