#Sequence	Occurrence	Forward Match	Backward Match	Forward Mismatch	Backward Mismatch	Strand Bias Score	FER (Forward Error Rate)	RER (Reverse Error Rate), ERD (Error rate Difference)
GGGT	2508	179599	184291	4610	1755	290.704203298	0.0250259216434	0.00943315094117	0.0155927707022
AGGT	6823	560947	573093	14127	5305	9223372036854775807	0.0245655341747	0.00917188510334	0.0153936490714
NGGT	18743	1536214	1570476	33757	13110	9223372036854775807	0.02150167105	0.00827867889714	0.0132229921528
TGGT	8380	708652	724748	13357	5367	9223372036854775807	0.0184997693935	0.00735089677654	0.0111488726169
CGGT	1032	87016	88344	1663	683	92.1564487999	0.0187530305935	0.0076718298943	0.0110812006992
AAGT	14613	1223022	1239301	25842	13281	9223372036854775807	0.0206924052579	0.0106028986525	0.0100895066054
GAGT	3590	299509	301600	5514	2909	177.848581632	0.0180773253165	0.0095530838169	0.00852424149955
NAGT	33944	2860590	2893211	52129	27380	9223372036854775807	0.0178970233655	0.00937481489192	0.00852220847354
CGGG	392	31652	32192	606	337	18.3351545013	0.0187860375721	0.0103599864736	0.00842605109847
TAGG	5636	455082	460476	8376	4514	259.116683138	0.0180728350789	0.00970773565023	0.00836509942868
AGGG	3104	233705	236592	4246	2351	122.948511942	0.0178440099012	0.00983916666318	0.00800484323802
TNGG	16848	1397568	1417122	24440	13417	9223372036854775807	0.0171869637864	0.00937898232764	0.00780798145878
TTGG	7250	615976	625019	10743	5931	9223372036854775807	0.0171416535959	0.00940011094381	0.00774154265213
TAGT	11917	1018365	1029606	16011	8064	9223372036854775807	0.0154788974222	0.00777125675793	0.00770764066429
GTGG	3042	247801	252765	4305	2391	126.864687753	0.0170761505081	0.00937073790152	0.0077054126066
TGGG	2824	229594	233820	3833	2101	116.59913627	0.0164205511787	0.00890552345912	0.00751502771962
ANGT	57631	4811724	4862952	80014	44014	9223372036854775807	0.0163569676054	0.00896969736493	0.00738727024045
GNGT	15166	1220272	1235910	20488	11388	9223372036854775807	0.0165124601051	0.00913013570133	0.00738232440376
NAGG	22238	1836157	1853264	33604	19962	9223372036854775807	0.0179723504769	0.0106564824533	0.00731586802361
NGGG	7871	613186	623156	10751	6255	271.909693609	0.0172309063255	0.00993786254133	0.00729304378415
AAGG	10946	918579	924293	17387	10666	9223372036854775807	0.0185765294893	0.0114079868743	0.00716854261503
GCGT	952	76431	77655	1320	772	33.7193470601	0.0169772736042	0.00984354877784	0.00713372482635
NNGG	55704	4618066	4671685	79872	47077	9223372036854775807	0.0170015015098	0.00997655741061	0.0070249440992
GGGN	7871	613471	623448	10397	6129	252.699055017	0.0166653843441	0.00973510785813	0.00693027648599
CAGG	2309	185477	188340	3280	1993	72.7994964003	0.0173768390046	0.0104711216657	0.00690571733893
NTGG	22470	1909302	1933708	31644	18441	9223372036854775807	0.0163033902025	0.00944651253567	0.00685687766684
ANGG	25478	2136129	2154322	37228	22550	9223372036854775807	0.0171292613225	0.0103589002936	0.00677036102883
NGGN	55704	4625302	4679177	72818	41493	9223372036854775807	0.0154993912459	0.00878964214825	0.00670974909761
TGGN	22470	1912340	1937323	28698	15776	9223372036854775807	0.0147848728361	0.00807741952661	0.00670745330947
AGGN	22238	1840252	1856718	29688	17210	9223372036854775807	0.0158764452335	0.00918391741839	0.00669252781515
GNGG	8291	671206	682206	11355	6901	250.119936558	0.0166358757679	0.0100144099538	0.00662146581413
NNGT	137515	11559515	11689215	173642	97530	9223372036854775807	0.0147992565002	0.00827454908034	0.00652470741985
GAGG	3345	277019	280155	4561	2789	97.1990726965	0.0161978833724	0.00985707419136	0.00634080918104
CNGG	5085	413163	418035	6849	4209	143.180271015	0.0163066769521	0.00996817006281	0.00633850688928
CGGN	3125	259239	261688	4035	2378	96.5165234542	0.0153262380638	0.00900532442647	0.0063209136373
TCGG	1138	96916	97807	1488	871	36.9385984401	0.015121336531	0.00882668882628	0.00629464770475
ATGG	10152	878371	887517	14021	8505	9223372036854775807	0.0157117051699	0.00949195443862	0.00621975073131
GCGG	353	28151	28734	423	255	10.5056190173	0.0148036676699	0.00879644002898	0.00600722764093
ACGT	4218	348776	350159	5365	3285	110.397913717	0.0151493331752	0.00929425877933	0.00585507439588
TNGT	53315	4562786	4618189	60525	33907	9223372036854775807	0.0130912672758	0.00728854262681	0.00580272464896
CTGG	2026	167154	168407	2575	1614	50.0088386789	0.0151712435706	0.00949294498915	0.00567829858148
NCGG	3125	259421	261557	3873	2419	75.936976467	0.0147097920955	0.00916371185259	0.00554608024294
GGGG	1551	118235	120552	2066	1466	25.4224616044	0.0171735895795	0.0120146207937	0.00515896878582
ACGG	1276	105474	105920	1574	1028	26.1133749772	0.0147036843285	0.00961214795976	0.00509153636877
CAGT	3824	319694	322704	4762	3126	77.392524666	0.0146768745223	0.00959396004051	0.00508291448177
NCGT	11442	960509	966235	13128	8245	247.389973952	0.0134834645766	0.00846092274854	0.00502254182809
ATAG	15483	1343956	1345503	20852	14047	287.700046155	0.0152783395174	0.0103320951786	0.0049462443388
TTTG	28027	2382244	2408729	42498	30882	9223372036854775807	0.017526813162	0.012658575486	0.00486823767597
AAAG	29092	2460203	2461482	48363	36034	9223372036854775807	0.019279141948	0.0144279355968	0.00485120635122
TTNG	51971	4432327	4478106	72556	51242	9223372036854775807	0.0161060786706	0.0113133280993	0.00479275057131
GTGT	8116	664733	672364	9044	5952	146.006927249	0.0134228387137	0.00877467139209	0.0046481673216
ATGT	31976	2678979	2700399	34680	22143	9223372036854775807	0.0127797928922	0.00813320786236	0.00464658502982
CNGT	11403	964733	972164	12615	8221	207.877203572	0.0129073779248	0.00838548121401	0.00452189671074
ATNG	46618	4058193	4077286	59958	41752	9223372036854775807	0.0145594467031	0.0101363473704	0.00442309933271
TNGN	128234	11028381	11114601	138653	90053	9223372036854775807	0.0124162781272	0.00803710672369	0.00437917140352
NTNG	128235	10997346	11083112	166498	118705	9223372036854775807	0.0149140385695	0.0105969415498	0.00431709701976
AANG	73938	6343727	6352064	105430	77680	9223372036854775807	0.0163478730631	0.012081351917	0.00426652114613
TCGT	4996	429555	432215	5102	3265	90.5025268803	0.0117379911056	0.00749747405162	0.00424051705401
CCGG	358	28880	29096	388	265	5.89054794641	0.0132567992347	0.00902557814788	0.00423122108678
ANAG	55788	4758027	4759984	81341	60639	9223372036854775807	0.0168081865235	0.012579079509	0.00422910701451
TGGA	9525	832860	836182	9832	6318	168.907273456	0.0116673707594	0.00749910979228	0.00416826096714
NTGT	73385	6202202	6259293	74628	48795	9223372036854775807	0.0118894410076	0.00773530743388	0.00415413357376
AAGN	61971	5289455	5296642	70610	48343	9223372036854775807	0.0131733477113	0.00904455297817	0.0041287947331
TAGN	36165	3108416	3123569	38998	26195	9223372036854775807	0.0123904894621	0.00831649609304	0.0040739933691
GCGN	2656	216065	218649	3008	2134	35.2730922334	0.0137305829564	0.00966559925357	0.0040649837028
GNGN	45973	3796996	3829454	51291	35917	9223372036854775807	0.0133282678761	0.00929199292901	0.00403627494706
ANNG	146855	12597326	12630069	194098	142534	9223372036854775807	0.0151740728788	0.011159354127	0.00401471875187
NTAG	36166	3102486	3117709	43975	31593	9223372036854775807	0.0139760194072	0.0100317467172	0.00394427268999
NAGN	127823	10914884	10947050	141088	97390	9223372036854775807	0.0127612479482	0.00881801159679	0.00394323635138
GAGN	15462	1306980	1311806	16969	11751	209.290639846	0.0128169589614	0.0088783482691	0.00393861069231
CCGT	1276	105747	106206	1341	923	17.9403630214	0.0125224114747	0.00861578097434	0.00390663050034
TTGA	18351	1609844	1618780	18143	11807	297.556363536	0.0111444378856	0.00724095065151	0.00390348723405
NTTG	58818	5051958	5095744	79146	59673	9223372036854775807	0.0154247506969	0.0115748153835	0.00384993531342
TTGN	58818	5072947	5116092	59839	40375	9223372036854775807	0.0116581910876	0.00782997350705	0.00382821758059
ANGN	178155	15230557	15267222	193266	134264	9223372036854775807	0.0125303564492	0.00871760036661	0.00381275608263
GGGA	3160	262756	265557	3190	2192	43.2489788094	0.0119949162612	0.00818677193939	0.0038081443218
TTGT	28022	2406214	2431620	26055	17211	9223372036854775807	0.0107122197421	0.00702825143916	0.00368396830299
TNNG	142786	12050594	12132439	182562	138432	9223372036854775807	0.014923540581	0.0112813507696	0.00364218981138
CGGA	1351	113149	113786	1474	1061	15.9018991912	0.0128595482582	0.00923837801597	0.00362117024223
TCGN	10781	934678	937617	11118	7707	136.601925574	0.0117551776493	0.00815276032344	0.00360241732586
TTAG	11791	1008173	1017098	13608	10036	124.092519194	0.0133179223337	0.00977087702286	0.00354704531079
NAAG	61971	5271301	5276324	87292	68345	9223372036854775807	0.016290097046	0.01278750845	0.00350258859599
NANG	178155	15190129	15224356	228994	174846	9223372036854775807	0.0148512986115	0.0113542247189	0.00349707389255
NCGN	28004	2376134	2380515	29266	21018	295.573059116	0.012166791386	0.00875190971767	0.00341488166838
GCGA	991	82782	83722	988	711	11.2637477005	0.0117941984004	0.00842087809269	0.00337332030769
GTNG	17483	1465247	1480303	19648	14740	162.788169979	0.0132319120207	0.00985924819554	0.00337266382518
NGGA	24885	2136394	2145534	24349	17225	270.684085357	0.0112688089236	0.00796436403686	0.00330444488673
TNTG	78064	6593519	6638142	102554	80727	9223372036854775807	0.0153155439016	0.0120149685907	0.00330057531093
ATTG	17380	1515279	1524656	21416	16397	151.059587601	0.0139364024741	0.0106401272377	0.00329627523647
CACG	1425	116473	116266	1715	1325	11.4703039253	0.0145107794362	0.0112678691396	0.00324291029651
TCGA	3656	324537	324963	3723	2654	39.9899417707	0.011341619448	0.00810092272379	0.00324069672421
ACGN	11442	964056	962956	12098	8905	104.861924872	0.0123935362658	0.00916283295656	0.00323070330923
NNAG	127824	10890928	10916190	162108	126486	9223372036854775807	0.014666377636	0.0114542887974	0.00321208883858
CTNG	12162	1041579	1047417	14336	10971	101.445682592	0.0135768504094	0.0103657637842	0.00321108662519
NTGN	175527	15083218	15156902	174955	126596	9223372036854775807	0.0114663138241	0.00828318229243	0.00318313153164
TGCG	1124	91851	92450	1236	945	9.59345671703	0.0132779013181	0.0101183146849	0.00315958663318
AACG	4586	392598	391869	5521	4246	36.3403736113	0.01386771292	0.0107191093496	0.00314860357045
TNGA	45998	4048605	4058989	42885	29998	9223372036854775807	0.0104815116253	0.00733629136018	0.00314522026517
TANG	57750	4825303	4846500	73507	58177	9223372036854775807	0.0150050726605	0.0118615354283	0.00314353723218
AGNG	14896	1227475	1234331	16451	12583	116.667620829	0.0132250632272	0.0100913134346	0.00313374979263
CTCG	1032	85448	86159	1147	887	8.42526483789	0.0132455684508	0.0101900144751	0.00305555397573
TTCG	4903	425934	427260	5707	4393	38.7308967171	0.0132216355722	0.010177156188	0.0030444793842
GTGN	19984	1660480	1675551	20917	15903	158.005856535	0.0124402505773	0.0094019701393	0.00303828043805
CCGA	1138	97860	97712	1097	793	11.2940127952	0.0110856230484	0.00805035277397	0.00303527027442
CTGT	5271	452276	454910	4849	3489	50.6513572545	0.0106076018594	0.0076112731485	0.00299632871095
NACG	11442	962281	960822	13360	10410	78.894979061	0.0136935614637	0.0107183453593	0.0029752161044
GTCG	1243	101631	102922	1210	915	10.4863517906	0.0117657354557	0.00881188786271	0.002953847593
CNCG	3019	247754	248091	3423	2680	20.6475793227	0.0136278401287	0.010687041165	0.00294079896363
ATGN	82502	7136794	7150906	80870	59806	9223372036854775807	0.0112044561786	0.00829404918682	0.0029104069918
TGNG	19529	1625060	1635117	22462	17728	127.386468345	0.0136338088353	0.0107257486334	0.00290806020191
CNGN	34696	2943604	2952367	34917	26263	270.224701418	0.0117229322875	0.00881714076606	0.00290579152148
TNCG	11129	943442	944543	12852	10062	74.8933170393	0.0134393816128	0.0105404853316	0.00289889628114
CANG	18790	1604787	1608669	21573	16860	127.90013343	0.0132645908655	0.0103720081278	0.00289258273768
NTCG	10781	933600	935951	11733	8998	80.2984288651	0.0124114994399	0.00952220701858	0.0028892924213
CCGN	3125	261335	261293	3042	2272	25.0172484778	0.0115062959335	0.00862026445089	0.00288603148256
NGNG	45973	3796698	3823617	50757	39877	298.628222551	0.0131923570256	0.0103214861988	0.00287087082686
GACG	1680	141062	141192	1716	1305	13.0130405755	0.0120186583367	0.00915808753869	0.00286057079803
NNTG	175527	15044140	15114707	209086	165799	9223372036854775807	0.0137076576457	0.0108503605836	0.00285729706206
NGCG	2656	216254	218507	2763	2158	18.3439428571	0.012615459074	0.00977953005687	0.00283592901708
AATG	29312	2572347	2574420	34159	26734	197.108123747	0.0131052834714	0.0102777459543	0.00282753751714
NNCG	28004	2373214	2375920	31045	24210	184.666508656	0.0129125023552	0.0100869536233	0.00282554873185
ANTG	55383	4820207	4833527	64401	50687	9223372036854775807	0.0131844766254	0.0103777189124	0.00280675771295
CNNG	39056	3310972	3320427	44443	35035	246.325071381	0.0132451574544	0.0104411851483	0.00280397230617
CTAG	2932	254745	255511	3344	2622	20.2449002742	0.0129567707264	0.010157554439	0.00279921628739
CAGN	14223	1210033	1215033	14511	11101	101.974671566	0.0118501254344	0.00905365971419	0.00279646572026
CGNG	3019	247931	248393	3256	2554	19.5015267515	0.0129624542671	0.0101774478276	0.00278500643951
GNCG	3652	299055	301050	3642	2810	25.3213463807	0.012031833814	0.00924767985256	0.00278415396145
ANCG	10204	882963	882236	11128	8658	67.063897695	0.012446160402	0.00971832788188	0.00272783252014
TNAG	36745	3116065	3132632	42716	34226	212.267501497	0.0135229381207	0.0108075575223	0.00271538059844
TACG	3751	312148	311495	4408	3534	21.2719686409	0.0139248663744	0.0112180148494	0.00270685152493
GNNG	58360	4967456	4995567	61008	47571	9223372036854775807	0.0121325319223	0.00943281742439	0.00269971449788
TCCG	1351	113509	113338	1501	1190	8.44396876696	0.0130510390401	0.0103904721989	0.00266056684115
CTTG	6172	534232	537340	7270	5848	36.0157087214	0.01342561985	0.0107660699426	0.00265954990734
NCGA	10781	937256	936868	10135	7621	77.6546601703	0.0106978005913	0.00806891345479	0.00262888713652
ATCG	3603	320587	319610	3669	2803	25.4145285978	0.0113151337215	0.00869381817731	0.0026213155442
GTAG	5959	495612	499597	6171	4888	35.3582900899	0.0122981448156	0.00968908887281	0.00260905594278
TATG	33652	2825955	2837601	42141	34723	161.468609312	0.0146930228277	0.0120888172783	0.00260420554941
GANG	27674	2416312	2417123	28484	22129	173.426464878	0.0116508698476	0.00907204339691	0.00257882645072
NATG	82502	7120390	7133946	94738	76129	9223372036854775807	0.0131304669855	0.0105586973783	0.00257176960716
TAAG	14711	1232118	1236928	18582	15406	67.548363721	0.0148572799232	0.012301830023	0.00255544990026
AGCG	983	81663	82856	961	771	5.83798269647	0.0116310030984	0.00921951044519	0.00241149265318
CATG	8884	766701	768426	9324	7493	44.9129317822	0.0120150768339	0.00965693583995	0.00235814099391
CGAG	1032	86147	85804	1033	823	5.66933781072	0.0118490479468	0.00950050215291	0.00234854579387
GGNG	8529	696232	705776	8588	7012	40.137737799	0.0121846712636	0.00983742711718	0.00234724414641
AGGA	10849	927629	930009	9853	7654	61.9037905343	0.01051006846	0.0081628474196	0.00234722104039
TCNG	13534	1167904	1172716	14037	11285	67.9998096756	0.0118762273244	0.00953124194996	0.00234498537441
CNTG	18790	1605460	1609573	20270	16517	85.6239494192	0.0124682450345	0.0101574943576	0.00231075067691
GTTG	7239	620203	625019	7962	6546	33.2039443861	0.0126750137305	0.0103647288878	0.00231028484271
GNGA	17360	1482383	1488187	14967	11553	98.8519357269	0.00999565899756	0.00770333524478	0.00229232375279
CTGN	14223	1212997	1214353	13329	10512	73.5616957106	0.0108690511332	0.00858217027999	0.00228688085323
CAAG	6172	536136	535637	7254	6049	24.2477468095	0.0133495279633	0.0111669860399	0.00218254192346
GAGA	6780	582744	583178	5461	4176	38.2663543254	0.00928417813517	0.00710985198024	0.00217432615494
NNGA	157564	13778234	13767797	132074	102221	9223372036854775807	0.00949468552386	0.00736992554732	0.00212475997654
CNAG	12162	1044595	1044728	13901	11629	44.6496267164	0.0131327846303	0.0110085889524	0.00212419567786
NTGA	63386	5600251	5594341	53631	41591	9223372036854775807	0.00948569496144	0.00737961352266	0.00210608143878
CNGA	13534	1173047	1172858	11888	9373	65.2172817627	0.0100326178229	0.00792823060806	0.00210438721486
GNAG	23128	1972241	1978846	24150	19992	88.4807154452	0.0120968287274	0.0100018110522	0.00209501767522
TGTG	10432	861760	867007	11930	10142	34.584070073	0.013654728794	0.0115624597417	0.00209226905223
GAAG	11996	1042844	1042277	13093	10856	45.8129933002	0.0123994139802	0.0103082896462	0.00209112433396
AGAG	5942	501456	501338	6447	5389	21.2914962618	0.0126933686157	0.0106349178157	0.00205845079995
GGTG	3260	270848	275482	2933	2409	13.9955345159	0.0107129420961	0.00866886656999	0.00204407552607
TGAG	5149	441855	441840	5463	4540	19.3053264881	0.0122127882178	0.0101707065729	0.0020420816449
NCCG	3125	261079	260640	3189	2644	11.6517488948	0.0120672953214	0.0100423876878	0.0020249076336
CTGA	5092	436743	435489	4539	3643	21.6011950231	0.0102859396032	0.00829591102448	0.00199002857877
GATG	10653	955387	953499	9114	7179	49.8826719433	0.00944944587927	0.00747284730159	0.00197659857767
NGTG	19984	1659703	1672715	21103	17887	63.7452492723	0.0125552859759	0.0105802548441	0.00197503113176
GNTG	23289	2024954	2033465	21861	17868	91.3029107313	0.0106804962832	0.0087104336546	0.00197006262865
TTTA	84783	7061260	7121751	85752	72222	275.874612779	0.0119983008284	0.0100392370113	0.00195906381706
ACGA	4996	432077	430471	4327	3463	20.9722691116	0.00991512451765	0.00798047629363	0.00193464822402
NGAG	15462	1307555	1309239	16140	13577	49.4076452656	0.0121931411692	0.0102637101456	0.0019294310236
NCNG	34696	2942175	2947417	35862	30144	109.977262126	0.0120421606582	0.0101237220665	0.0019184385917
TCAG	5092	433919	436766	5063	4244	17.6624663955	0.0115335025126	0.00962336454956	0.00191013796307
TCTG	5953	523560	524805	5985	4980	21.3588060192	0.0113021556242	0.00940003963872	0.00190211598545
TTNA	189055	16048361	16134997	171789	143070	9223372036854775807	0.0105910857791	0.00878912711196	0.00180195866715
AGTG	4867	410651	413545	4797	4072	14.8191063713	0.0115465714121	0.00975056092065	0.00179601049141
ACNG	11403	967931	966388	12259	10519	29.0571946268	0.0125067588937	0.010767657515	0.00173910137869
GCAG	1834	155688	156715	1689	1423	6.03880006383	0.0107321908538	0.00899846969103	0.00173372116278
CAGA	5953	525295	525871	4778	3876	21.5055120119	0.00901385280895	0.00731670023615	0.0016971525728
ACTG	3824	321930	320906	4029	3484	8.98090358854	0.0123604502407	0.0107401584512	0.00162029178943
CCTG	2309	188083	187126	2233	1912	5.75552835906	0.0117331175519	0.0101143685397	0.0016187490122
NCTG	14223	1212089	1212302	14099	12110	33.6571947036	0.011498236812	0.00989046170733	0.00160777510464
GCNG	4674	389665	392365	4288	3690	11.4581738677	0.0108845471414	0.00931688780599	0.00156765933542
TTTC	35024	2986139	3010241	46814	42344	57.2301682091	0.01543512214	0.0138715220051	0.00156360013492
NAGA	58511	5104333	5091054	43959	35784	177.523966392	0.0085385599729	0.00697974072908	0.00155881924382
TTAA	57248	4871878	4878013	44578	36987	155.68319656	0.00906710036661	0.00752533062055	0.00154176974606
GTGA	6429	554101	555730	5328	4474	17.5653066209	0.00952399678958	0.00798637639146	0.00153762039813
ANGA	80672	7074199	7047763	62334	51297	223.677264643	0.00873449334572	0.00722588624409	0.00150860710162
TAGA	14466	1281364	1279064	11187	9219	41.3223069624	0.00865497763725	0.00715603636779	0.00149894126946
CCNG	5085	416675	415948	5278	4650	9.16266054891	0.0125085021318	0.0110556873784	0.00145281475331
GGNT	18355	1521654	1535346	15481	13354	39.1628037721	0.0100713340077	0.00862271582618	0.00144861818157
AAGA	31312	2714930	2702941	22533	18513	82.4044257092	0.00823134413141	0.00680261360288	0.00142873052853
NCAG	14223	1209586	1212918	14701	12971	25.3514620499	0.0120078053594	0.0105808927236	0.0014269126358
GGAG	3339	278097	280257	3197	2825	6.36327427037	0.0113653330679	0.00997944058612	0.00138589248177
ATGA	33514	2999563	2984342	25621	21667	68.2707659773	0.00846923691253	0.00720789591781	0.00126134099472
TTTN	332145	26462433	26838352	275402	248562	9223372036854775807	0.0103000860017	0.00917646063335	0.00112362536838
ACAG	5271	452412	451661	5679	5169	5.73860378022	0.0123971001395	0.011314931156	0.00108216898348
CGAA	4903	428769	427939	3938	3491	6.39800243351	0.00910084653126	0.00809169506061	0.00100915147064
TTNC	69210	5902326	5929982	79700	74294	47.52616884	0.0133232453353	0.0123735151415	0.000949730193734
TTNN	664631	54950940	55470088	524967	479196	9223372036854775807	0.00946297281809	0.00856482810397	0.000898144714126
NTTA	196672	16691229	16780071	169018	155693	134.776800873	0.0100246455464	0.00919314888894	0.000831496657472
TTCC	11397	973939	977945	11063	10398	5.81426912694	0.0112314492762	0.0105206390899	0.000710810186375
GGNN	55704	4652579	4679369	45410	42305	28.772936426	0.00966583787233	0.00895974605617	0.000706091816167
AAAC	20304	1719085	1708877	23613	22324	7.02108802687	0.0135496798642	0.0128950942149	0.00065458564927
TGAA	28671	2518223	2509519	20788	19062	15.8472660182	0.00818743991263	0.00753861553179	0.000648824380833
NTNA	520122	44692371	44702018	408108	378710	239.40359258	0.00904886176486	0.00840070728228	0.000648154482582
TNAA	189055	16153081	16096009	134654	123632	94.49143271	0.00826720228442	0.00762236352827	0.00064483875615
TNNA	633696	52586798	52614208	473729	440562	264.372510574	0.00892808697509	0.00830390933746	0.000624177637624
NGNT	135694	11747752	11791458	107804	100793	57.7699792094	0.00909312055883	0.00847551905859	0.000617601500246
AGNT	39348	3404475	3405549	35110	33061	14.3664377171	0.0102076267922	0.00961464079963	0.00059298599256
NTTC	76993	6653849	6685447	86714	83085	21.6009322358	0.0128645040481	0.0122751875887	0.000589316459422
GGAA	11397	979599	978196	7912	7320	5.54638049947	0.00801206265044	0.00742758108443	0.000584481566015
TNTA	324675	26031913	26107118	243457	229753	95.526210025	0.00926559740167	0.00872362552104	0.000541971880631
TTCA	28671	2505379	2516453	23316	22054	9.69836913833	0.00922056633955	0.00868778380363	0.000532782535925
TTAC	17594	1501335	1501123	16925	16126	4.87130459234	0.0111476295233	0.0106284466162	0.000519182907059
TGNT	67787	5936457	5964597	49534	46898	19.3754424352	0.00827498738304	0.00780138717574	0.000473600207306
NTTN	664631	54972275	55461989	514925	493449	145.174517356	0.00928006819591	0.00881860669199	0.000461461503919
TNTC	70490	6108205	6136222	78556	76084	12.0252065482	0.0126974357018	0.0122473039802	0.000450131721619
TGNN	175527	15120853	15152071	140944	134371	37.9533203066	0.00923508548829	0.00879020768862	0.000444877799678
ATAC	23637	1989922	1979561	24702	23685	4.23541504324	0.012261345045	0.0118233107666	0.000438034278405
TNTN	830498	67534457	68047022	625101	602257	133.926601031	0.00917114221897	0.00877295448362	0.000398187735353
AAAA	184310	14279773	14054854	116681	109268	31.2709919361	0.00810484303982	0.00771442098564	0.000390422054178
GGAN	24885	2141173	2145018	18926	18172	4.31785602554	0.00876163546208	0.00840055658541	0.000361078876665
GGNA	23566	2004325	2008286	17069	16367	4.19367141382	0.00844417268479	0.00808385436912	0.000360318315672
NGAA	76993	6718182	6693536	53531	50931	12.92655998	0.0079050898938	0.00755152334499	0.00035356654881
NTAA	196672	16808434	16723118	138515	133033	19.2656820324	0.00817344762175	0.0078922525077	0.000281195114047
TATN	366453	29758723	29855236	256558	249561	27.1261239134	0.00854757948126	0.00828974199693	0.000257837484333
TATA	196914	15297068	15309333	126198	122392	14.2073123521	0.00818231365523	0.00793119369351	0.000251119961716
TGNA	73961	6354334	6346811	56198	54602	5.32140020481	0.00876651111015	0.00852967930674	0.000236831803414
NAAA	332145	26880949	26572661	214228	205467	21.7234224179	0.00790649937441	0.00767294114062	0.000233558233789
NNAA	664631	55529443	55085795	446398	430939	36.2083256201	0.00797483328567	0.00776232622041	0.000212507065252
AGNN	127823	10954683	10943980	103278	100970	5.93292857643	0.00933969653176	0.00914173445783	0.000197962073927
TANA	324675	26126313	26074274	211789	208068	6.41110930849	0.00804116408996	0.00791664608885	0.000124518001111
ATNN	721286	60570784	60560754	520214	514162	8.28361673599	0.00851539534515	0.00841854616714	9.6849178017e-05
NANA	830498	68131747	67675080	532076	524182	4.58840443085	0.00774900051807	0.00768603625066	6.29642674187e-05
