#Sequence	Occurrence	Forward Match	Backward Match	Forward Mismatch	Backward Mismatch	Strand Bias Score	FER (Forward Error Rate)	RER (Reverse Error Rate), ERD (Error rate Difference)
TTTTTTNTTG	34154	2849042	3483948	484936	74144	9223372036854775807	0.145452669454	0.0208381345957	0.124614534858
AAAAAAAAGT	6810	595374	715063	92930	9764	9223372036854775807	0.135013017504	0.0134708006186	0.121542216885
TTTTTNTTTG	35150	3025300	3618099	476560	76437	9223372036854775807	0.136087679119	0.0206892015669	0.115398477552
TNTTTTTTTG	35010	2990768	3582044	464278	77099	9223372036854775807	0.134376792668	0.0210702342051	0.113306558463
TTTTTTTNTG	39486	3308371	3992548	506747	80103	9223372036854775807	0.132826035787	0.0196685156671	0.11315752012
TTTTNTTTTG	37076	3246980	3811204	474236	80800	9223372036854775807	0.127441137521	0.020760513093	0.106680624428
AAAAAANAGT	9822	916330	1040790	106292	11696	9223372036854775807	0.103940654514	0.0111127368915	0.0928279176221
AAAAAAAGGT	1784	164936	183535	17097	1381	9223372036854775807	0.0939225305302	0.00746825585671	0.0864542746735
TTTTTNNTTG	48650	4502058	5085554	521905	96153	9223372036854775807	0.103883129713	0.0185562402506	0.085326889462
TTNTTTNTTG	47434	4376426	4966025	504163	91615	9223372036854775807	0.103299622238	0.018114179736	0.0851854425022
AAAANAAAGT	10228	965364	1089143	101183	12193	9223372036854775807	0.0948697056951	0.0110710991015	0.0837986065937
AAAAANAAGT	10264	963632	1087925	100385	12134	9223372036854775807	0.0943452971146	0.0110303174648	0.0833149796498
TTTTTTNNTG	55430	5012845	5713313	559196	101784	9223372036854775807	0.100357481217	0.0175034053602	0.0828540758572
TTTNTTNTTG	48884	4553253	5112852	513257	97471	9223372036854775807	0.101303856106	0.0187072855176	0.0825965705885
NAAAAAAAGT	10374	991010	1119759	101726	12619	9223372036854775807	0.0930929337004	0.0111438053371	0.0819491283633
NTTTTTNTTG	48936	4539943	5129273	505845	98813	9223372036854775807	0.100250941974	0.0189004159457	0.0813505260281
TNTTTTNTTG	49490	4561400	5151834	505392	97331	9223372036854775807	0.0997459536527	0.018542187186	0.0812037664668
ANAAAAAAGT	10604	1004140	1131652	101398	12630	9223372036854775807	0.0917182403499	0.0110374890106	0.0806807513394
TTTTNTNTTG	50582	4719172	5276624	516753	99327	9223372036854775807	0.0986937360638	0.0184761728669	0.0802175631969
AANAAAAAGT	11222	1082921	1215738	106548	13539	9223372036854775807	0.0895761049678	0.0110137910333	0.0785623139346
AAANAAAAGT	11032	1067721	1193784	103264	13111	9223372036854775807	0.0881855873474	0.0108634139672	0.0773221733802
NTTTTTTNTG	54970	5023722	5682915	527103	104842	9223372036854775807	0.0949593979273	0.0181144439893	0.0768449539381
NTNTTTTTTG	48938	4599881	5150885	485570	98522	9223372036854775807	0.0954821902718	0.0187682151527	0.0767139751191
TNNTTTTTTG	48988	4616037	5148663	484020	95541	9223372036854775807	0.094904821652	0.0182183988266	0.0766864228254
AAAAAAANGT	15500	1483325	1646553	138202	14603	9223372036854775807	0.0852295398103	0.00879086611974	0.0764386736906
NTTNTTTTTG	49434	4657647	5192573	491828	100960	9223372036854775807	0.0955103190131	0.019072328443	0.0764379905701
NTTTTNTTTG	50318	4740422	5299645	498825	102136	9223372036854775807	0.0952092924804	0.018907837989	0.0763014544914
TTTNTNTTTG	50660	4819981	5322634	502823	98479	9223372036854775807	0.0944658116286	0.018165826833	0.0762999847956
TTNTTNTTTG	50434	4813291	5378869	496786	95662	9223372036854775807	0.0935553288587	0.0174740082758	0.0760813205829
TTNTTTTNTG	55330	5116483	5754768	524952	100647	9223372036854775807	0.0930529200461	0.0171887048143	0.0758642152318
TTTNTTTNTG	55930	5168916	5750623	533517	104019	9223372036854775807	0.0935595385338	0.0177669275081	0.0757926110257
NNTTTTTTTG	49668	4633695	5199772	487943	103850	9223372036854775807	0.0952708879464	0.0195809580698	0.0756899298766
TTTTNNTTTG	52718	5051634	5558341	510805	102272	9223372036854775807	0.0918311194064	0.0180673011916	0.0737638182148
TNTNTTTTTG	51414	4851525	5358614	492259	101797	9223372036854775807	0.092118057167	0.0186427358673	0.0734753212997
TTNTNTTTTG	51472	4916346	5424555	494649	99768	9223372036854775807	0.0914155344812	0.0180597694957	0.0733557649854
TTTTTNTNTG	59786	5529515	6156082	548891	107186	9223372036854775807	0.0903017995178	0.0171134302412	0.0731883692766
TNTTTTTNTG	57698	5321146	5949824	527979	105100	9223372036854775807	0.0902663218858	0.0173577736071	0.0729085482787
TTTTNTTNTG	58830	5492971	6107277	539562	106860	9223372036854775807	0.0894420304041	0.0171962735936	0.0722457568106
TTTNNTTTTG	52748	5070297	5532578	503312	103764	9223372036854775807	0.0903027105059	0.0184098126054	0.0718928979005
NTTTNTTTTG	53366	5095814	5611609	497721	107517	9223372036854775807	0.0889814759361	0.0187995508405	0.0701819250956
TTTTTTTNNC	80398	7493231	8224780	770818	197386	9223372036854775807	0.0932736483048	0.0234364889032	0.0698371594016
TNTTTNTTTG	54830	5233151	5724712	503014	108801	9223372036854775807	0.0876916894824	0.0186510255484	0.069040663934
TNTTNTTTTG	54578	5246735	5779446	498512	105826	9223372036854775807	0.0867694635235	0.017981496862	0.0687879666615
TTTTTTNNTC	74232	7186338	7831071	721802	190739	9223372036854775807	0.0912732956169	0.0237775514504	0.0674957441666
TTTTTTNTNC	81840	7775625	8477700	767890	201919	9223372036854775807	0.0898798679466	0.0232635787354	0.0666162892112
AAAAANAGGT	2774	268517	287547	20370	1952	9223372036854775807	0.0705119995015	0.00674268304899	0.0637693164525
NTTTTTTTNC	77142	7391099	7989289	717655	205862	9223372036854775807	0.088503733126	0.0251199764348	0.0633837566911
NTTTTTTNTC	71022	6917076	7480098	673496	195541	9223372036854775807	0.0887279641113	0.0254755336982	0.063252430413
TTTTTNNTTC	75432	7384274	7944356	709566	201949	9223372036854775807	0.0876674112659	0.024790257669	0.0628771535969
TNTTTTTTNC	80390	7786926	8378749	719331	203436	9223372036854775807	0.0845649267357	0.023704452887	0.0608604738487
AAAANANAGT	16118	1607765	1723348	119388	15624	9223372036854775807	0.0691241598168	0.00898461849875	0.060139541318
AAAAANNAGT	16616	1646946	1776773	121667	15579	9223372036854775807	0.0687923248331	0.00869193104926	0.0601003937838
AAANAAAGGT	2806	275875	294408	19548	1941	9223372036854775807	0.0661695264079	0.00654970997034	0.0596198164376
TNTTTTTNTC	76266	7578643	8112059	676692	196164	9223372036854775807	0.0819702652891	0.0236108250826	0.0583594402065
AANAAANAGT	17306	1749851	1880738	125567	17627	9223372036854775807	0.066954140357	0.00928535871658	0.0576687816404
NTTTTNTTTC	74088	7348993	7792458	667495	209498	9223372036854775807	0.0832652652882	0.0261808487825	0.0570844165058
TTTTNTTNTC	78324	7814649	8358237	690116	206527	9223372036854775807	0.0811446289227	0.0241135657678	0.0570310631549
ANAAAANAGT	17138	1709154	1842325	120203	16521	9223372036854775807	0.0657077869437	0.00888777230604	0.0568200146377
TTNTTTNTTC	79826	7882304	8384901	699029	212179	9223372036854775807	0.0814592558056	0.0246803565862	0.0567788992194
NAAAAANAGT	16948	1714624	1845788	120210	16585	9223372036854775807	0.0655154635242	0.00890530522081	0.0566101583034
NTTTTTNTTC	78216	7832993	8355099	688229	211243	9223372036854775807	0.0807664675325	0.0246596505253	0.0561068170072
AAAANAAGGT	3072	299090	324146	20017	2200	9223372036854775807	0.0627281758156	0.00674131136892	0.0559868644467
TTTTNTNTTC	80670	8061366	8606789	702886	215632	9223372036854775807	0.0801992001143	0.0244413636574	0.0557578364568
NAAANAAAGT	16424	1653022	1792077	114619	16713	9223372036854775807	0.0648429177644	0.00923987859287	0.0556030391715
AAAAAANNGT	25502	2557489	2742152	169442	20032	9223372036854775807	0.0621365190392	0.00725223229155	0.0548842867476
AAANAANAGT	17668	1804220	1928574	122352	16829	9223372036854775807	0.0635076187134	0.00865064976254	0.0548569689509
TTTNTTNTTC	81938	8266275	8766347	708011	222039	9223372036854775807	0.0788932958009	0.0247028776913	0.0541904181096
AANANAAAGT	17580	1770249	1902568	119893	18032	9223372036854775807	0.0634306840438	0.0093887326877	0.0540419513561
TNTTTTNTTC	81538	8231449	8738533	691458	209931	9223372036854775807	0.0774924584555	0.0234600038621	0.0540324545934
AAAANNAAGT	17194	1718790	1851982	114991	16869	9223372036854775807	0.0627070517145	0.00902640178377	0.0536806499307
AANAAAAGGT	3414	341856	360251	21808	2293	9223372036854775807	0.0599674424744	0.00632474954764	0.0536426929267
AAAAAANGGT	3788	384751	412998	24593	2713	9223372036854775807	0.0600790533146	0.00652616841989	0.0535528848947
TTTTTTNTTA	88384	8410610	9008686	660943	180846	9223372036854775807	0.0728588588966	0.0196795658364	0.0531792930602
AAANNAAAGT	17484	1774999	1913134	117163	17311	9223372036854775807	0.061920173854	0.00896736244752	0.0529528114065
TTTTTTTNTA	96060	9032636	9703269	677816	166956	9223372036854775807	0.0698027239103	0.0169151159168	0.0528876079935
ANAANAAAGT	17530	1762498	1899048	116004	17379	9223372036854775807	0.0617534610024	0.00906843829689	0.0526850227055
ANAAANAAGT	17920	1774221	1920273	116193	17072	9223372036854775807	0.0614643141661	0.00881205980349	0.0526522543626
AANAANAAGT	17980	1821104	1966135	119135	17630	9223372036854775807	0.061402229313	0.00888714137007	0.0525150879429
TTTTTTTTNA	109202	10321615	11127805	752025	176579	9223372036854775807	0.0679112739804	0.0156204000147	0.0522908739657
NAAAANAAGT	17554	1767090	1906694	114686	16910	9223372036854775807	0.0609456173317	0.00879079062011	0.0521548267116
AAAAAAAANT	125860	11590873	13426796	908418	287016	9223372036854775807	0.0726775622713	0.0209289729216	0.0517485893497
NTTTNTTTTC	77924	7861820	8305300	664717	223675	9223372036854775807	0.0779586132096	0.0262253084339	0.0517333047757
NNTTTTTTTC	77774	7884731	8343570	656150	215581	9223372036854775807	0.0768246273423	0.0251871943841	0.0516374329582
NAAAAAAGGT	3342	335270	359210	20295	2164	9223372036854775807	0.0570781713611	0.0059882559343	0.0510899154268
NNAAAAAAGT	18160	1846933	1987743	118259	18489	9223372036854775807	0.0601768173288	0.00921578361825	0.0509610337105
AAANANAAGT	18128	1831518	1962044	115594	17152	9223372036854775807	0.0593668982575	0.00866614524282	0.0507007530147
ANNAAAAAGT	19216	1951497	2106613	123887	19609	9223372036854775807	0.0596935314139	0.00922246124817	0.0504710701658
NANAAAAAGT	19416	1988508	2136372	124970	18897	9223372036854775807	0.0591300216988	0.0087678150616	0.0503622066372
AANNAAAAGT	19258	1975302	2123548	123882	19240	9223372036854775807	0.0590143598655	0.00897895638766	0.0500354034779
