#Sequence	Occurrence	Forward Match	Backward Match	Forward Mismatch	Backward Mismatch	Strand Bias Score	FER (Forward Error Rate)	RER (Reverse Error Rate), ERD (Error rate Difference)
NGGNTGGT	3880	367455	432503	46544	1527	9223372036854775807	0.112425392332	0.00351818998687	0.108907202345
GNGGNGGT	3898	327322	410923	39777	1817	9223372036854775807	0.108354966916	0.00440228715414	0.103952679762
GNNGGGGT	2096	189477	221783	22296	1235	9223372036854775807	0.1052825431	0.00553766960514	0.0997448734953
NGGGNGGT	2230	201624	233643	19187	979	9223372036854775807	0.0868933160033	0.00417266922965	0.0827206467736
TTTTTTTG	49668	4633695	5199772	487943	103850	9223372036854775807	0.0952708879464	0.0195809580698	0.0756899298766
NGNGGGGT	2134	198248	221479	17503	1332	9223372036854775807	0.0811259275739	0.00597816086279	0.0751477667111
GGNGNGGT	1972	184976	210751	14937	973	9223372036854775807	0.0747175021134	0.00459560559974	0.0701218965137
TNGNAGGT	7766	783266	853484	48095	3597	9223372036854775807	0.0578509215612	0.00419680286927	0.0536541186919
TTTTTTTC	77774	7884731	8343570	656150	215581	9223372036854775807	0.0768246273423	0.0251871943841	0.0516374329582
TTTTTTNG	77490	7601606	8210238	560316	143717	9223372036854775807	0.0686500067019	0.0172034682974	0.0514465384045
AAAAAAGT	18160	1846933	1987743	118259	18489	9223372036854775807	0.0601768173288	0.00921578361825	0.0509610337105
