#Sequence	Occurrence	Forward Match	Backward Match	Forward Mismatch	Backward Mismatch	Strand Bias Score	FER (Forward Error Rate)	RER (Reverse Error Rate), ERD (Error rate Difference)
GTGGCTCG	2	30	151	86	0	43.8667735331	0.741379310345	0.0	0.741379310345
TTTCAGGC	1	24	56	38	0	14.005686032	0.612903225806	0.0	0.612903225806
CCGGGGNA	1	23	32	33	0	8.69648919154	0.589285714286	0.0	0.589285714286
CCGGGGGA	1	23	32	33	0	8.69648919154	0.589285714286	0.0	0.589285714286
CCNGGGGA	1	23	32	33	0	8.69648919154	0.589285714286	0.0	0.589285714286
GGCAGNGT	1	40	76	49	0	16.856898521	0.550561797753	0.0	0.550561797753
GGCAGGGT	1	40	76	49	0	16.856898521	0.550561797753	0.0	0.550561797753
TCCCGTTG	1	17	74	21	1	10.828172353	0.552631578947	0.0133333333333	0.539298245614
TAGCGGGA	1	31	62	33	0	12.0333670796	0.515625	0.0	0.515625
CGGCGGGT	6	130	449	126	0	66.5813765811	0.4921875	0.0	0.4921875
TGTGCGGA	1	27	100	26	0	14.2295137822	0.490566037736	0.0	0.490566037736
GCCCTTTC	1	31	93	29	0	14.1193864515	0.483333333333	0.0	0.483333333333
TCACGGAG	1	22	54	20	0	8.62403371097	0.47619047619	0.0	0.47619047619
GGGCCCTA	1	21	65	19	0	9.44638255763	0.475	0.0	0.475
CGGCTCGT	2	58	153	52	0	23.659507402	0.472727272727	0.0	0.472727272727
CGGCTCGN	2	58	153	52	0	23.659507402	0.472727272727	0.0	0.472727272727
GGGGGCTA	1	45	78	39	0	13.5541645275	0.464285714286	0.0	0.464285714286
ACGGCTCG	3	96	255	79	0	36.6688663736	0.451428571429	0.0	0.451428571429
ACGGCNCG	3	96	255	79	0	36.6688663736	0.451428571429	0.0	0.451428571429
TTGCGCGT	1	31	71	25	0	10.5591779543	0.446428571429	0.0	0.446428571429
GGCCGNGT	1	20	66	15	0	7.96191564787	0.428571428571	0.0	0.428571428571
GGCCGTNT	1	20	66	15	0	7.96191564787	0.428571428571	0.0	0.428571428571
GGCCGTGT	1	20	66	15	0	7.96191564787	0.428571428571	0.0	0.428571428571
GGGGGGCT	1	35	77	24	0	10.1401179022	0.406779661017	0.0	0.406779661017
CAGTGGGT	1	31	66	21	0	8.69589663191	0.403846153846	0.0	0.403846153846
CGCCTTAG	1	28	66	18	0	8.00265396401	0.391304347826	0.0	0.391304347826
TGGCGGGT	6	266	459	161	0	59.4478525038	0.377049180328	0.0	0.377049180328
NCGGCTCG	4	142	350	81	0	37.8638969452	0.363228699552	0.0	0.363228699552
TGGCTCGA	3	107	215	61	0	25.0674582354	0.363095238095	0.0	0.363095238095
CCGGCTTA	1	26	78	14	0	7.35184383417	0.35	0.0	0.35
GNGGCTCG	4	162	232	86	0	28.3880122774	0.346774193548	0.0	0.346774193548
CCGGCTTG	2	73	161	39	1	15.7480290035	0.348214285714	0.00617283950617	0.342041446208
TCCCCGNG	3	142	163	84	5	17.4688929221	0.371681415929	0.0297619047619	0.341919511167
GGCTGGGC	1	49	66	24	0	7.62831508926	0.328767123288	0.0	0.328767123288
NGGCTCGA	2	87	114	42	0	13.1337986015	0.325581395349	0.0	0.325581395349
CTTGCGGA	2	54	124	26	0	11.8363066827	0.325	0.0	0.325
TCNCCGGG	4	163	237	84	5	22.0283731506	0.34008097166	0.0206611570248	0.319419814635
TCTGCGGT	1	48	75	21	0	7.52047360809	0.304347826087	0.0	0.304347826087
GGCGGGGA	9	388	711	170	1	66.0504615275	0.304659498208	0.00140449438202	0.303255003826
TAGGGGTC	2	93	105	40	0	11.1886089931	0.300751879699	0.0	0.300751879699
ATTCCGAC	1	35	79	15	0	6.82246563857	0.3	0.0	0.3
GGCGGGGT	1	73	73	31	0	8.07712376197	0.298076923077	0.0	0.298076923077
GGCAGGNT	2	114	157	49	1	14.7076773035	0.300613496933	0.00632911392405	0.294284383008
ACTCCGCA	1	36	106	15	0	8.01855470156	0.294117647059	0.0	0.294117647059
AGGCGGGT	4	182	238	72	0	22.991506401	0.283464566929	0.0	0.283464566929
CGGCNCGT	3	133	233	52	0	20.4203587608	0.281081081081	0.0	0.281081081081
CGGCNCGN	3	133	233	52	0	20.4203587608	0.281081081081	0.0	0.281081081081
ACCTGGGT	2	68	138	26	0	11.2287813557	0.276595744681	0.0	0.276595744681
AGACTCCG	1	37	105	14	0	7.39085677322	0.274509803922	0.0	0.274509803922
ACGGTCAT	2	87	135	32	0	11.6468081059	0.268907563025	0.0	0.268907563025
CCGGGGGN	2	95	131	34	0	11.446311967	0.263565891473	0.0	0.263565891473
TCGACCAT	2	113	142	40	0	12.6223899088	0.261437908497	0.0	0.261437908497
CGGCGGGN	9	375	650	129	0	50.991838473	0.255952380952	0.0	0.255952380952
TCCCCGGN	4	219	203	84	5	15.2573931738	0.277227722772	0.0240384615385	0.253189261234
GTTGGCGA	2	107	83	35	0	7.45983418715	0.246478873239	0.0	0.246478873239
GATTGCGT	2	107	161	35	0	12.6213803488	0.246478873239	0.0	0.246478873239
CCGCTTTA	2	90	116	29	0	9.24901693416	0.243697478992	0.0	0.243697478992
CCGCTNTA	2	90	116	29	0	9.24901693416	0.243697478992	0.0	0.243697478992
TTGCGCGA	2	88	120	28	0	9.45492272903	0.241379310345	0.0	0.241379310345
GCAGCGGT	17	666	1260	212	2	85.4157253389	0.24145785877	0.00158478605388	0.239873072716
GAGGTGAC	2	111	136	35	0	10.9541703634	0.239726027397	0.0	0.239726027397
GAGTCCGT	2	140	139	43	0	11.5714914603	0.234972677596	0.0	0.234972677596
TAGGCGGT	2	98	126	30	0	9.55888970515	0.234375	0.0	0.234375
GGCNGGGC	2	80	154	24	0	10.2414254341	0.230769230769	0.0	0.230769230769
AAGGCGGT	2	114	104	36	1	7.60347616516	0.24	0.00952380952381	0.230476190476
NGCAGGGT	3	141	206	49	6	11.3611683566	0.257894736842	0.0283018867925	0.22959285005
AGCGGAGT	2	62	167	18	0	9.43610919482	0.225	0.0	0.225
GACCCCCT	2	114	128	33	0	9.68896068914	0.224489795918	0.0	0.224489795918
TCACCTAT	2	111	127	32	0	9.41586988562	0.223776223776	0.0	0.223776223776
GTTCGCNG	2	122	130	35	0	9.74388142351	0.222929936306	0.0	0.222929936306
TAGGGCGT	3	141	191	40	0	13.5947203785	0.220994475138	0.0	0.220994475138
GGGTGAGT	2	118	137	34	1	8.89446973604	0.223684210526	0.00724637681159	0.216437833715
TAGACGGT	2	116	151	32	0	10.5973024478	0.216216216216	0.0	0.216216216216
GGTTTAGT	2	137	132	44	4	7.62185706864	0.243093922652	0.0294117647059	0.213682157946
AGGCGGGN	5	267	286	72	0	20.7285405336	0.212389380531	0.0	0.212389380531
TGGCAGGT	46	2395	3203	652	8	205.19125158	0.213980964883	0.00249143568982	0.211489529194
GCCTTGCN	2	71	108	19	0	7.00703424266	0.211111111111	0.0	0.211111111111
GCGGTGGA	2	86	110	23	0	7.53514909921	0.211009174312	0.0	0.211009174312
NAGGGGTC	3	151	164	40	0	11.6597145266	0.20942408377	0.0	0.20942408377
GGCNGGGT	6	336	431	87	1	27.0273256247	0.205673758865	0.00231481481481	0.20335894405
TCCCCNGG	6	307	390	84	5	21.2231956424	0.214833759591	0.0126582278481	0.202175531743
GCAGGCTA	2	91	101	23	0	6.82294179218	0.201754385965	0.0	0.201754385965
AGGGGGGC	5	295	363	76	2	21.3853474285	0.204851752022	0.00547945205479	0.199372299967
GCCCTNTC	2	117	153	29	0	9.71381652146	0.198630136986	0.0	0.198630136986
TCCAGGGT	4	124	191	33	3	9.12918217293	0.210191082803	0.0154639175258	0.194727165277
CCGGCNTG	3	157	217	39	1	12.2495794202	0.198979591837	0.0045871559633	0.194392435873
CCGGCTNG	3	158	253	39	1	13.6470151023	0.197969543147	0.00393700787402	0.194032535273
CGACCANT	2	50	165	12	0	7.12903021681	0.193548387097	0.0	0.193548387097
CGACCAAT	2	50	165	12	0	7.12903021681	0.193548387097	0.0	0.193548387097
TAGCGGGN	3	142	186	35	1	10.3971636763	0.197740112994	0.00534759358289	0.192392519411
TCCCTAAG	4	183	286	43	0	16.3394499912	0.190265486726	0.0	0.190265486726
CGNCGGGT	12	558	868	131	0	49.6810677241	0.190130624093	0.0	0.190130624093
TGTAGGGC	3	156	160	36	0	9.89209226391	0.1875	0.0	0.1875
TGGCAGGC	2	100	112	23	0	6.89869716796	0.186991869919	0.0	0.186991869919
GGACAGAT	3	174	251	43	3	12.005340776	0.198156682028	0.011811023622	0.186345658406
GTGCCGGT	2	92	157	21	0	8.45819359983	0.185840707965	0.0	0.185840707965
GGCTGGCT	2	141	141	31	0	8.62159507049	0.18023255814	0.0	0.18023255814
GGCTGGCN	2	141	141	31	0	8.62159507049	0.18023255814	0.0	0.18023255814
AGGGNGGC	4	236	275	54	2	14.1856407684	0.186206896552	0.0072202166065	0.178986679945
AAGGGGGC	3	175	229	38	0	12.8622534034	0.178403755869	0.0	0.178403755869
CGCCNTAG	2	83	152	18	0	7.60903857959	0.178217821782	0.0	0.178217821782
GGCTGNGC	2	111	145	24	0	8.10760903857	0.177777777778	0.0	0.177777777778
GAAGGGTC	3	139	198	30	0	10.7634927124	0.177514792899	0.0	0.177514792899
GCGGGAAC	16	926	981	199	0	58.0665952054	0.176888888889	0.0	0.176888888889
AGGGNTCC	7	432	456	112	14	18.553543167	0.205882352941	0.0297872340426	0.176095118899
AGTCCCAG	4	207	224	44	0	12.9409907263	0.175298804781	0.0	0.175298804781
GGGTCGGA	2	109	126	23	0	7.02237523482	0.174242424242	0.0	0.174242424242
CGGCAGGT	18	934	1285	198	1	67.5570330331	0.174911660777	0.000777604976672	0.174134055801
TCCCGTGT	2	81	172	17	0	7.89867516911	0.173469387755	0.0	0.173469387755
TCAGTCTA	2	105	130	22	0	7.17184084709	0.173228346457	0.0	0.173228346457
GTGGCTTG	16	913	1078	194	3	55.9339612642	0.175248419151	0.00277520814061	0.17247321101
GGCTAGGT	4	154	281	32	0	13.5513922639	0.172043010753	0.0	0.172043010753
CTGAGCAT	3	126	223	26	0	10.797023047	0.171052631579	0.0	0.171052631579
AACACCCT	3	122	176	25	0	9.07327458	0.170068027211	0.0	0.170068027211
CGAATCGA	4	235	336	48	0	17.3398695054	0.16961130742	0.0	0.16961130742
ACTCCCCT	2	123	166	25	0	8.67390509916	0.168918918919	0.0	0.168918918919
TCCNCGGG	7	387	410	85	5	18.5337921592	0.180084745763	0.0120481927711	0.168036552992
GGCTGGNC	2	119	133	24	0	7.23459172969	0.167832167832	0.0	0.167832167832
CGGCGGNT	13	630	1026	127	0	50.1240756418	0.167767503303	0.0	0.167767503303
NGGCGGGT	32	1865	2549	375	0	131.641017772	0.167410714286	0.0	0.167410714286
TTAGGGGT	6	313	424	64	1	20.7464742242	0.16976127321	0.00235294117647	0.167408332033
CGTAGTGT	2	149	263	33	4	9.68547110513	0.181318681319	0.0149812734082	0.16633740791
CCGCGTTA	2	106	153	21	0	7.63668521708	0.165354330709	0.0	0.165354330709
TNGGCGGT	3	152	222	30	0	11.0089980788	0.164835164835	0.0	0.164835164835
TGGCNGGC	4	244	254	48	0	13.880492723	0.164383561644	0.0	0.164383561644
GNNCGCCG	3	178	195	35	0	10.4978592677	0.164319248826	0.0	0.164319248826
GGGAGGGT	2	97	140	19	0	6.91175704903	0.163793103448	0.0	0.163793103448
GGCACTTC	2	92	143	18	0	6.88110628676	0.163636363636	0.0	0.163636363636
GGCGGGGN	16	907	1075	178	1	54.6178639373	0.164055299539	0.00092936802974	0.163125931509
GAGTCCGN	3	221	222	43	0	11.945687728	0.162878787879	0.0	0.162878787879
CTGTGGGT	2	99	184	20	1	7.45683050746	0.168067226891	0.00540540540541	0.162661821485
NGCGGGGA	13	747	978	145	1	47.6213320165	0.162556053812	0.00102145045965	0.161534603352
TGGCGGGN	28	1631	1786	314	0	94.5518664073	0.161439588689	0.0	0.161439588689
GCCCAANG	6	296	276	63	4	12.109560957	0.175487465181	0.0142857142857	0.161201750895
TGGCGGGA	10	604	635	116	0	33.8778507109	0.161111111111	0.0	0.161111111111
CCAACCGT	2	94	164	18	0	7.43127454236	0.160714285714	0.0	0.160714285714
CCGAAAAC	4	288	264	55	0	14.4097973307	0.160349854227	0.0	0.160349854227
GGCAGGGA	2	128	180	24	0	8.60588687865	0.157894736842	0.0	0.157894736842
GTCAGCCT	3	209	179	39	0	9.5832076579	0.157258064516	0.0	0.157258064516
GGGATCGA	4	247	257	46	0	13.3233294136	0.156996587031	0.0	0.156996587031
GGGATCGN	4	247	257	46	0	13.3233294136	0.156996587031	0.0	0.156996587031
ANGCGGGT	7	398	442	73	0	22.0525782901	0.154989384289	0.0	0.154989384289
CCGAACAG	2	99	153	18	0	6.88417143127	0.153846153846	0.0	0.153846153846
AACCGTGA	3	154	253	28	0	11.1613031376	0.153846153846	0.0	0.153846153846
CGGATAAG	4	198	276	36	0	12.8646962088	0.153846153846	0.0	0.153846153846
TACAGGGT	7	339	467	74	13	14.3778387034	0.179176755448	0.0270833333333	0.152093422115
CACGGAGT	3	168	201	30	0	9.64902850049	0.151515151515	0.0	0.151515151515
GGGGGCNA	4	219	254	39	0	12.0969308602	0.151162790698	0.0	0.151162790698
AGNGGGGC	7	419	509	77	3	20.8213686025	0.155241935484	0.005859375	0.149382560484
NGGCTGGC	2	144	142	25	0	6.88042644556	0.147928994083	0.0	0.147928994083
TGGCTGGC	2	144	142	25	0	6.88042644556	0.147928994083	0.0	0.147928994083
TGGGGGAC	3	135	213	24	1	8.15682884813	0.150943396226	0.00467289719626	0.14627049903
CGGCGNGT	10	523	822	90	1	33.2734028316	0.146818923328	0.00121506682868	0.145603856499
GGGGGAGT	7	343	539	59	1	21.3900932939	0.146766169154	0.00185185185185	0.144914317302
CCCTGCCT	5	131	242	22	0	9.49197770862	0.143790849673	0.0	0.143790849673
TACCCCTA	5	323	362	54	0	16.6159134589	0.143236074271	0.0	0.143236074271
TTCACCCG	3	156	205	26	0	8.96014319783	0.142857142857	0.0	0.142857142857
ACGGCTTG	6	385	425	64	0	19.5253934393	0.142538975501	0.0	0.142538975501
ATGGCGGA	2	141	157	23	0	6.93347552423	0.140243902439	0.0	0.140243902439
CGGCNGGT	39	2073	2986	339	1	122.452082292	0.140547263682	0.000334784064279	0.140212479617
ACAATCCC	6	315	402	57	6	12.9786097696	0.153225806452	0.0147058823529	0.138519924099
TNGCGGGT	16	1036	1274	167	1	53.2080959366	0.138819617623	0.00078431372549	0.138035303897
CGGCCNGT	2	100	198	16	0	7.22150747742	0.137931034483	0.0	0.137931034483
CGNCCGGT	2	100	198	16	0	7.22150747742	0.137931034483	0.0	0.137931034483
CGGCCGGN	2	100	198	16	0	7.22150747742	0.137931034483	0.0	0.137931034483
CGGCCGGT	2	100	198	16	0	7.22150747742	0.137931034483	0.0	0.137931034483
GAATCGAG	4	251	256	40	0	11.4646479929	0.137457044674	0.0	0.137457044674
NCGGCNCG	9	509	693	81	0	28.7083961745	0.137288135593	0.0	0.137288135593
GGCTNGGC	3	151	205	24	0	8.47759065501	0.137142857143	0.0	0.137142857143
CCGNGGGA	4	215	263	34	0	11.1833754397	0.136546184739	0.0	0.136546184739
CCTTGGGT	4	234	273	37	0	11.7720338755	0.136531365314	0.0	0.136531365314
CAACGGGT	5	263	278	44	2	10.5077027586	0.14332247557	0.00714285714286	0.136179618427
CCGGCNNG	4	242	309	39	1	11.8771914141	0.138790035587	0.00322580645161	0.135564229136
GTCCCCCA	3	154	212	26	2	7.08188040228	0.144444444444	0.00934579439252	0.135098650052
GCGGNGGT	3	186	180	29	0	7.99692245171	0.13488372093	0.0	0.13488372093
GGAAGCAG	3	167	214	26	0	8.8365362896	0.134715025907	0.0	0.134715025907
NCCTACCC	6	350	433	64	9	12.3932219438	0.154589371981	0.0203619909502	0.13422738103
TGCCCTTA	5	310	437	48	0	17.4356546008	0.134078212291	0.0	0.134078212291
ACTAGGGA	4	137	185	21	0	7.40196954415	0.132911392405	0.0	0.132911392405
TGGCAGGN	90	5405	6507	840	11	197.433791566	0.134507606085	0.00168763424363	0.132819971841
NGCTGGGC	3	157	259	24	0	9.67409152219	0.132596685083	0.0	0.132596685083
TGGGATTG	2	190	156	29	0	6.97677416394	0.132420091324	0.0	0.132420091324
GTTACGGT	2	177	167	27	0	7.32540669787	0.132352941176	0.0	0.132352941176
TGGCAGGA	15	964	1202	149	2	46.2938249038	0.133872416891	0.00166112956811	0.132211287323
CGATGCGT	3	204	164	31	0	7.45094423481	0.131914893617	0.0	0.131914893617
GTGNCTCG	10	576	628	87	0	26.2309791967	0.131221719457	0.0	0.131221719457
ACGACAGT	4	257	224	40	1	8.74851931176	0.13468013468	0.00444444444444	0.130235690236
TGGCNGGT	141	8310	9879	1259	14	293.901947302	0.131570697043	0.00141514201961	0.130155555023
CGGCAGGN	24	1416	1744	214	3	65.6027015958	0.131288343558	0.00171722953635	0.129571114022
CACACGGT	40	2907	2679	434	3	110.647819642	0.129901227177	0.00111856823266	0.128782658945
TACGAGGT	4	224	225	33	0	9.31077103929	0.128404669261	0.0	0.128404669261
GGCAGGGN	7	497	594	73	0	23.7272357876	0.128070175439	0.0	0.128070175439
ACCGTAAC	3	150	228	22	0	8.41748327947	0.127906976744	0.0	0.127906976744
AGGCAATC	3	151	217	23	1	7.32373061236	0.132183908046	0.0045871559633	0.127596752083
GGGGNGCT	3	174	216	25	0	8.34293076137	0.125628140704	0.0	0.125628140704
GCCCANGG	7	396	350	64	5	11.059639801	0.139130434783	0.0140845070423	0.12504592774
GTAGGGGT	3	282	217	40	0	9.23308373794	0.124223602484	0.0	0.124223602484
AGGGTNCC	10	670	673	114	15	18.1457024338	0.145408163265	0.0218023255814	0.123605837684
TGNCGGGT	26	1452	1804	205	1	66.5863446797	0.123717561859	0.000554016620499	0.123163545238
GTGGCNCG	9	611	633	87	1	23.8332027506	0.124641833811	0.00157728706625	0.123064546745
NCGCAACG	4	229	296	33	1	10.0630938522	0.125954198473	0.003367003367	0.122587195106
AGGCCNCC	6	344	380	61	11	9.15990467858	0.150617283951	0.0281329923274	0.122484291623
CGGNTCGT	6	374	406	52	0	15.7909191064	0.1220657277	0.0	0.1220657277
NGGGGCTA	5	288	354	40	0	13.2867672466	0.121951219512	0.0	0.121951219512
GGGGTTTG	6	297	385	45	4	11.1656930788	0.131578947368	0.0102827763496	0.121296171019
AGGNGGGC	9	584	630	83	2	22.0654888428	0.124437781109	0.00316455696203	0.121273224147
GGGGGGCN	3	167	223	24	1	7.28015143673	0.125654450262	0.00446428571429	0.121190164547
TCGGCTTG	8	465	614	69	5	18.0980270769	0.129213483146	0.00807754442649	0.12113593872
AGGGTTAC	5	362	358	55	4	10.9743859455	0.131894484412	0.0110497237569	0.120844760656
CCGGGGNN	4	248	255	34	0	9.93645817153	0.120567375887	0.0	0.120567375887
CCTCTGGT	4	294	223	40	0	9.19054539986	0.119760479042	0.0	0.119760479042
GGCNGGCT	4	287	270	39	0	10.4976215812	0.11963190184	0.0	0.11963190184
TACCGGGT	3	178	233	25	1	7.50825792463	0.12315270936	0.0042735042735	0.118879205086
GTCTGCTA	5	320	382	43	0	14.0152003352	0.118457300275	0.0	0.118457300275
GAGNCCGT	5	335	388	45	0	14.3584236102	0.118421052632	0.0	0.118421052632
AGNCGGGT	8	551	480	74	0	19.138208207	0.1184	0.0	0.1184
AGTTGAGA	4	232	320	32	1	10.241429799	0.121212121212	0.00311526479751	0.118096856415
TCGCTCTA	3	180	192	24	0	7.13240478026	0.117647058824	0.0	0.117647058824
GCGGGANC	24	1493	1562	199	0	59.0578064827	0.117612293144	0.0	0.117612293144
AGGCNGGT	11	610	769	83	2	25.098380929	0.119769119769	0.00259403372244	0.117175086047
AGGGGNGC	6	349	391	54	7	9.98103306044	0.133995037221	0.0175879396985	0.116407097522
GACTGCNA	4	213	268	28	0	9.47180098064	0.116182572614	0.0	0.116182572614
AGGCGNGT	10	566	731	74	0	25.5194910934	0.115625	0.0	0.115625
AAAGCGGA	4	261	242	34	0	8.96796391226	0.115254237288	0.0	0.115254237288
CCGGAGGT	4	224	306	29	0	10.3882006643	0.114624505929	0.0	0.114624505929
GACAGCAC	3	186	220	24	0	7.77935729497	0.114285714286	0.0	0.114285714286
NGGCGGGA	18	1101	1198	144	2	40.5301821881	0.115662650602	0.00166666666667	0.113995983936
CAGNGGGT	4	211	283	28	1	8.68611895389	0.117154811715	0.00352112676056	0.113633684955
CNGTGGGT	5	328	418	43	1	13.3092213744	0.11590296496	0.00238663484487	0.113516330115
NCCCCGGN	10	630	547	88	5	16.5516267277	0.122562674095	0.00905797101449	0.11350470308
GGGGGGGC	8	455	529	58	0	18.6023537519	0.11306042885	0.0	0.11306042885
TACCGGGN	4	190	255	25	1	7.67733197158	0.116279069767	0.00390625	0.112372819767
GGGGTAGT	4	221	276	30	2	7.90783046623	0.119521912351	0.00719424460432	0.112327667746
GGGNGGCT	3	198	189	25	0	6.79441916959	0.112107623318	0.0	0.112107623318
TTGCGTGC	3	206	195	26	0	7.06971109898	0.112068965517	0.0	0.112068965517
TTCCCCGA	3	175	242	23	1	7.16503876191	0.116161616162	0.00411522633745	0.112046389824
TGCGTGGT	5	262	293	33	0	10.0430232624	0.11186440678	0.0	0.11186440678
GGCGGGNT	5	255	370	32	0	11.9562634308	0.11149825784	0.0	0.11149825784
GCAAGGGT	4	258	249	35	2	7.3589467134	0.119453924915	0.00796812749004	0.111485797425
GTTGGAGT	4	240	289	30	0	9.86404668001	0.111111111111	0.0	0.111111111111
CTAAACCG	3	297	216	37	0	8.26704132243	0.110778443114	0.0	0.110778443114
ATTGGGGC	5	281	321	35	0	11.0918804975	0.110759493671	0.0	0.110759493671
GANTCGAG	5	303	337	40	2	9.85232814978	0.116618075802	0.00589970501475	0.110718370787
GCCCCCNA	8	374	455	58	11	9.78773473064	0.134259259259	0.0236051502146	0.110654109045
CTGAGGGT	7	387	512	48	0	16.8606982113	0.110344827586	0.0	0.110344827586
CGANACCC	9	469	599	72	14	12.5087294596	0.133086876155	0.0228384991843	0.110248376971
AACGGTGT	3	186	227	23	0	7.63404015216	0.11004784689	0.0	0.11004784689
CCCNGCCT	6	178	323	22	0	9.5104902077	0.11	0.0	0.11
NAGGCGGT	11	663	717	84	2	22.6304510613	0.112449799197	0.00278164116829	0.109668158028
AATCCGGT	4	285	233	35	0	8.59759241371	0.109375	0.0	0.109375
NGGCNGGC	6	392	431	48	0	14.6876035212	0.109090909091	0.0	0.109090909091
AGNGTTCC	11	748	738	112	16	16.9103214433	0.13023255814	0.0212201591512	0.109012398988
GACTGCCN	4	229	225	28	0	7.72750234648	0.108949416342	0.0	0.108949416342
TCTCTCTG	5	254	308	31	0	10.2532684833	0.108771929825	0.0	0.108771929825
NGCGGGGT	4	289	320	35	0	10.6481726815	0.108024691358	0.0	0.108024691358
GCGGGNAC	26	1670	1567	203	1	53.895925636	0.108382274426	0.000637755102041	0.107744519324
NTTCGCCG	4	290	193	35	0	7.27207075943	0.107692307692	0.0	0.107692307692
GGGNTCGA	6	382	411	46	0	13.9339043228	0.107476635514	0.0	0.107476635514
NGGGTTCC	12	811	928	113	14	21.3782192654	0.122294372294	0.0148619957537	0.107432376541
CGANTCGA	6	400	483	48	0	15.8471910529	0.107142857143	0.0	0.107142857143
CCCNACCC	8	453	528	64	9	12.0272285359	0.123791102515	0.0167597765363	0.107031325978
TAGACGGN	4	267	311	32	0	10.2968624817	0.107023411371	0.0	0.107023411371
AATCGAGT	6	377	485	47	2	13.4349726483	0.110849056604	0.0041067761807	0.106742280423
NCGGAGGT	4	210	289	25	0	9.02873233421	0.106382978723	0.0	0.106382978723
GTTTCGGA	5	387	343	46	0	11.9539439347	0.10623556582	0.0	0.10623556582
GGGCTGGA	4	236	282	28	0	9.1752615373	0.106060606061	0.0	0.106060606061
GNGGGGCT	3	203	231	24	0	7.59710987486	0.105726872247	0.0	0.105726872247
CTCTCGCT	3	178	211	21	0	6.84120182617	0.105527638191	0.0	0.105527638191
ANGGGGGC	16	982	1249	118	3	35.7637424484	0.107272727273	0.00239616613419	0.104876561139
TTAACGGT	3	205	222	24	0	7.17291210178	0.10480349345	0.0	0.10480349345
AACGCCTA	5	258	372	31	1	10.2875416842	0.107266435986	0.00268096514745	0.104585470839
TGCAAGAG	14	1157	1100	165	23	23.9075980658	0.124810892587	0.0204808548531	0.104330037734
CGANGCGT	5	292	283	34	0	9.48758305343	0.104294478528	0.0	0.104294478528
CNGCGGGT	18	1005	1366	117	0	41.9844767041	0.104278074866	0.0	0.104278074866
CTGGCTTG	10	609	632	72	1	19.7336998657	0.105726872247	0.00157977883096	0.104147093416
AGTCCCNG	6	379	397	44	0	13.1229020097	0.10401891253	0.0	0.10401891253
GGANGCAG	4	226	278	26	0	8.7040811055	0.103174603175	0.0	0.103174603175
TGAGACTA	8	508	527	58	0	16.9444086906	0.102473498233	0.0	0.102473498233
TNAGACCG	4	243	240	29	1	6.94316383408	0.106617647059	0.00414937759336	0.102468269465
TAGGGCGN	6	342	424	40	1	12.1198324714	0.104712041885	0.00235294117647	0.102359100708
NCCCCGNG	11	681	634	84	5	16.9792343136	0.109803921569	0.00782472613459	0.101979195434
GTCCCCCT	7	300	426	34	0	12.570035936	0.101796407186	0.0	0.101796407186
CTCCCTGA	4	179	291	21	1	7.34735789147	0.105	0.00342465753425	0.101575342466
GGGGNCTA	7	345	431	39	0	13.2125533713	0.1015625	0.0	0.1015625
GGGTAATC	3	177	253	20	0	7.42225945872	0.10152284264	0.0	0.10152284264
CGGNGGGT	14	814	1013	93	2	28.3253214865	0.102535832415	0.00197044334975	0.100565389065
TCGACCNT	6	358	433	40	0	13.2552333763	0.100502512563	0.0	0.100502512563
GNCTGCCA	3	252	266	28	0	8.33512564019	0.1	0.0	0.1
TGGCGNGT	22	1506	1556	167	0	49.4930667824	0.0998206814106	0.0	0.0998206814106
NCAAGGCC	10	518	557	77	17	9.9152336101	0.129411764706	0.0296167247387	0.0997950399672
GGCGNGGT	4	289	299	32	0	9.45112276164	0.0996884735202	0.0	0.0996884735202
NCGGGGGA	5	299	360	33	0	10.9036569703	0.0993975903614	0.0	0.0993975903614
CNACGGGT	7	380	417	44	2	10.9675860135	0.103773584906	0.00477326968974	0.0990003152159
GNCGGGGA	24	1537	1765	177	8	45.1846360937	0.103267211202	0.00451212633954	0.0987550848623
ACACGAGT	4	211	275	23	0	8.02879933132	0.0982905982906	0.0	0.0982905982906
CCCTACNC	8	502	599	64	9	12.4091799039	0.113074204947	0.0148026315789	0.098271573368
GGGNGGGC	9	536	600	58	0	18.2250679212	0.0976430976431	0.0	0.0976430976431
TNCGGGGT	6	378	412	42	1	11.4236228083	0.1	0.00242130750605	0.0975786924939
AATCCCCC	7	409	400	53	7	8.41240473004	0.114718614719	0.017199017199	0.0975195975196
TAGGCTTG	6	314	366	37	3	8.60998174251	0.105413105413	0.00813008130081	0.0972830241123
GCCTCTTA	4	233	312	26	1	8.05825143401	0.100386100386	0.00319488817891	0.0971912122072
GCGGAGAT	4	290	301	31	0	9.17548200237	0.0965732087227	0.0	0.0965732087227
TTTTTTTG	24834	1394450	1728928	179730	31129	9223372036854775807	0.114173728544	0.0176863590213	0.0964873695231
GGACNCTG	5	328	382	35	0	11.3119522716	0.0964187327824	0.0	0.0964187327824
GGACACTG	5	328	382	35	0	11.3119522716	0.0964187327824	0.0	0.0964187327824
GCCNAAGG	10	549	591	63	4	14.4617008473	0.102941176471	0.00672268907563	0.096218487395
ACAGGGGT	7	470	535	50	0	15.9073035415	0.0961538461538	0.0	0.0961538461538
CCGANAAC	9	565	506	60	0	15.9744544579	0.096	0.0	0.096
GGNGGGCT	4	226	279	24	0	8.07758812004	0.096	0.0	0.096
GACNCCCT	5	311	322	33	0	9.76504530148	0.0959302325581	0.0	0.0959302325581
NGGCAGGT	150	9070	11116	981	20	235.071316739	0.097602228634	0.00179597701149	0.0958062516225
TCCCNGGG	10	742	735	86	6	17.6809091698	0.1038647343	0.0080971659919	0.0957675683076
GGCNGGGA	34	1949	2489	210	4	65.5638218981	0.097267253358	0.00160449257922	0.0956627607788
ACGGNTCG	12	710	850	79	4	20.5809226512	0.100126742712	0.00468384074941	0.0954429019629
TGTGGGAC	5	344	342	36	0	10.1279158564	0.0947368421053	0.0	0.0947368421053
CTCAAGGT	8	476	521	52	2	13.3036460422	0.0984848484848	0.0038240917782	0.0946607567066
NTGCGCGA	4	268	294	28	0	8.41770038284	0.0945945945946	0.0	0.0945945945946
AGGCGGNT	14	692	853	72	0	24.2480872121	0.0942408376963	0.0	0.0942408376963
ANGGCGGT	6	363	348	39	1	9.63645882857	0.0970149253731	0.00286532951289	0.0941495958602
TGGCTGGT	60	3827	4237	402	4	117.667848742	0.0950579333176	0.000943173779769	0.0941147595378
NGCGGAGT	7	386	438	40	0	12.7069503374	0.093896713615	0.0	0.093896713615
GACAGGGT	6	377	400	40	1	10.7089073312	0.0959232613909	0.00249376558603	0.0934294958049
TCCTAGAC	5	311	396	32	0	11.0196665189	0.0932944606414	0.0	0.0932944606414
AGATTGAC	6	388	397	47	6	8.17266259391	0.108045977011	0.014888337469	0.0931576395425
GGCATCTC	3	263	232	27	0	7.10906251804	0.0931034482759	0.0	0.0931034482759
GGCGGGNA	28	1788	2053	187	4	53.1155674364	0.0946835443038	0.00194457948469	0.0927389648191
TGGCGGNT	23	1574	1795	165	4	46.2185314608	0.0948821161587	0.00222345747638	0.0926586586823
TTGTGTCG	5	353	349	36	0	10.1172385617	0.0925449871465	0.0	0.0925449871465
GAACCCNG	10	674	573	93	17	10.0349703223	0.121251629726	0.028813559322	0.0924380704042
GGGTNAGT	9	607	620	63	1	16.964974732	0.0940298507463	0.00161030595813	0.0924195447881
ACTGGGGT	3	226	251	23	0	7.19579684673	0.0923694779116	0.0	0.0923694779116
CCGAAANC	8	571	607	58	0	17.5559648962	0.0922098569157	0.0	0.0922098569157
NGGGGGGC	21	1292	1471	135	4	36.9723230219	0.0946040644709	0.00271186440678	0.0918922000641
CCTTAACG	5	356	357	36	0	10.4594133911	0.0918367346939	0.0	0.0918367346939
CCTNGGGT	6	366	417	37	0	11.7971639806	0.0918114143921	0.0	0.0918114143921
GAGTNCGT	7	426	534	44	1	13.6041355933	0.0936170212766	0.0018691588785	0.0917478623981
TTCTGAGC	4	268	320	27	0	8.89587349671	0.0915254237288	0.0	0.0915254237288
TAACCATT	88	11933	8430	1546	200	132.786338048	0.114696935974	0.0231749710313	0.0915219649432
TAGGCAAG	7	388	468	39	0	12.9469641766	0.0913348946136	0.0	0.0913348946136
GGCANGGT	13	846	914	86	1	24.6945917864	0.0922746781116	0.00109289617486	0.0911817819367
ACGGCTNG	24	1527	1791	153	0	49.8418015686	0.0910714285714	0.0	0.0910714285714
AGCGGNGT	4	190	292	19	0	7.4303520822	0.0909090909091	0.0	0.0909090909091
GTCCCCAT	5	340	391	34	0	10.9154310706	0.0909090909091	0.0	0.0909090909091
GGCTCCTA	4	212	309	22	1	7.16788432056	0.0940170940171	0.00322580645161	0.0907912875655
AGACAGGT	8	392	518	40	1	12.7794683656	0.0925925925926	0.0019267822736	0.090665810319
NCGGTCTA	4	271	252	27	0	7.31289113565	0.0906040268456	0.0	0.0906040268456
ACGGTCTA	4	271	252	27	0	7.31289113565	0.0906040268456	0.0	0.0906040268456
NAGGGGGC	6	382	360	38	0	10.5237458666	0.0904761904762	0.0	0.0904761904762
GNTCGCNG	5	352	378	35	0	10.5508490523	0.0904392764858	0.0	0.0904392764858
GTTNGCCG	5	352	346	35	0	9.80206228051	0.0904392764858	0.0	0.0904392764858
CCNCGCTA	4	273	260	27	0	7.35732790013	0.09	0.0	0.09
GAGGGAGT	4	243	371	24	0	9.35191567347	0.0898876404494	0.0	0.0898876404494
ACGCAAGT	4	223	303	22	0	7.92801702245	0.0897959183673	0.0	0.0897959183673
TCGGCNTG	5	325	370	32	0	10.2050067356	0.0896358543417	0.0	0.0896358543417
AGACCGNG	4	235	310	24	1	7.31959031535	0.0926640926641	0.0032154340836	0.0894486585805
TGNGCGGA	4	265	327	26	0	8.77274348013	0.0893470790378	0.0	0.0893470790378
GGTCGTTG	5	285	321	29	1	7.94612047933	0.0923566878981	0.00310559006211	0.089251097836
GGCTTCTA	4	276	292	27	0	8.04046194032	0.0891089108911	0.0	0.0891089108911
GGCNGGCN	6	409	428	40	0	11.9607650275	0.0890868596882	0.0	0.0890868596882
GGCGGNGT	5	358	339	35	0	9.69324995553	0.089058524173	0.0	0.089058524173
GNCAGGGT	15	931	1059	93	2	26.374277815	0.0908203125	0.00188501413761	0.0889352983624
TNGCGGGA	19	1221	1204	119	0	33.9994333021	0.0888059701493	0.0	0.0888059701493
GCGNGAAC	32	2001	2111	203	7	50.8679934674	0.0921052631579	0.00330500472144	0.0888002584365
ACANGGCC	11	627	799	77	17	12.3992970485	0.109375	0.0208333333333	0.0885416666667
CGCACNAT	4	206	298	20	0	7.52108673213	0.0884955752212	0.0	0.0884955752212
GAGGGGGT	11	723	883	72	2	20.9476885512	0.0905660377358	0.00225988700565	0.0883061507302
CTCATCTC	7	453	468	45	1	12.0030178896	0.0903614457831	0.00213219616205	0.0882292496211
CCGCNTTA	5	301	363	29	0	9.63675904051	0.0878787878788	0.0	0.0878787878788
CTCGTGGT	6	406	450	39	0	12.2152024065	0.0876404494382	0.0	0.0876404494382
GTCCCCCN	9	365	505	35	0	12.786801565	0.0875	0.0	0.0875
GCCTNGCA	3	209	316	20	0	7.74899438903	0.0873362445415	0.0	0.0873362445415
GGGGGGGA	91	5522	6535	604	75	105.195666922	0.0985961475677	0.0113464447806	0.0872497027871
CCGGGNGA	6	367	462	35	0	11.988946345	0.0870646766169	0.0	0.0870646766169
GTNCGCNG	7	431	446	41	0	12.1915945659	0.0868644067797	0.0	0.0868644067797
GCNGGCTA	4	242	255	23	0	6.80077808719	0.0867924528302	0.0	0.0867924528302
GCGGNAAC	40	2556	2533	244	1	68.4805094425	0.0871428571429	0.000394632991318	0.0867482241515
CCNACCGT	4	190	279	18	0	6.84108821083	0.0865384615385	0.0	0.0865384615385
AGCGTTTG	4	275	283	26	0	7.64699546178	0.0863787375415	0.0	0.0863787375415
GGGAAGGA	6	456	393	43	0	10.9646246453	0.0861723446894	0.0	0.0861723446894
GAGCTTTC	5	320	419	32	2	8.80747767315	0.0909090909091	0.00475059382423	0.0861584970849
TTCGGGGT	4	244	262	23	0	6.82905735134	0.0861423220974	0.0	0.0861423220974
NGGGGGCT	5	255	406	24	0	9.62727288458	0.0860215053763	0.0	0.0860215053763
GACTAGGT	5	279	372	27	1	8.41565353505	0.0882352941176	0.00268096514745	0.0855543289702
GGNCCTGA	5	278	475	26	0	10.9199126729	0.0855263157895	0.0	0.0855263157895
GGACCTGA	5	278	475	26	0	10.9199126729	0.0855263157895	0.0	0.0855263157895
CNCACCCC	9	539	660	67	17	9.49603476653	0.110561056106	0.0251107828656	0.08545027324
TNGCGCGT	5	268	311	25	0	8.09315627436	0.0853242320819	0.0	0.0853242320819
NTGGCTCG	26	1622	1986	154	3	46.8126330888	0.0867117117117	0.00150829562594	0.0852034160858
CGATGCGN	5	334	291	31	0	7.94622030927	0.0849315068493	0.0	0.0849315068493
NGGCAGGC	4	248	289	23	0	7.46830040374	0.0848708487085	0.0	0.0848708487085
ACTCCCCN	4	260	346	25	1	7.72432877809	0.0877192982456	0.0028818443804	0.0848374538652
TCCCATGC	5	259	300	25	1	6.87031776969	0.0880281690141	0.00332225913621	0.0847059098779
AATCGGGT	6	346	468	32	0	11.5246636968	0.0846560846561	0.0	0.0846560846561
GAAAGCGT	6	403	411	37	0	10.901080117	0.0840909090909	0.0	0.0840909090909
CGNCGGNT	7	436	580	40	0	14.2496206675	0.0840336134454	0.0	0.0840336134454
GCNGCGGT	39	2448	3160	228	4	72.569067297	0.085201793722	0.00126422250316	0.0839375712188
NGTGCGGA	5	284	332	26	0	8.46601660133	0.0838709677419	0.0	0.0838709677419
GGGCTGGN	5	307	350	28	0	8.95918157241	0.0835820895522	0.0	0.0835820895522
CGNTGCGT	5	337	314	32	1	7.59172732657	0.0867208672087	0.0031746031746	0.0835462640341
NAGGGCGT	9	444	691	42	2	14.0776502836	0.0864197530864	0.002886002886	0.0835337502004
GGGTCNGA	4	264	289	24	0	7.46018656064	0.0833333333333	0.0	0.0833333333333
GGGGAAAG	8	583	592	53	0	15.6097169114	0.0833333333333	0.0	0.0833333333333
GGTGCTTC	4	231	302	21	0	7.38974580604	0.0833333333333	0.0	0.0833333333333
GNTTCGGA	7	507	493	46	0	13.0430787543	0.0831826401447	0.0	0.0831826401447
NCNCCGGG	14	858	973	84	6	19.6386852309	0.0891719745223	0.00612870275792	0.0830432717644
TGCCAAAG	4	464	246	42	0	7.24952429616	0.0830039525692	0.0	0.0830039525692
NGGCGGGN	115	7012	7923	647	13	144.355684471	0.084475780128	0.00163810483871	0.0828376752892
CCGGCTTN	6	431	490	41	2	10.5964538516	0.0868644067797	0.00406504065041	0.0827993661293
GCTTGTTA	4	277	321	25	0	8.09368253292	0.0827814569536	0.0	0.0827814569536
CCCCCTTG	6	377	371	34	0	9.7806118759	0.0827250608273	0.0	0.0827250608273
CTGGCNTG	13	774	835	72	2	19.1520851754	0.0851063829787	0.00238948626045	0.0827168967183
TGAGGGGT	6	389	373	35	0	9.7411813461	0.0825471698113	0.0	0.0825471698113
TATCGGTA	3	225	337	21	1	6.97471692362	0.0853658536585	0.00295857988166	0.0824072737769
TGCAGGGT	12	742	799	76	9	14.2048681545	0.0929095354523	0.0111386138614	0.0817709215909
AACCCCCT	55	3325	3499	306	10	77.0330022304	0.0842743045993	0.00284981476204	0.0814244898372
CTGGCTNG	13	824	883	74	1	20.991709392	0.0824053452116	0.00113122171946	0.0812741234921
GTTGGCGN	6	370	385	35	2	8.17553843601	0.0864197530864	0.00516795865633	0.0812517944301
NCAGCGGT	41	2379	2965	213	3	67.2441020173	0.0821759259259	0.00101078167116	0.0811651442548
CTTGCGGT	7	467	399	44	2	8.80908294165	0.0861056751468	0.00498753117207	0.0811181439747
TGGCCCTA	5	272	306	24	0	7.61367376895	0.0810810810811	0.0	0.0810810810811
GCAGCGGN	35	2225	2648	200	4	59.3259385114	0.0824742268041	0.00150829562594	0.0809659311782
CGNCTCGT	10	604	739	53	0	17.8499663391	0.0806697108067	0.0	0.0806697108067
GACTCAAG	6	389	458	34	0	11.1453029721	0.080378250591	0.0	0.080378250591
GNATCGAG	7	458	461	40	0	11.7073446803	0.0803212851406	0.0	0.0803212851406
TAGCGNGA	5	378	384	33	0	9.69610892459	0.0802919708029	0.0	0.0802919708029
TGAGAGGT	5	402	349	35	0	9.07782332918	0.0800915331808	0.0	0.0800915331808
GGCTGGNT	8	528	589	47	1	13.4042958778	0.0817391304348	0.00169491525424	0.0800442151805
TCAGGGGT	5	345	334	30	0	8.24251356313	0.08	0.0	0.08
AAGCGGAT	7	426	489	38	1	10.839214536	0.0818965517241	0.00204081632653	0.0798557353976
AGTGTTTC	9	610	633	54	1	14.7088990691	0.0813253012048	0.00157728706625	0.0797480141386
CACNCGGT	72	5079	5082	451	10	88.8208093518	0.0815551537071	0.0019638648861	0.079591288821
GTTCGCCN	6	405	472	35	0	11.3952602419	0.0795454545455	0.0	0.0795454545455
GGGGGTGT	9	621	833	56	3	16.3218335099	0.082717872969	0.00358851674641	0.0791293562226
GCCCCCAN	8	504	527	58	13	7.28223838972	0.103202846975	0.0240740740741	0.079128772901
GGTGGGGA	8	535	607	47	1	13.5491213514	0.0807560137457	0.00164473684211	0.0791112769036
GCTTAGAG	4	268	301	23	0	7.29356963093	0.0790378006873	0.0	0.0790378006873
CCGAANAC	9	642	633	55	0	15.7897120566	0.0789096126255	0.0	0.0789096126255
GTTNCGGA	7	533	466	47	1	10.9533961577	0.0810344827586	0.00214132762313	0.0788931551355
TGGCTCGN	13	807	1020	70	1	22.5370081158	0.0798175598632	0.000979431929481	0.0788381279337
CTGAACTG	8	513	585	48	4	10.8170660482	0.0855614973262	0.00679117147708	0.0787703258491
ACGAGGGT	3	363	324	31	0	8.28885749683	0.0786802030457	0.0	0.0786802030457
CTGTGCGT	7	492	480	42	0	11.8693598605	0.0786516853933	0.0	0.0786516853933
GNGGGCTA	6	443	428	39	1	9.71232894772	0.0809128630705	0.002331002331	0.0785818607395
CAGGCTTG	8	434	581	37	0	13.2652353127	0.0785562632696	0.0	0.0785562632696
GTGGGGGT	6	329	419	28	0	9.69944855176	0.078431372549	0.0	0.078431372549
GNCAGCCT	7	459	504	39	0	12.1800695413	0.078313253012	0.0	0.078313253012
TCTGGCTA	5	306	353	26	0	8.40616739608	0.078313253012	0.0	0.078313253012
TCGGCTNG	13	793	989	72	5	18.5603236272	0.0832369942197	0.00503018108652	0.0782068131331
GGGGAGGT	11	696	703	59	0	17.0847967511	0.0781456953642	0.0	0.0781456953642
ACGGCTCN	15	956	1199	81	0	27.7855953223	0.0781099324976	0.0	0.0781099324976
NGGCNGGT	362	22670	26370	1951	37	9223372036854775807	0.0792412980789	0.00140114363616	0.0778401544427
GANTGCCA	7	332	368	28	0	8.80290059454	0.0777777777778	0.0	0.0777777777778
GCGGGAGA	4	261	290	22	0	6.926615387	0.0777385159011	0.0	0.0777385159011
CNGGCNTC	9	494	647	56	16	7.88844527626	0.101818181818	0.0241327300151	0.0776854518031
GGCGGNGA	31	2018	2283	171	1	52.6397410281	0.0781178620375	0.000437828371278	0.0776800336662
GAGCTCTA	4	297	293	25	0	7.19034333735	0.0776397515528	0.0	0.0776397515528
CNCACGGT	67	5119	4667	445	11	79.1508972327	0.0799784327822	0.002351432236	0.0776270005462
ACCCTTAG	19	1262	1186	111	4	25.2896384062	0.0808448652586	0.00336134453782	0.0774835207207
TGGCNGGN	324	20552	22843	1750	23	9223372036854775807	0.0784682988073	0.00100586022916	0.0774624385781
NCCNCGGG	15	946	992	85	5	19.2345965046	0.082444228904	0.00501504513541	0.0774291837686
TGTNGGGC	7	453	418	38	0	10.4267502301	0.0773930753564	0.0	0.0773930753564
NGGCTCGT	11	680	748	57	0	17.8354485176	0.0773405698779	0.0	0.0773405698779
TTGCCCCA	7	496	480	44	2	10.0946773907	0.0814814814815	0.00414937759336	0.0773321038881
CGGCANGT	25	1601	1840	137	3	39.4112989786	0.0788262370541	0.00162778079219	0.0771984562619
AGGACGAC	6	397	487	35	2	9.46518365245	0.0810185185185	0.0040899795501	0.0769285389684
GTTTCGGN	8	552	616	46	0	14.5423189582	0.0769230769231	0.0	0.0769230769231
NNTCGCCG	7	420	356	35	0	8.98194558659	0.0769230769231	0.0	0.0769230769231
CCAACCAC	9	598	672	58	8	10.6182435915	0.0884146341463	0.0117647058824	0.076649928264
ATGGCTTG	100	6478	7165	568	30	113.332070488	0.0806131138234	0.00416956219597	0.0764435516275
CTTAACTG	6	351	329	29	0	7.90775741141	0.0763157894737	0.0	0.0763157894737
GTGTCCGT	4	339	320	28	0	7.62005685315	0.0762942779292	0.0	0.0762942779292
GTTCGNCG	7	410	397	35	1	8.58550813917	0.0786516853933	0.00251256281407	0.0761391225792
GGGGATTA	15	899	1059	77	3	20.98008656	0.078893442623	0.00282485875706	0.0760685838659
GCCCAAGN	10	572	633	63	15	8.15931242467	0.0992125984252	0.0231481481481	0.076064450277
GNTCNCCG	5	438	314	36	0	7.88958149444	0.0759493670886	0.0	0.0759493670886
ACGGAATC	5	268	439	22	0	9.02307915345	0.0758620689655	0.0	0.0758620689655
CNGGCTTA	7	450	481	38	1	10.136173181	0.077868852459	0.00207468879668	0.0757941636623
GGCGNGGA	32	2085	2299	174	3	49.3246589118	0.0770252324037	0.001303214596	0.0757220178077
CNGTCTAC	5	354	314	29	0	7.71611519339	0.0757180156658	0.0	0.0757180156658
AGGNCCCC	11	615	741	62	12	10.4364991401	0.0915805022157	0.0159362549801	0.0756442472356
GCGTTTTA	5	330	326	27	0	7.78654494153	0.0756302521008	0.0	0.0756302521008
TAGGNGTC	7	489	489	40	0	11.6752911219	0.0756143667297	0.0	0.0756143667297
GGNGGCTA	8	489	618	40	0	13.802444573	0.0756143667297	0.0	0.0756143667297
TAGCGGNA	8	406	468	33	0	10.6795463652	0.0751708428246	0.0	0.0751708428246
GTCCGTGA	7	469	395	38	0	9.75129619605	0.0749506903353	0.0	0.0749506903353
GATNGCGT	6	458	439	37	0	10.3246942368	0.0747474747475	0.0	0.0747474747475
TNGCAGGC	5	285	301	23	0	6.79460739306	0.0746753246753	0.0	0.0746753246753
GANCCCTG	13	871	762	93	17	10.4995191028	0.0964730290456	0.0218228498074	0.0746501792382
CGAGGGGT	5	372	382	30	0	8.859980341	0.0746268656716	0.0	0.0746268656716
CGAATCGN	9	596	680	48	0	15.4297063365	0.0745341614907	0.0	0.0745341614907
CCGGNGGA	6	410	462	33	0	10.5123810323	0.0744920993228	0.0	0.0744920993228
NAGCGGGA	5	423	339	34	0	8.24928065174	0.074398249453	0.0	0.074398249453
NGGCAATC	5	275	354	23	1	6.89926269591	0.0771812080537	0.00281690140845	0.0743643066452
CGGCNGGN	72	4521	5253	370	7	85.9448521238	0.0756491515028	0.00133079847909	0.0743183530237
GTCAGCCN	8	472	459	39	1	9.73964003083	0.0763209393346	0.00217391304348	0.0741470262912
TNGGGCGT	10	526	566	43	1	11.632522931	0.0755711775044	0.00176366843034	0.0738075090741
GCTATACG	6	339	427	27	0	9.298908223	0.0737704918033	0.0	0.0737704918033
AGGGTTNC	17	1195	1165	138	36	13.1749481144	0.10352588147	0.029975020816	0.0735508606544
GTGGCTNG	57	3761	4076	309	10	80.2914935063	0.0759213759214	0.00244738130201	0.0734739946194
CTCCCCCT	8	391	462	31	0	10.2147256034	0.0734597156398	0.0	0.0734597156398
CGAGCAGT	5	328	381	26	0	8.46374160349	0.0734463276836	0.0	0.0734463276836
TGTCTGGT	5	303	362	24	0	7.96780418103	0.0733944954128	0.0	0.0733944954128
AGCCTCTA	6	341	418	27	0	9.12690906106	0.0733695652174	0.0	0.0733695652174
GCAAGAAG	5	279	395	22	0	8.20481935283	0.0730897009967	0.0	0.0730897009967
TGTGCGGN	7	395	527	32	1	10.1900093236	0.0749414519906	0.00189393939394	0.0730475125967
GGCTNGGT	17	1003	1097	79	0	24.6644832447	0.0730129390018	0.0	0.0730129390018
CGTAGAAC	8	673	588	53	0	13.8550766445	0.0730027548209	0.0	0.0730027548209
TTGCGGNA	5	267	346	21	0	7.3756706335	0.0729166666667	0.0	0.0729166666667
CGGCGNGN	21	1183	1425	94	1	29.7061058259	0.0736100234926	0.00070126227209	0.0729087612205
GTNGCTCG	17	1108	1162	87	0	26.3267100084	0.0728033472803	0.0	0.0728033472803
GCGGTNGA	5	293	326	23	0	7.26359028719	0.0727848101266	0.0	0.0727848101266
GCGGAGNT	11	704	831	55	0	18.1240215111	0.0724637681159	0.0	0.0724637681159
ACCAGGGT	7	335	330	26	0	7.48807376277	0.0720221606648	0.0	0.0720221606648
ATCCCCTG	8	516	492	40	0	11.1909094576	0.0719424460432	0.0	0.0719424460432
GNCGGGGT	6	424	431	34	1	8.76428292369	0.0742358078603	0.00231481481481	0.0719209930454
GCAGGAAT	7	450	436	36	1	8.86819097072	0.0740740740741	0.00228832951945	0.0717857445546
CGGNNCGT	10	673	717	52	0	15.7479908001	0.071724137931	0.0	0.071724137931
ACAGAGAC	4	298	411	23	0	8.4330570194	0.0716510903427	0.0	0.0716510903427
CTAANCCG	5	480	428	37	0	9.69115371518	0.0715667311412	0.0	0.0715667311412
TCGGATTC	6	519	402	40	0	9.48127620541	0.0715563506261	0.0	0.0715563506261
TTCGTGGA	6	339	435	27	1	8.2242081053	0.0737704918033	0.00229357798165	0.0714769138216
GNCTGGGC	5	338	346	26	0	7.64144547674	0.0714285714286	0.0	0.0714285714286
TCNGCGGT	4	286	327	22	0	7.08668075038	0.0714285714286	0.0	0.0714285714286
CCGNGGGN	8	481	588	37	0	12.496270358	0.0714285714286	0.0	0.0714285714286
AACAGGGT	6	391	503	30	0	10.4946292372	0.0712589073634	0.0	0.0712589073634
NGGGNTCC	18	1276	1367	113	14	20.4637160905	0.0813534917207	0.0101375814627	0.071215910258
TGGCGGNA	23	1540	1577	118	0	35.0571294799	0.0711700844391	0.0	0.0711700844391
TTCGGAGT	5	353	345	27	0	7.7448719633	0.0710526315789	0.0	0.0710526315789
TNGCGTGC	5	340	341	26	0	7.56714966197	0.0710382513661	0.0	0.0710382513661
GTGGCNTG	34	2187	2607	174	7	47.3685043742	0.0736975857687	0.0026778882938	0.0710196974749
TNNCCGGG	15	1020	984	85	6	17.2032528997	0.0769230769231	0.00606060606061	0.0708624708625
CTNGCGGA	6	341	391	26	0	8.39557323297	0.0708446866485	0.0	0.0708446866485
GGGGGGGT	160	9610	11049	781	49	158.182713007	0.0751611971899	0.00441520994774	0.0707459872421
GGGGATTC	15	972	1116	76	2	21.6315373687	0.0725190839695	0.00178890876565	0.0707301752038
TGGCGNGA	20	1520	1327	117	1	29.0892450675	0.0714722052535	0.000753012048193	0.0707191932053
GGCTGNCT	5	408	360	31	0	8.24798701404	0.0706150341686	0.0	0.0706150341686
GGGGTTTC	5	330	411	26	1	7.71358386173	0.0730337078652	0.00242718446602	0.0706065233991
GNACCCTG	13	908	744	93	17	9.61994043491	0.0929070929071	0.0223390275953	0.0705680653118
TTAAGGCC	13	720	795	64	9	11.4796822001	0.0816326530612	0.0111940298507	0.0704386232105
GCGTAGGT	9	859	776	65	0	17.4332437646	0.0703463203463	0.0	0.0703463203463
GCGGGAAN	44	3140	3063	242	4	62.6836885013	0.0715552927262	0.00130420606456	0.0702510866616
CTGTTTAG	7	384	446	30	1	8.43214242288	0.0724637681159	0.00223713646532	0.0702266316506
GGCTTGTC	11	715	840	54	0	17.7509833062	0.0702210663199	0.0	0.0702210663199
TGTTGCGT	5	281	413	22	1	7.2781874576	0.0726072607261	0.0024154589372	0.0701918017889
NGGCTGGT	90	5934	6309	453	6	97.923005422	0.0709253170503	0.000950118764846	0.0699751982854
TGGGGGGT	46	2845	3268	222	8	59.8338561062	0.072383436583	0.002442002442	0.069941434141
CCGGNTTG	8	507	670	39	1	12.5465540361	0.0714285714286	0.00149031296572	0.0699382584628
GGAGGGGT	21	1552	1695	122	5	31.0286120064	0.0728793309438	0.00294117647059	0.0699381544733
TAACCTGC	7	532	625	40	0	13.1481035501	0.0699300699301	0.0	0.0699300699301
GTTCTGGA	10	628	783	48	1	15.0128166884	0.0710059171598	0.00127551020408	0.0697304069557
TAAGGGGT	7	454	465	34	0	10.0624814296	0.0696721311475	0.0	0.0696721311475
AGNCCGAG	5	321	383	25	1	6.96594349977	0.0722543352601	0.00260416666667	0.0696501685934
CGGCTCNT	11	708	831	53	0	17.4146229562	0.0696452036794	0.0	0.0696452036794
NCGGCTTG	33	2115	2484	167	9	42.7125995906	0.0731814198072	0.00361010830325	0.0695713115039
TGAACCCC	8	521	576	40	1	11.2318258145	0.0713012477718	0.00173310225303	0.0695681455188
NTGGCGGA	5	308	368	23	0	7.64776713664	0.0694864048338	0.0	0.0694864048338
CATTGAGT	7	389	471	29	0	9.73529996333	0.0693779904306	0.0	0.0693779904306
ACNGGGGT	20	1289	1474	100	4	26.5218761675	0.0719942404608	0.00270635994587	0.0692878805149
GGGNGCTA	8	510	564	39	1	10.9304729295	0.0710382513661	0.00176991150442	0.0692683398617
TGNCGCCA	5	336	374	25	0	7.90960020978	0.0692520775623	0.0	0.0692520775623
TGTCGCCA	5	336	374	25	0	7.90960020978	0.0692520775623	0.0	0.0692520775623
CTTACTAG	6	391	460	30	1	8.46876935211	0.0712589073634	0.00216919739696	0.0690897099665
GACNGGGT	8	525	539	40	1	10.5639457824	0.070796460177	0.00185185185185	0.0689446083251
TTGCGCGN	12	743	840	56	1	16.3270184532	0.0700876095119	0.00118906064209	0.0688985488698
TGNCNGGC	10	647	621	49	1	12.5034275093	0.0704022988506	0.0016077170418	0.0687945818088
TGCGNGGT	8	444	425	34	1	8.26414180333	0.071129707113	0.00234741784038	0.0687822892726
GGNCACTG	8	474	578	35	0	11.8121802019	0.0687622789784	0.0	0.0687622789784
CTAAGCGT	5	298	390	22	0	7.79241053449	0.06875	0.0	0.06875
TGGCNGGA	68	4401	4911	330	5	95.3902130303	0.0697526949905	0.00101708706265	0.0687356079278
TTCNCCCG	8	448	512	37	4	7.73392765888	0.0762886597938	0.0077519379845	0.0685367218093
GGCNGGNC	6	340	489	25	0	9.44030271908	0.0684931506849	0.0	0.0684931506849
GACCCNCT	7	450	538	33	0	10.9863598653	0.0683229813665	0.0	0.0683229813665
TACCGTGA	8	491	543	36	0	11.3452943783	0.0683111954459	0.0	0.0683111954459
CGCACNCC	8	424	495	37	6	6.80484659797	0.0802603036876	0.0119760479042	0.0682842557834
GATCACAC	9	587	660	43	0	13.7132917199	0.068253968254	0.0	0.068253968254
CGGCAGNT	34	2126	2480	158	3	46.7255754173	0.069176882662	0.0012082158679	0.0679686667941
NTGCGCGT	8	414	564	31	1	10.0211148825	0.0696629213483	0.00176991150442	0.0678930098439
CACGATGT	9	692	611	53	2	11.5922825532	0.0711409395973	0.00326264274062	0.0678782968567
GAACGGGT	6	400	475	33	4	7.07230358829	0.0762124711316	0.00835073068894	0.0678617404427
GGCTAGGN	9	445	634	34	2	10.4204393023	0.0709812108559	0.00314465408805	0.0678365567679
GGCNNGGC	6	330	400	24	0	8.06653773947	0.0677966101695	0.0	0.0677966101695
NGTCGAGT	5	317	386	23	0	7.75513438059	0.0676470588235	0.0	0.0676470588235
CATTACCG	7	429	553	32	1	9.95277225644	0.0694143167028	0.00180505415162	0.0676092625512
GGCNGNGC	6	360	398	26	0	8.19292216312	0.0673575129534	0.0	0.0673575129534
TGNCTCGA	8	584	675	43	1	12.4125417226	0.0685805422648	0.00147928994083	0.0671012523239
CGAGGTTA	7	417	474	31	1	8.65460093427	0.0691964285714	0.00210526315789	0.0670911654135
ACNGCTCG	21	1189	1765	87	2	30.4498249145	0.0681818181818	0.00113186191285	0.067049956269
CNCTACCC	11	769	817	65	9	11.2763226018	0.0779376498801	0.0108958837772	0.0670417661029
TTTCGCTC	9	571	538	41	0	11.4290946237	0.0669934640523	0.0	0.0669934640523
CGGNTCGN	11	698	821	52	2	14.4702607501	0.0693333333333	0.00243013365735	0.066903199676
CGAANCGA	10	670	766	48	0	15.4990178433	0.066852367688	0.0	0.066852367688
GGACCNGA	6	363	555	26	0	10.2307399934	0.0668380462725	0.0	0.0668380462725
GATTCCTG	7	361	576	28	3	8.29815841905	0.0719794344473	0.00518134715026	0.066798087297
GGGGGCTN	8	545	494	39	0	10.6187818677	0.0667808219178	0.0	0.0667808219178
CTNGCGGT	9	607	538	46	2	9.74371416579	0.0704441041348	0.0037037037037	0.0667404004311
CCCTCCTA	6	406	425	29	0	8.61595977234	0.0666666666667	0.0	0.0666666666667
CGAAGAGT	6	365	460	26	0	8.98313257551	0.0664961636829	0.0	0.0664961636829
ACGACGGT	12	853	754	62	1	15.0954779892	0.0677595628415	0.00132450331126	0.0664350595303
ACTCTTAG	7	464	581	33	0	11.3535546068	0.0663983903421	0.0	0.0663983903421
ATTCCCGT	9	450	521	32	0	10.4240500862	0.0663900414938	0.0	0.0663900414938
ACTGGTGT	4	338	445	24	0	8.54449066564	0.0662983425414	0.0	0.0662983425414
CCGGATTA	5	324	385	23	0	7.62823213504	0.0662824207493	0.0	0.0662824207493
GNGGCNCG	19	1210	1210	87	1	23.8472891873	0.0670778720123	0.000825763831544	0.0662521081808
GGGTAAGT	6	409	415	29	0	8.51875387878	0.0662100456621	0.0	0.0662100456621
TGGCNCGA	8	594	598	42	0	12.3558539353	0.0660377358491	0.0	0.0660377358491
AACCGNGA	7	396	573	28	0	10.6268586474	0.0660377358491	0.0	0.0660377358491
GCAGGCNA	6	327	407	23	0	7.87991793935	0.0657142857143	0.0	0.0657142857143
CCGANAGT	5	313	345	22	0	6.92118702568	0.065671641791	0.0	0.065671641791
GTGGCTNA	14	879	995	81	19	10.9834923942	0.084375	0.0187376725838	0.0656373274162
GGCTTGGT	7	470	449	33	0	9.10020651329	0.065606361829	0.0	0.065606361829
AGTGGGGT	10	667	653	48	1	12.3484786752	0.0671328671329	0.00152905198777	0.0656038151451
GAGTCNGT	9	643	685	45	0	13.5668284779	0.0654069767442	0.0	0.0654069767442
CTCATCCG	6	443	446	31	0	9.0841496641	0.0654008438819	0.0	0.0654008438819
ACNCCCCT	6	358	496	25	0	9.21780575193	0.065274151436	0.0	0.065274151436
NCGGNTCG	11	689	811	51	3	13.1232461923	0.0689189189189	0.0036855036855	0.0652334152334
NCGACGGT	13	885	805	63	1	15.5607807492	0.0664556962025	0.00124069478908	0.0652150014134
NCTGCGGT	5	330	355	23	0	7.11318051949	0.0651558073654	0.0	0.0651558073654
GGCTTTTG	8	531	606	39	2	10.0108661487	0.0684210526316	0.00328947368421	0.0651315789474
GTGNCCGT	11	777	824	54	0	16.3309561657	0.0649819494585	0.0	0.0649819494585
CGGCTNGT	13	763	936	53	0	17.9923386152	0.0649509803922	0.0	0.0649509803922
AAGGTCGA	6	389	395	27	0	7.92058627417	0.0649038461538	0.0	0.0649038461538
GTCCGNGA	8	548	472	38	0	9.88958630652	0.0648464163823	0.0	0.0648464163823
CTGAGGGN	11	707	850	49	0	16.4031970228	0.0648148148148	0.0	0.0648148148148
GNCTAGAG	5	303	368	21	0	7.0752861611	0.0648148148148	0.0	0.0648148148148
CGNGGGGA	6	320	410	23	1	6.90416209079	0.067055393586	0.00243309002433	0.0646223035617
CTANACCG	6	536	421	37	0	8.99657841796	0.064572425829	0.0	0.064572425829
GGCTNCTA	6	392	446	27	0	8.69333466173	0.0644391408115	0.0	0.0644391408115
AGGGACAG	8	480	521	33	0	10.2779200199	0.0643274853801	0.0	0.0643274853801
GCAGGTGA	7	539	608	37	0	11.8446498875	0.0642361111111	0.0	0.0642361111111
GNGTCCGT	15	1080	1078	74	0	21.5408825626	0.0641247833622	0.0	0.0641247833622
TAGGCGGN	7	453	458	31	0	9.10654460273	0.0640495867769	0.0	0.0640495867769
AGAGTCGN	6	322	458	22	0	8.25923421939	0.0639534883721	0.0	0.0639534883721
TACAGAGT	16	1040	946	71	0	19.1818812639	0.0639063906391	0.0	0.0639063906391
GGGGTTTA	36	2372	2467	189	25	31.9203389983	0.0737992971496	0.0100321027287	0.0637671944208
TNTCAGGC	8	558	560	38	0	11.1533302166	0.0637583892617	0.0	0.0637583892617
GNCCAAGG	13	858	846	63	4	13.6042277904	0.0684039087948	0.00470588235294	0.0636980264418
GCCCNNGG	14	859	873	64	5	13.2644371131	0.0693391115926	0.00569476082005	0.0636443507726
GGGNGAGT	18	1162	1287	81	2	22.4775355943	0.065164923572	0.00155159038014	0.0636133331919
NCGGGAAC	50	3321	3398	230	4	61.798629013	0.0647704871867	0.00117577895356	0.0635947082332
GTCGTGGT	9	840	826	57	0	16.3593306334	0.0635451505017	0.0	0.0635451505017
NCCCAAGG	13	880	744	65	4	11.9930788349	0.0687830687831	0.00534759358289	0.0634354752002
ACGCNNCG	7	444	519	33	3	7.73592333994	0.0691823899371	0.00574712643678	0.0634352635003
GTNGCTTG	25	1570	1877	111	5	30.0900397158	0.0660321237359	0.00265674814028	0.0633753755956
ACGACNGT	8	515	562	40	5	7.72134637255	0.0720720720721	0.00881834215168	0.0632537299204
TCATGGGT	7	548	527	37	0	10.3005934508	0.0632478632479	0.0	0.0632478632479
TGTCGCAT	11	638	731	45	2	12.0705701428	0.0658857979502	0.00272851296044	0.0631572849898
GGGAGAAC	13	931	936	65	2	16.2539024111	0.0652610441767	0.00213219616205	0.0631288480147
GGGAAGGT	16	1219	1120	82	0	22.4606245719	0.0630284396618	0.0	0.0630284396618
GCGGGANT	5	372	362	25	0	7.15958941494	0.0629722921914	0.0	0.0629722921914
AAAGGCGT	10	652	609	45	1	11.2005510541	0.06456241033	0.0016393442623	0.0629230660677
GAGACAAG	56	3486	3849	237	3	69.1659204299	0.0636583400483	0.000778816199377	0.062879523849
TTCGGTTC	9	581	615	40	1	10.6816762322	0.0644122383253	0.00162337662338	0.0627888617019
ACGACTGN	14	772	905	76	25	8.08796607044	0.0896226415094	0.0268817204301	0.0627409210793
TTTTTTNG	38745	2334626	2723442	194708	39559	9223372036854775807	0.0769799480812	0.014317403432	0.0626625446492
TGCAAGGT	23	1333	1524	91	2	26.3027241051	0.063904494382	0.00131061598952	0.0625938783925
TNGCGGGN	78	4898	5360	332	5	73.977867185	0.0634799235182	0.000931966449208	0.062547957069
CCGGAGNT	7	435	493	29	0	9.31935795621	0.0625	0.0	0.0625
CANCGGGT	10	641	642	45	2	10.7751648904	0.0655976676385	0.00310559006211	0.0624920775764
AAAGCGGN	9	526	542	35	0	10.4001231628	0.0623885918004	0.0	0.0623885918004
GGACACNG	8	527	610	35	0	11.4185214582	0.0622775800712	0.0	0.0622775800712
GGGGTGTA	8	500	625	35	2	9.58224209529	0.0654205607477	0.00318979266348	0.0622307680842
TAGGGGTN	10	604	794	40	0	14.2542692467	0.0621118012422	0.0	0.0621118012422
TGGCTGGN	107	6872	7791	461	6	106.771542457	0.0628664939315	0.000769526741054	0.0620969671905
ATTGACCC	12	632	712	57	15	7.08897207497	0.0827285921626	0.0206327372765	0.0620958548861
GCNAGGGT	12	735	713	58	8	9.23182710187	0.0731399747793	0.0110957004161	0.0620442743632
TGCCCCTA	8	497	531	36	3	7.94876111977	0.0675422138837	0.00561797752809	0.0619242363556
TTAGCGTA	5	327	521	23	2	7.24608787278	0.0657142857143	0.0038240917782	0.0618901939361
GTGCCGGN	6	349	461	23	0	8.2207476655	0.0618279569892	0.0	0.0618279569892
GNGNCTCG	21	1296	1228	89	3	20.8944450896	0.0642599277978	0.00243704305443	0.0618228847434
CAGGCTNG	10	577	701	38	0	12.827083018	0.0617886178862	0.0	0.0617886178862
TTTTTTTC	38887	2426273	2753244	228656	68732	9223372036854775807	0.0861250903508	0.0243559831834	0.0617691071674
TAAACGGT	11	741	674	50	1	12.2390245767	0.063211125158	0.00148148148148	0.0617296436765
GAGGGNGT	9	617	808	43	3	11.6666000742	0.0651515151515	0.00369913686806	0.0614523782835
NCGGATTC	7	611	484	40	0	9.82574322896	0.0614439324117	0.0	0.0614439324117
TTTCGGGT	18	1124	1400	79	6	20.0283839463	0.0656691604323	0.00426742532006	0.0614017351122
GGCNAGGT	16	1010	1132	70	4	17.3579757138	0.0648148148148	0.00352112676056	0.0612936880543
GACCCCCN	7	506	447	33	0	8.82366760676	0.0612244897959	0.0	0.0612244897959
TTTCCCCG	9	492	598	33	1	9.86865662475	0.0628571428571	0.0016694490818	0.0611876937753
TNTCCCCG	9	492	598	33	1	9.86865662475	0.0628571428571	0.0016694490818	0.0611876937753
TCGCCTTG	5	323	379	21	0	6.91737467227	0.0610465116279	0.0	0.0610465116279
AACCTTTG	14	909	1098	60	1	18.6589108961	0.061919504644	0.00090991810737	0.0610095865366
TTTCACCG	11	648	719	42	0	13.3076978796	0.0608695652174	0.0	0.0608695652174
GNGCCGGT	8	386	452	25	0	8.22530048427	0.0608272506083	0.0	0.0608272506083
CNTGCGGT	9	618	528	44	3	8.24785018394	0.0664652567976	0.00564971751412	0.0608155392835
GTGGGGGA	15	957	1073	68	6	15.0399180886	0.0663414634146	0.00556070435589	0.0607807590587
GTTACGGN	5	419	418	27	0	7.85823780773	0.0605381165919	0.0	0.0605381165919
GGCAAGGT	8	557	555	37	1	9.53357802696	0.0622895622896	0.00179856115108	0.0604910011385
TTTTNTTG	39156	2398787	2764091	194029	40236	9223372036854775807	0.0748333086497	0.0143478274823	0.0604854811674
GGNGGGGC	14	918	966	59	0	17.8292856889	0.0603889457523	0.0	0.0603889457523
CNCTGCCT	12	545	609	36	1	10.1087505084	0.0619621342513	0.0016393442623	0.060322789989
TACGTAGT	6	376	452	25	1	6.9612935283	0.0623441396509	0.00220750551876	0.0601366341321
GAGGACGT	6	391	456	25	0	8.20427550035	0.0600961538462	0.0	0.0600961538462
AAACGCAC	6	423	497	28	1	7.84494188546	0.0620842572062	0.00200803212851	0.0600762250777
GCGGGNNC	48	3189	3042	205	1	56.2353393578	0.0604007071302	0.000328623069339	0.0600720840609
ATATCGGT	7	577	542	38	1	9.31659121971	0.0617886178862	0.00184162062615	0.05994699726
TNGCTCGA	11	662	783	44	2	12.059846286	0.0623229461756	0.00254777070064	0.059775175475
ACGTCACT	6	362	388	23	0	7.11011049988	0.0597402597403	0.0	0.0597402597403
CTCAAAAC	11	685	705	49	5	9.5944598572	0.066757493188	0.00704225352113	0.0597152396669
GCCTNGCN	5	315	411	20	0	7.09353225228	0.0597014925373	0.0	0.0597014925373
TTCNGAGC	6	441	549	28	0	9.61844313418	0.0597014925373	0.0	0.0597014925373
GCNCCCAA	12	716	711	58	11	7.74062979513	0.0749354005168	0.0152354570637	0.0596999434531
GCTCAGGT	8	535	580	35	1	9.61273726625	0.0614035087719	0.00172117039587	0.0596823383761
CCCTNCCC	14	834	852	64	10	10.006209146	0.0712694877506	0.0116009280742	0.0596685596763
GCGGGNGA	12	725	793	46	0	14.4349816434	0.0596627756161	0.0	0.0596627756161
NTTGGCGA	9	618	582	39	0	10.8465597342	0.0593607305936	0.0	0.0593607305936
NCGGCTTA	7	385	579	25	1	8.55805943135	0.0609756097561	0.00172413793103	0.0592514718251
TGCNAGAG	26	2219	2268	165	23	26.8903232724	0.069211409396	0.0100392841554	0.0591721252406
GTCTGCNA	10	684	677	43	0	12.5408331545	0.0591471801926	0.0	0.0591471801926
CCCGTTTC	6	460	472	30	1	7.6592062485	0.0612244897959	0.00211416490486	0.0591103248911
TTGNGTCG	8	575	564	36	0	10.4236710533	0.0589198036007	0.0	0.0589198036007
GTTAATGG	21	1794	1684	152	33	16.4063528343	0.0781089414183	0.0192195690157	0.0588893724026
AAGGGGNC	9	608	696	38	0	12.318142349	0.0588235294118	0.0	0.0588235294118
GNCNGGGC	7	416	516	26	0	8.91152426441	0.0588235294118	0.0	0.0588235294118
GNGGCTTG	43	3031	3201	200	10	47.5014882412	0.0619003404519	0.00311429461227	0.0587860458396
GGNTGGCT	8	594	627	37	0	11.0708127539	0.0586370839937	0.0	0.0586370839937
ANGGCTCG	29	1897	2233	120	2	36.3585839077	0.0594942984631	0.00089485458613	0.0585994438769
CGAGGGGN	7	482	527	30	0	9.41307368353	0.05859375	0.0	0.05859375
GGCNTCTA	6	434	427	27	0	7.80233212725	0.058568329718	0.0	0.058568329718
GCCCNANG	16	940	936	63	4	13.7023752423	0.0628115653041	0.00425531914894	0.0585562461552
ACCGAATG	6	386	509	24	0	8.57930909865	0.0585365853659	0.0	0.0585365853659
TTTTCCCG	16	1059	1062	68	2	17.0976974419	0.0603371783496	0.00187969924812	0.0584574791015
GCTGTTCC	11	631	783	51	13	7.59048306952	0.074780058651	0.0163316582915	0.0584484003596
GGAGGAGT	8	548	611	34	0	10.8191262591	0.0584192439863	0.0	0.0584192439863
TAACCANT	192	20083	16192	1560	225	155.773199558	0.0720787321536	0.013705305476	0.0583734266776
GTNCCGGT	5	339	392	21	0	6.85411465889	0.0583333333333	0.0	0.0583333333333
GGNAGCAG	7	436	509	27	0	8.87373470099	0.0583153347732	0.0	0.0583153347732
TNGCGCGA	7	451	457	29	1	7.33005110462	0.0604166666667	0.00218340611354	0.0582332605531
GGGANCGA	12	728	781	47	2	12.0250418897	0.0606451612903	0.00255427841635	0.058090882874
GNTACGGT	6	471	491	29	0	8.59684087007	0.058	0.0	0.058
GNAGGGTC	8	488	600	30	0	10.2247106924	0.0579150579151	0.0	0.0579150579151
GGGNGGGA	141	9204	10122	645	78	105.802064365	0.06548888212	0.00764705882353	0.0578418232965
CAGCACGT	6	345	470	22	1	6.91014491164	0.0599455040872	0.00212314225053	0.0578223618367
GNAGCGGT	55	3506	4011	221	6	62.0706954781	0.0592970217333	0.00149365197909	0.0578033697542
TGGTTGGC	6	424	406	26	0	7.38726042442	0.0577777777778	0.0	0.0577777777778
TGGAGTGA	8	457	632	28	0	10.3415971422	0.0577319587629	0.0	0.0577319587629
TTGGGGCA	15	882	1002	54	0	17.4215311332	0.0576923076923	0.0	0.0576923076923
GGAACGGT	8	572	614	35	0	10.843799406	0.0576606260297	0.0	0.0576606260297
TTCTCAGA	6	474	446	29	0	7.86707144385	0.0576540755467	0.0	0.0576540755467
TGGGAGGA	15	854	1000	57	5	13.2834673546	0.0625686059276	0.00497512437811	0.0575934815494
TGTGCCGT	6	393	428	24	0	7.51111351262	0.0575539568345	0.0	0.0575539568345
CNGCGGGN	25	1575	1966	97	1	31.6947163972	0.058014354067	0.000508388408744	0.0575059656582
GGGCNGGA	7	459	533	28	0	9.17120461411	0.0574948665298	0.0	0.0574948665298
NAGACGGT	9	558	641	35	1	9.9291821825	0.0590219224283	0.00155763239875	0.0574642900296
CGTAGTGN	6	471	618	33	5	7.24205797112	0.0654761904762	0.00802568218299	0.0574505082932
GAGGTGNC	8	542	614	35	2	8.80511482123	0.0606585788562	0.00324675324675	0.0574118256094
ATCCCCNG	10	657	652	40	0	11.6861176105	0.0573888091822	0.0	0.0573888091822
TCGAATTG	18	1253	1505	79	3	22.2657007498	0.0593093093093	0.00198938992042	0.0573199193889
CCTGTTTG	10	592	643	38	2	9.49291582912	0.0603174603175	0.0031007751938	0.0572166851237
CGNCAGGT	61	4186	4383	269	14	62.6132902867	0.0603815937149	0.00318398908347	0.0571976046315
TTTTGCCG	13	889	957	57	3	13.975526699	0.0602536997886	0.003125	0.0571286997886
CCNACCAC	12	815	851	58	8	10.0303743892	0.0664375715922	0.0093131548312	0.057124416761
CNGTGCGT	10	711	674	43	0	12.0447099132	0.0570291777188	0.0	0.0570291777188
GCGGTGGN	7	397	530	24	0	8.65663570213	0.0570071258907	0.0	0.0570071258907
GNGATCGA	12	778	811	47	0	14.1073766816	0.0569696969697	0.0	0.0569696969697
NGCGGGGN	38	2570	2870	157	2	46.4168260143	0.0575724239091	0.000696378830084	0.056876045079
TGGGACGT	6	398	450	24	0	7.71565015079	0.0568720379147	0.0	0.0568720379147
GAAGGGGT	19	1245	1276	76	1	21.1712532009	0.0575321725965	0.000783085356304	0.0567490872402
NAAGGCGT	14	879	900	55	2	13.8064167443	0.058886509636	0.00221729490022	0.0566692147358
NGCGTGGT	9	567	573	34	0	10.015652246	0.0565723793677	0.0	0.0565723793677
ACGCAANG	8	499	547	34	4	6.81448634869	0.0637898686679	0.00725952813067	0.0565303405372
ANCGCCTA	12	720	865	45	2	12.489663657	0.0588235294118	0.00230680507497	0.0565167243368
GNCCCCCT	20	1171	1341	71	1	21.464367222	0.0571658615137	0.000745156482861	0.0564207050308
TCTGGGTC	6	368	396	22	0	6.82915618803	0.0564102564103	0.0	0.0564102564103
TNGGGGTC	11	670	757	41	1	11.7068583251	0.0576652601969	0.00131926121372	0.0563459989832
GNCCGTGA	9	654	542	39	0	9.96567278816	0.0562770562771	0.0	0.0562770562771
ACTTAACC	21	1439	1454	108	20	14.8565198674	0.0698125404008	0.0135685210312	0.0562440193696
NTTTTTTG	39583	2444740	2808517	186103	41465	9223372036854775807	0.0707389228472	0.0145492146968	0.0561897081504
GANCCCNG	18	1227	1168	93	17	11.8834813543	0.0704545454545	0.0143459915612	0.0561085538934
NCCCNGGG	18	1325	1431	86	7	18.6748200919	0.0609496810773	0.00486787204451	0.0560818090327
GGGTGAGN	8	552	498	34	1	8.02137416111	0.0580204778157	0.00200400801603	0.0560164697997
CNCCGGGT	6	388	480	23	0	7.87681166798	0.0559610705596	0.0	0.0559610705596
CGGCGGNN	14	915	1061	61	7	12.8207550246	0.0625	0.0065543071161	0.0559456928839
CNGGCTTG	31	2042	2174	122	1	35.8123436616	0.0563770794824	0.000459770114943	0.0559173093675
GGGGANAG	12	862	906	53	2	13.3727781951	0.0579234972678	0.00220264317181	0.055720854096
GTGCGGTA	6	407	429	24	0	7.06631814519	0.0556844547564	0.0	0.0556844547564
GNGCGGTA	6	407	429	24	0	7.06631814519	0.0556844547564	0.0	0.0556844547564
TTNCAGGC	10	662	637	39	0	10.8730036086	0.055634807418	0.0	0.055634807418
NAAGCGGA	10	866	790	51	0	13.7959815396	0.0556161395856	0.0	0.0556161395856
TCCCTCGT	7	493	554	29	0	9.2888810199	0.0555555555556	0.0	0.0555555555556
ANTCCCGT	11	562	678	33	0	11.1111988404	0.0554621848739	0.0	0.0554621848739
ACGGTCNT	8	545	505	32	0	8.74252039615	0.0554592720971	0.0	0.0554592720971
TCTGCGGN	6	358	600	21	0	8.80629582942	0.0554089709763	0.0	0.0554089709763
TGTCGGGT	9	532	720	32	1	10.3760944862	0.0567375886525	0.00138696255201	0.0553506261005
NGCAAGAG	31	2365	2407	166	25	25.6721451714	0.0655867246148	0.0102796052632	0.0553071193516
TNTTTTTG	40561	2506911	2862117	188711	42764	9223372036854775807	0.0700064771693	0.0147214292083	0.055285047961
AGTTGGTC	7	396	524	24	1	7.44859536808	0.0571428571429	0.00190476190476	0.0552380952381
NCAATCCC	13	883	926	58	6	11.3497992721	0.0616365568544	0.00643776824034	0.0551987886141
TAGNCGGT	16	1079	1169	65	2	17.4662499772	0.0568181818182	0.00170794192997	0.0551102398882
ACNAGGCC	15	947	926	77	19	8.18973471543	0.0751953125	0.0201058201058	0.0550894923942
NGGGTNCC	24	1702	1810	115	15	20.4834236072	0.0632911392405	0.00821917808219	0.0550719611583
GCACATTG	7	429	514	25	0	8.37702697958	0.0550660792952	0.0	0.0550660792952
NGGCAGGA	37	2554	2718	155	6	39.1641691726	0.0572166851237	0.00220264317181	0.0550140419519
CGNNGCGT	9	563	567	35	2	8.05749238844	0.0585284280936	0.00351493848858	0.0550134896051
ACNCGAGT	8	481	541	28	0	8.97596508693	0.0550098231827	0.0	0.0550098231827
GTNNGCCG	8	582	564	35	1	8.53722996394	0.0567260940032	0.00176991150442	0.0549561824988
NCGAGGGT	10	922	846	56	2	12.8601207322	0.0572597137014	0.00235849056604	0.0549012231354
CCCTANCC	13	916	870	65	10	9.46274104017	0.0662589194699	0.0113636363636	0.0548952831063
CGTCAGGT	19	1243	1454	75	3	20.6425474871	0.056904400607	0.00205902539465	0.0548453752123
ACCGNGGT	16	933	1077	58	4	14.116961931	0.058526740666	0.00370027752081	0.0548264631452
CCTTAAAC	12	776	908	45	0	14.8379200204	0.0548112058465	0.0	0.0548112058465
TTTTTNTG	44854	2739296	3143599	200235	42838	9223372036854775807	0.0681180093015	0.0134438559432	0.0546741533583
TTATCTCG	12	786	732	49	3	10.1588033629	0.0586826347305	0.00408163265306	0.0546010020775
NTCTGGGC	11	605	834	39	5	9.51277734512	0.0605590062112	0.00595947556615	0.054599530645
TGTCTGGA	7	433	466	25	0	7.76757955651	0.0545851528384	0.0	0.0545851528384
CGNCGGGN	41	2547	2824	148	1	45.1098830818	0.0549165120594	0.000353982300885	0.0545625297585
CACACGGN	98	7221	6900	446	25	76.2897732082	0.0581713838529	0.00361010830325	0.0545612755496
GGGTGNGT	10	609	738	36	1	10.8528208271	0.0558139534884	0.00135317997294	0.0544607735154
TGCAAGNG	30	2381	2308	166	25	24.4136404707	0.0651747153514	0.0107158165452	0.0544588988062
TGGGTGGA	24	1632	1732	95	1	27.5435057992	0.0550086855819	0.000577034045009	0.0544316515369
CACNCCCC	12	826	805	67	17	6.89766778203	0.0750279955207	0.0206812652068	0.0543467303139
CNTCCCCC	24	1330	1441	95	18	14.1975731534	0.0666666666667	0.0123372172721	0.0543294493946
TNCACCCG	8	470	540	27	0	8.78845356046	0.0543259557344	0.0	0.0543259557344
GGGCTGNA	7	469	496	28	1	7.11000198507	0.056338028169	0.00201207243461	0.0543259557344
GNGGGGGC	18	1150	1259	70	4	16.897731402	0.0573770491803	0.00316706254949	0.0542099866308
TCAAACTG	6	337	542	20	1	7.04941088355	0.0560224089636	0.00184162062615	0.0541807883374
GTCCATAC	7	524	573	30	0	9.43053992169	0.0541516245487	0.0	0.0541516245487
TAACCNTT	230	22219	18328	1554	208	167.383693252	0.0653682749337	0.0112214069918	0.0541468679419
GCGNAGGT	26	2009	2092	115	0	34.8576612024	0.054143126177	0.0	0.054143126177
CAATGGGT	13	920	889	56	3	12.464313933	0.0573770491803	0.00336322869955	0.0540138204808
TAGGCNAG	11	701	757	40	0	12.4650941085	0.0539811066127	0.0	0.0539811066127
ACAANGCC	17	1048	1093	79	18	9.89655405281	0.0700976042591	0.016201620162	0.0538959840971
NGTCCCAG	11	773	717	44	0	12.2206372707	0.0538555691554	0.0	0.0538555691554
TACNGAGT	20	1283	1158	73	0	19.6975145276	0.0538348082596	0.0	0.0538348082596
AAGNGGGC	14	879	981	51	1	14.7145407085	0.0548387096774	0.0010183299389	0.0538203797385
NGGGATTG	6	510	429	29	0	7.25848573282	0.0538033395176	0.0	0.0538033395176
CACACNCC	14	869	888	69	18	7.48646376984	0.0735607675906	0.0198675496689	0.0536932179217
CTGTGCGN	10	758	674	43	0	11.3965667311	0.0536828963795	0.0	0.0536828963795
AACGGAGT	9	653	720	38	1	10.6534191624	0.05499276411	0.00138696255201	0.053605801558
GNCTGCTA	12	777	860	44	0	13.9568380731	0.0535931790499	0.0	0.0535931790499
NGAGCAGT	6	424	429	24	0	7.00750599154	0.0535714285714	0.0	0.0535714285714
TTTNTTTG	42435	2627463	2971858	193168	45153	9223372036854775807	0.0684839668854	0.0149661370144	0.053517829871
CCCCCTCT	8	510	521	31	2	7.00325748684	0.0573012939002	0.0038240917782	0.053477202122
AAGGCAAC	12	832	853	47	0	14.023020836	0.0534698521047	0.0	0.0534698521047
GCGGANGT	17	920	1009	54	2	14.2914635256	0.0554414784394	0.00197823936696	0.0534632390725
TGACGAGT	7	443	497	26	1	7.09313520067	0.0554371002132	0.00200803212851	0.0534290680847
CCGCTTNA	8	533	537	30	0	8.80388489135	0.0532859680284	0.0	0.0532859680284
GTCCCNCT	11	575	692	36	4	7.94790727991	0.0589198036007	0.00574712643678	0.0531726771639
AGACTCTA	8	499	567	28	0	9.04752612247	0.0531309297913	0.0	0.0531309297913
ACGACAGN	10	709	647	41	1	9.69270274129	0.0546666666667	0.00154320987654	0.0531234567901
NACACGGT	125	8441	8296	486	11	95.1355665054	0.0544415817184	0.00132418442278	0.0531173972956
CGCNCNCC	34	1892	2227	145	41	17.4258327647	0.0711831124202	0.0180776014109	0.0531055110093
CTCCCCCG	8	503	608	30	2	7.89269369423	0.0562851782364	0.00327868852459	0.0530064897118
ATGCACGA	9	501	555	29	1	7.94692812599	0.0547169811321	0.00179856115108	0.052918419981
GCACGGAT	8	588	567	34	1	8.24034048272	0.0546623794212	0.00176056338028	0.0529018160409
GTCNCGNG	7	394	478	22	0	7.44166859985	0.0528846153846	0.0	0.0528846153846
NGTCGCAT	14	809	982	47	2	13.1487784089	0.0549065420561	0.0020325203252	0.0528740217309
TTTGTCCG	11	656	921	39	3	11.210935364	0.0561151079137	0.00324675324675	0.0528683546669
GAGAGAGT	44	2659	2829	161	12	35.0738697578	0.0570921985816	0.00422386483633	0.0528683337452
CNGGGGGA	9	573	562	33	1	8.32751170724	0.0544554455446	0.00177619893428	0.0526792466103
GCANGGGT	18	1027	1167	61	4	14.8920531262	0.0560661764706	0.00341588385995	0.0526502926106
NTCTGAGC	7	486	526	27	0	8.42987377681	0.0526315789474	0.0	0.0526315789474
CCANCCGT	6	360	475	20	0	7.16735817456	0.0526315789474	0.0	0.0526315789474
GTTTTTCG	13	807	822	47	2	11.4938669679	0.0550351288056	0.00242718446602	0.0526079443396
CGAGGNGT	8	578	569	32	0	9.29090257875	0.0524590163934	0.0	0.0524590163934
TTNCGCGA	8	506	572	28	0	9.01715221133	0.0524344569288	0.0	0.0524344569288
GGCNGGGN	90	5948	6697	336	7	76.2147007244	0.053469127944	0.00104415274463	0.0524249751994
TTTAGGGG	26	1677	1759	114	20	16.9791299791	0.0636515912898	0.0112422709387	0.0524093203511
TGGCTCNA	11	759	824	43	1	12.0649117356	0.0536159600998	0.00121212121212	0.0524038388876
ATGNCGGA	12	796	893	44	0	14.0975358699	0.052380952381	0.0	0.052380952381
TCTCTCNG	9	542	562	31	1	7.96950108253	0.0541012216405	0.00177619893428	0.0523250227062
GACAGCAG	8	561	584	32	1	8.26833840761	0.0539629005059	0.0017094017094	0.0522534987965
GCCCTTNC	8	514	686	30	2	8.61798387543	0.0551470588235	0.00290697674419	0.0522400820793
NAACGGGT	17	1069	1141	61	2	16.1223643798	0.053982300885	0.00174978127734	0.0522325196076
GCGNCTTA	11	742	763	43	2	10.407045581	0.0547770700637	0.00261437908497	0.0521626909787
GGGNGGGT	267	16542	18440	973	63	191.354893246	0.0555523836711	0.00340485326704	0.0521475304041
CGANGCGN	10	618	622	34	0	10.0019780356	0.0521472392638	0.0	0.0521472392638
NAACCATT	241	23127	19862	1556	220	172.452512379	0.0630393388162	0.010955084155	0.0520842546612
AGGGNTCT	14	997	1100	79	24	8.37792222608	0.0734200743494	0.0213523131673	0.0520677611822
TGNAGGGC	10	692	604	38	0	9.9051042512	0.0520547945205	0.0	0.0520547945205
ACGNCGGT	17	1144	1078	64	1	16.3710243363	0.0529801324503	0.000926784059314	0.052053348391
AGCGTTNG	7	492	500	27	0	7.92694977162	0.0520231213873	0.0	0.0520231213873
AATGGCCT	8	565	570	31	0	9.11100989957	0.0520134228188	0.0	0.0520134228188
ACTNCGGT	7	563	530	32	1	7.64184508285	0.053781512605	0.00188323917137	0.0518982734337
ACTTCGGT	7	563	530	32	1	7.64184508285	0.053781512605	0.00188323917137	0.0518982734337
GNCNGCGT	9	616	595	36	2	7.89892063034	0.0552147239264	0.00335008375209	0.0518646401743
GTCGNGGT	14	1190	1173	65	0	18.7267461557	0.0517928286853	0.0	0.0517928286853
TGGCAGNT	172	11332	12239	635	16	135.726017167	0.0530625887858	0.00130558955528	0.0517569992305
TGCGTGGN	10	605	598	33	0	9.61013923072	0.051724137931	0.0	0.051724137931
CCGCTTCA	6	422	500	23	0	7.65662939007	0.0516853932584	0.0	0.0516853932584
CACGAAAG	8	625	544	34	0	9.03546357514	0.051593323217	0.0	0.051593323217
CTCCTAAC	9	589	548	32	0	8.74174008095	0.0515297906602	0.0	0.0515297906602
GANTCCGT	11	792	775	43	0	12.4772448422	0.051497005988	0.0	0.051497005988
AGGNCGAC	9	596	752	35	3	8.96831741619	0.0554675118859	0.00397350993377	0.0514940019521
TAAGAGGT	9	645	567	35	0	9.36727109855	0.0514705882353	0.0	0.0514705882353
GGAAGCNG	8	498	586	27	0	8.94703631629	0.0514285714286	0.0	0.0514285714286
NGGCAGGN	336	21875	24301	1234	48	260.281717517	0.0533991085724	0.00197133352499	0.0514277750474
ANGCGGGN	19	1362	1289	75	1	19.5685459104	0.0521920668058	0.00077519379845	0.0514168730074
GNTNGCCG	9	625	615	35	1	8.91358942117	0.0530303030303	0.00162337662338	0.0514069264069
GANCGGGT	10	698	742	42	4	8.82682863728	0.0567567567568	0.00536193029491	0.0513948264619
TACATCCC	21	1374	1406	94	18	12.9290819341	0.0640326975477	0.0126404494382	0.0513922481095
TGNCGGGA	20	1496	1429	81	0	23.1170268404	0.0513633481294	0.0	0.0513633481294
CGTAAAAG	9	665	717	36	0	11.2169814319	0.0513552068474	0.0	0.0513552068474
ANTGGGGC	9	647	558	35	0	9.0155627283	0.0513196480938	0.0	0.0513196480938
GTGCAATG	7	447	577	25	1	7.65815361604	0.0529661016949	0.00173010380623	0.0512359978887
NGNCGGGT	148	9186	10269	513	19	110.046398419	0.0528920507269	0.0018468118196	0.0510452389073
TCTAAGAT	11	688	801	37	0	12.1737613205	0.0510344827586	0.0	0.0510344827586
CGCGTATA	7	465	509	25	0	7.87317736103	0.0510204081633	0.0	0.0510204081633
GNGTCCGN	12	837	719	45	0	11.8209181116	0.0510204081633	0.0	0.0510204081633
AAGACAGT	13	891	900	49	1	13.1179804519	0.0521276595745	0.00110987791343	0.051017781661
ACCNGGGT	17	1062	1236	59	2	16.6070253147	0.0526315789474	0.0016155088853	0.0510160700621
TTNTTTTG	43532	2726021	3080774	190535	44827	9223372036854775807	0.0653287644743	0.0143418817693	0.050986882705
ACGNGGGT	6	577	591	31	0	9.16243198056	0.0509868421053	0.0	0.0509868421053
TTAACGTG	11	662	595	38	2	7.93772329177	0.0542857142857	0.00335008375209	0.0509356305336
GTTNCGGT	6	504	464	27	0	7.24561189684	0.0508474576271	0.0	0.0508474576271
AACCTACG	7	504	467	27	0	7.24647878232	0.0508474576271	0.0	0.0508474576271
GCCCTTTA	14	906	943	56	7	10.121686181	0.0582120582121	0.00736842105263	0.0508436371594
TTTGCGCA	8	506	614	28	1	8.27279891482	0.0524344569288	0.00162601626016	0.0508084406687
GCAGCGNT	55	3538	3951	194	5	53.8066071598	0.0519828510182	0.00126390293225	0.050718948086
CAGTGTTC	9	689	636	38	1	9.23990850885	0.0522696011004	0.00156985871272	0.0506997423877
NCCAGGGT	11	657	740	38	3	8.7337685982	0.0546762589928	0.00403768506057	0.0506385739322
AGGCGNGN	23	1389	1480	74	0	22.8760284671	0.0505809979494	0.0	0.0505809979494
NTCGGAGT	8	526	461	28	0	7.42698948411	0.0505415162455	0.0	0.0505415162455
GCGNTGGA	7	451	462	24	0	7.03113409182	0.0505263157895	0.0	0.0505263157895
GCGGNNAC	49	3156	3268	169	1	49.234633183	0.0508270676692	0.000305903946161	0.050521163723
NCGNCGGT	8	580	557	32	1	7.65514334012	0.0522875816993	0.00179211469534	0.050495467004
GGTGGAGA	22	1566	1830	88	5	22.4519650612	0.0532043530834	0.00272479564033	0.0504795574431
NGTAGGGC	11	641	736	36	2	9.40567231228	0.0531757754801	0.00271002710027	0.0504657483798
TCGNCCAT	11	791	838	42	0	12.9288088804	0.0504201680672	0.0	0.0504201680672
TANGGGTC	11	714	754	40	2	9.8967973716	0.053050397878	0.0026455026455	0.0504048952325
TAAGGGGA	18	1187	1230	64	1	17.7418421207	0.0511590727418	0.000812347684809	0.050346725057
NGCAGGGN	13	840	1004	51	7	10.2642219579	0.0572390572391	0.00692383778437	0.0503152194547
CCCCCCCT	18	1112	1044	66	6	12.0564011249	0.0560271646859	0.00571428571429	0.0503128789716
GTGGCTTA	8	513	648	28	1	8.53436893663	0.0517560073937	0.00154083204931	0.0502151753444
GACNGCCA	6	530	459	28	0	7.38061864406	0.0501792114695	0.0	0.0501792114695
CTGATCTA	8	568	593	30	0	8.88904803045	0.0501672240803	0.0	0.0501672240803
NGGGTTAC	17	1022	1121	59	5	12.8851390293	0.054579093432	0.0044404973357	0.0501385960963
ACGGCNTG	17	1193	1279	64	1	18.3264078853	0.0509148766905	0.00078125	0.0501336266905
GGGAGGGA	17	1079	1174	60	3	14.9521309172	0.0526777875329	0.00254885301614	0.0501289345168
CTGGCNNG	22	1367	1590	74	2	21.2260550981	0.0513532269257	0.00125628140704	0.0500969455187
AGNGNGGC	15	1021	1085	58	4	13.2511146225	0.0537534754402	0.00367309458219	0.050080380858
NGCTAGGT	11	602	884	34	3	9.88264387174	0.0534591194969	0.00338218714769	0.0500769323492
TGTTGCGA	14	1143	1056	71	9	11.0589425109	0.0584843492586	0.00845070422535	0.0500336450333
CTTGCGGN	19	1229	1307	72	7	14.7082693797	0.0553420445811	0.00532724505327	0.0500147995278
CGGTCCAT	7	437	514	23	0	7.62259203967	0.05	0.0	0.05
