#Sequence	Occurrence	Forward Match	Backward Match	Forward Mismatch	Backward Mismatch	Strand Bias Score	FER (Forward Error Rate)	RER (Reverse Error Rate), ERD (Error rate Difference)
CNTATAAACA	16	35	58	30	1	8.71128696565	0.461538461538	0.0169491525424	0.444589308996
GCTGGTAACA	15	32	70	25	2	8.25732112876	0.438596491228	0.0277777777778	0.41081871345
CANATGTCAA	11	36	72	28	2	8.73847117878	0.4375	0.027027027027	0.410472972973
TGATCGAACA	20	56	102	34	2	10.5838203556	0.377777777778	0.0192307692308	0.358547008547
NACATGTCAA	17	59	96	36	2	10.3901761372	0.378947368421	0.0204081632653	0.358539205156
AGCCGCTTCC	12	46	78	24	0	8.89191469576	0.342857142857	0.0	0.342857142857
CCNGTAGTAG	16	54	86	31	2	8.66928363643	0.364705882353	0.0227272727273	0.341978609626
TCTNATAACA	24	62	99	33	2	9.35984408466	0.347368421053	0.019801980198	0.327566440855
CNCGAAGTCA	20	53	93	27	1	9.08511731949	0.3375	0.0106382978723	0.326861702128
CTTANTAAGA	17	52	89	26	1	8.58195323831	0.333333333333	0.0111111111111	0.322222222222
TNCGAATTCC	17	50	78	23	0	8.1824663962	0.315068493151	0.0	0.315068493151
CTNACGTCAA	20	57	99	26	0	9.95897790097	0.313253012048	0.0	0.313253012048
AGGAGTNACA	18	47	84	21	0	8.20795914016	0.308823529412	0.0	0.308823529412
NTTCACAACA	38	108	178	54	5	14.3692492275	0.333333333333	0.0273224043716	0.306010928962
ATNCTTAACA	22	71	118	35	3	9.61605403693	0.330188679245	0.0247933884298	0.305395290816
CNTAATAAGA	19	66	105	30	1	9.38117927303	0.3125	0.00943396226415	0.303066037736
CGCTGTATCA	23	59	98	28	2	8.2065066865	0.32183908046	0.02	0.30183908046
ANACGTCAAA	30	86	135	42	4	10.7716624187	0.328125	0.0287769784173	0.299348021583
GNGCCGAACA	51	147	207	71	6	16.8726443801	0.325688073394	0.0281690140845	0.29751905931
NATAGGTAAA	23	68	116	32	3	9.02129785504	0.32	0.0252100840336	0.294789915966
TANATGAACA	24	82	104	34	0	10.39481531	0.293103448276	0.0	0.293103448276
GNATAGATAA	32	83	133	38	3	10.4667732604	0.314049586777	0.0220588235294	0.291990763247
GCGTNCATAA	33	101	160	45	3	12.7058987534	0.308219178082	0.0184049079755	0.289814270107
TGAGGNNACA	35	104	157	43	1	13.6116491271	0.292517006803	0.00632911392405	0.286187892879
ANCCAAAACA	25	82	103	36	2	8.81985224863	0.305084745763	0.0190476190476	0.286037126715
CAATTANACA	24	72	121	31	2	9.28665067377	0.300970873786	0.0162601626016	0.284710711185
TTGAAGAACA	27	72	121	32	3	8.97963095486	0.307692307692	0.0241935483871	0.283498759305
TTGCCGCACA	26	85	126	36	2	10.0868369448	0.297520661157	0.015625	0.281895661157
TNGACGTCAA	27	80	107	34	2	8.73064134627	0.298245614035	0.0183486238532	0.279896990182
TCTGANAACA	24	82	108	33	1	9.34111031635	0.286956521739	0.00917431192661	0.277782209813
TNTCACAACA	26	85	135	35	2	10.4298342087	0.291666666667	0.014598540146	0.277068126521
CAATTNAACA	46	158	237	68	6	16.9981282664	0.300884955752	0.0246913580247	0.276193597728
NCTGAACCAA	27	87	124	37	3	9.32541410691	0.298387096774	0.0236220472441	0.27476504953
GNTCTCAACA	30	86	110	37	3	8.36480919683	0.30081300813	0.0265486725664	0.274264335564
NAATTAGCAA	20	74	111	29	1	8.89188031694	0.281553398058	0.00892857142857	0.27262482663
GTGTNCATAA	26	70	97	26	0	8.7406790373	0.270833333333	0.0	0.270833333333
NGATCGAACA	41	122	190	51	5	13.0975560074	0.294797687861	0.025641025641	0.26915666222
ACGCNTCAAA	30	83	135	34	3	9.50845337397	0.290598290598	0.0217391304348	0.268859160164
TGTCNGAACA	25	79	122	32	3	8.39944381621	0.288288288288	0.024	0.264288288288
ACNCAAAACA	38	106	153	43	4	10.3908244663	0.288590604027	0.0254777070064	0.26311289702
GNATGGAACA	38	113	178	46	5	11.6024244422	0.289308176101	0.0273224043716	0.261985771729
CACANGGTAA	25	86	123	34	3	8.43426667154	0.283333333333	0.0238095238095	0.259523809524
ACANCTGCAA	42	135	201	53	5	13.1302709262	0.281914893617	0.0242718446602	0.257643048957
CAATNTAACA	25	77	107	28	1	8.25104855328	0.266666666667	0.00925925925926	0.257407407407
NGCTAAAACA	39	115	168	46	5	10.9077018668	0.285714285714	0.028901734104	0.25681255161
TACANGAACA	26	78	123	28	1	9.11927851765	0.264150943396	0.00806451612903	0.256086427267
CGAAGNAACA	38	115	186	45	5	11.7010270227	0.28125	0.0261780104712	0.255071989529
NTTCCGAACA	22	76	112	27	1	8.17336562376	0.26213592233	0.00884955752212	0.253286364808
ATACTNAACA	28	89	133	35	4	8.42413382217	0.282258064516	0.029197080292	0.253060984224
TTGCGCAACA	31	110	134	43	4	9.12582684412	0.281045751634	0.0289855072464	0.252060244388
ATCCNTAACA	32	103	140	40	4	9.22769987149	0.27972027972	0.0277777777778	0.251942501943
AAACGTCNAA	31	94	150	35	3	9.80026819132	0.271317829457	0.0196078431373	0.25170998632
TGAGCGNACA	33	107	153	41	4	9.72410679324	0.277027027027	0.0254777070064	0.251549320021
TNTAAAGACA	31	92	144	33	2	9.73464417046	0.264	0.013698630137	0.250301369863
AGNGTGCAAA	29	87	154	33	4	9.14363570599	0.275	0.0253164556962	0.249683544304
CGGANCAACA	48	158	227	61	7	13.830403023	0.278538812785	0.0299145299145	0.248624282871
ACGAACNTAA	26	79	146	30	4	8.32080053814	0.275229357798	0.0266666666667	0.248562691131
TTGCCNCACA	51	164	214	61	5	14.2066606451	0.271111111111	0.0228310502283	0.248280060883
CNAAGAAACA	33	104	159	39	4	9.99516926443	0.272727272727	0.0245398773006	0.248187395427
ATNTCCAACA	29	89	134	34	4	8.15046389323	0.276422764228	0.0289855072464	0.247437256981
NCCAAAGACA	26	73	124	25	1	8.55179921517	0.255102040816	0.008	0.247102040816
ANATAAGTCA	22	87	121	31	2	8.26692477299	0.262711864407	0.0162601626016	0.246451701805
TTGTAANAGA	30	96	147	35	4	8.76308424548	0.267175572519	0.0264900662252	0.240685506294
GAGCGACANA	29	101	135	37	4	8.28698916709	0.268115942029	0.0287769784173	0.239338963612
NTCTTAAACA	30	106	157	38	4	9.31501591272	0.263888888889	0.0248447204969	0.239044168392
CANGGTATGA	25	91	132	32	3	8.14450594661	0.260162601626	0.0222222222222	0.237940379404
TCCANTGACA	30	98	141	34	3	8.72903338945	0.257575757576	0.0208333333333	0.236742424242
CNTANTAAGA	47	171	239	59	5	14.6323695787	0.25652173913	0.0204918032787	0.236029935852
TTNTAAAAGA	41	122	181	41	3	11.1248360637	0.251533742331	0.0163043478261	0.235229394505
NGGCNTCCAA	37	133	175	47	5	10.1124631981	0.261111111111	0.0277777777778	0.233333333333
TGTTCANACA	40	117	173	40	4	9.89986105999	0.254777070064	0.0225988700565	0.232178200007
TTGTCNAACA	33	89	145	30	3	8.32859126929	0.252100840336	0.0202702702703	0.231830570066
CNANATAACA	74	225	331	77	8	18.6910540577	0.254966887417	0.023598820059	0.231368067358
TGGNATAACA	39	113	193	39	5	10.4009999538	0.256578947368	0.0252525252525	0.231326422116
AGNGGCACAA	43	127	182	44	5	10.2357563778	0.25730994152	0.0267379679144	0.230571973606
CTNACGAACA	35	106	171	37	5	9.19963985141	0.258741258741	0.0284090909091	0.230332167832
NGATGACAGA	31	99	154	34	4	8.58687519528	0.255639097744	0.0253164556962	0.230322642048
TTGNCAGACA	41	115	175	40	5	9.59574436997	0.258064516129	0.0277777777778	0.230286738351
ANACTGAACA	56	196	269	67	7	15.3141454022	0.254752851711	0.0253623188406	0.22939053287
CTTTNCGACA	36	133	175	46	5	10.1124631981	0.256983240223	0.0277777777778	0.229205462446
CNTGAACAGA	40	122	164	40	3	10.0395824686	0.246913580247	0.0179640718563	0.228949508391
CNCNTGTCAA	51	164	232	57	7	12.5313600216	0.257918552036	0.0292887029289	0.228629849107
GANCGAACAA	44	144	213	47	4	12.4163893529	0.246073298429	0.0184331797235	0.227640118706
ATGNGCCAAA	34	104	156	34	3	8.93797815802	0.246376811594	0.0188679245283	0.227508887066
TGGTNCCAAA	30	105	162	35	4	8.87275853442	0.25	0.0240963855422	0.225903614458
TANNTTCCAA	33	132	175	41	2	11.2002843383	0.236994219653	0.0112994350282	0.225694784625
CNCTGTATCA	39	111	158	37	4	8.85068934008	0.25	0.0246913580247	0.225308641975
ATNAGTAAGA	31	104	146	35	4	8.16255833914	0.251798561151	0.0266666666667	0.225131894484
TGANGACCAA	46	152	209	49	4	12.2882140602	0.243781094527	0.018779342723	0.225001751804
AAGGNCAACA	49	162	232	54	6	12.7364418009	0.25	0.0252100840336	0.224789915966
ANTAATAAGA	38	138	193	46	5	10.7154515496	0.25	0.0252525252525	0.224747474747
GNTAGTCAAA	32	102	135	32	2	8.38548408932	0.238805970149	0.014598540146	0.224207430003
TTTANAGACA	35	115	160	38	4	9.01590271509	0.248366013072	0.0243902439024	0.223975769169
AGCACGATAA	26	96	136	30	2	8.25934860199	0.238095238095	0.0144927536232	0.223602484472
ATTANTAACA	48	126	178	41	4	10.0356978286	0.245508982036	0.021978021978	0.223530960058
TGTNCAAACA	37	122	173	41	5	9.29953094395	0.251533742331	0.0280898876404	0.223443854691
TTCNAGAACA	35	100	126	30	1	8.27735748497	0.230769230769	0.00787401574803	0.222895215021
NATNCGAACA	58	187	266	63	8	13.9357399604	0.252	0.029197080292	0.222802919708
GCCAANGACA	39	123	173	40	4	9.70377776782	0.245398773006	0.0225988700565	0.22279990295
AAAAATAACA	34	104	166	35	5	8.51722578967	0.251798561151	0.0292397660819	0.222558795069
NATCGCAACA	37	127	178	41	4	9.98983138826	0.244047619048	0.021978021978	0.22206959707
ATCANTAAGA	32	111	169	36	4	9.12620593237	0.244897959184	0.0231213872832	0.2217765719
ATNCCGAACA	72	215	329	71	9	16.6835731879	0.248251748252	0.0266272189349	0.221624529317
AGTNAACAAA	34	116	144	37	3	8.53384590664	0.241830065359	0.0204081632653	0.221421902094
NTACCAACCA	34	95	158	31	4	8.188383449	0.246031746032	0.0246913580247	0.221340388007
NGAAATAAGA	37	107	148	34	3	8.2914648343	0.241134751773	0.0198675496689	0.221267202104
GTNGTCTGCA	31	109	154	32	1	9.67908884638	0.22695035461	0.00645161290323	0.220498741707
CTGTNCAACA	43	127	168	42	5	9.02252197131	0.248520710059	0.028901734104	0.219618975955
AGGNCTNACA	40	136	200	45	6	10.2256492323	0.24861878453	0.0291262135922	0.219492570938
TANTANAACA	86	265	378	86	10	19.5902879191	0.245014245014	0.0257731958763	0.219241049138
CGGTTNAACA	48	153	209	49	5	11.4611656916	0.242574257426	0.0233644859813	0.219209771444
CGNTGTATCA	51	158	232	51	6	12.0152027654	0.244019138756	0.0252100840336	0.218809054722
NTTCAGAACA	37	116	164	37	4	8.83138901991	0.241830065359	0.0238095238095	0.21802054155
AAANGTACAA	35	126	167	40	4	9.17782958458	0.240963855422	0.0233918128655	0.217572042556
AACACCAACA	24	100	153	31	3	8.33637325908	0.236641221374	0.0192307692308	0.217410452143
TNAGCGCACA	40	123	199	39	5	9.90131207905	0.240740740741	0.0245098039216	0.216230936819
NCTTNGGACA	29	87	141	25	1	8.40138062595	0.223214285714	0.00704225352113	0.216172032193
AAAGTGNACA	38	118	159	36	3	8.8384915867	0.233766233766	0.0185185185185	0.215247715248
GGATNAAAGA	42	141	207	43	4	11.133890717	0.233695652174	0.0189573459716	0.214738306202
TATTACNACA	37	136	166	41	3	9.62043334137	0.231638418079	0.0177514792899	0.213886938789
TATTNCAACA	60	227	295	73	9	14.9649297888	0.243333333333	0.0296052631579	0.213728070175
GGNNCACTAA	31	115	163	37	5	8.12303507364	0.243421052632	0.0297619047619	0.21365914787
AACNTCAACA	73	232	343	74	10	16.6181324667	0.241830065359	0.028328611898	0.213501453461
ANAGGAACAA	34	110	163	32	2	9.21697336986	0.225352112676	0.0121212121212	0.213230900555
ATTCNGAACA	42	131	187	40	4	9.78307383923	0.233918128655	0.020942408377	0.212975720278
TGTCGNAACA	38	114	166	35	4	8.31514959677	0.234899328859	0.0235294117647	0.211369917094
GACTANNACA	49	152	196	47	5	10.3249943341	0.236180904523	0.0248756218905	0.211305282632
AANTGGAACG	44	132	185	41	5	9.2531769079	0.236994219653	0.0263157894737	0.210678430179
ATATCAATAA	40	128	177	40	5	8.89821200024	0.238095238095	0.0274725274725	0.210622710623
AACACNAACA	45	168	266	53	8	12.1726197985	0.239819004525	0.029197080292	0.210621924233
TNTCNCAACA	109	336	478	105	14	22.503469612	0.238095238095	0.0284552845528	0.209639953542
ATGGGTANCA	31	124	162	35	2	9.29163061941	0.220125786164	0.0121951219512	0.207930664212
ATCNTAAACA	42	155	223	44	3	11.9181154434	0.221105527638	0.0132743362832	0.207831191355
AANAAAGACA	66	204	267	63	8	12.8593790816	0.23595505618	0.0290909090909	0.206864147089
ANGACGTCAA	41	146	188	44	5	9.47312489947	0.231578947368	0.0259067357513	0.205672211617
ACTTNGTCAA	34	111	166	33	4	8.12335532464	0.229166666667	0.0235294117647	0.205637254902
AAACNTCAAA	44	148	204	45	6	9.64626010283	0.233160621762	0.0285714285714	0.20458919319
GAGTCGATNA	35	140	165	40	3	8.90855633758	0.222222222222	0.0178571428571	0.204365079365
TNTANAGACA	65	203	293	62	9	13.3345677552	0.233962264151	0.0298013245033	0.204160939648
TNAGNGCACA	70	197	297	60	9	13.3130700644	0.233463035019	0.0294117647059	0.204051270314
NATGGAAACA	37	117	184	33	3	9.21534044096	0.22	0.0160427807487	0.203957219251
NTATATTCCA	40	142	191	41	4	9.77051902225	0.224043715847	0.0205128205128	0.203530895334
ATGCCNAACA	64	211	294	63	8	13.8126636279	0.229927007299	0.0264900662252	0.203436941074
CAAGGANCNA	42	143	171	43	5	8.35370226891	0.231182795699	0.0284090909091	0.20277370479
TTGNCCAACA	43	155	227	47	7	10.3456606367	0.232673267327	0.0299145299145	0.202758737412
CCTNCAATAA	51	184	246	55	7	11.6750761225	0.230125523013	0.0276679841897	0.202457538823
TCNACGTCAA	41	134	175	40	5	8.40596296347	0.229885057471	0.0277777777778	0.202107279693
TGTTNAAACA	53	182	238	53	6	11.3993119052	0.225531914894	0.0245901639344	0.200941750959
AACNAGAACA	45	193	234	57	7	11.1671340922	0.228	0.0290456431535	0.198954356846
ANATACAACA	32	121	170	31	1	9.64759439454	0.203947368421	0.00584795321637	0.198099415205
TCACNCAACA	41	130	207	38	6	8.74779289419	0.22619047619	0.0281690140845	0.198021462106
ATGTTNAACA	48	168	232	48	6	10.7449755597	0.222222222222	0.0252100840336	0.197012138189
NGTCCNAGCA	41	153	211	43	5	9.77057463039	0.219387755102	0.0231481481481	0.196239606954
NANTATCCAA	61	203	300	59	9	12.8794246232	0.225190839695	0.0291262135922	0.196064626102
NTTCNGAACA	116	389	526	112	15	23.0353458839	0.223552894212	0.0277264325323	0.195826461679
TGGGCNAACA	45	172	204	45	3	10.6571289121	0.207373271889	0.0144927536232	0.192880518266
CGTCAGANCA	64	205	314	57	8	13.1968254031	0.217557251908	0.0248447204969	0.192712531412
TTATTCNACA	41	135	173	37	4	8.17853464062	0.21511627907	0.0225988700565	0.192517409013
TNATNTAAGA	70	244	339	69	10	14.418442917	0.220447284345	0.0286532951289	0.191793989216
CCTCNNAACA	43	150	212	42	6	9.16582435714	0.21875	0.0275229357798	0.19122706422
ANAGATAACA	39	135	193	35	3	9.08120234239	0.205882352941	0.015306122449	0.190576230492
GCNCAAATTC	56	179	229	49	6	10.1767560659	0.214912280702	0.0255319148936	0.189380365808
AANCCGAACA	53	205	227	57	7	10.2387154308	0.217557251908	0.0299145299145	0.187642721994
CACNGGAACA	52	162	218	44	6	9.25999668921	0.21359223301	0.0267857142857	0.186806518724
NNGACGTCAA	114	382	483	102	12	20.7524675726	0.210743801653	0.0242424242424	0.18650137741
AAGACNTCAA	45	164	197	40	2	10.1779128835	0.196078431373	0.0100502512563	0.186028180116
ATNACTGACA	56	186	260	50	7	10.756237358	0.21186440678	0.0262172284644	0.185647178315
TNGNCCAACA	103	351	465	96	14	18.7014319115	0.214765100671	0.0292275574113	0.18553754326
NCCGGTAAGA	39	140	206	36	4	9.02935122523	0.204545454545	0.0190476190476	0.185497835498
NCAGAGTAAA	55	186	227	46	3	11.0995770509	0.198275862069	0.0130434782609	0.185232383808
GCTGGAACAA	46	165	225	43	5	9.71743972121	0.206730769231	0.0217391304348	0.184991638796
TGNCACTTCC	37	136	187	34	3	8.63404477681	0.2	0.0157894736842	0.184210526316
GGTTNTGACA	46	166	200	45	6	8.56461662743	0.21327014218	0.0291262135922	0.184143928588
GTTGCCNACA	45	145	203	39	6	8.25520611786	0.211956521739	0.0287081339713	0.183248387768
CNCGAAACCA	48	172	234	44	5	9.99609407433	0.203703703704	0.0209205020921	0.182783201612
AAATNAAACA	106	372	465	100	14	18.808426761	0.21186440678	0.0292275574113	0.182636849368
ATAACNGACA	47	143	213	37	5	8.84351925886	0.205555555556	0.0229357798165	0.182619775739
TGCCAGTAAA	46	155	209	41	6	8.41424529692	0.209183673469	0.0279069767442	0.181276696725
NCGGTCTGCA	52	191	246	48	5	10.5919385531	0.200836820084	0.0199203187251	0.180916501359
CNGTTCAACA	72	237	329	62	9	13.088512887	0.207357859532	0.0266272189349	0.180730640597
GCAGAGTNAA	46	159	191	40	4	8.51923381175	0.201005025126	0.0205128205128	0.180492204613
TGACNACCAA	41	156	201	39	4	8.76588999759	0.2	0.019512195122	0.180487804878
CNNACGTCAA	76	238	329	61	8	13.4299429953	0.204013377926	0.0237388724036	0.180274505523
CNGCGTCGAA	49	215	233	55	6	9.99191988598	0.203703703704	0.0251046025105	0.178599101193
TGTGNANACA	71	256	300	67	9	12.1681446677	0.207430340557	0.0291262135922	0.178304126965
CGANGAAACA	42	158	204	41	6	8.20485970115	0.206030150754	0.0285714285714	0.177458722182
AANTGCAACA	54	185	235	48	7	9.19706630628	0.206008583691	0.0289256198347	0.177082963856
AAAANTACAA	48	164	217	42	6	8.6270245084	0.203883495146	0.0269058295964	0.176977665549
CCAAACAGCA	52	196	234	48	5	10.0155115344	0.196721311475	0.0209205020921	0.175800809383
AAGNGAAACA	62	214	295	51	5	12.4829074862	0.192452830189	0.0166666666667	0.175786163522
TNATANCTAA	62	213	276	54	8	10.5814869301	0.202247191011	0.0281690140845	0.174078176927
NATTACAACA	52	194	245	49	7	9.44636214277	0.201646090535	0.0277777777778	0.173868312757
TGNATAAAGA	86	295	397	75	12	14.6008086269	0.202702702703	0.0293398533007	0.173362849402
ANTCAGAACA	46	164	248	40	6	9.17650994329	0.196078431373	0.0236220472441	0.172456384128
TGNATTTGCA	77	280	383	70	11	13.9465364729	0.2	0.0279187817259	0.172081218274
CGCTANANGA	57	212	273	53	8	10.2747473889	0.2	0.0284697508897	0.17153024911
TCNAACGGCA	38	146	205	32	2	9.03906213017	0.179775280899	0.00966183574879	0.17011344515
NGGATGCCAA	43	162	231	40	7	8.22787807749	0.19801980198	0.0294117647059	0.168608037274
AGNGCAAACA	62	229	277	56	8	10.2289839281	0.19649122807	0.0280701754386	0.168421052632
AACAATTNCA	53	203	247	48	6	9.64698569089	0.191235059761	0.0237154150198	0.167519644741
GCGATTANCA	69	225	285	53	7	10.8099062192	0.190647482014	0.0239726027397	0.166674879275
ACGGTNTGAA	59	195	276	46	7	9.93799021527	0.190871369295	0.0247349823322	0.166136386962
NGNGACAAGA	60	228	255	53	6	10.1249304216	0.188612099644	0.0229885057471	0.165623593897
TNANGACAGA	70	283	360	64	7	13.9701566598	0.184438040346	0.0190735694823	0.165364470864
AANTCAAACA	56	217	266	50	6	10.2537825143	0.187265917603	0.0220588235294	0.165207094074
GTNGACTNAA	53	205	247	45	5	9.45552673469	0.18	0.0198412698413	0.160158730159
AATCGACNAA	47	197	239	44	6	8.56071769324	0.182572614108	0.0244897959184	0.15808281819
TNATATANGA	49	193	244	44	7	8.34762506812	0.185654008439	0.0278884462151	0.157765562224
NGTAAATTCC	54	223	294	50	8	9.81868260801	0.18315018315	0.0264900662252	0.156660116925
CNAAACAGCA	105	402	543	91	16	17.0804961006	0.184584178499	0.0286225402504	0.155961638249
NANACTTGCA	57	226	277	47	5	10.1235409539	0.172161172161	0.0177304964539	0.154430675707
ACAACCNGCA	58	202	265	44	7	8.73329392675	0.178861788618	0.0257352941176	0.1531264945
CGNGCAGTGA	57	243	292	53	8	9.68795524263	0.179054054054	0.0266666666667	0.152387387387
NATTGCAACA	52	177	225	34	2	8.89791655676	0.161137440758	0.00881057268722	0.152326868071
NTGTANAAGA	85	275	356	61	11	10.9167850884	0.181547619048	0.0299727520436	0.151574867004
CTNTCNTACA	67	234	281	51	8	9.16042024093	0.178947368421	0.0276816608997	0.151265707521
GNTTAAATTC	70	254	328	56	10	10.1470425221	0.18064516129	0.0295857988166	0.151059362474
TATCCGNCAA	47	178	227	36	4	8.12695707068	0.168224299065	0.017316017316	0.150908281749
GCAANCTGCA	89	283	350	60	9	11.3253864743	0.174927113703	0.025069637883	0.14985747582
CANAAAAGCA	75	281	374	61	11	11.3186757961	0.178362573099	0.0285714285714	0.149791144528
TCGGCNAAGA	54	212	265	46	8	8.256159918	0.178294573643	0.029304029304	0.148990544339
ACNATAAAGA	58	227	284	48	8	8.79271868757	0.174545454545	0.027397260274	0.147148194271
GCATCACNAA	68	255	307	53	9	9.11549083405	0.172077922078	0.0284810126582	0.14359690942
NGTTAAATTC	56	202	263	39	5	8.37973756022	0.161825726141	0.0186567164179	0.143169009723
NCAACCTGCA	73	242	319	48	9	8.66971616205	0.165517241379	0.0274390243902	0.138078216989
NNAACTTGCA	69	275	317	53	8	9.24506066163	0.161585365854	0.0246153846154	0.136969981238
GGAANAACCA	79	262	298	52	9	8.39128713663	0.165605095541	0.0293159609121	0.136289134629
GNGNGACAGA	74	243	301	48	9	8.1905559215	0.164948453608	0.0290322580645	0.135916195544
CCNAACAGCA	100	398	484	74	11	13.7342140168	0.156779661017	0.0222222222222	0.134557438795
NCNCAAATTC	157	613	752	118	21	19.8994625859	0.161422708618	0.0271668822768	0.134255826341
GCTNAACGAA	61	251	280	47	7	8.15091481721	0.157718120805	0.0243902439024	0.133327876903
GNNGTCTGCA	111	418	519	78	15	12.8358947831	0.157258064516	0.0280898876404	0.129168176876
NCGCAGACCA	70	266	329	48	9	8.17086783615	0.152866242038	0.0266272189349	0.126239023103
GCGNAAATTC	86	298	357	55	11	8.74429688321	0.155807365439	0.0298913043478	0.125916061091
ACNANCAAGA	90	320	388	58	11	9.56128240803	0.153439153439	0.0275689223058	0.125870231133
ANNACTTGCA	67	260	314	45	7	8.41170641341	0.147540983607	0.0218068535826	0.125734130024
GCNACCTGCA	72	280	336	50	9	8.5423073849	0.151515151515	0.0260869565217	0.125428194993
AAAANTTGCA	76	336	409	61	12	9.79340537564	0.153652392947	0.0285035629454	0.125148830002
GCGGNAATTC	82	281	340	49	9	8.34164816559	0.148484848485	0.025787965616	0.122696882869
ATAGTNNGCA	125	448	486	78	13	11.9031388236	0.148288973384	0.0260521042084	0.122236869176
CAGNAAAGCA	72	259	336	44	8	8.12662927281	0.145214521452	0.0232558139535	0.121958707499
GNGGAAATTC	74	269	306	41	4	8.53534102399	0.132258064516	0.0129032258065	0.11935483871
NTACTTNGCA	73	302	342	50	8	8.38550163592	0.142045454545	0.0228571428571	0.119188311688
CNNTGCAAGA	81	322	355	51	7	9.12943761973	0.13672922252	0.0193370165746	0.117392205946
CCNGAAACCA	103	340	438	58	13	9.27258600702	0.145728643216	0.0288248337029	0.116903809513
AGTNNAAGCA	110	449	520	77	16	11.2054008041	0.1463878327	0.0298507462687	0.116537086431
NTANAAATTC	145	544	633	89	16	14.3724941037	0.140600315956	0.0246533127889	0.115947003167
GCNGTTTGCA	85	377	439	61	12	9.33273877405	0.139269406393	0.0266075388027	0.11266186759
AGTNNAATTC	83	341	385	54	10	8.27060517898	0.136708860759	0.0253164556962	0.111392405063
CTNCNAATTC	102	435	480	68	13	10.0562532911	0.135188866799	0.026369168357	0.108819698442
AGNCANATTC	131	539	588	80	15	11.5930981279	0.129240710824	0.0248756218905	0.104365088933
TNGACNAAGA	109	391	475	58	14	8.29967791658	0.129175946548	0.0286298568507	0.100546089697
GNGGNAATTC	178	671	774	97	22	13.2423795487	0.126302083333	0.0276381909548	0.0986638923786
CTNNAAATTC	181	686	770	99	23	12.8719058372	0.126114649682	0.0290037831021	0.0971108665794
TNTNTAATTC	128	521	599	71	15	10.4242346796	0.119932432432	0.0244299674267	0.0955024650057
NTGANAATTC	144	577	643	81	19	10.5197055028	0.123100303951	0.0287009063444	0.094399397607
ANNCAGATTC	125	542	619	75	19	9.51008515961	0.121555915721	0.0297805642633	0.0917753514579
