#Sequence	Occurrence	Forward Match	Backward Match	Forward Mismatch	Backward Mismatch	Strand Bias Score	FER (Forward Error Rate)	RER (Reverse Error Rate), ERD (Error rate Difference)
CCCC	1551	233933	239659	2624	1651	54.0502369844	0.0110924639727	0.00684182172309	0.00425064224965
TTTT	184310	10460427	11033835	89247	61983	9223372036854775807	0.00845969268813	0.00558615867708	0.00287353401105
ACCC	2508	432357	425554	3254	2195	42.0194847589	0.00746996747098	0.00513151404211	0.00233845342886
NCCC	7871	1241593	1237553	9243	6324	117.452236124	0.00738945793054	0.00508410397491	0.00230535395563
GCCC	652	111052	114783	790	573	9.92789372164	0.0070635360598	0.0049672318735	0.00209630418629
GGGT	2508	423913	438089	2315	1498	45.0407140166	0.00543136537252	0.00340774408706	0.00202362128546
NTTT	332142	22424228	23208188	124694	84896	9223372036854775807	0.00552993176348	0.00364468698091	0.00188524478257
TCGG	1138	196842	198977	785	441	22.6832490702	0.00397212931431	0.00221143527666	0.00176069403766
TTGG	7250	1030731	1053343	4851	3245	77.9456517346	0.00468432243898	0.00307120656301	0.00161311587596
CCTG	2309	435662	426346	2893	2151	21.2592318468	0.00659666404442	0.0050198717844	0.00157679226002
TTCG	4903	697693	701748	2625	1576	59.2359407294	0.00374829720213	0.00224078802941	0.00150750917271
TTNT	354391	22907384	23538344	128068	96276	9223372036854775807	0.00555960438719	0.00407351588475	0.00148608850244
TNTT	357264	23182893	23842658	112186	79941	9223372036854775807	0.00481586690477	0.00334165196683	0.00147421493794
TCCC	3160	464251	457557	2575	1905	20.6207021039	0.00551597383179	0.0041461535448	0.00136982028699
CTTT	29092	3080997	3126744	8177	4219	288.196294041	0.00264698589332	0.00134750873773	0.00129947715559
TTTN	332144	22298548	23045700	164095	140773	9223372036854775807	0.00730524008239	0.00607134168271	0.00123389839968
ACCT	6823	1057065	1052453	3711	2394	61.5037745014	0.00349838231634	0.00226952344748	0.00122885886887
ATTT	98436	6737093	6830849	19808	12384	9223372036854775807	0.00293152141788	0.00180967095523	0.00112185046265
NTNT	830490	53278706	54145291	219193	163899	9223372036854775807	0.00409722632285	0.00301788702796	0.00107933929489
NCGG	3125	545841	555349	1840	1280	24.9507907057	0.00335961992474	0.00229955679636	0.00106006312838
GNGT	15166	1960485	1993976	6341	4333	90.663652393	0.00322397609143	0.00216833332583	0.0010556427656
GCGG	353	70927	73987	187	117	4.81044943399	0.00262958067329	0.0015788621397	0.00105071853359
ATGG	10152	1333000	1362475	4564	3251	55.4096348084	0.00341217317452	0.00238041891272	0.00103175426179
AAAT	98436	6667360	6737371	37431	30844	154.046009857	0.00558272435338	0.00455718383651	0.00102554051687
NTGG	22470	3265940	3331083	11518	8313	127.680016967	0.00351430895529	0.00248937232961	0.00102493662569
NNTT	664624	51623265	52642995	174982	125895	9223372036854775807	0.0033781452102	0.00238578071284	0.000992364497363
CCCT	3104	491041	481167	2956	2425	9.98728769418	0.00598384200714	0.00501455772635	0.00096928428079
NCCT	22238	3261716	3234497	13017	9759	96.386021646	0.00397498055567	0.00300808567511	0.000966894880553
CTNT	55788	6212558	6256612	16913	11028	279.201456174	0.00271499779034	0.00175951394783	0.000955483842508
GTGT	8116	887794	893473	2367	1542	40.0084331454	0.00265906953911	0.00172287615291	0.000936193386192
CTGT	5271	754633	759438	2072	1389	31.2330497313	0.00273818727245	0.00182564498894	0.000912542283511
CCTT	10946	1444434	1454517	2988	1748	73.5125470494	0.00206435994478	0.00120033098372	0.000864028961069
TCCT	10849	1489570	1476125	5487	4160	38.1062742093	0.0036700941837	0.00281026964402	0.000859824539679
TTTC	35024	3603057	3647627	26903	24056	43.4795524387	0.0074113764339	0.00655176386415	0.000859612569754
GGCT	1456	244454	245350	686	477	9.12237257468	0.00279840091376	0.00194038897273	0.000858011941031
GTGC	2397	381023	383958	1272	957	11.0468024272	0.00332727344067	0.00248626320097	0.000841010239701
CCCN	7871	1255765	1245892	7490	6380	18.359255568	0.00592912753165	0.00509473980094	0.000834387730717
CTCT	5942	838612	836329	2565	1864	24.6685929588	0.00304929878016	0.0022238315042	0.000825467275962
ATCT	16350	1882465	1870321	5796	4237	51.5176432109	0.00306949092313	0.00226026615341	0.000809224769722
TTCC	11397	1465712	1446524	5931	4691	28.9924844316	0.00403018938696	0.00323246383203	0.000797725554934
ATNT	364056	18690719	18792063	57840	43224	9223372036854775807	0.00308503709538	0.00229484159174	0.000790195503642
CCGT	1276	206264	205909	526	366	6.91773658436	0.00254364330964	0.0017743303842	0.000769312925442
CCNC	8291	1438098	1409359	5958	4748	25.6227848943	0.00412587877478	0.00335759599521	0.000768282779573
TCGC	991	163875	159372	412	284	5.04999958665	0.00250780646065	0.00177882447262	0.000728981988029
NTGT	73385	7120924	7198358	20446	15447	164.223234794	0.00286303608411	0.00214131100023	0.000721725083885
TNNT	724555	54404167	55141446	196206	158891	9223372036854775807	0.00359349193457	0.00287323746327	0.000720254471297
TTGT	28022	2797046	2831638	8335	6391	62.1419199434	0.00297107594298	0.00225191497338	0.000719160969598
TTNN	664625	51453197	52244674	255408	221991	9223372036854775807	0.00493937130967	0.00423108653847	0.000708284771197
ANTT	187210	14757906	14920744	35529	25367	9223372036854775807	0.00240167344501	0.00169723080472	0.000704442640289
NTTN	664624	51497265	52345756	249426	216731	9223372036854775807	0.00482013429612	0.00412330185214	0.000696832443987
AANT	187210	14652832	14798735	57004	47201	222.683317765	0.00387523015212	0.00317938862191	0.000695841530214
NTCT	58511	6878816	6844550	22210	17346	125.723111025	0.00321836202327	0.00252787276286	0.000690489260407
TNGG	16848	2472234	2521427	9727	8188	36.7121289667	0.00391907850285	0.00323685620144	0.000682222301407
TTCN	76992	8871170	8820231	30636	24412	146.140188942	0.00344154882728	0.00276008879047	0.000681460036814
CNTT	73936	8184498	8244965	15252	9739	274.110881861	0.00186005670905	0.00117981214105	0.000680244567993
TTCT	32021	3541829	3525611	12229	9785	57.5930698319	0.00344085549532	0.00276772389854	0.000673131596785
ANCT	39348	5169321	5143046	14741	11275	97.5948386352	0.00284352309058	0.0021874850247	0.00065603806588
CNCT	14896	2193431	2170976	7187	5703	34.9076388002	0.0032659007606	0.00262004641015	0.000645854350454
TGGT	8380	1217761	1240041	3130	2399	24.9721569172	0.00256370142789	0.00193087794984	0.000632823478051
AGAG	5942	827202	838674	3009	2518	11.8766793762	0.00362437982633	0.00299337131119	0.000631008515146
TCTT	31312	3553159	3530120	6352	4084	105.0443103	0.00178451478307	0.00115556430812	0.000628950474954
GTTT	20304	2145711	2216760	7462	6310	30.9059458472	0.0034655831185	0.00283841714386	0.000627165974636
AACT	11515	1439947	1426458	3916	2992	25.9982950249	0.00271216867528	0.00209311273567	0.000619055939615
CCTN	22236	3294207	3249909	11665	9486	43.6191854554	0.00352856976919	0.00291035606301	0.000618213706175
NTCG	10781	1646723	1639249	4671	3641	27.7329114955	0.00282851942056	0.00221621654523	0.000612302875328
ATGT	31976	2681451	2713809	7672	6125	42.8884121202	0.00285297474307	0.00225189287681	0.000601081866254
TTAA	57248	4209468	4199718	10579	8035	75.3677010039	0.00250684411809	0.00190957026232	0.000597273855764
NGGT	18743	2856533	2915059	9268	7735	38.2112873883	0.00323399984856	0.0026464403581	0.000587559490463
GTNT	56255	5468045	5558272	16372	13371	77.9719108211	0.0029851851163	0.00239983071421	0.000585354402096
GAGT	3590	511076	523670	1324	1049	9.27833903367	0.00258391881343	0.00199916526751	0.000584753545922
CNCC	8529	1490700	1462305	5134	4177	18.5115521591	0.00343219902743	0.00284831317398	0.000583885853455
NNCT	127823	16513053	16417807	49383	39564	224.159449261	0.00298162661579	0.00240402917331	0.000577597442484
TGCT	6031	907761	908872	2099	1575	17.3137953767	0.00230694832172	0.00172991947911	0.000577028842607
ANNT	648244	44500149	44763062	138504	113920	9223372036854775807	0.00310278179765	0.00253849512429	0.000564286673356
NCTT	61971	7456912	7428148	12603	8354	184.736034772	0.00168725814193	0.00112337763104	0.000563880510885
ANCC	18355	2773503	2710955	9750	8023	29.4217015622	0.00350309511927	0.0029507410505	0.000552354068775
CTGG	2026	380135	379822	925	714	6.61869175412	0.00242743924841	0.00187630079677	0.000551138451641
TNCT	63741	7662244	7614121	23281	18942	92.0956731279	0.00302920099798	0.00248157260067	0.000547628397308
ATAT	217294	7389710	7377084	24564	20478	80.0780659054	0.00331306881834	0.00276820931004	0.000544859508296
ACCN	18743	2916460	2872251	10230	8529	29.1199828373	0.00349541632356	0.00296065648887	0.000534759834692
ACNC	15166	1998825	1969129	7558	6388	18.6448436784	0.0037669776907	0.00323358391753	0.000533393773174
TTNC	69210	7612281	7626990	41336	37358	46.3527964937	0.00540084511676	0.00487425675348	0.000526588363283
CNGT	11403	1732093	1749862	4115	3253	24.8694220174	0.00237010772903	0.00185555425628	0.000514553472747
AGTG	4867	694177	707202	1995	1667	8.59429377592	0.00286567112725	0.00235163337655	0.000514037750702
ANAT	364056	18650085	18688528	71650	62487	141.018638578	0.00382710256288	0.00333245960285	0.000494642960023
NNGT	137514	15750326	15989656	42721	35431	173.589523553	0.00270505115321	0.00221097083591	0.000494080317292
GTAT	23637	1818630	1835750	4923	4059	20.8379546681	0.00269967475582	0.00220620727478	0.000493467481043
CCNT	25478	3508732	3484752	10027	8235	36.6358345927	0.00284958418579	0.00235758106171	0.000492003124078
ACTG	3824	610009	604909	1645	1335	7.23605138161	0.0026894289909	0.00220208364949	0.000487345341412
CTTN	61971	7456784	7417986	19921	16230	78.8486368367	0.00266440898765	0.00218314883506	0.000481260152587
GGGN	7871	1228387	1250817	6821	6347	6.57641446402	0.00552214687729	0.00504866509063	0.000473481786654
ATCC	7946	1106693	1078903	3153	2562	11.0857324012	0.00284093468824	0.00236900870578	0.000471925982453
TNCC	23566	3204517	3160968	11152	9530	24.0227054485	0.00346801863003	0.00300583693792	0.000462181692107
TTGC	5195	745617	745321	2612	2265	6.09059058184	0.0034909098685	0.003029751761	0.000461158107501
TNGT	53315	6134911	6235074	15681	13054	62.9417067158	0.00254951068125	0.00208926577689	0.000460244904363
TNCG	11129	1548661	1552818	4302	3597	15.01112005	0.00277018834319	0.00231108027101	0.000459108072179
CTCN	15462	2339632	2305089	6241	5093	22.6866475888	0.00266041682563	0.00220458820993	0.000455828615701
CCNG	5085	963120	955862	4262	3793	5.94101907037	0.00440570529532	0.00395246208273	0.000453243212595
TTCA	28671	3165936	3146348	9851	8360	25.559542929	0.00310190828289	0.00265000754428	0.000451900738612
NNCC	55704	8439058	8299227	28534	24295	60.3846303967	0.00336978919154	0.00291883652137	0.000450952670177
GGNT	18355	2706857	2779960	7156	6095	26.1331019546	0.00263668597019	0.00218768114772	0.000449004822469
AATT	62646	4872975	4925923	11219	9131	52.6847365263	0.00229700130666	0.0018502330471	0.000446768259569
NTCC	24885	3557769	3485348	11036	9265	27.1411627595	0.00309235164152	0.00265122346881	0.000441128172708
NAAT	219508	15758849	15845947	60984	54285	93.7983118488	0.00385490795004	0.00341410112758	0.000440806822459
NCCN	55704	8415042	8294290	31998	27875	50.4685541274	0.00378807250824	0.00334948898514	0.000438583523102
TTNG	51971	6145846	6275870	31841	29767	27.0503321159	0.00515419444203	0.00472069673532	0.000433497706712
NTCN	157563	19481562	19245038	56865	47980	141.878798776	0.00291041853062	0.00248691003139	0.000423508499231
CNNT	146853	17352569	17374003	39381	32072	165.469719173	0.00226432343699	0.00184257507795	0.000421748359038
TNTN	830489	53416876	54038546	233949	214729	230.974015352	0.00436058532185	0.00395789931576	0.000402686006092
NTGC	16285	2359780	2351615	7899	6925	14.0994047952	0.00333617859516	0.00293613845854	0.000400040136618
NCNC	45973	6733089	6624896	24309	21356	32.7816328404	0.00359739059324	0.00321323958225	0.000384151010994
ATTG	17380	1798641	1815199	6535	5900	9.20908257818	0.00362014562569	0.00323980189984	0.000380343725848
GAGG	3345	569245	585978	1276	1098	4.83522471201	0.00223655220404	0.00187028595957	0.000366266244469
GGTG	3260	565233	579944	1434	1258	4.26265340503	0.00253058674671	0.00216447981941	0.000366106927305
TCTC	6780	905035	890203	2939	2563	5.03804302316	0.00323687682687	0.00287085305668	0.000366023770189
ATTN	219508	15847448	15906501	47100	41436	84.4545611988	0.00296328023924	0.00259820439471	0.000365075844524
GGAT	7946	1076289	1104046	2704	2376	7.39410705766	0.00250604035429	0.00214746272218	0.000358577632113
GNCT	9838	1488057	1489664	4174	3644	8.76547863014	0.00279715405993	0.00244021996802	0.00035693409191
GCTT	5100	736578	739605	1074	814	8.82814134325	0.00145597110833	0.00109937751462	0.000356593593704
NCTG	14223	2376892	2348509	7835	6904	11.3466342149	0.0032854913791	0.00293112078434	0.000354370594759
ATNG	46618	5193717	5231318	16792	15087	23.5785702717	0.00322271778055	0.00287568344419	0.00034703433636
TATT	113184	6282967	6354444	12428	10362	47.0418092718	0.00197414141607	0.00162801505655	0.00034612635952
CTAT	15483	1538316	1534101	4099	3556	8.88548806567	0.00265752083583	0.00231260937907	0.000344911456757
GNNT	131587	14934899	15172286	36995	32343	85.8117499188	0.00247096325956	0.00212718113674	0.000343782122814
NTTC	76993	8816164	8790472	45198	42056	23.6011180313	0.00510057031865	0.00476149070798	0.000339079610665
NTAT	366452	16854738	16894195	51843	46210	74.2848052478	0.00306643903933	0.0027277978301	0.000338641209231
ANGT	57630	5922837	6010744	16584	14791	29.4134635302	0.00279219136007	0.00245471978837	0.0003374715717
GTGN	19984	2675805	2693805	6895	6032	14.7403154349	0.0025701718418	0.0022342089541	0.000335962887705
TTGN	58818	6676088	6709474	21160	19009	28.4409160273	0.00315950671082	0.0028251539017	0.000334352809112
NANT	506903	40059519	40358603	109369	96624	193.488960882	0.00272272909322	0.00238841818883	0.000334310904394
GTTG	7239	1031891	1044984	3363	3055	4.82751161122	0.00324847815126	0.00291496785902	0.000333510292235
CNCN	45973	6745145	6651030	20162	17653	29.9555154797	0.00298020474163	0.00264714936967	0.000333055371959
ANTG	55383	6082300	6138166	22551	20722	21.6119099681	0.00369394764917	0.0033645684091	0.00032937924007
CCNN	55702	8456300	8341226	27718	24583	33.0748918736	0.00326708406324	0.00293850839769	0.000328575665542
NTAA	196671	13759332	13630320	26921	22207	90.0225407195	0.00195274234413	0.00162658532007	0.000326157024065
ATAN	366452	16952815	16853685	47439	41725	73.5480462536	0.0027904877186	0.00246960565029	0.000320882068303
ACAA	28022	2862468	2825572	4346	3387	24.2283674126	0.00151596859789	0.00119726019359	0.000318708404302
CTNN	127821	16661494	16476714	41157	35572	76.4369150573	0.00246409986056	0.00215427470188	0.000309825158676
ATAA	110038	6191328	6132338	11754	9741	37.9711484875	0.00189486452057	0.00158594508472	0.000308919435854
NTNG	128234	15985049	16188662	61078	56969	44.4527179519	0.00380640138271	0.00350672743952	0.000299673943195
TNCN	172396	20263488	20063154	58038	51499	72.3859747353	0.00285598630733	0.00256027285184	0.000295713455492
GNGN	45973	6603817	6681660	20688	18961	22.0359545885	0.00312295031855	0.00282973772132	0.000293212597227
NATT	219507	15839801	15991290	29020	24620	88.9503202144	0.00182874329479	0.00153722142545	0.000291521869347
NNGG	55702	8261848	8421070	29712	27911	21.8329231667	0.00358340288197	0.00330347529483	0.000279927587135
CTTC	11996	1876417	1832538	6036	5386	5.80198484783	0.0032064545569	0.00293048025925	0.000275974297651
NACT	33944	4271253	4232139	9732	8475	17.3965617353	0.00227330859604	0.00199853134475	0.000274777251282
ACTT	14613	1722741	1703906	2189	1708	12.6765827717	0.0012690370044	0.00100139890972	0.000267638094682
TCCN	24885	3546181	3479431	11784	10654	8.98637921923	0.00331200559871	0.00305264771488	0.000259357883822
GNTT	46214	5497968	5634628	12015	10848	20.9223130607	0.00218058749002	0.00192153859125	0.000259048898762
ATNN	721278	47494579	47361553	132719	120669	118.336384312	0.00278661619645	0.00254135116086	0.000245265035589
ATCN	52817	6366293	6246004	16053	14221	18.0721293861	0.00251521932531	0.00227164359108	0.000243575734223
TCTN	58511	6945829	6859686	14291	12450	23.8008353846	0.00205326919651	0.00181166379711	0.0002416053994
TGTT	28458	2886340	2924259	4159	3512	14.7020440978	0.00143885190758	0.00119954736897	0.000239304538606
NCGT	11442	1583253	1587012	3374	3005	5.57948416671	0.00212652375133	0.00188991690026	0.00023660685107
GAAT	21927	2225220	2248925	5382	4909	6.66400425321	0.00241280156657	0.00217806635271	0.00023473521386
AATG	29312	2979473	3010856	12376	11820	4.91386899476	0.00413657240055	0.00391044227036	0.000226130130187
NCTN	127821	16675367	16444120	37344	33149	43.3684909677	0.0022344669276	0.00201180183439	0.000222665093204
TNTC	70490	7577752	7541335	38442	36592	8.90720388279	0.00504740294168	0.00482876121662	0.000218641725056
TCNT	80671	9236698	9152096	20310	18153	23.1716550736	0.00219401344365	0.00197955366316	0.000214459780497
NGCT	13130	2101268	2106621	4424	3984	6.01701202783	0.002100972032	0.0018876104245	0.000213361607498
NTNC	172397	20197488	20020290	81743	76779	25.9456541897	0.0040308727683	0.00382040784156	0.00021046492674
GANT	42604	4793427	4865656	9739	8865	12.9099318521	0.00202762094835	0.00181864023152	0.000208980716827
NTAN	653522	40471014	40379263	109119	100706	70.3153789636	0.00268897590848	0.00248779834787	0.000201177560613
TANT	221706	14464032	14568626	32760	30137	29.1106432147	0.00225981030838	0.00206435298662	0.000195457321758
NTTG	58818	6679217	6756437	32144	31259	6.12131703441	0.00478949053702	0.00460524454837	0.000184245988645
GNAT	60369	5988389	6054018	14465	13518	10.2670154955	0.00240968712549	0.00222792250429	0.000181764621199
NCAA	58818	6825627	6731196	9244	7892	20.2753050497	0.00135247614768	0.00117107834176	0.000181397805927
TGCN	16285	2363887	2357854	5069	4661	4.19081558963	0.00213976114373	0.00197289752658	0.000166863617151
NNAT	721278	47305140	47400339	144000	136336	50.023645959	0.00303482845	0.0028680171678	0.000166811282202
NCNT	178152	20743873	20573946	46199	42387	30.2225635384	0.00222216642636	0.00205599123763	0.000166175188733
NGNT	135694	17109686	17372957	36325	34316	20.9907740881	0.00211856856968	0.00197135990227	0.000147208667415
ANNG	146853	17169924	17318285	70661	68726	10.8980028645	0.00409852681913	0.0039527207983	0.000145806020829
NAGT	33944	4189616	4289227	9633	9244	5.03281233454	0.00229398161433	0.00215053213108	0.000143449483255
ATNC	60369	6067831	5994642	20878	19783	4.5637932226	0.00342896991793	0.00328925874044	0.00013971117748
TTAN	196671	13607391	13669269	39517	37797	10.9906383034	0.00289567424357	0.0027574828924	0.000138191351172
NGTT	51004	5902324	6015369	8665	8025	9.15900823831	0.00146591374134	0.00133230534147	0.000133608399865
ANCN	135694	17341093	17090700	45868	42916	13.9588128294	0.00263806883791	0.00250478357867	0.000133285259239
CNTN	178150	20807133	20612067	50641	47577	15.9380580706	0.00242791968117	0.00230289544195	0.000125024239216
NTCA	63386	7398254	7275891	18948	17728	5.71844448836	0.00255460212625	0.00243061777699	0.000123984349255
TGNT	67787	7796053	7882380	15068	14325	6.85817083282	0.0019290444995	0.00181404775789	0.000114996741609
NTGN	175526	20049557	20099552	55442	53262	11.6230002855	0.00275762261913	0.00264290634549	0.000114716273645
GTAN	54234	5415371	5443580	12428	11869	4.1621726163	0.00228969422044	0.00217562294139	0.000114071279045
GTNN	137511	15890128	15986668	41568	40447	5.73906799797	0.00260913841188	0.00252366068378	8.54777280954e-05
