#Sequence	Occurrence	Forward Match	Backward Match	Forward Mismatch	Backward Mismatch	Strand Bias Score	FER (Forward Error Rate)	RER (Reverse Error Rate), ERD (Error rate Difference)
ATTA	185044	22508302	22630324	52558	30599	9223372036854775807	0.00232960977551	0.00135029804391	0.000979311731608
ACCA	224472	28473845	28405333	57915	31281	9223372036854775807	0.00202984323435	0.00110002548123	0.000929817753113
GTTG	199848	25120236	25584727	51528	29525	9223372036854775807	0.0020470555818	0.00115267859471	0.000894376987088
GGAG	97348	12189389	12247429	22313	11900	9223372036854775807	0.00182718182936	0.00097068934197	0.000856492487394
CTAG	7026	1022903	1028862	2337	1491	42.7402389555	0.00227946627131	0.0014470768756	0.000832389395717
AATA	205880	25102886	25003170	47441	26879	9223372036854775807	0.00188629754198	0.00107386925211	0.000812428289863
TTTG	225184	24845521	25303033	87246	68399	9223372036854775807	0.00349925060464	0.00269590616722	0.000803344437416
CCCC	90972	10561343	10725915	34205	26210	258.232080512	0.00322824265437	0.00243765767232	0.000790584982047
CCCT	22726	422696	415703	1135	801	12.1983565125	0.00267795418457	0.00192315079807	0.000754803386497
ATTG	195384	24323137	24624271	52646	35296	9223372036854775807	0.00215976651909	0.00143133089077	0.000728435628324
ANTA	556644	68158925	68058182	129030	79800	9223372036854775807	0.00188949866781	0.00117115297016	0.000718345697651
GTTA	165880	20539489	20725804	43593	29350	9223372036854775807	0.00211790440324	0.00141410658769	0.000703797815544
NTTG	887190	91728907	93200401	233512	171769	9223372036854775807	0.0025392111532	0.00183961666522	0.000699594487977
NTTA	495558	68778516	69383719	174860	128209	9223372036854775807	0.00253591644302	0.00184441726318	0.00069149917984
AACA	208228	26174061	25859003	42819	24914	9223372036854775807	0.00163326070837	0.000962528198495	0.000670732509873
CGAG	93820	11962716	12037063	21305	13417	9223372036854775807	0.00177778393412	0.00111339963221	0.00066438430191
TNTT	231503	3479879	3520447	5677	3478	121.506522465	0.00162872150096	0.000986967656803	0.000641753844157
ATAG	87480	10773839	10830032	19691	13144	292.044387801	0.00182433365173	0.00121219096693	0.000612142684807
GTAG	82872	10349803	10442175	17571	11398	298.833770173	0.00169483612726	0.0010903448993	0.000604491227959
TTTA	161289	22190615	22507479	80387	68288	253.441561989	0.00360949184056	0.00302483632118	0.00058465551938
NGAG	413920	52068510	52269363	86148	56432	9223372036854775807	0.00165177959752	0.00107847381965	0.000573305777867
CCCG	159852	20268080	20333623	59395	48015	270.740553923	0.00292190741841	0.00235579691878	0.000566110499632
ACNA	580948	73444940	72900836	110006	68072	9223372036854775807	0.00149556224268	0.000932890485356	0.000562671757325
AAAC	59080	1042830	1058786	2137	1574	21.4344465196	0.00204504065679	0.00148440152401	0.000560639132776
CTTG	89336	11163089	11268010	20077	14010	248.147344185	0.0017952876672	0.00124179889772	0.00055348876948
NTAG	250672	30898072	31166266	57449	40954	9223372036854775807	0.00185585634304	0.00131232451977	0.000543531823267
ANCA	907764	115015192	114167362	180520	118832	9223372036854775807	0.0015670722188	0.00103977563554	0.000527296583257
GAAG	195788	24930197	24810868	45547	32618	9223372036854775807	0.00182364937757	0.00131293973801	0.000510709639566
TAGG	18892	3066313	3115245	4885	3370	66.8687609708	0.00159058452109	0.00108060789806	0.000509976623032
ACCC	115820	13790017	13826394	28367	21388	217.728891374	0.00205284496364	0.00154450727199	0.000508337691642
NATA	622772	76515946	76418028	122000	83222	9223372036854775807	0.00159190070151	0.00108785150569	0.00050404919582
AGAG	105372	13199477	13190650	20970	14303	273.869818198	0.00158617934779	0.00108315417707	0.000503025170721
GTCG	156332	19976264	20123253	32601	22796	9223372036854775807	0.00162932780045	0.00113153700758	0.000497790792873
AAAT	62788	901384	907060	1714	1275	15.5335651284	0.00189791141161	0.00140366714923	0.000494244262373
AANA	926012	114537078	113422118	223821	165467	9223372036854775807	0.00195032456133	0.00145673490637	0.000493589654958
CTCA	58690	9885630	9845615	15654	10720	197.349244852	0.00158100706939	0.00108762536988	0.00049338169951
ACCN	702744	89104372	88965759	158303	114179	9223372036854775807	0.00177345122135	0.00128175886247	0.000491692358881
GATA	193320	24129252	24142079	35904	24188	9223372036854775807	0.00148577563497	0.00100089931142	0.000484876323543
CTCG	93820	12014192	12057036	17509	11719	254.798586713	0.00145523895582	0.000971019794502	0.000484219161319
AAAA	262836	36529831	36217350	89419	71060	9223372036854775807	0.00244185776607	0.00195820097932	0.000483656786745
AATG	260495	26860530	26916161	52098	39167	9223372036854775807	0.00193581986865	0.0014530337008	0.000482786167855
GTNG	615464	77969465	78613180	119131	82188	9223372036854775807	0.00152558767992	0.00104438167187	0.000481206008055
GGGT	28955	588975	601092	1031	764	10.6959965502	0.00174743985654	0.00126940663547	0.00047803322107
CTCT	105372	13223587	13264535	17194	10989	9223372036854775807	0.00129856388381	0.000827763936098	0.000470799947709
CCCA	125432	14190588	14311838	37452	31063	142.568969938	0.00263226698829	0.00216574038962	0.000466526598667
GCCT	39393	821822	826015	1402	1023	14.1930464352	0.00170306016345	0.00123694437257	0.000466115790887
NCTT	149182	2525189	2531168	2624	1450	75.2473202294	0.00103805146979	0.000572530085469	0.000465521384319
GAGG	82000	10206525	10273267	12377	7695	245.108796369	0.00121118687702	0.000748470814307	0.000462716062717
ATNA	862684	107187570	106863681	156953	107106	9223372036854775807	0.00146214260042	0.001001264018	0.000460878582422
GTTT	59080	1052977	1063866	1348	874	24.0237226215	0.00127854314372	0.000820857674174	0.000457685469544
AATT	46876	635713	643730	769	484	15.7675767056	0.00120820384551	0.000751303138398	0.000456900707115
TTNG	595776	66272707	67245368	145856	117233	9223372036854775807	0.0021960125816	0.00174032769311	0.000455684888496
CNAG	508696	64669766	64877207	110066	80957	9223372036854775807	0.00169907819458	0.00124629446116	0.000452783733429
NCCA	802896	102255328	102252734	200899	155017	9223372036854775807	0.00196082762251	0.00151372331182	0.00044710431069
TCTA	13351	965330	970642	2177	1754	11.2709418927	0.00225011291908	0.0018037918708	0.000446321048278
AAAG	216836	25634511	25378561	92597	80334	164.016520706	0.0035991997235	0.00315543938572	0.000443760337774
ANTG	913865	95050914	95432388	157808	116007	9223372036854775807	0.00165749520301	0.00121411772537	0.000443377477645
NNTT	806044	13176386	13319495	15862	10147	287.543925472	0.00120237278741	0.000761235748117	0.000441137039296
TCGG	180900	19131138	19353820	23713	15436	9223372036854775807	0.00123796316662	0.000796933036561	0.000441030130054
GCCG	266148	34289535	34238464	59789	44592	9223372036854775807	0.00174061649656	0.00130070084767	0.000439915648885
CCCN	467160	52417193	52872434	140408	118280	9223372036854775807	0.00267150701951	0.00223208919208	0.000439417827428
TCTG	213428	26961576	27216836	36082	24464	9223372036854775807	0.00133648629818	0.000898048184191	0.000438438113991
AGGG	45452	3745010	3714144	6570	4884	52.0482726699	0.00175126213489	0.00131324636437	0.000438015770515
CCAG	316172	40379706	40516792	66168	48655	9223372036854775807	0.00163596415298	0.00119941979192	0.000436544361058
ATNG	689208	86880814	87465130	136977	99736	9223372036854775807	0.00157412637606	0.00113899563325	0.000435130742816
CCTA	9446	688486	679137	1995	1672	6.01178185132	0.00288929021943	0.00245590172868	0.000433388490748
CTTT	216836	25334237	25835600	37053	26750	9223372036854775807	0.00146043027375	0.0010343220937	0.000426108180047
ATGG	93942	15799766	15934663	23423	16846	246.804053422	0.00148029578614	0.00105607563523	0.000424220150913
ATTN	800168	98600620	99428841	175607	135005	9223372036854775807	0.00177782656145	0.00135596409162	0.000421862469822
ATCT	155176	19501769	19548983	26823	18655	9223372036854775807	0.0013735245224	0.0009533598281	0.000420164694303
CCTG	236936	30007736	30197906	44799	32429	9223372036854775807	0.00149068955414	0.00107273042128	0.000417959132862
ANNA	2976960	371749122	369049839	578236	420018	9223372036854775807	0.00155303119036	0.00113681263043	0.000416218559937
ACTA	62892	7781912	7710186	11293	7979	118.421578482	0.00144908288695	0.00103379494997	0.000415287936985
NACA	569088	71633102	71099892	96980	67214	9223372036854775807	0.00135201295323	0.000944453185999	0.000407559767228
GNAG	650448	82677542	82534001	127340	93725	9223372036854775807	0.00153783203266	0.00113430448274	0.000403527549922
NTNG	3011430	315629147	318482617	528495	404761	9223372036854775807	0.00167161861613	0.00126929137973	0.000402327236404
CCTC	41000	6890921	6869901	11053	8265	86.748061733	0.00160142591091	0.00120162845735	0.000399797453553
TNTG	870525	90201952	91305303	184616	151058	9223372036854775807	0.0020425158747	0.00165169484493	0.000390821029771
ATCA	260148	32934303	32769199	43929	30892	9223372036854775807	0.00133206049372	0.000941826655298	0.000390233838424
CNTG	781590	82416371	82867216	120696	89241	9223372036854775807	0.00146232480008	0.00107575712883	0.000386567671253
CCNG	1195610	126908445	127336908	215289	166734	9223372036854775807	0.00169353898934	0.00130768029356	0.000385858695788
NNTA	2035192	251247832	251739684	463965	367640	9223372036854775807	0.00184323899607	0.00145826782882	0.000384971167241
GCTT	45783	865115	868798	747	416	21.7161019971	0.000862724083052	0.000478593303835	0.000384130779217
CTAT	21870	1584916	1602331	3490	2912	13.6663679429	0.00219717125219	0.00181405556666	0.000383115685521
ACAA	158800	19971546	19654289	17912	10102	9223372036854775807	0.00089607231972	0.000513720460501	0.000382351859218
CTTA	94768	11646974	11684610	22528	18118	108.223078786	0.00193050226136	0.00154818602979	0.000382316231577
ATAA	215060	26411603	26194130	25455	15251	9223372036854775807	0.00096285297706	0.00058189088861	0.00038096208845
NNAG	2258736	285099831	285135008	509116	400257	9223372036854775807	0.00178256320521	0.00140177781543	0.000380785389776
CATG	145192	18328571	18405847	29201	22306	208.015644143	0.00159066143756	0.00121043058412	0.000380230853447
TATT	51470	693604	698026	658	397	15.2774181308	0.000947768997871	0.000568423433936	0.000379345563935
NNTG	3842895	403100044	405990158	646113	497020	9223372036854775807	0.0016002951082	0.00122271999438	0.000377575113815
ANAG	575392	72212718	71808590	165327	137647	9223372036854775807	0.00228421477811	0.00191319248566	0.000371022292453
NAAG	745910	77547272	77190484	190724	161140	9223372036854775807	0.00245342058985	0.00208321418048	0.000370206409368
TTCT	178648	22259680	22556150	30770	22901	274.909843419	0.0013804117907	0.00101425874808	0.000366153042624
TGAG	88035	12566148	12614635	17169	12626	155.515101589	0.0013644256121	0.000999900136696	0.000364525475406
GNTA	617176	77140524	77282410	123565	95626	9223372036854775807	0.00159925525039	0.00123582873052	0.000363426519872
GTAA	42995	3181634	3153371	4944	3753	34.2364740861	0.00155150760471	0.00118874013184	0.000362767472868
GANG	699000	88864738	88872566	132260	100038	9223372036854775807	0.00148611754298	0.0011243685753	0.000361748967678
AGGA	27731	2038291	2029080	5154	4395	13.2840390337	0.00252221126578	0.00216132482573	0.00036088644005
NTCT	540432	67750910	68188989	90646	66626	9223372036854775807	0.00133614270286	0.000976124821379	0.00036001788148
TCCT	110924	13900683	13926760	23401	18421	132.042757522	0.00168061324537	0.00132095811449	0.000359655130875
NATG	915680	95232701	95633420	151694	117985	9223372036854775807	0.00159034399704	0.00123220124028	0.00035814275676
NCCG	828624	106088388	106067657	194704	156791	9223372036854775807	0.00183193767076	0.00147603497078	0.000355902699981
GTTN	965655	100212460	101526191	162225	128198	9223372036854775807	0.00161619436215	0.00126111623178	0.00035507813037
TTAG	70952	8645081	8758256	17675	14805	64.6472197512	0.0020403437428	0.00168755238337	0.00035279135943
GCCC	36951	878471	866913	2436	2097	5.30877030395	0.00276533164114	0.00241309075845	0.000352240882689
CTAC	20718	370328	371525	472	343	5.22348911549	0.00127292340885	0.000922370303441	0.000350553105405
CAAG	44668	7468954	7462922	15610	12985	53.0166647428	0.00208562582937	0.00173691299263	0.000348712836743
TCCC	112564	13379725	13388710	22821	18178	116.089961792	0.00170273618162	0.00135587020642	0.000346865975199
ANTT	178130	2651832	2675831	2766	1863	41.149899911	0.00104196567616	0.000695747908462	0.000346217767697
TAGA	13351	972365	963514	1821	1470	8.26625942352	0.00186925289421	0.00152334131965	0.000345911574562
GATG	248768	31546735	31673783	45706	34932	9223372036854775807	0.00144673847773	0.00110165296828	0.000345085509449
GNCG	912208	117383044	117440559	174180	133818	9223372036854775807	0.00148166139071	0.00113815614775	0.000343505242965
CACA	127620	16194270	16100006	19363	13749	200.936889832	0.00119424190741	0.000853246186255	0.000340995721157
CTCC	24337	1807133	1786689	2307	1673	21.3916798034	0.00127498010434	0.000935492925929	0.000339487178413
TTTT	175224	11499010	11669748	25071	21470	73.7572911315	0.00217553139378	0.00183642114962	0.000339110244165
GCCA	219237	32081502	32184339	51706	41037	275.183969078	0.00160911416003	0.00127343743018	0.000335676729851
NTCG	645824	82603459	83222945	116964	90093	9223372036854775807	0.00141396762442	0.00108137936346	0.00033258826096
AGTA	77121	9676380	9639162	15028	11759	85.1386831715	0.00155065187638	0.00121843293505	0.00033221894133
CTNG	508696	64731583	65052105	80215	58974	9223372036854775807	0.00123766046423	0.000905744473993	0.000331915990233
CTCN	413920	52352856	52418537	62890	45664	9223372036854775807	0.00119983029527	0.000870383978591	0.000329446316679
TTGG	122428	14503420	14739256	22032	17527	129.006526581	0.00151678584598	0.00118772499399	0.000329060851985
TCNG	766940	97281341	97954878	130901	99700	9223372036854775807	0.00134378387472	0.00101678067494	0.000327003199779
GNTG	1276915	135430807	136385251	182993	140714	9223372036854775807	0.00134936857458	0.00103067573996	0.000318692834626
GGCT	42278	902363	913764	1341	1067	8.35435766514	0.0014838929561	0.00116633564013	0.000317557315966
CTTN	745910	77069626	77978503	117707	94579	9223372036854775807	0.00152495228718	0.00121141624715	0.000313536040033
TCAG	241100	30491047	30671925	44032	34677	254.86407937	0.00144201362636	0.00112930111902	0.000312712507337
AGCG	61043	2795286	2795315	3088	2216	32.2100003151	0.00110349795989	0.000792127057752	0.000311370902135
AANT	178130	2651395	2682080	3824	3042	22.362743562	0.00144018252355	0.00113290941715	0.0003072731064
CTGG	158086	26943000	27186655	31541	23547	269.079849996	0.00116928773691	0.00086537395055	0.000303913786357
NTCA	605232	77367694	77270770	116050	92489	9223372036854775807	0.00149773351169	0.00119551581973	0.000302217691965
NAAC	193131	3512213	3546312	5147	4130	27.4498511053	0.00146331339414	0.00116323545068	0.000300077943452
CNNG	3431550	364772355	365911556	524613	416240	9223372036854775807	0.00143612744139	0.00113625011409	0.000299877327294
CCTN	608650	63465347	63789139	87353	68643	9223372036854775807	0.00137449707093	0.00107493554975	0.000299561521185
ACCG	234932	30087020	30026613	47283	38195	207.116446296	0.00156907561459	0.0012704222159	0.00029865339869
CAGG	296170	31144684	31220596	36138	26914	299.216361383	0.00115898163301	0.000861316629709	0.000297665003296
GNNG	3197284	407807339	408546622	564968	444976	9223372036854775807	0.00138346305642	0.0010879832304	0.000295479826018
CTGN	249354	18294281	18513479	34156	29078	103.395953721	0.00186355224944	0.00156817638473	0.000295375864701
GACA	127932	16145886	16073019	20246	15404	139.379333413	0.00125237131554	0.000957458664532	0.000294912651006
GTCA	45018	3340426	3327759	7235	6224	16.6362310637	0.00216121046904	0.00186683615363	0.000294374315407
CCNT	146413	2828652	2807572	4240	3381	20.6592471105	0.00149670372185	0.001202794924	0.000293908797851
CNCG	654784	84381077	84540032	134424	109797	9223372036854775807	0.00159052479616	0.00129707290962	0.000293451886534
AAGA	121092	15346982	15230593	22690	18065	107.710500711	0.00147628394412	0.00118469441704	0.000291589527077
AGTT	37981	636194	644613	532	351	9.38884659947	0.000835524228632	0.000544216421382	0.00029130780725
GNTT	201800	3658174	3705752	3502	2469	42.8911307444	0.000956392646427	0.000665817921855	0.000290574724572
TCTC	56072	9415639	9433876	13049	10333	70.8674972	0.00138396773761	0.00109410962845	0.00028985810916
GNCT	129924	2593825	2609334	3674	2938	19.7526023246	0.00141443750315	0.00112469145633	0.000289746046826
GGTG	223180	28372205	28416280	35113	26937	237.999565878	0.00123605473773	0.000947044773452	0.000289009964275
TNAG	524200	65539805	65915210	106383	87928	9223372036854775807	0.00162055106688	0.00133217908518	0.000288371981698
ACTG	246645	26005648	25982186	31402	23889	221.518548278	0.00120605060865	0.000918593059506	0.000287457549146
CGTG	153808	19792144	19888789	22496	16878	181.37391453	0.00113532216583	0.000847899243969	0.000287422921864
CATA	130188	16177434	16141932	23158	18461	114.140613152	0.001429453936	0.00114236083244	0.000287093103567
NATT	200042	3024077	3058306	2864	2018	35.0288902094	0.000946169746949	0.000659407304586	0.000286762442363
ACTT	30485	485824	482512	381	241	7.38684285448	0.000783620077951	0.000499220098063	0.000284399979888
AANG	973055	101512191	101029851	218905	189165	9223372036854775807	0.00215180027157	0.00186886819765	0.000282932073919
NAGG	608650	63300200	63475479	81246	63480	9223372036854775807	0.00128185778532	0.000999072081115	0.000282785704206
ANAA	902956	111903870	110531121	162803	129544	9223372036854775807	0.00145273340987	0.00117064179941	0.000282091610455
NTTN	4030220	412185970	417635873	858048	751495	9223372036854775807	0.00207737665384	0.00179617038534	0.000281206268501
GTAC	28740	546509	549124	643	492	5.23016228936	0.00117517618505	0.000895170446275	0.00028000573877
NNCA	3074316	390371127	389394948	587199	476414	9223372036854775807	0.00150194780607	0.00122197741726	0.00027997038881
GATC	42700	3217279	3214996	6443	5541	15.5612143776	0.00199862146922	0.00172052052189	0.000278100947333
AGTG	97497	14033447	14054581	15766	11913	119.018167253	0.00112219809038	0.00084690613027	0.000275291960115
GGCG	396605	42930874	42986706	55816	44046	9223372036854775807	0.00129844842671	0.00102359354538	0.000274854881332
GGNT	162946	3199277	3262211	4037	3219	24.6763324041	0.00126025734599	0.00098578135192	0.000274475994066
CANG	781590	82416719	82555516	111715	89206	9223372036854775807	0.00135365466889	0.0010793913736	0.000274263295291
NANG	3121175	327006579	326954826	537169	447307	9223372036854775807	0.00163999161419	0.00136623117235	0.000273760441834
CTGA	60275	4467673	4461068	9055	7819	20.2727275277	0.00202268263786	0.00174965265401	0.00027302998385
ANNG	2812712	356195890	355868019	575573	477762	9223372036854775807	0.00161328205782	0.00134072584965	0.000272556208171
GTGA	45704	3361966	3381728	7144	6263	14.664521672	0.00212044130349	0.0018485881456	0.000271853157889
TNTA	350361	48306843	48682257	107773	95321	188.522826342	0.00222604264795	0.00195419706981	0.000271845578138
ATGA	151824	19189635	19174798	29982	24776	107.855299885	0.00155996865078	0.00129044529842	0.000269523352358
NCNG	4565100	485565930	486547814	665667	535687	9223372036854775807	0.00136903279036	0.00109978473691	0.000269248053447
CTNT	575392	67641461	68301331	88715	71157	9223372036854775807	0.00130982975742	0.00104072562052	0.000269104136903
NCCN	3232000	341805605	341821605	639909	547653	9223372036854775807	0.00186864471526	0.00159959747321	0.000269047242053
ATCN	811276	103097702	102968814	126600	99162	9223372036854775807	0.00122645537482	0.000962102913518	0.000264352461303
GCGT	117742	8643582	8672868	9428	7172	69.4671039589	0.00108956305378	0.00082626347344	0.000263299580341
NCAG	997416	127078062	127054866	178621	145087	9223372036854775807	0.0014036276586	0.00114062149064	0.000263006167958
TCTN	675540	69989728	70508951	76511	58502	9223372036854775807	0.00109198097532	0.000829022410657	0.00026295856466
GGAT	44373	803899	828705	906	716	6.94275289517	0.00112573853294	0.000863252799242	0.000262485733695
TTAT	107530	6278921	6417351	12323	10910	27.0156801391	0.00195875410332	0.00169719306668	0.000261561036643
GCTA	24148	1764279	1772840	3613	3169	7.60203379398	0.00204367687619	0.00178433780459	0.000259339071595
NCTC	206960	34917564	34849937	48377	39248	203.984286727	0.00138354634872	0.00112493312756	0.000258613221159
TNGG	537955	56261290	56767530	80450	66482	9223372036854775807	0.00142789342324	0.00116975729252	0.000258136130725
NGTG	634604	80684550	81018769	95396	74898	9223372036854775807	0.00118093666465	0.000923598633171	0.000257338031481
GGNG	910980	96915685	96966437	144904	120116	9223372036854775807	0.00149292314721	0.00123720532132	0.000255717825893
TNNG	2359776	297435377	299936234	471392	398553	9223372036854775807	0.0015823473954	0.00132702909304	0.000255318302366
CTAA	35476	5835262	5781248	5695	4167	49.5375913317	0.000975011457883	0.000720259480089	0.000254751977794
NCTG	1246770	132062847	132706112	161602	128537	9223372036854775807	0.00122217941706	0.000967646626597	0.000254532790464
ANAC	144022	2563380	2581981	3955	3325	13.7815752248	0.00154050795864	0.00128611468043	0.000254393278213
CNCA	602836	76783970	76620092	120369	100608	9223372036854775807	0.00156517826647	0.00131135404135	0.000253824225122
CCAC	132309	17078228	17043537	23612	19232	96.5649263538	0.00138067015011	0.00112713241327	0.000253537736845
TTTN	1054756	114301773	116132662	326595	302566	291.687166313	0.00284916383002	0.00259857781186	0.000250586018159
ANTN	3191730	327464028	328008296	477443	396095	9223372036854775807	0.00145587869245	0.0012061196831	0.000249759009356
CCGT	44166	946956	936531	1268	1020	6.00989752303	0.00133723677106	0.00108794081602	0.000249295955039
TTGT	158800	19590611	19930043	30384	25935	95.0661750126	0.00154854532097	0.00129961057283	0.000248934748137
NCGG	1035780	110551892	110991579	117016	90121	9223372036854775807	0.00105735207941	0.000811303752103	0.000246048327308
NTNA	2935440	365876169	366394062	561645	472347	9223372036854775807	0.00153271572568	0.00128751771329	0.000245198012382
ANGA	457197	58108154	57854198	88998	74491	267.129438705	0.00152925009114	0.00128590861084	0.000243341480295
GAGA	84108	10680623	10667240	13748	11181	57.898986972	0.00128553610119	0.00104706491718	0.000238471184006
ACNG	774616	98776594	98517888	125985	102122	9223372036854775807	0.00127382926991	0.00103550993353	0.00023831933638
NAGA	405324	51522859	51251821	67825	55262	265.518889624	0.00131467533945	0.00107708325574	0.00023759208371
ACGA	134784	17217637	17131028	22886	18710	87.7750885215	0.00132745392933	0.00109097876597	0.000236475163354
GTNT	144022	2587080	2601460	3004	2409	15.884729098	0.00115980794445	0.000925161749689	0.000234646194764
ATNN	2966760	370641265	371088141	514171	427601	9223372036854775807	0.00138532525764	0.00115096334195	0.000234361915685
AATN	1000210	102099091	101877988	162092	137822	9223372036854775807	0.00158507847499	0.0013509866755	0.00023409179949
TTCG	177212	22551228	22851994	31770	26836	106.22437762	0.00140681055722	0.00117296207892	0.000233848478299
CCGG	243528	29669518	29748409	36281	29443	159.763235467	0.00122134402108	0.000988754998178	0.0002325890229
GTAT	32798	538775	541618	503	380	4.5393562018	0.000932728574131	0.00070110959819	0.00023161897594
CAAC	99924	4720109	4650491	10364	9130	14.159663655	0.00219090141726	0.00195938682567	0.000231514591591
TATA	70038	8439439	8456640	13047	11115	35.5211522805	0.00154356954865	0.00131262654623	0.000230943002418
CNTA	394224	49227805	49199295	75918	64481	202.132446551	0.00153980258245	0.00130889276535	0.000230909817109
ACTC	47188	7934709	7854489	11005	9080	37.0534848015	0.00138502342269	0.00115469197256	0.000230331450127
ATCG	218460	28061775	28190662	35084	28742	144.524485194	0.00124868050197	0.00101851903038	0.000230161471593
NANA	2787048	347485255	344693657	500823	417759	9223372036854775807	0.00143920412816	0.00121050472581	0.000228699402348
TTCA	124688	20880009	21007198	35150	30602	75.6585175599	0.00168059922471	0.00145461977963	0.000225979445071
ACGG	220830	23540475	23539956	23245	17949	149.152804464	0.000986474122083	0.000761909855736	0.000224564266346
NTGA	403488	24091245	24218309	42510	37306	80.9633153621	0.00176143331197	0.00153803562598	0.000223397685995
GCNT	195293	4002591	4015897	4430	3548	22.8463872971	0.00110555946675	0.000882708931208	0.000222850535538
GGGA	28141	3422921	3378412	7917	7058	9.2588762906	0.00230759948444	0.0020847917719	0.000222807712545
CGGT	58733	1285281	1310701	1558	1297	7.14352320378	0.00121071866799	0.000988568580135	0.000222150087857
GNNT	640543	12085297	12215152	13697	11136	64.6707172425	0.00113207759257	0.000910824282889	0.000221253309677
CGNG	491088	72219884	72353831	87884	72053	9223372036854775807	0.00121541574897	0.000994851509165	0.000220564239804
ANGG	439239	67176423	67161952	93335	78676	271.850685041	0.00138747340224	0.00117006640688	0.000217406995363
NGGT	175686	3610109	3678963	4733	4022	16.5996540207	0.00130932416963	0.00109204897658	0.000217275193054
NCNT	624235	11605905	11560847	14039	11473	55.0916372004	0.00120818138194	0.000991417451298	0.000216763930644
TGCA	94496	5695808	5696714	9742	8505	19.2584546648	0.0017074602799	0.0014907403204	0.000216719959505
NTAC	125251	2139264	2141957	2716	2257	10.1970753926	0.00126798569548	0.00105260016025	0.000215385535233
ANNT	631734	10053497	10116962	11980	9887	47.5802871546	0.0011902068824	0.000976315535069	0.000213891347327
GGGN	116790	2460568	2523473	5052	4641	7.18153545495	0.00204897753912	0.0018357558243	0.000213221714816
NTCN	2545088	322324443	323454412	411011	343403	9223372036854775807	0.00127352292692	0.00106054761364	0.000212975313284
TANT	139161	1953476	1957048	1886	1472	12.1468092662	0.000964527284462	0.000751587933746	0.000212939350716
ATAN	467079	69623246	69397853	89972	74888	290.442715592	0.00129060173352	0.00107794796811	0.000212653765409
ATCC	44373	3326705	3271316	5045	4265	12.407832708	0.00151421925415	0.00130205908509	0.000212160169055
NNCG	3196360	410777831	411256214	573532	486764	9223372036854775807	0.00139426303542	0.00118220352503	0.000212059510384
ANCT	140321	2429193	2431435	3094	2581	11.0627693485	0.00127205383246	0.00106038744199	0.000211666390474
CTNA	393150	49911694	49785097	70019	59336	187.025806804	0.00140089236237	0.00119042381323	0.000210468549146
CTGT	41426	3021806	3078479	5766	5236	8.7386512893	0.00190449640834	0.00169795198324	0.000206544425102
AAGG	65100	10837552	10840202	19099	16866	31.3198820939	0.00175919811736	0.00155345807911	0.000205740038251
ACGT	66908	12959023	12990444	19555	16938	43.2931041104	0.00150671360144	0.00130218363695	0.000204529964491
ACTN	595655	62012254	61826691	67327	54517	285.504020648	0.00108452729409	0.000880994436954	0.000203532857133
NGNG	1917636	279134446	279079584	354001	297075	9223372036854775807	0.00126660333835	0.00106334939026	0.00020325394809
ACCT	95640	12802949	12791649	18394	15773	44.3169518047	0.00143463910138	0.00123155151755	0.00020308758383
TNNT	744240	12101297	12150600	14539	12143	50.0423687776	0.00119999973588	0.000998376764189	0.000201622971694
NAAT	200042	3044900	3057223	3904	3304	12.2922493918	0.00128050212477	0.00107955263914	0.000200949485631
TTAA	202752	23219140	23240957	29536	24883	88.6043195864	0.00127043793806	0.00106950791375	0.000200930024309
NCCC	467160	55694431	55804164	112886	101855	129.021390545	0.00202278134962	0.00182189685157	0.00020088449805
NGGG	116790	14284306	14059783	22804	19624	42.5453533639	0.00159389282671	0.00139380870231	0.000200084124401
CNNT	703178	13279330	13315682	15490	12866	55.4965363452	0.00116511543594	0.000965296444894	0.000199818991043
CAGA	213428	27072031	26938913	30107	24576	116.935794165	0.0011108717696	0.000911454745341	0.000199417024259
NTAA	825930	83968586	83553124	83075	66023	9223372036854775807	0.00098838022963	0.000789567968207	0.000198812261423
TCTT	161456	18884867	19136220	13712	10109	130.249664533	0.000725557196655	0.000527986330957	0.000197570865698
TCCN	551856	69930697	70003835	104568	90855	213.341479174	0.00149307638088	0.0012961752167	0.000196901164181
CCTT	97650	12884140	13061519	13052	10660	60.9603566219	0.00101200323295	0.000815472309551	0.0001965309234
CTNN	2258736	226514135	227448896	302505	259708	9223372036854775807	0.0013336984447	0.00114052783003	0.000193170614666
ACNN	2429104	308243418	306741258	394882	333792	9223372036854775807	0.00127943291549	0.00108700462639	0.000192428289094
CNTN	3121175	326530343	328410839	415660	354949	9223372036854775807	0.0012713414331	0.00107964092663	0.000191700506471
TGTG	95715	13760947	13860965	14088	11548	59.9319334232	0.00102271972449	0.000832437497085	0.000190282227402
TTTC	132036	9071203	9207568	21756	20330	16.5994262276	0.00239262048801	0.00220310194153	0.000189518546481
NCTA	125336	20730042	20653460	31088	27060	58.5964091325	0.00149741367642	0.00130847773654	0.000188935939887
NGTT	193131	3537819	3574426	2782	2135	20.9723691203	0.000785742307591	0.00059694214638	0.000188800161211
CATT	52099	858718	862112	789	630	4.70284876168	0.00091796809101	0.000730229894916	0.000187738196094
GTNA	700748	88237067	88310633	115118	98602	281.430459189	0.00130294457347	0.00111529072726	0.000187653846206
TATG	130188	16128214	16235928	21620	18720	50.7440206667	0.00133871345055	0.00115167058678	0.000187042863777
NTGG	802896	101953220	102405243	109656	90958	9223372036854775807	0.0010743965318	0.000887428013064	0.000186968518737
TNGT	290474	9293453	9338045	11984	10295	30.6867178597	0.0012878492434	0.00110126503743	0.000186584205976
GCGG	263712	33852656	33955305	29304	23070	166.612528208	0.000864885030264	0.00067896125109	0.000185923779174
NAAA	527378	43623747	43266305	58393	49878	131.896449704	0.00133677058862	0.00115148650102	0.000185284087605
GTCT	50618	8507085	8574165	12079	10582	25.1653830273	0.00141786212826	0.00123265135245	0.000185210775805
CANA	696420	87926205	87222732	103914	86916	9223372036854775807	0.00118043689115	0.000995491357381	0.00018494553377
GNCA	859364	109729847	109520881	165522	144901	290.203201747	0.00150617811748	0.00132129637301	0.000184881744467
CATC	124384	21193076	21137751	30859	26871	58.7833844249	0.00145397165983	0.00126961870616	0.000184352953667
CGNT	230144	4797415	4849757	4808	3968	20.5118986709	0.00100120298453	0.000817516443556	0.000183686540978
NATC	202819	15110572	14973164	32093	29060	27.9995553103	0.00211937594869	0.00193704613396	0.000182329814726
CNGG	1195610	126841022	127189065	149905	127105	9223372036854775807	0.00118043866236	0.000998341373291	0.000182097289071
AGCA	161187	20814651	20549663	30221	26090	56.0147082218	0.00144980501679	0.00126799733648	0.000181807680316
GATT	49597	836042	854438	648	507	5.14323956351	0.000774480392977	0.000593020603665	0.000181459789313
TTNA	635856	89146331	89916527	162234	147391	184.708060464	0.00181655589248	0.00163651552445	0.000180040368031
ANAT	183153	2737989	2745518	3387	2904	9.19951294477	0.0012355109259	0.00105660629991	0.000178904625994
GCNG	1154036	148269368	148390757	174921	148518	9223372036854775807	0.00117836126387	0.000999856771887	0.00017850449198
TAAG	47384	7787316	7793787	17284	15936	13.0567262894	0.00221459139482	0.00204053331981	0.000174058075007
NCCT	243460	17068912	17147586	23079	20222	45.0034130257	0.00135028154415	0.00117790226918	0.000172379274968
AGAA	44662	3323406	3252100	3285	2657	12.5253288603	0.000987467726939	0.000816343585712	0.000171124141228
CCAA	30607	2282770	2203203	3426	2931	5.75414227186	0.00149855917865	0.00132856843691	0.00016999074174
GACG	172444	22181281	22114648	28630	24793	58.5728036298	0.00128906414798	0.00111985663956	0.000169207508423
CACG	153808	19832335	19826219	23496	20156	56.47848189	0.00118332997496	0.00101560108584	0.000167728889117
GNTC	148874	11015433	11069950	22484	20734	18.3218975212	0.00203697853499	0.00186949695799	0.000167481577002
NNGG	3232000	340997204	341894002	427076	370881	9223372036854775807	0.00125086593139	0.00108360810127	0.000167257830113
CNCT	142611	2833684	2824088	3543	3061	8.12073886162	0.00124875450572	0.00108271619218	0.000166038313542
AGNG	427833	61886470	61785166	78507	68214	154.470744243	0.0012669576235	0.00110283383058	0.000164123792913
NTAT	467079	20596095	20804258	35763	32748	36.9005631274	0.00173338726934	0.00157162694103	0.000161760328309
NGTA	375753	47645444	47633829	71790	64094	95.5006938828	0.00150448787539	0.00134374823826	0.000160739637125
GCTC	62700	10676295	10691671	13270	11570	26.8765602706	0.00124139756856	0.00108098098511	0.000160416583458
NNCT	564685	10506994	10497163	13044	11346	26.4007519427	0.00123991947558	0.00107969646312	0.000160223012453
TGTA	26327	1202110	1211881	1140	955	4.58025494289	0.000947434032828	0.000787410663931	0.000160023368896
TTAN	165186	2391355	2393361	2589	2208	7.45202411862	0.00108147893184	0.000921701691748	0.00015977724009
NCTN	2823420	295653744	296785139	323286	277051	9223372036854775807	0.00109226719384	0.00093263636143	0.000159630832413
GCTG	174868	5972653	6008649	6093	5170	18.6556283771	0.00101911002742	0.000859686664996	0.000159423362424
GGTA	121038	15389983	15377139	26071	23591	27.5246161732	0.00169115909947	0.00153181050509	0.000159348594382
NANT	638346	10136655	10215943	11301	9760	28.2489444244	0.00111362327547	0.000954457605506	0.000159165669959
TGGG	31358	3874495	3801485	4969	4274	9.528110181	0.00128084704485	0.00112303485323	0.000157812191618
AAAN	527378	35712188	35471571	86342	80151	42.4430729633	0.00241188674507	0.00225448995129	0.000157396793782
ATNT	732612	84748803	85234167	110757	97944	188.385683861	0.00130517999386	0.00114779769131	0.000157382302558
GTCN	520972	66234901	66429748	85551	75472	144.805250864	0.00128996406719	0.00113482821348	0.000155135853708
CGTN	510561	74352191	74791556	76560	65423	205.567600007	0.00102863475433	0.000873973287113	0.000154661467217
CNTC	699000	70934271	70991839	100391	89473	139.552635359	0.00141326779312	0.00125874153814	0.000154526254982
NCNA	2409144	306243857	304719111	401297	352265	9223372036854775807	0.00130866897704	0.0011546969913	0.000153971985738
CCNC	613096	74478856	74573133	107377	96041	141.597575155	0.00143963564965	0.00128622020112	0.000153415448528
CGCA	174303	22743195	22617299	30109	26468	47.7679486847	0.0013221182135	0.00116888678461	0.000153231428895
GATN	811276	102489958	102877048	121989	106874	230.643478229	0.0011888381769	0.00103777364393	0.000151064532975
TTCN	599190	91478295	92418803	125817	113208	175.102254355	0.00137348637799	0.00122344687829	0.0001500394997
CGTT	167259	22741420	23019611	19337	16121	73.3789176651	0.000849576312422	0.000699825818429	0.000149750493994
GCCN	647880	94605397	94696216	144072	130059	159.757613098	0.00152055733421	0.00137155023753	0.000149007096679
CGCG	185478	27672197	27721457	27117	23034	75.0304189177	0.000978977313301	0.000830218871199	0.000148758442102
TGNG	452127	65499817	65701286	76549	67081	143.236514103	0.00116732604548	0.00101995842469	0.00014736762079
CGTA	98613	12686521	12675870	18575	16700	22.3462077551	0.00146201177858	0.001315730384	0.000146281394585
CTTC	146841	17484503	17613700	26724	24347	29.0676594931	0.00152610665146	0.00138036824599	0.000145738405479
TCCA	80338	13703207	13636801	23166	21069	20.4585871685	0.00168770002097	0.00154262707142	0.000145072949549
AGNA	455487	58076646	57500894	74036	64973	110.745226826	0.00127317509363	0.00112867230854	0.00014450278509
TCGT	33696	1560902	1561776	1691	1466	4.19896667785	0.00108217558891	0.000937794660072	0.000144380928837
ANCN	3041408	386939967	384690485	528902	470148	9223372036854775807	0.00136501805	0.0012206543445	0.00014436370551
TNCA	528264	67474993	67504139	100920	91225	108.405551476	0.00149343154269	0.0013495748022	0.000143856740485
TNCT	607316	76190959	76808154	97355	87075	144.398826167	0.00127614564925	0.0011323849494	0.000143760699857
CCNN	3232000	341642228	342098709	532135	483804	9223372036854775807	0.00155515742131	0.00141222619848	0.000142931222825
CNGT	193654	3926677	3947979	4983	4445	8.15175355485	0.00126740359034	0.00112462630527	0.000142777285066
TANG	295668	37298464	37509579	56729	51710	57.9871342952	0.00151863758273	0.00137668331883	0.000141954263903
NCGT	340374	24551858	24611655	25836	22423	55.4463449344	0.00105119707325	0.000910243119308	0.00014095395394
TACA	78981	9968419	9919063	11941	10486	19.9842345301	0.00119644982746	0.00105603990675	0.000140409920714
NGNT	760352	14652675	14841958	15021	13134	34.1028872284	0.00102408721861	0.000884141276271	0.000139945942335
NGCA	671517	86878171	86387106	128918	116070	132.208595612	0.00148169535933	0.00134180044441	0.000139894914915
CTAN	188004	21732208	21679616	27123	24029	40.1821902683	0.00124649972005	0.00110714121983	0.000139358500224
TGCG	116202	9901264	9947885	8533	7187	27.5025455309	0.000861067083413	0.000721943547972	0.00013912353544
GCAG	205830	26665495	26562603	34665	30827	46.8517616676	0.00129830682663	0.00115919608715	0.000139110739472
NNGT	607276	11663504	11768277	14483	12976	22.0500141337	0.0012401966195	0.00110141086012	0.000138785759385
TTNC	219408	3918330	3899888	6538	5966	5.88380814278	0.0016657885055	0.00152745084686	0.000138337658642
ACNT	260260	18011573	18050716	17415	14960	42.7607186924	0.000965944400207	0.00082808968787	0.000137854712337
GGCA	129522	22167977	22075520	39391	36224	27.0794861724	0.00177378066595	0.0016382244657	0.000135556200253
GTGG	44103	1987794	1983746	1557	1291	6.03944889091	0.000782667312103	0.000650365711067	0.000132301601036
ACNC	276510	13112151	12929252	23022	20987	15.6754722659	0.00175269865117	0.0016205878517	0.000132110799472
CCAN	802896	102170868	102184087	139528	126224	146.299228012	0.00136377147832	0.00123373684203	0.000130034636288
GANT	138282	2296349	2335584	2226	1960	5.46203525718	0.000968426090078	0.000838486890514	0.000129939199563
ANCG	690432	101143772	101026777	122488	109320	160.461426176	0.00120956377771	0.00108091970367	0.000128644074034
ATAT	94520	15385834	15392457	23990	22022	19.4836167451	0.00155679909128	0.00142865678431	0.000128142306968
NGCG	780873	115412659	115478689	121954	107263	207.644144218	0.00105556245729	0.000927993394907	0.00012756906238
GNAC	134201	2732006	2761354	3048	2730	5.32026790986	0.00111442040998	0.000987668970986	0.000126751438995
NTNT	2787048	324022759	327557813	459080	422982	9223372036854775807	0.00141480953577	0.00128965477994	0.000125154755827
GTNN	2429104	306578047	308076081	392618	356113	9223372036854775807	0.00127900820751	0.00115459088554	0.000124417321969
GNAT	170564	2994916	3032771	2967	2629	6.17991112805	0.000989698397169	0.000866113197602	0.000123585199567
GCAC	42009	3128235	3085069	4653	4207	4.329407689	0.00148521108958	0.00136180775042	0.000123403339152
TCAA	45157	3373976	3311559	4037	3558	5.51849412541	0.00119508125043	0.00107326528747	0.000121815962958
AACN	579393	89102424	88149481	128800	116697	104.127054628	0.00144344091929	0.00132210324095	0.000121337678342
TTNT	902956	103554037	105331354	181210	171510	100.566648533	0.00174685080761	0.00162564307259	0.000121207735024
NAAN	806044	13194622	13271595	18807	17331	16.0055765736	0.00142332471004	0.00130416859873	0.000119156111309
CGGG	39963	4940718	4910647	6354	5746	6.65211086944	0.00128439610339	0.00116874301953	0.000115653083865
ACAG	124278	17920529	17800858	20251	18063	25.1173258592	0.00112876920624	0.00101369774298	0.000115071463266
CNTT	583833	77749796	78631288	71115	62900	131.735736953	0.000913828932175	0.000799296639289	0.000114532292886
GNTN	3801755	398931287	401329532	488045	444979	9223372036854775807	0.00122188627565	0.00110753417108	0.000114352104573
NTAN	1526394	175611710	175799491	243801	224040	187.162056885	0.00138637111009	0.00127278437563	0.000113586734457
NATN	3708450	382431913	383189673	480408	437817	9223372036854775807	0.00125461619711	0.00114125554454	0.000113360652572
CCGN	207156	4718375	4667910	5900	5313	6.15575843111	0.00124886887406	0.00113690273287	0.000111966141192
CATN	366272	61625218	61597738	81044	74108	67.900463202	0.00131338372109	0.00120165042571	0.000111733295382
ATTT	188364	21324481	21638500	28882	26885	23.5774399739	0.00135257383111	0.00124091955901	0.0001116542721
NNGA	1272544	76149295	76097088	133235	124704	61.2088261239	0.00174659912302	0.00163606754352	0.000110531579505
NTGN	768579	56256909	57006211	109777	104919	41.0130397046	0.00194755107653	0.00183710250524	0.000110448571296
CNAC	153866	11407636	11239184	22880	21318	8.32348783887	0.00200165941765	0.0018931660418	0.000108493375852
CGTC	86222	13558803	13609831	16396	14979	16.0631056629	0.00120779076609	0.00109939147775	0.000108399288335
GANA	523101	66531035	66056046	88748	81045	65.608755828	0.00133215684596	0.00122540920344	0.000106747642525
GNGA	159069	7245285	7287365	8621	7892	8.79578950762	0.00118846315351	0.00108179876322	0.000106664390283
TCCG	125769	18325127	18350051	21840	19918	20.8204083558	0.0011903874902	0.00108426965772	0.000106117832482
NTTT	1054756	121639038	123820077	193237	183746	96.2412462676	0.00158609038533	0.00148177689651	0.000104313488819
GCAA	61974	4622753	4536785	5330	4764	5.53868067897	0.00115166473894	0.00104898130572	0.000102683433225
TCNA	133069	9920249	9788143	17850	16609	7.25146395672	0.00179611815097	0.00169397451358	0.000102143637383
GTTC	127857	18419542	18576909	25194	23528	16.6344336396	0.00136591816765	0.00126491651782	0.000101001649833
NACG	680748	87445119	87163692	109132	100076	80.1692014664	0.00124645004387	0.00114682189749	9.96281463792e-05
NTGT	426816	53780643	54409279	75486	71064	42.3760395489	0.00140162320244	0.00130439707401	9.72261284348e-05
CACN	158651	11826255	11602688	17729	16283	8.89651586502	0.00149687807751	0.001401414979	9.54630985089e-05
CAAA	112592	9443665	9355067	8338	7377	11.7919644009	0.000882141065761	0.000787935286983	9.42057787786e-05
NTTC	399462	27751366	28048684	41869	39668	19.5245755013	0.00150644572321	0.00141225800645	9.41877167624e-05
TNCG	708792	90683094	91232913	108432	100521	77.1031367588	0.00119429648093	0.00110059367745	9.37028034814e-05
TCNN	1272544	215090406	215435395	282076	262383	162.915799711	0.0013097123522	0.00121643812205	9.32742301561e-05
TNTN	2787048	305126117	308091051	492747	468959	183.86856935	0.00161229249252	0.00151983077781	9.24617147089e-05
NACN	607276	45132450	44553178	79646	74503	25.3032309543	0.00176160822095	0.00166943471699	9.21735039639e-05
CNNA	1769832	226967390	225364198	315235	292420	153.85430952	0.0013869735973	0.00129586272537	9.11108719265e-05
GAGN	103480	7566227	7608694	13744	13133	4.52757259298	0.00181319954918	0.00172307768203	9.01218671495e-05
CTNC	162612	12029541	12043271	21785	20722	6.85085075259	0.00180768489708	0.00171767341045	9.00114866273e-05
AACG	111506	19129658	18961893	29230	27266	12.2412650908	0.0015256626585	0.00143587190986	8.9790748639e-05
GCTN	377430	17767234	17971255	25235	23909	12.3404822794	0.0014182966962	0.00132863473764	8.96619585594e-05
GTAN	375753	44086828	44124984	56016	52126	32.2450407757	0.0012689712516	0.00117993232242	8.90389291854e-05
NCAA	354876	60167231	59284589	52469	46432	63.0745592297	0.000871292948985	0.000782592296869	8.87006521157e-05
TATN	311386	13537218	13688717	22670	21716	7.89917272168	0.00167184271728	0.00158390329467	8.79394226188e-05
ATGN	366272	61463952	61580649	89021	83866	36.6782670189	0.00144625020793	0.00136003664344	8.62135644899e-05
CNCN	2556848	326597692	326543941	437409	409309	202.805128216	0.00133749863138	0.00125188845806	8.56101733184e-05
CCNA	322773	46561262	46485326	70248	66197	25.7814730953	0.00150644917996	0.00142201577379	8.44334061732e-05
ACGN	170187	21137686	21095763	18664	16852	20.3399247668	0.000882193762157	0.000798195770633	8.39979915236e-05
GNGT	276510	19804023	19752220	23414	21705	14.0653492029	0.00118088888645	0.00109765764763	8.32312388111e-05
CNGA	191735	14243023	14089852	28946	27469	6.07467178116	0.00202817144572	0.00194576577242	8.24056733046e-05
GANN	636273	46916257	46957022	92441	88731	18.2144181531	0.00196646586553	0.00188605760014	8.0408265389e-05
TANA	116787	5303215	5292643	5355	4921	4.51300248604	0.00100874623486	0.000928917517561	7.98287173008e-05
NCAC	158651	11826251	11598974	18943	17668	5.79594014644	0.00159921399346	0.00152092145045	7.82925430058e-05
TNNA	637896	29131542	29246400	33453	31352	17.6527436863	0.00114702574096	0.00107084724264	7.61784983175e-05
TTNN	3224172	354205770	358107068	619874	599968	127.090652219	0.00174698196278	0.00167258497823	7.43969845478e-05
AGTN	357393	50955005	51024650	52102	48496	30.2682841842	0.00102146549892	0.000949540096864	7.19254020515e-05
TNCN	686784	50795829	50921171	96251	92856	16.1028502133	0.00189127659942	0.00182020525453	7.10713448964e-05
NCNC	1278424	61362715	60652853	105337	99955	19.5780865602	0.00171368697352	0.00164527374603	6.84132274892e-05
GNNA	2990448	378993757	377558402	492361	464643	153.554189203	0.00129744139942	0.00122913935049	6.83020489384e-05
GNCN	2077218	302853672	302495213	395231	374790	113.933619064	0.00130332210963	0.00123746160494	6.58605046887e-05
NNAT	741690	12172537	12213461	12317	11563	6.53709347797	0.00101084510327	0.000945846813879	6.49982893938e-05
GNGG	459822	66722438	66472168	70010	65532	29.6932558517	0.00104817239218	0.000984885260537	6.32871316477e-05
GCNA	649167	94825030	94537698	100057	94073	37.3692411687	0.00105406276846	0.000994095312873	5.99674555917e-05
GCNN	888805	40406239	40359537	39707	37277	17.060198714	0.00098173003544	0.000922770790786	5.89592446548e-05
ANAN	1393524	94882855	94464456	133240	127334	24.7552711943	0.00140228873856	0.00134614219691	5.61465416479e-05
GCGN	520582	44495012	44436729	35711	33204	20.141050974	0.000801940718546	0.00074666179506	5.52789234857e-05
TCNT	457197	58031876	58320632	70216	67412	16.6150091701	0.00120849349108	0.00115455143522	5.39420558558e-05
NGNA	686784	31438279	31403623	32631	30908	10.6485626269	0.00103686229601	0.000983249917105	5.36123789006e-05
CANN	768579	57037362	56287114	103800	100434	5.06649100279	0.00181655388807	0.00178113792073	3.54159673372e-05
NGTN	1214552	187813179	188742099	198553	192940	25.0973078906	0.00105606707564	0.00102119755563	3.48695200122e-05
AANN	2418132	320041362	317707557	573441	558335	24.135238292	0.00178856682422	0.00175430359971	3.42632245128e-05
