#Sequence	Occurrence	Forward Match	Backward Match	Forward Mismatch	Backward Mismatch	Strand Bias Score	FER (Forward Error Rate)	RER (Reverse Error Rate), ERD (Error rate Difference)
GTCTCCCTTC	3	8	120	116	1	58.1412511697	0.935483870968	0.00826446280992	0.927219408158
AGTTAGACTT	1	7	57	14	0	9.94468037171	0.666666666667	0.0	0.666666666667
GCAAGTACCC	1	26	67	40	1	14.6313761952	0.606060606061	0.0147058823529	0.591354723708
GCCCACCCTA	1	17	65	22	0	11.5772526088	0.564102564103	0.0	0.564102564103
GCCCNCCCTA	1	17	65	22	0	11.5772526088	0.564102564103	0.0	0.564102564103
TGTCGGCGCC	1	9	108	10	0	9.35483490308	0.526315789474	0.0	0.526315789474
AGAATTCCCC	1	21	107	20	1	11.8189112524	0.487804878049	0.00925925925926	0.47854561879
GAGAAACCCC	1	38	134	30	1	15.1820670361	0.441176470588	0.00740740740741	0.433769063181
TCAAGCTCCC	1	39	84	23	0	9.79728137659	0.370967741935	0.0	0.370967741935
GNCTCCCTTC	6	232	331	115	1	36.4554283269	0.331412103746	0.00301204819277	0.328400055554
CGGCCGCGTA	1	45	88	21	0	8.65947374543	0.318181818182	0.0	0.318181818182
CGGACGGGAC	9	325	778	120	1	55.8698318635	0.269662921348	0.0012836970475	0.268379224301
CATCCCCCCC	3	85	187	26	1	10.8083599426	0.234234234234	0.00531914893617	0.228915085298
CCCTATCGGG	2	88	225	26	0	13.2208436543	0.228070175439	0.0	0.228070175439
CCCTACCCTC	2	75	150	22	0	9.63231450875	0.226804123711	0.0	0.226804123711
NCCTTAGGGG	7	643	755	186	0	56.9768849071	0.224366706876	0.0	0.224366706876
GCCTTAGGGG	7	643	755	186	0	56.9768849071	0.224366706876	0.0	0.224366706876
CCTTAGGGGT	7	684	753	193	0	56.6992065258	0.220068415051	0.0	0.220068415051
CCTTAGGGGN	7	684	753	193	0	56.6992065258	0.220068415051	0.0	0.220068415051
CCNTAGGGGT	8	757	852	194	4	51.754056099	0.203995793901	0.00467289719626	0.199322896705
ACTACCCCTG	1	114	158	27	0	9.44464436719	0.191489361702	0.0	0.191489361702
GCAAGTNCCC	4	179	278	42	1	14.5072885702	0.190045248869	0.00358422939068	0.186461019478
TAGTGGGGCA	2	164	284	36	0	14.694721025	0.18	0.0	0.18
TCGTGGGGTG	22	1047	1977	222	1	93.9888878116	0.174940898345	0.000505561172902	0.174435337172
GCCNTAGGGG	9	903	994	187	1	54.2090564958	0.171559633028	0.00100502512563	0.170554607902
NCTTAGGGGT	9	946	994	193	0	56.1383191268	0.169446883231	0.0	0.169446883231
NCAAGTACCC	4	203	257	42	1	12.5065558067	0.171428571429	0.00387596899225	0.167552602436
GGTACTTAGA	7	370	550	77	3	24.3848203713	0.17225950783	0.00542495479204	0.166834553038
AGGCCTCCTG	6	496	644	94	1	30.248012732	0.159322033898	0.0015503875969	0.157771646301
GCCTACCCGG	6	455	595	81	0	27.760869859	0.151119402985	0.0	0.151119402985
TGTGTACTTG	16	685	859	123	1	39.1271670759	0.152227722772	0.00116279069767	0.151064932075
GNCCCCCGGA	5	342	365	75	11	12.0141871981	0.179856115108	0.0292553191489	0.150600795959
AGCCCCCTCC	4	210	345	36	0	14.4009217053	0.146341463415	0.0	0.146341463415
GGTNCTTAGA	8	452	633	77	3	23.5864355676	0.145557655955	0.00471698113208	0.140840674823
CCTTAGGNGT	11	1178	1208	193	0	55.9129550346	0.140773158279	0.0	0.140773158279
CGTATCATCC	8	501	796	80	1	29.7680391072	0.13769363167	0.00125470514429	0.136438926525
GGGTGTGCCC	3	269	315	42	0	13.4089029095	0.135048231511	0.0	0.135048231511
CCCTANCCTC	3	141	225	22	0	8.66716775335	0.134969325153	0.0	0.134969325153
TTTAGGGGGG	2	181	212	28	0	8.93946988345	0.133971291866	0.0	0.133971291866
TATCGGGTCC	3	221	382	34	0	14.1292813889	0.133333333333	0.0	0.133333333333
ATCGTGGGGT	18	1265	1691	196	3	63.4084767527	0.134154688569	0.00177095631641	0.132383732253
CCTNAGGGGT	12	1257	1403	195	3	55.0250913922	0.134297520661	0.00213371266003	0.132163808001
AACACAGTCC	2	152	243	23	0	9.08611847128	0.131428571429	0.0	0.131428571429
TCGTGGGGTN	28	1468	2417	224	3	84.7427095384	0.132387706856	0.00123966942149	0.131148037434
TTTAGTGGGG	3	229	314	34	0	12.1392446895	0.12927756654	0.0	0.12927756654
AAGTCCCCTC	3	180	273	28	2	8.5045939814	0.134615384615	0.00727272727273	0.127342657343
GGTACNTAGA	9	512	707	77	3	23.4898563949	0.130730050934	0.00422535211268	0.126504698821
CGGGGATCCT	12	1319	1426	189	2	53.6181208516	0.125331564987	0.00140056022409	0.123931004763
GNTACTTAGA	9	525	691	77	3	22.3643742297	0.127906976744	0.00432276657061	0.123584210174
CNTTAGGGGT	13	1375	1447	194	1	55.7234828986	0.123645634162	0.000690607734807	0.122955026427
GCCTNAGGGG	13	1349	1473	189	0	57.7432370765	0.12288686606	0.0	0.12288686606
GNCTTAGGGG	13	1329	1476	187	3	52.543730756	0.123350923483	0.00202839756592	0.121322525917
GCCTTAGNGG	13	1359	1424	187	0	55.4573010316	0.120957309185	0.0	0.120957309185
GGNACTTAGA	10	548	792	77	4	23.3525347363	0.1232	0.00502512562814	0.118174874372
TAGGTCGTTC	2	209	252	27	0	8.87207968633	0.114406779661	0.0	0.114406779661
GCCTTAGGGN	14	1470	1623	188	0	58.1372711654	0.113389626055	0.0	0.113389626055
NGTACTTAGA	10	584	773	77	3	22.8739029314	0.116490166415	0.00386597938144	0.112624187033
GGNCCCCGGA	6	467	415	75	11	9.9544855597	0.138376383764	0.0258215962441	0.11255478752
GCCTTAGGNG	14	1471	1548	186	1	53.3782896591	0.112251056126	0.000645577792124	0.111605478333
TCGNGGGGTG	33	1782	2761	223	1	85.0226154406	0.111221945137	0.000362056480811	0.110859888656
GCNTTAGGGG	16	1484	1802	188	3	57.0069639308	0.112440191388	0.0016620498615	0.110778141526
ATCGNGGGGT	23	1570	2045	199	5	61.0381388082	0.112492933861	0.00243902439024	0.110053909471
CCTTAGNGGT	15	1572	1669	194	0	58.3289982521	0.109852774632	0.0	0.109852774632
CGCCTTAGCC	2	206	344	26	1	9.43403561261	0.112068965517	0.00289855072464	0.109170414793
CAGGAGGGCT	3	327	377	40	0	12.7707318308	0.108991825613	0.0	0.108991825613
GCCTCTACCC	7	349	507	42	0	15.735304413	0.107416879795	0.0	0.107416879795
TGTGGAGTCC	3	213	373	25	0	10.5877046658	0.105042016807	0.0	0.105042016807
CCTTAGGGNT	15	1644	1657	194	2	52.6176454639	0.105549510337	0.00120554550934	0.104343964828
TGNGTACTTG	22	1083	1249	125	1	38.0111440436	0.103476821192	0.0008	0.102676821192
NTCGTGGGGT	28	1937	2421	223	5	67.2669629436	0.103240740741	0.00206100577082	0.10117973497
TCGTGGGNTG	37	2065	3031	229	2	82.7685488129	0.0998256320837	0.000659413122321	0.0991662189614
AACTACCCCT	2	237	270	26	0	8.2618307186	0.0988593155894	0.0	0.0988593155894
NCGTGGGGTG	35	2052	2909	226	4	76.5625009631	0.099209833187	0.00137315482321	0.0978366783638
GCCTTAGCCA	2	223	319	24	0	8.92954921847	0.0971659919028	0.0	0.0971659919028
CCTACGGTTT	4	440	522	46	0	15.0763048605	0.0946502057613	0.0	0.0946502057613
GTCTCCCTNC	21	1109	1228	117	1	34.746223696	0.0954323001631	0.000813669650122	0.094618630513
AGAGCTTTGC	3	279	377	29	0	10.3970048605	0.0941558441558	0.0	0.0941558441558
NGCCCCCTCC	6	348	460	36	0	12.7191295744	0.09375	0.0	0.09375
TCNTGGGGTG	38	2114	3054	225	8	72.0904596756	0.096194955109	0.00261267145656	0.0935822836525
TATNGGGTCC	4	338	518	34	0	13.2790875805	0.0913978494624	0.0	0.0913978494624
TCGTNGGGTG	38	2243	3121	224	4	75.0736067803	0.0907985407377	0.00128	0.0895185407377
TCGTGGGGNG	39	2122	3127	228	25	58.2106754766	0.0970212765957	0.00793147208122	0.0890898045145
TGTGTNCTTG	26	1266	1491	124	1	38.7258036976	0.0892086330935	0.000670241286863	0.0885383918067
ATNGTGGGGT	28	1948	2388	198	9	53.7557794251	0.0922646784716	0.00375469336671	0.0885099851049
GATATAGGCT	5	289	363	29	1	8.68431487843	0.0911949685535	0.00274725274725	0.0884477158062
GGTACTTAGN	12	754	923	77	4	20.6119693644	0.0926594464501	0.00431499460626	0.0883444518438
CGAATCAGGG	12	973	1235	99	5	27.4175855204	0.0923507462687	0.00403225806452	0.0883184882041
CGGGGNTCCT	17	1964	1977	189	2	51.4718001468	0.0877844867627	0.00101061141991	0.0867738753427
TGTNTACTTG	26	1316	1499	125	1	38.1441636182	0.0867453157529	0.000666666666667	0.0860786490863
TCATATACGC	5	348	335	34	1	8.28420405357	0.0890052356021	0.00297619047619	0.0860290451259
TCGTGNGGTG	40	2355	3340	224	5	74.8292943259	0.0868553702986	0.00149476831091	0.0853606019877
TTAGTCATGC	10	549	654	52	1	15.7011861493	0.0865224625624	0.00152671755725	0.0849957450051
CCGTCTCCCT	14	890	931	88	5	20.1100368934	0.0899795501022	0.00534188034188	0.0846376697604
ATCGTGGGGN	30	2071	2506	197	6	56.4134468981	0.086860670194	0.00238853503185	0.0844721351622
TCCCGGGAAA	8	740	992	70	2	22.1539928304	0.0864197530864	0.00201207243461	0.0844076806518
CGGGGANCCT	18	2060	2262	190	4	52.6305757557	0.0844444444444	0.0017652250662	0.0826792193782
TAGGGTGTCC	3	289	375	26	0	9.10756245398	0.0825396825397	0.0	0.0825396825397
TAGGNTGTCC	3	289	375	26	0	9.10756245398	0.0825396825397	0.0	0.0825396825397
CCTTANGGGT	19	2193	2297	194	0	58.4998624228	0.0812735651445	0.0	0.0812735651445
CACGTCGACG	5	329	369	30	1	8.24916502515	0.08356545961	0.0027027027027	0.0808627569073
GCAAGTACNC	7	457	527	41	1	11.7920462279	0.0823293172691	0.00189393939394	0.0804353778751
ACGTCGGGGC	18	1522	1766	138	5	37.4463327755	0.0831325301205	0.00282326369283	0.0803092664277
ATCNTGGGGT	33	2264	2696	206	9	55.158220571	0.0834008097166	0.00332717190388	0.0800736378127
TCAGAGCTTT	10	795	943	69	0	22.7512552497	0.0798611111111	0.0	0.0798611111111
CTTATACCCC	14	1144	1228	100	1	28.9035691796	0.08038585209	0.000813669650122	0.0795721824399
GTCTCCCNTC	36	1922	2305	171	5	49.0507104113	0.0817009077879	0.0021645021645	0.0795364056234
ANCGTGGGGT	31	2297	2715	202	8	54.5492719233	0.0808323329332	0.00293793609989	0.0778943968333
NCNTAGGGGT	21	2262	2480	197	6	52.1809696152	0.0801138674258	0.00241351568785	0.0777003517379
AGGCCTCCTN	12	1111	1278	94	1	28.6650910629	0.0780082987552	0.000781860828772	0.0772264379264
NGTGTACTTG	28	1432	1541	123	3	33.1080274416	0.0790996784566	0.00194300518135	0.0771566732752
AAGAAGGCCT	11	763	1242	63	0	25.7493761522	0.0762711864407	0.0	0.0762711864407
AGNCCCCTCC	8	474	602	40	2	11.1693272452	0.0778210116732	0.00331125827815	0.074509753395
TCACAAACCC	6	361	381	29	0	8.64100603436	0.074358974359	0.0	0.074358974359
CCTACACGCC	5	486	638	39	0	13.8201166134	0.0742857142857	0.0	0.0742857142857
NCTTAGGGGN	22	2359	2527	194	5	51.650233129	0.0759890325108	0.0019747235387	0.0740143089721
TGTGNACTTG	30	1487	1669	123	4	33.1782446515	0.076397515528	0.00239091452481	0.0740066010031
CGTTATATAC	8	469	533	37	0	11.8653880824	0.0731225296443	0.0	0.0731225296443
CCCNACCCTC	6	294	415	23	0	8.56284339273	0.0725552050473	0.0	0.0725552050473
TTAGTGGGGC	4	422	490	33	0	10.7458091591	0.0725274725275	0.0	0.0725274725275
GCGGGGATCC	21	2380	2590	187	1	56.1992504982	0.0728476821192	0.000385951370127	0.0724617307491
GCCTTNGGGG	22	2327	2517	191	9	46.6904129355	0.0758538522637	0.00356294536817	0.0722909068955
GGTACTNAGA	15	928	1148	77	5	20.0363065246	0.0766169154229	0.00433651344319	0.0722804019797
CCTCATTTTT	50	3651	4146	294	11	77.7244070052	0.0745247148289	0.00264613904258	0.0718785757863
NNCTTAGGGG	22	2322	2527	188	8	47.0637716585	0.0749003984064	0.00315581854043	0.0717445798659
GTCTCCCTTN	30	1721	1946	137	4	37.5774460081	0.0737351991389	0.00205128205128	0.0716839170876
GGTACTTNGA	15	948	1118	78	5	19.5318997655	0.0760233918129	0.00445235975067	0.0715710320622
TTGCTATCCC	7	494	543	38	0	11.9093795939	0.0714285714286	0.0	0.0714285714286
ATCGTGNGGT	36	2554	3031	199	5	57.738221603	0.0722847802397	0.00164690382082	0.0706378764189
CTGGGTCGTA	15	991	1190	76	3	21.2549414416	0.0712277413308	0.00251466890193	0.0687130724289
ATCAAGGTTT	6	639	756	47	0	15.5353777783	0.0685131195335	0.0	0.0685131195335
CCCTATCGGN	4	355	473	26	0	9.32592339461	0.0682414698163	0.0	0.0682414698163
TCTGGGTCGT	12	823	974	63	3	16.7549951945	0.0711060948081	0.00307062436029	0.0680354704478
TCGTGGNGTG	50	3088	4082	227	2	77.1405975291	0.0684766214178	0.00048971596474	0.0679869054531
TGTGTACNTG	32	1644	1829	123	3	34.2717976187	0.0696095076401	0.00163755458515	0.0679719530549
GCCTTANGGG	23	2577	2714	188	1	55.267123356	0.0679927667269	0.00036832412523	0.0676244426017
CTTANACCCC	16	1372	1420	100	1	28.3603257789	0.0679347826087	0.000703729767769	0.0672310528409
TGTGTACTNG	32	1684	1807	123	2	34.6586333226	0.0680686220255	0.00110558319514	0.0669630388303
CCTTAGGNGN	24	2697	2827	193	0	58.5995973551	0.0667820069204	0.0	0.0667820069204
ATCAGCCCTG	11	676	841	48	0	16.4449347855	0.0662983425414	0.0	0.0662983425414
CCTTNGGGGT	24	2679	2711	197	6	49.0844700658	0.0684979137691	0.00220831799779	0.0662895957713
CTGATTCTCG	6	440	472	31	0	9.568042513	0.0658174097665	0.0	0.0658174097665
CCCTACCNTC	7	371	497	26	0	9.3702154069	0.0654911838791	0.0	0.0654911838791
CCTGGCCTAA	14	1300	1213	91	0	25.1975425904	0.0654205607477	0.0	0.0654205607477
GGTANTTAGA	17	1116	1276	81	3	21.9484395614	0.0676691729323	0.00234558248632	0.065323590446
GACGTCGGGG	6	685	664	49	1	12.5826868389	0.066757493188	0.0015037593985	0.0652537337895
CTTACCATCC	54	3106	4011	225	10	64.6260814746	0.0675472830982	0.00248694354638	0.0650603395518
NCCTTAGGNG	24	2638	2823	186	3	52.1898503342	0.0658640226629	0.00106157112527	0.0648024515376
TAGGGNGTCC	4	376	518	26	0	9.55252683866	0.0646766169154	0.0	0.0646766169154
ATCGTGGGNT	41	2890	3508	208	9	57.1064998256	0.0671400903809	0.002558999147	0.0645810912339
GGNNCTTAGA	16	1062	1258	77	4	20.3154850719	0.0676031606673	0.00316957210777	0.0644335885595
TNGTGGGGTG	54	3226	4137	226	5	70.7081451129	0.0654692931634	0.00120714630613	0.0642621468573
GTATCAACCC	7	740	716	52	1	13.4252117744	0.0656565656566	0.00139470013947	0.0642618655171
CNNTAGGGGT	26	2794	2954	198	6	51.3031835812	0.0661764705882	0.00202702702703	0.0641494435612
GTAGATGTAA	7	691	812	49	2	13.5415266618	0.0662162162162	0.002457002457	0.0637592137592
AACGGACGGG	16	1206	1656	82	0	30.0894934743	0.0636645962733	0.0	0.0636645962733
CGGCGAGCCC	4	429	459	29	0	8.94253476431	0.0633187772926	0.0	0.0633187772926
GCGGGGNTCC	24	2762	2930	187	1	55.2582822161	0.0634113258732	0.000341180484476	0.0630701453887
AACTCTACCC	7	431	555	29	0	10.1836541446	0.0630434782609	0.0	0.0630434782609
ATGCTCCCCC	5	493	579	35	2	9.21836549767	0.0662878787879	0.00344234079174	0.0628455379961
GACCCAGTAA	4	418	514	28	0	9.52544487533	0.0627802690583	0.0	0.0627802690583
TAGGGTGNCC	4	391	538	26	0	9.55301767067	0.0623501199041	0.0	0.0623501199041
CATATCCCCC	14	1039	1235	69	0	22.9409952482	0.062274368231	0.0	0.062274368231
GCAAGNACCC	8	591	627	41	2	9.92973031855	0.0648734177215	0.00317965023847	0.061693767483
ACCAACCCAG	9	548	637	37	1	10.5752725821	0.0632478632479	0.00156739811912	0.0616804651287
NCTTAGGNGT	26	2992	2909	196	0	56.1722334427	0.0614805520703	0.0	0.0614805520703
NCTNAGGGGT	26	3006	3025	203	6	50.6898727428	0.0632595824244	0.00197954470472	0.0612800377197
TAATGGCCCC	11	614	762	40	0	13.7066547631	0.0611620795107	0.0	0.0611620795107
ACNTCGGGGC	15	1606	1643	109	4	26.8633698648	0.063556851312	0.00242865816636	0.0611281931456
TCGNGGGGTN	56	3412	4466	227	6	70.90810536	0.0623797746634	0.00134168157424	0.0610380930891
NGGACGGGAC	27	1835	2262	122	3	36.9081838845	0.0623403168114	0.00132450331126	0.0610158135002
CNTTAGGGGN	29	3087	3283	205	7	52.2933429155	0.0622721749696	0.00212765957447	0.0601445153952
TNTGTACTTG	38	1954	2251	126	1	39.1924473571	0.0605769230769	0.00044404973357	0.0601328733434
CTCTCGACCC	4	472	520	30	0	9.45968634169	0.0597609561753	0.0	0.0597609561753
CGNGGATCCT	24	2941	2955	189	2	52.1387321375	0.0603833865815	0.000676361176868	0.0597070254046
TACGTCGGGG	7	757	807	49	1	13.6750542024	0.060794044665	0.00123762376238	0.0595564209026
CNGGGATCCT	26	2981	3161	191	3	53.2438637134	0.0602143757881	0.00094816687737	0.0592662089108
GNGTGTGCCC	9	819	1008	51	0	17.3946167805	0.0586206896552	0.0	0.0586206896552
ATCGTNGGGT	44	3068	3630	198	8	53.8356741532	0.0606246172688	0.0021990104453	0.0584256068235
GCNCTCCCTC	4	404	480	25	0	8.31768267465	0.0582750582751	0.0	0.0582750582751
NAGGAGGGCT	6	668	671	41	0	12.0696094479	0.0578279266573	0.0	0.0578279266573
AATTGCAAAG	8	538	542	34	1	8.74445900579	0.0594405594406	0.00184162062615	0.0575989388144
NCNTTAGGGG	29	3039	3247	193	7	49.2527858143	0.0597153465347	0.00215119852489	0.0575641480098
CGNACGGGAC	30	1988	2469	125	4	36.9236679951	0.0591575958353	0.00161746866154	0.0575401271738
ATCATCCCGG	27	623	616	38	0	11.0703723275	0.0574886535552	0.0	0.0574886535552
GGCTGCCTAT	6	488	479	29	0	8.38470165103	0.0560928433269	0.0	0.0560928433269
NGGGGATCCT	26	3156	2985	190	3	48.4213396478	0.0567842199641	0.00100401606426	0.0557802038999
GCCTTAGGNN	30	3201	3508	189	1	57.5142503736	0.0557522123894	0.000284981476204	0.0554672309132
CCTTAGGGNN	28	3285	3309	195	2	54.03328339	0.0560344827586	0.000604047115675	0.0554304356429
TACGCGGTCG	60	4983	6075	297	5	73.7480697768	0.05625	0.000822368421053	0.0554276315789
TTATACCCCT	20	1749	1798	109	6	24.8715642601	0.0586652314316	0.00332594235033	0.0553392890813
ATCCCCCCTC	16	1165	1555	71	4	20.5278118497	0.0574433656958	0.00256574727389	0.0548776184219
GGCCCNCGGA	14	1015	927	76	14	9.37198118781	0.0696608615949	0.0148777895855	0.0547830720093
NCCTTAGGGN	28	3242	3308	190	3	51.6648829324	0.0553613053613	0.000906070673513	0.0544552346878
CCNTAGGGGN	33	3481	3827	209	11	50.9548988187	0.0566395663957	0.00286607608129	0.0537734903144
AAATCTACCC	9	427	643	25	1	8.58562724807	0.0553097345133	0.00155279503106	0.0537569394822
CCCACGATGG	20	1501	1812	85	0	28.6635211776	0.0535939470366	0.0	0.0535939470366
GCAAGTANCC	9	687	653	40	1	9.93364923325	0.0550206327373	0.00152905198777	0.0534915807495
TCTCCAGGCG	12	746	872	42	0	13.8463642165	0.0532994923858	0.0	0.0532994923858
GCCTCGCCTT	10	934	1136	52	0	17.6300487215	0.052738336714	0.0	0.052738336714
CTCATTTTTC	58	4988	5148	291	13	56.3683838684	0.0551240765296	0.00251889168766	0.052605184842
AGCGCCCCAA	8	525	545	29	0	8.58123858359	0.0523465703971	0.0	0.0523465703971
NTCGNGGGGT	56	3870	4449	233	20	52.1042815166	0.0567877163051	0.00447527411054	0.0523124421946
TCTNGGTCGT	16	1127	1266	65	3	16.9461555236	0.0545302013423	0.00236406619385	0.0521661351484
GGNACNTAGA	21	1335	1618	77	4	20.86487546	0.0545325779037	0.00246609124538	0.0520664866583
GNCTCTACCC	15	882	1107	51	3	13.9265504366	0.0546623794212	0.0027027027027	0.0519596767185
GNCNTAGGGG	31	3475	3666	194	4	52.8968129838	0.0528754429	0.00108991825613	0.0517855246438
GGTACTTANA	21	1353	1483	78	5	18.5192228108	0.0545073375262	0.00336021505376	0.0511471224724
CCTTAGNGGN	32	3599	3720	195	1	56.9731666412	0.0513969425409	0.000268744961032	0.0511281975798
NCCNTAGGGG	33	3462	3709	191	6	49.9026289094	0.0522857924993	0.00161507402423	0.0506707184751
CNCGGGGACG	14	545	527	29	0	8.3213575484	0.0505226480836	0.0	0.0505226480836
GNCTTAGGGN	30	3500	3440	189	3	49.9286429188	0.0512333965844	0.000871333139704	0.0503620634447
CCCCCACGTC	8	547	516	29	0	8.18848621313	0.0503472222222	0.0	0.0503472222222
NCCTTAGNGG	32	3547	3720	188	0	57.3114178272	0.0503346720214	0.0	0.0503346720214
CCTNGCCTAA	10	1195	1087	63	0	17.2680293447	0.050079491256	0.0	0.050079491256
