#Sequence	Occurrence	Forward Match	Backward Match	Forward Mismatch	Backward Mismatch	Strand Bias Score	FER (Forward Error Rate)	RER (Reverse Error Rate), ERD (Error rate Difference)
NNCCCCCC	2756	147698	168859	1310	711	58.9290568593	0.00879147428326	0.00419295866014	0.00459851562312
NCNCCCCC	4376	255317	276947	1494	816	57.0087950887	0.00581750781703	0.00293775628863	0.0028797515284
TACCANCC	2572	162630	167447	657	213	52.9910237953	0.00402359036543	0.00127042824764	0.00275316211779
TTATCANG	4380	267987	279134	925	294	77.6160207558	0.00343978699351	0.0010521493909	0.00238763760262
CCNNCCCC	7140	428995	464087	1640	886	63.6832780881	0.00380832955984	0.00190548698527	0.00190284257457
NCCCCNGG	5596	354104	364694	1169	523	58.7847159479	0.00329042736149	0.00143202534384	0.00185840201766
ANCANCCC	11088	698471	716240	2294	1073	103.966895699	0.0032735653179	0.00149586024511	0.00177770507279
TNCNCCCC	6000	374055	385795	1399	782	43.1576347077	0.00372615553437	0.00202288289267	0.0017032726417
NNCCCCAG	10356	670896	683038	2368	1326	68.9875881206	0.00351719384966	0.00193756538918	0.00157962846048
NGCGTTTN	24064	1582256	1616361	5282	2868	167.643601782	0.00332716445213	0.00177121333672	0.00155595111541
AAAAANTN	27544	1686811	1672628	6528	4725	60.5205301921	0.00385510520929	0.00281693835466	0.00103816685464
AANAANTG	19304	1221566	1210732	3331	2074	62.1609240977	0.0027194123261	0.00171008388811	0.00100932843799
NAAAANTG	23848	1513235	1501424	4635	3103	64.3682563267	0.00305362119286	0.00206244221606	0.000991178976797
CANCNCGG	15896	1055477	1063662	1567	903	40.9499329474	0.00148243592509	0.000848233785631	0.000634202139458
