#Sequence	Occurrence	Forward Match	Backward Match	Forward Mismatch	Backward Mismatch	Strand Bias Score	FER (Forward Error Rate)	RER (Reverse Error Rate), ERD (Error rate Difference)
NTTG	709752	45572105	46306283	116005	85140	9223372036854775807	0.00253906322673	0.00183525303805	0.000703810188689
AATG	208396	13344781	13372412	25870	19422	203.419550763	0.00193483473617	0.00145028679418	0.000484547941993
ANTG	731092	47223603	47414922	78355	57496	9223372036854775807	0.00165648534042	0.00121114538552	0.0004453399549
TCGG	144720	9508681	9619805	11740	7620	202.215711502	0.0012331387446	0.000791488897602	0.000441649846997
NTNG	2409144	156832756	158258779	262123	200364	9223372036854775807	0.00166856489319	0.00126445212442	0.000404112768775
TNTG	696420	44811508	45363236	91655	74872	9223372036854775807	0.00204117024006	0.00164777987675	0.000393390363306
CNTG	625272	40958631	41184296	59887	44228	9223372036854775807	0.00145999911552	0.00107275244683	0.000387246668696
CCNG	956488	63075591	63288412	106850	82655	9223372036854775807	0.00169113440869	0.00130430185119	0.000386832557498
NNTG	3074316	200286305	201731459	320686	246301	9223372036854775807	0.00159857838653	0.001219446141	0.000379132245532
NAAG	596728	38532113	38350985	94772	79962	258.650076271	0.00245352427461	0.00208066691669	0.000372857357917
NATG	732544	47315765	47514847	75285	58464	9223372036854775807	0.00158859109473	0.00122892434374	0.000359666750997
GTTN	772524	49791970	50446152	80517	63532	9223372036854775807	0.00161445728584	0.00125781820373	0.000356639082105
GNTG	1021532	67292563	67769005	90789	69705	9223372036854775807	0.00134735060375	0.00102751069412	0.000319839909636
CTTN	596728	38290871	38744386	58362	46900	9223372036854775807	0.00152185573047	0.00120903442077	0.000312821309694
CNNG	2745240	181303703	181869180	260176	206184	9223372036854775807	0.00143297224885	0.0011324102035	0.000300562045345
CCTN	486920	31536209	31697797	43330	34030	254.475906215	0.00137209096054	0.00107242485597	0.000299666104577
CAGG	236936	15478430	15515330	17885	13307	149.581532792	0.00115414535649	0.000856932904028	0.000297212452465
ACTG	197316	12922133	12911464	15601	11838	112.663159614	0.00120585258593	0.000916019760275	0.000289832825657
AANG	778444	50440268	50198216	108723	93848	223.031404823	0.00215084411873	0.00186605982208	0.000284784296646
NAGG	486920	31455389	31541022	40217	31412	241.550862851	0.0012769082773	0.000994918541915	0.000281989735385
NTTN	3224176	204774576	207489824	425822	372739	9223372036854775807	0.00207515192051	0.00179319928813	0.000281952632387
NANG	2496940	162499944	162468398	266588	221750	9223372036854775807	0.00163785513351	0.00136302045776	0.000274834675751
CANG	625272	40960651	41028236	55370	44164	279.250019092	0.00134996029966	0.00107527195878	0.000274688340875
GGCG	317284	21342223	21369455	27684	21847	152.28143142	0.00129546656427	0.00102130295762	0.000274163606645
NCNG	3652080	241333763	241822507	330204	265330	9223372036854775807	0.00136637664315	0.00109600714884	0.000270369494308
NCCN	2585600	169858117	169866030	317408	271342	9223372036854775807	0.00186518008392	0.00159484066793	0.000270339415988
TCTN	540432	34768939	35029591	37904	28954	276.211616721	0.00108898126728	0.000825875688794	0.000263105578481
TNGG	430364	27954076	28207088	39795	32880	158.008621327	0.00142156116959	0.00116430726834	0.000257253901249
GGNG	728784	48163051	48187973	71849	59550	252.608334924	0.00148956460986	0.00123426025415	0.000255304355709
NCTG	997416	65624843	65949042	80198	63733	9223372036854775807	0.001220576059	0.000965464639231	0.000255111419766
ANTN	2553384	162688532	162960216	236829	196303	9223372036854775807	0.00145360426729	0.0012031575643	0.000250446702992
NCGG	828624	54956227	55174501	57929	44539	9223372036854775807	0.00105298352664	0.000806587727711	0.000246395798929
AATN	800168	50720893	50610199	80405	68318	208.864800247	0.0015827351498	0.00134806628221	0.000234668867591
ACGG	176664	11701169	11700802	11510	8877	75.0683120624	0.000982695760722	0.000758090806759	0.000224604953963
ACTN	476524	30811477	30720872	33385	27002	143.776631377	0.0010823520624	0.000878174536555	0.00020417752584
NTAA	660744	41714757	41508796	41184	32718	202.95327426	0.00098630276348	0.000787597678794	0.000198705084686
CNTN	2496940	162256903	163195572	206061	175932	9223372036854775807	0.00126835676838	0.00107688302851	0.000191473739866
CNGG	956488	63042471	63214948	74204	62882	211.151856875	0.00117566395885	0.000993744570571	0.00018191938828
NNGG	2585600	169457898	169904492	211371	183457	9223372036854775807	0.001245782464	0.00107860081257	0.000167181651429
NCTN	2258736	146909921	147479284	160262	137277	9223372036854775807	0.00108969742698	0.000929956632711	0.000159740794265
CCNN	2585600	169777484	170002723	263797	239731	257.979041306	0.00155137034048	0.00140817401516	0.000143196325316
GNTN	3041404	198233487	199429913	241926	220495	245.907977364	0.00121892176136	0.00110440545656	0.000114516304795
NATN	2966760	189998642	190376731	238061	216931	223.619766737	0.0012513936388	0.00113818580179	0.000113207837005
