#Sequence	Occurrence	Forward Match	Backward Match	Forward Mismatch	Backward Mismatch	Strand Bias Score	FER (Forward Error Rate)	RER (Reverse Error Rate), ERD (Error rate Difference)
TTTT	91887	195100	204083	1410	941	26.0578530669	0.00717520736858	0.00458970657094	0.00258550079764
TTGG	3888	21710	22955	108	59	4.3242923736	0.00495004125034	0.00256365690449	0.00238638434585
NTTT	166018	419959	433595	2028	1353	35.1105551465	0.00480583525085	0.00311071668337	0.00169511856748
NTGG	12079	68824	71742	279	182	6.03985419115	0.00403745134075	0.00253044880707	0.00150700253368
TTNT	177214	431104	441612	2075	1509	23.4275646193	0.00479016757507	0.00340539040127	0.0013847771738
TNTT	179381	444829	455656	1834	1301	23.5137804128	0.00410600385526	0.00284709502207	0.00125890883319
TTTN	166018	418031	430969	2682	2280	10.8214926425	0.00637489214738	0.00526256263719	0.00111232951019
ATTT	49016	123674	126167	356	238	6.32729860838	0.00287027332097	0.0018828369131	0.000987436407874
NTNT	418065	1037902	1053715	3734	2801	33.0903687717	0.00358474553491	0.00265116666477	0.000933578870135
ATNT	182059	361343	363828	1064	782	10.6184457094	0.00293592563058	0.00214475741203	0.000791168218546
NNTT	336980	1018335	1036597	2973	2254	25.3429533468	0.00291097298758	0.00216970479886	0.000741268188721
NTTN	336980	1016683	1031428	4315	3719	12.4423532304	0.00422625705437	0.00359272644368	0.000633530610688
TTNN	336978	1016132	1029810	4448	3878	11.0772521264	0.00435830606126	0.00375161557453	0.000606690486734
TNNT	369963	1093978	1106364	3362	2831	12.1179260517	0.00306377239506	0.00255230144384	0.000511470951225
TNTN	418065	1040239	1052144	4062	3667	6.18023362033	0.00388968314691	0.0034731594954	0.000416523651507
ATNN	365794	950347	947418	2649	2332	4.8913089057	0.00277965489887	0.00245538299553	0.000324271903341
ANNT	333240	938276	942348	2584	2310	4.28792783345	0.0027464234849	0.00244532942081	0.000301094064091
