#Sequence	Occurrence	Forward Match	Backward Match	Forward Mismatch	Backward Mismatch	Strand Bias Score	FER (Forward Error Rate)	RER (Reverse Error Rate), ERD (Error rate Difference)
NTTTTTTC	2783	8374	9184	236	147	7.04302613131	0.0274099883856	0.0157539384846	0.011656049901
NTTTTTNC	4598	15187	16070	318	185	10.0042359537	0.0205095130603	0.0113811135035	0.00912839955677
TTTTTTTT	22938	25943	32284	753	654	10.5446817384	0.0282064728798	0.0198554860647	0.0083509868151
TNTTTTNC	4750	16003	16907	306	189	8.13331427618	0.0187626463916	0.0110552175948	0.0077074287968
NAAAAATT	3019	8584	8987	102	38	7.60397351564	0.0117430347686	0.00421052631579	0.0075325084528
TTTTTTTN	28726	39026	47018	1119	1011	10.2417584767	0.0278739569062	0.0210497824231	0.0068241744831
TTTTNTNC	4697	15881	16563	226	126	7.77169453971	0.0140311665735	0.00754988315657	0.00648128341697
TNTTTTTT	28426	39589	46723	943	809	10.3600523341	0.0232655679463	0.0170201127661	0.00624545518018
NTTTTTTT	28726	39716	46773	958	826	10.0977500725	0.0235531297635	0.0173533057417	0.00619982402177
TTTNTTTT	28436	40817	47783	838	708	9.62507156343	0.0201176329372	0.0146006475428	0.00551698539438
TTNTTTTT	28049	40087	47309	888	778	8.71902101353	0.0216717510677	0.0161790088797	0.00549274218799
NNTTTTNC	8595	32385	33356	508	340	9.04394351161	0.015444015444	0.0100902184236	0.00535379702046
NAAAANTT	6048	19111	20053	167	67	11.0425616093	0.008662724349	0.00333001988072	0.00533270446828
NNTAAAAT	6115	16356	16549	161	76	7.48557222242	0.00974753284495	0.00457142857143	0.00517610427352
NTTATTTT	5571	13790	14415	115	45	7.97171506388	0.00827040632866	0.00311203319502	0.00515837313364
NTTTTTTN	38370	65450	74845	1591	1426	10.4060336494	0.0237317462448	0.018696490147	0.00503525609786
NGNNTTTT	4607	17945	18704	159	71	8.79166298676	0.00878258948299	0.00378162450067	0.00500096498232
TNTTTTTN	38624	66381	75810	1515	1338	10.9288426177	0.0223135383528	0.0173432882252	0.00497025012755
NTNTTTNC	8728	32131	32738	428	271	9.01450029008	0.0131453668724	0.00820988215335	0.00493548471909
TNTNTTTT	38975	67720	76216	1133	895	14.4780168275	0.0164553468985	0.0116066449663	0.00484870193212
NNTTTTTT	38370	66414	75059	1291	1088	11.8244989041	0.0190680156562	0.0142881531774	0.00477986247875
NTTTTNNC	7897	29143	29990	387	252	7.75092125252	0.0131053166272	0.0083327822234	0.00477253440376
TTTTNTTT	28261	40508	47235	803	704	7.34360188446	0.0194379221031	0.0146853292726	0.00475259283045
NTTNTTTT	38201	67716	76112	1147	917	13.6958822638	0.0166562595298	0.0119046073557	0.00475165217412
TTTTTNTT	27966	40047	46989	801	709	7.20138340446	0.0196092831962	0.0148643548996	0.00474492829666
NTTTNTNC	8675	32191	32779	378	231	9.00364053301	0.0116061285271	0.00699787943048	0.00460824909665
TTTTTTNN	38370	65629	75406	1420	1272	9.76171670813	0.021178541067	0.0165888520827	0.00458968898425
NTNTTTTT	38624	67272	75798	1233	1033	11.5096455928	0.0179986862273	0.0134450937773	0.00455359245003
NNTATTTT	12030	31353	32408	233	94	14.5925184732	0.00737668587349	0.00289212971509	0.00448455615839
CCNNNTTT	2736	12411	12399	81	25	6.99667707577	0.00648414985591	0.00201223438506	0.00447191547085
ANTANTTT	6063	18582	19158	124	43	9.73461617762	0.00662888912648	0.00223946669444	0.00438942243204
TNTTNTNC	9337	35109	35817	399	247	9.15613876406	0.0112369043596	0.00684893522626	0.00438796913332
CNNNTTTT	8100	32242	33131	290	151	11.0834840681	0.00891429976638	0.00453698695992	0.00437731280647
TNTTTNNC	8142	30054	30715	371	242	7.2047326502	0.0121939194741	0.00781729495752	0.00437662451659
NAAANTTT	4878	16350	16933	112	43	7.83789441402	0.00680354756409	0.00253298774741	0.00427055981668
TNNTTTNC	8566	32709	33723	422	288	7.10276502112	0.0127373155051	0.00846784863721	0.00426946686791
NNAAATTT	4590	15386	15831	107	42	7.18646446217	0.00690634480088	0.002646002646	0.00426034215488
NNTNTTTT	57193	123854	134842	1678	1246	23.7828539074	0.0133671095816	0.0091558403386	0.00421126924302
TNNTTTTT	37408	66437	75067	1168	999	9.83698666476	0.0172768286369	0.0131333315805	0.00414349705647
TTTTNNNC	8237	30690	31465	304	181	8.15701066235	0.00980835000323	0.0057195222145	0.00408882778873
ANTNTTTT	11258	30232	31922	317	202	7.67277895263	0.0103767717438	0.00628813348275	0.004088638261
NTNATTTT	10462	30219	31474	215	94	12.1158910866	0.00706446737202	0.00297769893563	0.00408676843639
NANAAATT	6228	19437	20067	134	56	8.15843730936	0.00684686525982	0.00278288525568	0.00406398000415
ANAAANTT	6042	18793	19619	124	50	8.19237190123	0.00655495057356	0.00254207127968	0.00401287929388
ANNATTTT	7901	25520	26407	182	82	9.68062543465	0.00708116099914	0.00309562459889	0.00398553640025
TTNTTTTN	38201	66794	76000	1370	1246	7.82368469076	0.0200985857637	0.0161302850633	0.00396830070044
NANGNTTT	4011	17323	17881	104	36	8.27895171539	0.00596775119068	0.00200926494391	0.00395848624677
TNNATTTT	11223	29868	31015	196	81	12.0541623547	0.00651942522618	0.00260483663494	0.00391458859125
NNAAAATT	5968	18944	19759	132	60	7.18355801054	0.0069196896624	0.00302739795146	0.00389229171094
ANGNNTTT	4108	16554	17224	104	41	7.11984172514	0.00624324648817	0.00237474659716	0.00386849989101
NTNNTTTT	55760	123462	134241	1581	1200	20.1331703223	0.0126436505842	0.00885994639732	0.00378370418687
NNNATTTT	22920	70678	72752	465	201	25.249911517	0.00653613145355	0.00275519855249	0.00378093290106
ATNANTTT	6343	19856	20676	126	53	7.77039312613	0.0063056751076	0.00255680447682	0.00374887063078
TTNNTTTT	37040	67381	75536	1030	864	9.36642684407	0.0150560582362	0.0113089005236	0.00374715771269
NANATTTT	8814	25877	26420	170	74	9.32941157609	0.00652666333935	0.00279308522684	0.0037335781125
NNNTTTTT	56356	122529	133701	1773	1423	17.0688749131	0.0142636482116	0.01053106776	0.00373258045163
NAANAATT	6791	22103	22440	141	60	8.01574342272	0.00633878798777	0.00266666666667	0.00367212132111
TTTNTTTN	39291	67418	75980	1263	1136	7.32316502403	0.0183893653267	0.0147310545153	0.00365831081138
ANNANTTT	14964	51036	52748	307	124	19.0082537395	0.00597939349084	0.00234528673022	0.00363410676062
NATNTTTT	13466	35877	37446	345	222	7.69934466307	0.00952459831042	0.00589359668684	0.00363100162358
ANAANTTT	5611	18288	18987	111	46	7.01246635868	0.00603293657264	0.00241685493616	0.00361608163648
NANAATTT	5852	19544	19964	119	49	7.29676996921	0.0060519757921	0.00244840853445	0.00360356725764
TTTTTNTN	38218	66617	75629	1220	1105	7.14056851893	0.0179842858617	0.0144003961738	0.0035838896879
TNNNTTTT	54900	120049	130671	1492	1146	18.0724521726	0.012275692976	0.0086938710485	0.00358182192753
ANNAATTT	5043	17233	17665	98	37	6.9304216604	0.00565460735099	0.00209015930403	0.00356444804696
TTTTNTTN	38165	67745	76387	1235	1112	7.1477273452	0.0179037402146	0.0143485722396	0.00355516797491
NNNNTTTT	91887	244608	259851	2520	1749	42.0340446053	0.0101971447995	0.00668577981651	0.00351136498294
NNTGNTTT	5353	22154	23206	117	41	9.38253991891	0.00525346863634	0.00176366843034	0.00348980020601
ATNNTTTT	13054	35222	36985	338	225	6.88893039505	0.00950506186727	0.00604676162322	0.00345830024405
CNTCNNTT	2585	13319	13280	59	13	6.89690399469	0.00441022574376	0.00097795832393	0.00343226741983
NANANTTT	16669	53531	54942	314	134	17.5351807449	0.00583155353329	0.00243300167042	0.00339855186287
CNNTNTTT	7630	30300	31213	242	142	6.99938280351	0.00792351515945	0.00452878328815	0.0033947318713
TTNTNTTT	37189	66529	74162	995	852	7.68533486424	0.0147355014513	0.0113578798624	0.00337762158891
NNAANTTT	12501	42995	44015	247	103	14.3718582104	0.00571203922113	0.00233464798948	0.00337739123164
NNTTTTTN	56356	120940	132704	2313	2075	10.3849189309	0.0187662774943	0.0153955734944	0.00337070399987
AAAANNTT	7189	22947	24028	142	67	7.27395272055	0.00615011477327	0.00278065988794	0.00336945488533
NNTANTTT	19777	58347	59841	339	148	18.1388260029	0.00577650546979	0.00246711897181	0.00330938649798
AAAANTNT	8126	23666	24614	126	49	8.69054326483	0.00529589778077	0.00198678181892	0.00330911596185
NNNTTTNC	17152	70179	71020	773	543	10.0901224109	0.0108946893675	0.00758771991113	0.00330696945633
NNNAAAAT	22920	69826	71675	852	634	8.97750769749	0.0120546704774	0.0087679265375	0.00328674393988
NTTANTTT	8570	24061	24747	141	63	7.61963257121	0.0058259647963	0.00253929866989	0.00328666612641
NATANTTT	8626	24263	24740	143	64	7.54315049443	0.00585921494714	0.00258022899532	0.00327898595182
NANNTTTT	23251	70262	72935	560	340	14.3336050256	0.00790714749654	0.00464005458888	0.00326709290766
NNAAANTT	12501	42778	44232	252	115	12.8799310406	0.00585637927028	0.00259318555934	0.00326319371094
ANNNTTTT	23670	72091	75129	596	375	13.7951851438	0.00819954049555	0.00496662428481	0.00323291621074
NTTTNTTT	39291	68161	75843	1053	920	6.96451163335	0.0152136850926	0.0119849406615	0.00322874443109
NTTTTTNN	56356	121157	132793	2096	1856	10.4950144367	0.0170056712616	0.0137839865131	0.00322168474847
TNTTTNTT	39024	68486	75907	1024	884	7.17145043938	0.0147316932815	0.0115117657017	0.00321992757983
CNNNNTTT	16048	69616	71022	443	225	17.2274037613	0.00632324183902	0.00315802770643	0.00316521413259
NNGNNTTT	10329	43504	45180	258	124	12.0922761863	0.00589552579864	0.00273706515981	0.00315846063883
TTTNNTTT	37077	67068	74385	920	783	7.18679678516	0.0135317997294	0.0104166666667	0.0031151330627
TNTTTTNN	57193	122618	134499	1969	1731	10.5793081623	0.0158042171334	0.0127064523233	0.00309776481013
NNCNTTTT	9684	38940	40093	258	141	8.92992357058	0.00658196846778	0.00350449868271	0.00307746978507
NTNTTTTN	57193	122413	133995	2113	1888	9.68086861715	0.0169683439603	0.013894306131	0.00307403782929
TTTNTNTT	37413	67214	74763	922	792	6.91763223101	0.0135317600094	0.0104824300179	0.00304932999153
NNNANTTT	41163	138970	142387	750	331	38.4152831905	0.00536787861437	0.00231925895823	0.00304861965615
NANAANTT	14233	48161	49405	263	118	13.5676518844	0.00543119114489	0.00238273125618	0.0030484598887
NNNGNTTT	10260	45027	46691	231	98	13.5074464365	0.00510406999867	0.00209450939323	0.00300956060544
NNNCTTTT	7856	32048	33367	167	74	9.3274702618	0.00518392053391	0.00221285248647	0.00297106804744
NGNNNTTT	10300	43561	44498	241	114	11.2049459857	0.00550203187069	0.00255536626917	0.00294666560153
ANTNNTTT	21816	63902	66443	443	264	12.2018734752	0.00688476183076	0.00395760564858	0.00292715618217
ANAAATNT	10261	26037	26902	129	54	7.87531373075	0.00493006191241	0.00200326457931	0.00292679733309
TNNTTTTN	55760	122159	133671	1988	1773	9.27400484324	0.0160132745858	0.0130902808541	0.00292299373169
CNTNNTTT	8635	36009	36736	244	141	7.12841440592	0.00673047747773	0.00382352143613	0.0029069560416
NTTNTTTN	56888	122182	132453	1894	1665	9.21942442077	0.0152648376801	0.0124144410146	0.0028503966655
NTNANTTT	17136	54415	56003	293	141	13.3062749863	0.00535570666082	0.00251139925905	0.00284430740177
NTNTNTTT	60240	125008	134729	1485	1211	12.119984817	0.0117397800669	0.00890834191555	0.00283143815133
AAANNTAT	11158	25945	26488	126	55	7.01535967045	0.00483295615818	0.00207210940738	0.00276084675081
TNTNTTTN	60240	123929	134472	1848	1624	9.11650681971	0.014692670361	0.0119327533506	0.00275991701046
NNNAATTT	12766	44598	45157	219	97	11.2999786688	0.00488653859027	0.00214345693198	0.00274308165828
NAAANNTT	15060	51066	52792	258	121	12.5304554509	0.00502688800561	0.00228677262676	0.00274011537885
NTTNNTTT	55397	121424	130865	1318	1056	12.0646037161	0.0107379707028	0.00800479074598	0.0027331799568
NTTTNNNC	15701	63382	63639	515	342	8.47768171061	0.00805984631516	0.00534533689689	0.00271450941827
NTTATNTT	11060	29734	30240	157	77	6.89598445293	0.00525241711552	0.00253982913877	0.00271258797675
ANAAANNT	24927	69441	72298	572	397	9.23960748319	0.00816991130219	0.00546117339569	0.00270873790649
AAANATNT	12215	29795	30842	138	59	8.15438139606	0.00461029632847	0.00190932332287	0.0027009730056
ATNNNTTT	27536	73609	76382	514	325	11.6143262128	0.00693441981571	0.00423690145619	0.00269751835952
NNTTTNNC	15597	64155	64738	623	452	6.96228994906	0.00961746271882	0.00693357876975	0.00268388394907
NNANTTTT	20532	63446	65541	449	286	9.80318696273	0.00702715392441	0.0043447217707	0.00268243215371
NNTTNTNC	17998	73404	73628	663	466	8.33906719915	0.00895135485439	0.0062893081761	0.00266204667829
TNTTNNNC	17088	69946	70140	555	368	9.09413649672	0.00787222876271	0.00521926589891	0.00265296286381
TNTNNTTT	55691	121471	130445	1290	1037	11.3281701854	0.0105082232957	0.00788701114982	0.00262121214586
NAANANTT	15488	52547	53749	253	117	12.2951206389	0.00479166666667	0.00217205658486	0.00261961008181
NAAAANNT	23251	69627	72208	653	485	7.5259882754	0.00929140580535	0.00667189413011	0.00261951167524
NNTNNTTT	91291	242467	255352	2079	1516	26.8858853043	0.00850146802647	0.0059018639924	0.00259960403406
TNNANTTT	18358	54149	55508	268	130	11.9096316908	0.00492493154713	0.00233653258564	0.00258839896148
NAAANTNT	16669	53044	54273	256	122	11.7511293768	0.00480300187617	0.00224285320342	0.00256014867275
NATNNTTT	25135	77495	79579	499	307	11.8616422314	0.00639792804575	0.00384297624114	0.0025549518046
TNTNTNTT	62256	127396	136104	1336	1074	11.3167649253	0.0103781499549	0.00782924375629	0.00254890619866
AANNNTTT	16557	57802	59460	309	166	11.0110542915	0.00531740978472	0.00278402039379	0.00253338939093
NTTNTNTT	55761	123362	132239	1293	1047	10.7336447525	0.0103726284545	0.00785528862746	0.00251733982707
ANNNNTTT	51694	163211	168278	967	570	25.8815452751	0.0058899487142	0.00337581730314	0.00251413141106
NTNNNTTT	91450	236564	249310	1997	1470	24.8058311251	0.00837102460167	0.00586171146024	0.00250931314143
TTTTTNNN	56356	121939	133765	1692	1512	8.0491966576	0.0136858878437	0.0111770663158	0.00250882152788
AAANNTNT	20887	60264	62031	269	121	13.9247331505	0.0044438570697	0.00194684000515	0.00249701706455
CNNCNNTT	5246	26854	26981	95	28	8.62522433696	0.00352517718654	0.00103669147321	0.00248848571332
NNTANAAT	17112	44253	44563	254	144	7.47163524569	0.00570696744332	0.00322097210728	0.00248599533605
TNNTNTTT	54434	120274	128933	1360	1132	9.3977123679	0.0111810842363	0.00870334063737	0.00247774359894
ANNAANTT	13083	46272	47165	208	95	10.3566003637	0.00447504302926	0.00201015658062	0.00246488644864
ANAANNTT	16212	53459	55207	241	112	11.9167075952	0.00448789571695	0.00202462083552	0.00246327488143
TTTTNTNN	56636	123588	134436	1628	1435	8.09186653854	0.0130015333504	0.0105614884707	0.00244004487969
TNTTTNTN	59822	126574	136546	1697	1490	8.06862953591	0.0132298025275	0.0107942855487	0.00243551697876
ANNNATTT	19689	56462	57600	280	145	10.6610252615	0.00493461633358	0.00251103991688	0.0024235764167
NNTTNTTT	56888	123498	132972	1466	1251	8.71273741063	0.011731378637	0.00932031022999	0.00241106840706
NANNNTTT	47878	161624	165815	903	524	24.9154488814	0.00555599992617	0.00315019327999	0.00240580664618
TANNNTTT	20907	58550	60019	366	232	7.99166951431	0.00621223436757	0.00385055849695	0.00236167587062
ANAANTNT	20049	58960	60421	254	117	12.4940841541	0.00428952612558	0.00193267038885	0.00235685573673
TTNNNTTT	52428	117336	126026	1196	983	9.20500828596	0.0100901022509	0.00773960900409	0.00235049324678
NNTTTNTT	57145	124611	134220	1429	1220	8.50665643	0.0113376705808	0.0090076786769	0.00232999190386
NNAAATNT	19583	57431	58951	265	135	10.6810865635	0.00459303937881	0.0022848051992	0.00230823417961
AANANTNT	19059	59002	60352	261	127	11.4796915366	0.00440409699138	0.00209990244548	0.0023041945459
NTNATNTT	22761	71029	72238	312	150	13.7289400078	0.0043733617415	0.00207216665746	0.00230119508404
NNANATTT	19583	58689	59289	282	148	10.1163065621	0.00478201149718	0.00249003146188	0.00229198003529
NNNAAANT	41163	137732	140898	1114	813	12.5664067628	0.00802327758812	0.00573702817706	0.00228624941105
NANNAATT	13345	45703	46253	194	90	9.25662294267	0.00422685578578	0.00194204086917	0.00228481491661
NANATTNT	21527	62527	63417	281	141	11.2839443368	0.00447395236276	0.00221844614368	0.00225550621908
TNNNNTTT	85946	227457	238411	1837	1381	19.9536019554	0.00801154849233	0.00575915793688	0.00225239055545
AANNTTNT	16212	53281	54318	284	167	7.80747478426	0.00530196956968	0.00306506377902	0.00223690579066
NNNTNTTT	95377	245379	257962	2212	1740	18.7688182378	0.00893408888045	0.00669998690807	0.00223410197238
CNNNTTNT	17057	71752	72775	428	270	9.01445707155	0.00592962039346	0.0036963515641	0.00223326882936
AAANANNT	27710	72869	75335	526	374	7.46053586593	0.00716670072893	0.00493996750717	0.00222673322177
AAAANNNT	23670	71766	74562	509	361	7.49859995602	0.00704254583189	0.0048182801009	0.00222426573099
NGNNTNTT	11413	46704	48086	208	107	8.39665315557	0.00443383356071	0.00222023945386	0.00221359410685
NTANNTTT	23023	62504	64128	389	256	7.44353697347	0.00618510804064	0.00397614314115	0.00220896489949
NANNATTT	17292	59450	60451	256	126	10.8381301549	0.00428767628044	0.00207999735873	0.00220767892171
NAANNTTT	15060	51569	52730	248	137	8.2144766672	0.00478607406836	0.0025914086292	0.00219466543915
NAANATNT	25611	69206	70876	296	147	12.4488189	0.00425887024834	0.00206975205215	0.00218911819619
NNNTTTTN	91887	242192	257583	3340	2977	11.4723197198	0.0136031148689	0.0114253914645	0.0021777234044
TNTTNTTN	59985	133839	143849	1741	1552	6.97523055353	0.0128411270099	0.0106739293402	0.00216719766965
NNANNTTT	47937	155697	158788	817	487	20.4551706431	0.00521998032125	0.00305760477162	0.00216237554963
NNCNNTTT	16461	69591	70916	331	184	10.4901174523	0.00473384628586	0.00258790436006	0.00214594192581
CNNNTNTT	16778	71527	72705	355	204	10.1668900266	0.00493864945327	0.00279800847632	0.00214064097695
TANANNTT	19543	48269	49010	231	129	7.31622436658	0.00476288659794	0.00262520604815	0.00213768054979
NNTCNTTT	9273	38468	39333	157	76	7.18274311888	0.00406472491909	0.00192849349133	0.00213623142776
NNTNTNTT	99695	252411	264505	2015	1540	19.9140797299	0.00791978807197	0.00578849442763	0.00213129364434
TNTNTTNT	59407	124841	134349	1423	1240	7.16527363173	0.011270037382	0.00914528464698	0.00212475273501
NNAANNTT	34940	123717	126566	500	241	21.8355234306	0.00402521394012	0.0019005259962	0.00212468794392
NNTATTNT	29085	77093	78560	356	196	11.5195786303	0.00459657322883	0.00248869927371	0.00210787395513
NNNAAATT	12766	44161	45319	188	97	7.52180227956	0.00423910347471	0.00213581116787	0.00210329230684
NNTTTTNN	91886	242305	257049	3143	2782	11.3189458972	0.0128051562856	0.0107069595237	0.00209819676196
NTNTTNTT	59985	134410	143906	1385	1177	8.16026251235	0.0101991973195	0.00811259761654	0.00208659970295
ANTNTNTT	22629	65366	67491	403	274	6.98982390536	0.00612750688014	0.00404338522836	0.00208412165178
GNNNNTTT	12330	50975	52525	238	135	7.5713231501	0.00464725753227	0.00256361564755	0.00208364188472
NNAAANNT	47937	153175	157511	1076	775	13.3660780801	0.00697564359388	0.00489620054837	0.00207944304551
ATNANNTT	15480	50402	51658	191	88	9.53685459981	0.00377522582175	0.00170061454025	0.0020746112815
NNNCTNTT	13702	59004	59968	224	103	10.899912702	0.00378199500236	0.00171463767875	0.00206735732362
NCNNNTTT	16390	69510	70613	344	203	9.13282208333	0.00492455693303	0.00286658382286	0.00205797311017
AGNNNNTT	7471	34438	35431	111	41	8.09036299367	0.00321282815711	0.00115584122688	0.00205698693023
AANNNTNT	46461	149206	152190	629	329	22.6034249406	0.00419795107952	0.0021571082947	0.00204084278482
AANNATNT	23428	67613	69046	263	127	11.6950155544	0.00387471271141	0.00183597646481	0.00203873624661
NNTNTTAA	14123	46652	46557	199	104	7.11229052183	0.00424750805746	0.00222884207368	0.00201866598378
AANTNTNT	18582	53128	54132	253	148	7.10605121603	0.00473951405931	0.00272660280029	0.00201291125901
TNNATNTT	27173	72103	72955	329	185	9.89173813494	0.00454219129666	0.00252939567952	0.00201279561715
NNAANTNT	39881	129914	132265	537	280	19.4400288254	0.0041164881833	0.0021124900977	0.0020039980856
TNNATTNT	23294	64486	65653	286	160	8.9686867074	0.0044154881739	0.00243113062769	0.00198435754621
NTNNTNTT	94864	255250	266561	1879	1427	18.8976595973	0.00730761602153	0.00532486529248	0.00198275072905
ANANANTT	18582	53907	54965	237	132	7.64700941876	0.00437721631206	0.00239577472458	0.00198144158748
NNTATNTT	29810	76983	78132	376	226	9.36562004042	0.004860455797	0.00288419816739	0.00197625762961
NATNTTNT	28827	80384	82110	510	357	7.3234359936	0.00630454669073	0.004329004329	0.00197554236173
NNNNAAAT	49016	155474	158405	1235	942	10.5948933984	0.00788084921734	0.00591162682699	0.00196922239035
NANANTNT	47938	144311	146453	602	321	20.3675096508	0.00415421666793	0.00218703585104	0.0019671808169
AANNANTT	14332	50310	51054	206	108	7.65727342734	0.00407791590783	0.00211094171455	0.00196697419328
NNAATTNT	15159	50458	51240	210	112	7.50635957736	0.00414462777295	0.00218102508179	0.00196360269116
NNCNTNTT	19269	81976	82517	346	187	11.3095620415	0.00420300770146	0.00226107564326	0.00194193205821
ATNNTNTT	26537	78240	80257	438	292	7.91550679218	0.00556699458553	0.00362512259618	0.00194187198934
NAANNTAT	22944	58192	58839	257	145	7.76245205286	0.00439699567144	0.00245829377458	0.00193870189686
NANANNTT	46399	145935	148681	622	344	19.3944167101	0.00424408250715	0.00230833752726	0.00193574497989
NGNANNTT	10099	42593	43761	145	64	7.97924586077	0.00339276522065	0.00146035367941	0.00193241154124
AATNNTNT	18149	57616	58365	256	146	7.55954023586	0.00442355543268	0.00249525730205	0.00192829813063
NNNNATTT	49016	158075	159827	666	366	20.5495388426	0.00419551344643	0.00228474402752	0.00191076941891
NNATNTTT	27327	77973	79465	466	322	7.04816469769	0.00594092224531	0.00403574517152	0.00190517707379
NANGNTNT	11459	50021	51008	184	90	8.10677930639	0.00366497360821	0.00176132138244	0.00190365222576
NANAANNT	50781	160236	163598	1028	735	12.7693506317	0.0063746403413	0.00447262570512	0.00190201463618
ANNANNTT	39915	140142	143046	544	282	20.109575137	0.00386676712679	0.00196751507033	0.00189925205646
NANNTTNT	50781	160535	163851	874	579	15.2052036246	0.00541481577855	0.00352125524539	0.00189356053316
NNTNTTTN	95377	243007	256163	2967	2634	9.73722354031	0.0120622504818	0.0101778614126	0.00188438906915
NNANAATT	15159	50759	51741	211	117	6.93657590528	0.00413969001373	0.00225616105519	0.00188352895854
NNNAANTT	31342	117311	119199	443	225	17.0617039237	0.00376208026904	0.00188404340836	0.00187803686068
NTNTTTNN	95377	242844	255759	2855	2517	9.99026699017	0.0116199089129	0.009745388654	0.00187452025894
NNTNTTNT	100412	260040	272744	2263	1855	14.3607840911	0.00862742705955	0.00675530500839	0.00187212205115
ANNAATNT	20333	60602	61557	235	123	8.71993536618	0.00386278087348	0.00199416342412	0.00186861744936
NNNATTNT	54980	172709	175825	731	415	21.0641354259	0.00421471402214	0.00235474353155	0.00185997049059
NATNTNTT	32226	82429	84226	494	347	7.01698644636	0.00595733391218	0.00410296430303	0.00185436960916
NNNCNTTT	19218	81883	83196	292	142	12.5680244135	0.0035533921509	0.00170390458134	0.00184948756955
TTNNTNTT	56199	128289	136725	1175	996	6.89871863986	0.0090758820985	0.00723201254711	0.00184386955139
ANGNNNTT	10464	46050	47283	163	80	7.32075688873	0.00352714604116	0.00168908219496	0.00183806384619
NAANNTNT	46399	144953	147362	597	336	17.6705972067	0.00410168327035	0.00227491232109	0.00182677094927
AAANNNTT	16557	57891	59289	225	122	7.8951813399	0.00387156721041	0.00205349177762	0.00181807543279
NTNNTTTN	91291	240194	253695	2719	2401	9.68231573551	0.0111933078921	0.00937539047857	0.00181791741356
NANAATNT	21527	62361	63356	261	150	7.61191270575	0.00416786432883	0.00236198154505	0.00180588278378
NAANANNT	56887	173419	177447	999	700	13.8140236589	0.00572761985575	0.00392933925354	0.00179828060221
ANNATNTT	20253	65254	66401	275	160	7.7651235649	0.00419661523905	0.00240381003891	0.00179280520014
NNAANATT	16075	52583	53957	196	104	7.34625974232	0.00371359821141	0.00192375279777	0.00178984541364
NTTANNTT	17946	56701	57033	207	106	7.91133425359	0.00363744991917	0.00185512522095	0.00178232469822
NNANANTT	39881	131490	133438	516	285	16.0639386216	0.00390891323122	0.00213127135945	0.00177764187176
ANNAANNT	49672	163861	166354	918	634	13.0744854452	0.00557109825888	0.00379668000096	0.00177441825792
NNNTTTNT	94742	244560	257457	2414	2077	10.7032127594	0.00977430822678	0.00800280502747	0.0017715031993
NNNATNTT	57812	181118	183543	732	415	20.8485287034	0.00402529557327	0.00225594972766	0.00176934584562
TNNNTTTN	91450	234704	248086	2580	2281	9.18702790203	0.0108730466445	0.00911062560162	0.00176242104291
NNTGNNTT	12514	52794	54443	170	80	8.34926244875	0.00320972736198	0.0014672706931	0.00174245666888
ANNATTNT	22478	70785	72655	296	177	7.92166476917	0.00416426330524	0.00243025043937	0.00173401286588
AAANNNNT	51694	162310	165889	814	543	13.919137823	0.00499006890464	0.00326259373197	0.00172747517266
NANNANTT	36202	130393	132207	467	244	16.7162048471	0.00356869937338	0.00184219069694	0.00172650867644
NNNGTNTT	11829	50925	51717	170	83	7.47642351592	0.00332713572757	0.00160231660232	0.00172481912525
NAAANNNT	47878	160007	164167	919	658	11.7165004118	0.00571069932764	0.00399211284696	0.00171858648068
NNCNTTNT	18594	78050	79065	375	243	7.2234745594	0.00478163850813	0.00306400363141	0.00171763487672
ANANATNT	64989	92182	92544	420	262	8.84372792776	0.00453553918922	0.00282309333448	0.00171244585474
ANAANNNT	55932	176641	179944	897	604	14.4827524247	0.00505243947775	0.00334537076013	0.00170706871762
AANNANNT	51699	160187	162650	846	579	12.6005084292	0.00525358156403	0.00354716380055	0.00170641776348
TNNNTNTT	98295	254210	264893	1811	1430	14.2893243379	0.00707363849059	0.00536941983982	0.00170421865077
ANNANTNT	48483	154573	157710	598	340	17.4263895828	0.0038538128903	0.002151217969	0.0017025949213
CNNNANTT	10201	48877	49111	154	71	7.41069090767	0.0031408700618	0.00144361758367	0.00169725247813
TNNTTTNN	91291	240150	253747	2660	2372	8.62587290481	0.0109550677484	0.00926131993331	0.00169374781513
ANNNTNTT	51520	167949	171975	802	528	14.563734521	0.00475256442925	0.00306081633363	0.00169174809562
NNNTTNTT	96038	256000	268854	2033	1674	12.6934061219	0.00787883720299	0.0061878992193	0.00169093798369
ANNNANTT	37829	123236	125371	447	242	14.8567506102	0.00361407792502	0.00192655218807	0.00168752573695
TNTTTNNN	95377	243937	256900	2419	2110	9.50384346572	0.00981912354479	0.00814640361376	0.00167271993103
NTNANNTT	39562	137631	139504	456	230	17.6970142728	0.00330226596276	0.00164598451343	0.00165628144933
NANNAANT	42950	141505	143257	927	699	8.33655668017	0.00650836890586	0.0048556503376	0.00165271856826
NNTCNNTT	15068	66043	66390	201	93	9.46534667135	0.00303423706298	0.00139885384234	0.00163538322064
AANANNNT	51520	167218	170623	876	615	11.9262615655	0.00521136982879	0.00359149254254	0.00161987728624
NNNAANAT	57812	178990	181589	1151	871	10.1254852285	0.00638943938359	0.00477364901896	0.00161579036463
NANGNNTT	11231	50611	51361	152	71	7.32479466588	0.00299430687706	0.00138046352465	0.0016138433524
NTGNNNTT	12589	53537	55036	174	90	6.99935317932	0.00323955986669	0.00163262344447	0.00160693642222
NTNNTTNT	98822	259905	272088	2111	1767	11.3160825344	0.00805675989253	0.00645231965821	0.00160444023431
NNTANNTT	48631	149843	151321	563	328	14.8134387737	0.00374320173397	0.00216288930359	0.00158031243038
NTTNTTNN	96038	254534	266825	2584	2281	8.56592546562	0.0100498603754	0.00847621383395	0.00157364654144
NTTTNTNN	94742	245004	257224	2484	2196	8.26711910551	0.0100368502715	0.0084650373911	0.00157181288043
TNNNTTNT	91840	235349	246869	1968	1672	9.55067717428	0.00829270553732	0.00672726029106	0.00156544524626
NNANATNT	100422	196667	197746	814	507	16.7383102802	0.00412191552605	0.00255733835049	0.00156457717556
TNNANNTT	45235	138617	140086	498	285	13.9101357456	0.00357977213097	0.00203033390088	0.00154943823009
ANNNTTNT	55932	176224	180463	917	657	11.5443917812	0.00517666717474	0.00362742932862	0.00154923784611
ATNNNNTT	52778	159498	163051	685	446	12.9794719715	0.00427635891449	0.002727878799	0.00154848011549
NNNANAAT	54980	172846	174336	1139	876	8.73639140332	0.00654654136851	0.0049996575577	0.00154688381081
TNTNTTNN	99695	251268	263534	2489	2196	8.36519842362	0.0098085964131	0.00826402739623	0.00154456901687
NNANAANT	47309	148900	152080	1000	785	7.40916339036	0.00667111407605	0.00513525005724	0.00153586401881
NTTNNNTT	85953	229795	239751	1545	1243	10.9843663434	0.00667848188813	0.00515780475862	0.00152067712951
ANANANNT	99739	197062	199197	1044	751	11.9173040151	0.00526990600991	0.0037559765539	0.00151392945601
CNTNNNTT	18006	81225	81900	312	190	7.38273946468	0.00382648368225	0.00231453282982	0.00151195085243
NTTTTNNN	91886	243370	257430	2543	2294	7.40541021352	0.0103410555766	0.00883245291155	0.00150860266501
NTNTNTTN	99695	251221	263175	2586	2305	7.67793668434	0.0101888442793	0.00868238662046	0.00150645765885
NANNTNTT	56887	175508	178661	797	541	12.4871476037	0.00452057513967	0.00301893952076	0.00150163561891
NNTANTNT	51637	148232	149764	573	353	12.6762501904	0.00385067706058	0.00235149916399	0.0014991778966
NANNATNT	58048	172350	174655	618	363	16.004327511	0.00357291522131	0.00207407238113	0.00149884284019
ANTNNNTT	42784	138332	141438	589	389	10.6782658288	0.00423981975367	0.00274277817341	0.00149704158026
TTTTNNNN	91886	244622	258384	2129	1856	8.7426958463	0.00862813119298	0.00713187826622	0.00149625292677
TNTTNTNN	100412	260880	273323	2417	2117	8.66463281858	0.00917974758543	0.00768588440314	0.00149386318229
NAANNNTT	38310	138064	140767	476	276	13.2371655426	0.00343583080699	0.00195685003864	0.00147898076835
NTAANNNT	39804	126592	127862	500	315	10.3191590303	0.00393415793284	0.0024575391841	0.00147661874874
NATNNTNT	60913	181643	183939	827	564	12.3651447016	0.00453225187702	0.00305686086405	0.00147539101297
TNNTNTTN	94864	254314	265685	2418	2129	7.97700709857	0.0094183818145	0.00794954707372	0.00146883474078
NTTNNTTN	89369	236538	247836	2266	2006	7.33300936379	0.00948895328386	0.00802907437501	0.00145987890886
TNTNNNTT	93493	237347	246913	1571	1273	10.3987840477	0.00657547777899	0.00512921760293	0.00144626017606
TNNANTNT	44011	128245	129756	481	298	10.604521138	0.00373661886488	0.00229135589832	0.00144526296656
NNCANNTT	14386	63045	63682	172	82	7.8167265069	0.00272078713004	0.00128599209585	0.00143479503419
NTNTNNTT	96921	248352	259185	1739	1440	10.0081884765	0.00695346893731	0.00552517985612	0.00142828908119
AANNNNTT	39528	142873	145638	513	314	12.0637403458	0.00357775515043	0.00215139223854	0.00142636291189
TANNNNTT	49074	142345	144218	574	375	10.4380781062	0.004016260959	0.00259348654499	0.00142277441401
NNNAATNT	45030	141261	142673	511	312	11.6983559112	0.00360437886183	0.00218204706787	0.00142233179396
ANANNTNT	95312	190381	192365	782	517	13.1915864925	0.00409074977898	0.00268039526757	0.00141035451141
NNANTTNT	47309	149683	152200	724	520	8.80473726859	0.00481360574973	0.003404924044	0.00140868170573
ANNANANT	50270	158542	159871	861	641	8.17528487204	0.00540140398863	0.00399347089314	0.00140793309549
NATNNNTT	55211	168083	170937	711	481	11.318912949	0.00421223503205	0.00280600637039	0.00140622866166
NNNACNTT	11617	51160	52280	118	47	7.62955431742	0.00230118179336	0.00089819787108	0.00140298392228
ANNNAANT	44313	143875	145939	833	639	6.91301252645	0.00575641982475	0.00435945366972	0.00139696615503
AANNNNAT	52778	158611	159833	803	584	8.6603515005	0.00503719874039	0.00364051191582	0.00139668682457
NANTNTNT	53099	152325	155314	738	535	8.69404678238	0.00482154407009	0.00343280996349	0.0013887341066
ANNNNAAT	51066	158903	159293	928	708	7.29754333353	0.00580613272769	0.00442497234392	0.00138116038377
TANNNTNT	52477	139503	140801	627	438	8.44121314104	0.00447441661314	0.00310112645941	0.00137329015374
TANANNNT	48568	127827	128790	547	374	8.10356543014	0.00426098742736	0.00289554364993	0.00136544377743
NANNANAT	64543	180922	183180	1028	790	8.19998132095	0.00564990381973	0.00429417839865	0.00135572542108
ANANNNTT	46461	150885	153608	530	331	11.5933099846	0.00350031370736	0.00215020235288	0.00135011135448
TNTNNTTN	96921	247480	258748	2232	1980	6.91542755986	0.00893829691805	0.00759412107637	0.00134417584168
NNATNTNT	106103	208680	209938	999	722	10.871285658	0.00476442562202	0.00342732364948	0.00133710197254
NTNTNTNT	144237	277383	287367	2196	1890	8.38957748762	0.00785466719603	0.00653398189154	0.0013206853045
ANNNATNT	95843	192353	193876	722	471	12.7445293139	0.00373947947689	0.00242350023412	0.00131597924277
NNNNAATT	31280	111523	112983	334	191	9.63587897303	0.00298595528219	0.00168766677859	0.0012982885036
ANTNNTNT	53260	163682	166499	739	535	8.65260554624	0.00449455969736	0.00320294071866	0.00129161897871
NNANANAT	106103	207436	209048	1224	961	8.10274352064	0.00586600210869	0.00457599436215	0.00129000774655
NTANNNTT	48383	144403	146796	554	373	9.11754705898	0.00382182302338	0.00253450115174	0.00128732187164
NTANNTNT	95346	180014	181359	829	601	9.05995128679	0.00458408674928	0.0033029237195	0.00128116302978
ANNTNTNT	99739	197359	199375	975	731	8.92022642639	0.00491594986235	0.00365306387615	0.00126288598621
TTNNNNTT	85405	231604	240830	1435	1186	8.25296779744	0.00615776758397	0.00490050244612	0.00125726513785
TATNNNNT	62371	157156	158382	661	466	8.43598081734	0.00418839542001	0.00293362207897	0.00125477334104
NNTTNNTT	89369	237742	248812	1682	1446	7.31732378788	0.00702519379845	0.00577803706575	0.0012471567327
TNTNNTNT	97445	240637	250785	1755	1515	7.04032320936	0.00724033796495	0.00600475624257	0.00123558172238
NTNANTNT	45433	142652	145003	507	336	8.92984295678	0.00354151677505	0.00231183646509	0.00122968030996
NATANNNT	55073	145225	145366	579	400	7.90724346782	0.00397108446956	0.00274412414418	0.00122696032539
ANNNANAT	101811	211048	211507	1074	816	8.5594377226	0.00506312405125	0.0038432011605	0.00121992289076
AANTNNNT	37829	122379	123113	432	285	7.4806189018	0.00351760021496	0.00230959983144	0.00120800038352
TNNTNNTT	92002	250745	260359	1623	1370	7.71836290663	0.0064310847651	0.00523442186384	0.00119666290127
ATNNNTNT	104216	214420	216644	968	719	9.35256634997	0.00449421509091	0.00330783067955	0.00118638441135
TNTANNNT	52733	136301	136858	517	356	7.33841734083	0.00377874256311	0.00259448744297	0.00118425512014
NNANTNTT	48450	158205	161386	610	433	8.079970227	0.00384094701382	0.00267582916716	0.00116511784667
NTANANNT	85405	154721	154776	657	476	7.04059575555	0.00422839784268	0.00306598304692	0.00116241479576
ANTANNNT	41519	132236	132277	457	304	7.43586432708	0.00344404000211	0.00229293790211	0.0011511021
ANANNNAT	104216	214443	214749	1027	780	8.19143399822	0.00476632477839	0.00361900254722	0.00114732223117
TANNANNT	45012	135835	137169	496	344	7.03978250777	0.00363820407684	0.00250158166864	0.0011366224082
NANNNTAT	55073	143811	144843	525	365	7.24399186618	0.00363734619222	0.00251363561236	0.00112371057986
NNTATNNT	65254	181530	182807	670	469	8.79839987248	0.00367727771679	0.00255898208167	0.00111829563513
NATNTNNT	64543	182385	184060	829	631	6.98330212903	0.00452476339144	0.00341651731812	0.00110824607333
NNNTATNT	105830	199299	199995	759	540	8.97816300994	0.00379389976907	0.00269279676864	0.00110110300042
NNNANATT	45030	142184	143788	436	285	7.99726721822	0.00305707474408	0.00197816384749	0.00107891089658
NATNANNT	44208	139564	140564	478	329	6.94471837135	0.00341326173576	0.00233510536364	0.00107815637212
NNANNTAT	96141	177347	178429	687	498	7.56078615784	0.00385881348506	0.00278325797672	0.00107555550835
NANATNNT	58048	173415	174417	608	424	8.12780587539	0.00349379105061	0.00242506048353	0.00106873056708
NNTNANTT	38111	133137	134063	365	230	7.59822100256	0.00273404143758	0.00171267303582	0.00102136840176
ANNANNAT	67578	218648	219852	968	749	7.0899532265	0.00440769342853	0.0033952701937	0.00101242323483
NNATNNTT	57038	183746	186037	673	492	7.36261926207	0.00364929860806	0.00263765955964	0.00101163904842
TNNATNNT	56368	164519	165003	557	393	6.99809529177	0.00337420339722	0.00237611550461	0.000998087892616
ATNANNNT	53452	177378	178120	574	399	7.7580840769	0.00322558892286	0.0022350562125	0.000990532710352
ANNATNNT	57750	195055	196424	617	432	8.1435333743	0.00315323602764	0.00219449750071	0.000958738526927
NTNATNNT	59293	201230	201964	599	415	8.17189035556	0.00296785893008	0.00205060801763	0.000917250912454
NNANNATT	43998	150739	153419	395	264	6.89982334438	0.00261357470854	0.00171782174997	0.000895752958571
