#Sequence	Occurrence	Forward Match	Backward Match	Forward Mismatch	Backward Mismatch	Strand Bias Score	FER (Forward Error Rate)	RER (Reverse Error Rate), ERD (Error rate Difference)
GGGT	2770	191830	198797	3755	954	9223372036854775807	0.019198813815	0.00477594605284	0.0144228677621
AGGT	5246	412415	420788	6939	1825	9223372036854775807	0.0165468792476	0.00431837165445	0.0122285075932
NGGT	14691	1143890	1165788	17692	4363	9223372036854775807	0.0152309522703	0.00372857861934	0.0115023736509
CGGT	803	61815	63065	909	213	97.0892331458	0.0144920604553	0.00336609880211	0.0111259616532
TGGT	5872	477830	483138	6089	1371	9223372036854775807	0.0125826842922	0.00282966879872	0.00975301549348
AAGT	9137	727227	737238	9158	2737	9223372036854775807	0.0124364293135	0.00369877360722	0.00873765570625
GNGT	11404	889592	901998	9104	2881	9223372036854775807	0.0101302331378	0.00318385110053	0.00694638203726
NAGT	22244	1806287	1822254	17679	5855	9223372036854775807	0.00969261488427	0.00320276307376	0.00648985181051
GAGT	2311	183649	187409	1789	642	123.089265449	0.00964742932948	0.00341396748754	0.00623346184194
ANGT	37512	3108686	3105802	27191	8977	9223372036854775807	0.00867093958086	0.00288206643232	0.00578887314854
GGGN	6777	499443	508589	5114	2340	234.965168624	0.0101356239236	0.00457989270525	0.00555573121831
NNGT	91044	7471563	7502784	60174	20095	9223372036854775807	0.00798939208844	0.00267118479508	0.00531820729336
GCGT	722	54430	55065	415	141	30.8166211168	0.00756677910475	0.00255407020976	0.00501270889499
TAGT	8598	722956	722983	5364	1767	9223372036854775807	0.00736489455185	0.00243808209727	0.00492681245457
ACGT	3222	253798	256636	1993	809	112.176854963	0.00779151729342	0.00314241876906	0.00464909852436
TNGT	35063	2914176	2928336	19912	6626	9223372036854775807	0.00678643585332	0.00225761014964	0.00452882570368
GTGT	5601	459683	460727	3145	1144	204.140715561	0.00679518093115	0.00247688207313	0.00431829885801
CNGT	7065	559109	566648	3967	1611	223.314270572	0.00704523012879	0.00283497489701	0.00421025523178
NCGT	8354	657090	666436	4484	1751	268.780202515	0.00677777542648	0.00262052389526	0.00415725153123
NGGN	40099	3145337	3162823	26129	13464	9223372036854775807	0.00823877664146	0.00423891166006	0.0039998649814
AGGN	15688	1223624	1233151	10797	6007	9223372036854775807	0.00874661075921	0.00484764654709	0.00389896421212
CAGT	2198	172455	174624	1368	709	48.0559790035	0.00787007473119	0.00404373392345	0.00382634080774
CGGN	2488	187556	188360	1352	637	57.3299714894	0.00715692294662	0.00337042386916	0.00378649907746
TCGT	3461	276286	279843	1644	621	104.014095306	0.00591515849315	0.00221418791717	0.00370097057598
CCGT	949	72576	74892	432	180	25.1264658754	0.00591715976331	0.00239769820972	0.00351946155359
TGGN	15146	1234714	1232723	8866	4480	9223372036854775807	0.00712941668409	0.00362107107726	0.00350834560683
ATGT	19907	1715246	1691140	9101	3606	9223372036854775807	0.005277939997	0.00212775247736	0.00315018751963
NTGT	45755	3864296	3848306	20319	8126	9223372036854775807	0.00523063418125	0.00210712907683	0.00312350510443
GGNT	13627	1059627	1076779	6548	3316	241.738024536	0.00614158088494	0.00307010031525	0.00307148056969
CTGT	3115	252263	254067	1258	509	71.0289900767	0.00496211359217	0.00199940292879	0.00296271066338
TTGT	17132	1437104	1442372	6815	2867	9223372036854775807	0.00471979383885	0.00198375493603	0.00273603890282
AGNT	24116	1965387	1986890	11994	6887	9223372036854775807	0.00606559889065	0.00345424789232	0.00261135099834
TTTC	19285	1562445	1581819	16159	12600	105.831063973	0.0102362593785	0.00790256513501	0.00233369424353
AAAC	12859	1040549	1043532	9635	7358	68.4149047202	0.00917458273979	0.00700168428665	0.00217289845313
GNGN	34114	2695948	2703190	14503	8699	9223372036854775807	0.0053507700379	0.00320772715992	0.00214304287798
AAGN	36376	2961109	2952166	15078	8798	9223372036854775807	0.00506621391734	0.00297132960752	0.00209488430982
TTTG	16745	1376306	1377228	12784	9870	82.4793136067	0.00920314738426	0.00711557510717	0.00208757227709
NGNT	86906	7150510	7212322	34481	19859	9223372036854775807	0.0047990317594	0.00274592132028	0.00205311043912
TNGN	81865	6744996	6727426	32021	19129	9223372036854775807	0.00472494019124	0.0028353730163	0.00188956717494
ANGN	110472	9131282	9071905	45181	28154	9223372036854775807	0.00492357458424	0.00309382609497	0.00182974848926
NAGN	78755	6403422	6392245	28819	17484	9223372036854775807	0.00448039804479	0.00272772842658	0.0017526696182
TAGN	23654	1965588	1949639	8074	4721	185.768343247	0.00409087270262	0.00241562455228	0.00167524815034
CGNT	7191	575299	585431	2274	1351	55.6098334768	0.00393716465278	0.00230238828049	0.00163477637229
TCGN	7510	599911	600827	2526	1582	48.4250452802	0.00419296955532	0.00262612278369	0.00156684677163
TGNT	41972	3550197	3563222	13665	8305	288.901403242	0.00383432355125	0.00232533591374	0.00150898763751
TTNC	40720	3308016	3338336	23530	18749	127.691507183	0.00706278706643	0.00558490476112	0.0014778823053
GCGN	2292	169771	172256	713	468	12.6612961451	0.00418221064733	0.00270952502258	0.00147268562475
ACGN	8354	660240	661527	2965	1990	43.0730664493	0.0044707141834	0.00299916957666	0.00147154460673
NCGN	20644	1615080	1624841	6983	4644	106.235111891	0.00430501158093	0.00284998020847	0.00145503137246
GAGN	9942	796424	799916	3325	2172	54.6356252464	0.0041575544327	0.00270793229671	0.001449622136
TTGN	35555	2944783	2944237	12555	8346	184.708476865	0.00424537202038	0.0028266775227	0.00141869449768
GGCT	905	69789	70303	297	202	4.73273429309	0.00423765088605	0.00286504503227	0.00137260585379
GTGN	15103	1230310	1222429	5351	3719	62.5308714726	0.00433047575346	0.00303307594189	0.00129739981157
CNGN	22542	1738218	1757828	6947	4740	96.9767293494	0.00398071242547	0.00268925794636	0.00129145447911
NTGN	109495	9146605	9080440	36721	25130	9223372036854775807	0.00399866018042	0.00275984919121	0.00123881098921
ANAC	35675	2952970	2968559	19381	15812	83.582427085	0.00652042776913	0.00529826888145	0.00122215888768
TTNG	32817	2662791	2662912	17380	14093	75.4593011344	0.00648466086679	0.00526446532599	0.0012201955408
AANC	29156	2354617	2360885	14373	11607	66.4857324385	0.00606714253754	0.00489232418908	0.00117481834846
TNTC	40612	3373649	3387181	22595	18666	85.5303169194	0.00665293777479	0.00548057502289	0.00117236275189
CTGN	8783	685203	688713	2474	1706	32.5031575201	0.00359761923112	0.00247096328461	0.00112665594651
ATGN	50054	4286309	4225061	16341	11359	180.224826345	0.00379789199679	0.00268127333928	0.00111661865751
ACCC	2770	194919	195855	1016	804	6.32362532927	0.00518539311506	0.00408829496743	0.00109709814763
TATT	62780	5443939	5412800	18611	12839	223.781093851	0.00340701686941	0.00236635721617	0.00104065965324
GGGA	2139	169712	170715	1018	845	4.38537753879	0.00596263105488	0.00492539053392	0.00103724052096
TTCC	6939	557999	566720	2168	1617	20.268330665	0.00387027440031	0.00284514293456	0.00102513146575
CCGN	2488	185158	190231	779	604	6.63578617443	0.00418959109806	0.00316503785993	0.00102455323813
ATAC	14136	1216369	1216191	7139	5895	26.7010472795	0.00583486172546	0.00482371944364	0.00101114228183
TTAC	11120	918956	921643	4329	3487	21.1871048102	0.00468869309043	0.00376920000432	0.000919493086109
AAAA	101701	8819258	8440549	30273	21271	261.924755679	0.00342085925232	0.00251376181483	0.000907097437481
NAAC	33091	2699529	2714747	17498	15233	37.8178899972	0.00644012738924	0.0055798943582	0.000860233031038
GNNT	82139	6743729	6828687	27636	22126	148.81366238	0.00408130413883	0.00322968967333	0.000851614465498
CAGN	8783	680301	690524	2342	1793	18.5998063793	0.00343078300078	0.00258985406974	0.000840928931038
TNCC	15190	1222641	1239422	4297	3330	30.5811461177	0.00350221445582	0.0026795370275	0.000822677428324
NTTC	43332	3528612	3571285	26043	23419	38.3990765622	0.00732644940226	0.00651486186345	0.00081158753881
TACC	4739	391984	393434	1319	1014	9.73340090716	0.00335364845933	0.00257068105302	0.000782967406314
NCCC	6777	498533	507281	1850	1487	10.854080511	0.00369716796934	0.00292274671363	0.000774421255706
TCCC	2139	167730	171341	496	374	4.98739855008	0.0029484146327	0.00217802754564	0.000770387087054
NTCC	15492	1245891	1267810	4196	3316	26.8504243644	0.00335656638298	0.00260871070216	0.000747855680815
NTAC	33498	2809198	2824960	13870	11854	37.8128888928	0.0049130945482	0.00417863138013	0.000734463168068
ATCC	4718	391552	398569	1189	923	9.15572574938	0.00302744047604	0.0023104342515	0.00071700622454
CGAT	2471	202324	207962	659	529	4.59380936946	0.00324657729958	0.00253727978666	0.000709297512919
GTNT	35675	2981536	3006168	11176	9169	47.7160548083	0.00373440544897	0.00304078781244	0.00069361763653
TNNC	93176	7640531	7689216	39324	34266	83.5910339571	0.00512040917439	0.00443659996877	0.000683809205621
AATC	8113	679985	682872	2546	2103	10.4318078341	0.00373023349855	0.00307018504325	0.000660048455302
GGAT	4718	396106	398341	1566	1317	5.7156350315	0.00393791868676	0.00329531749646	0.000642601190297
GGNN	40099	3162779	3185629	12187	10253	40.332198307	0.00383846630169	0.00320819104085	0.000630275260841
NTNC	102993	8432926	8515624	46759	41851	70.8534152663	0.005514237852	0.0048905781203	0.000623659731697
NTTG	35555	2945988	2923025	18852	16868	21.6198096361	0.00635852187639	0.00573762378427	0.000620898092124
CCTC	2389	184410	187098	451	344	4.1238200291	0.00243967088786	0.00183523436583	0.000604436522026
NNAC	91043	7439786	7517673	37613	33448	63.852684964	0.00503022508228	0.00442954099133	0.000600684090947
NNCC	40099	3130817	3179413	10077	8341	42.6521789406	0.00320832221654	0.00261657580855	0.000591746407994
NATT	122252	10433795	10451876	31284	25162	147.562127304	0.0029893706488	0.00240163298062	0.000587737668183
ANCC	13627	1056538	1067423	3634	3052	13.2373547442	0.00342774568655	0.00285107078633	0.000576674900216
ANNC	82139	6712843	6744366	33382	29736	50.5386137973	0.00494824883546	0.00438965932311	0.00055858951235
NAAA	185273	15792131	15384103	43866	34604	188.745660634	0.00277001820599	0.00224428676153	0.00052573144446
TANT	126484	10966493	10882884	43243	37192	90.0953123531	0.0039277054418	0.00340583710223	0.000521868339569
NANC	86905	7120913	7164364	31455	27966	50.2598562036	0.00439784418251	0.00388830879562	0.000509535386894
NNTC	94004	7718675	7788842	39422	35902	43.9895362159	0.00508140076104	0.00458826512407	0.000493135636964
ACNC	11404	884774	899862	3392	3007	7.33945336781	0.00381910588786	0.0033304942356	0.000488611652265
NACC	14691	1151751	1163783	3420	2887	11.9099142616	0.00296060063835	0.00247456435839	0.00048603627996
AGNN	78755	6408571	6411645	24177	21132	45.8240069452	0.0037584248598	0.00328505091969	0.000473373940107
ATNT	202894	16764164	16656304	47913	40007	144.589454901	0.00284991556962	0.00239615804952	0.000453757520099
TTAA	31912	2710360	2690322	8661	7377	21.2950750975	0.00318533766381	0.00273455266877	0.000450784995039
TGTT	17477	1483325	1489946	3367	2749	15.1011492208	0.00226475961396	0.00184163543122	0.000423124182745
TATC	13242	1153612	1145298	4074	3561	7.50538924057	0.00351908894122	0.00309959707849	0.000419491862723
NATC	31379	2662761	2675230	8721	7647	17.3738065548	0.00326448016494	0.00285029839236	0.000414181772582
ANNT	369824	30519042	30572239	128732	116392	140.524764544	0.00420037031074	0.00379267488341	0.000407695427332
TNAC	29595	2432595	2450837	10730	9812	11.3418939551	0.00439155658785	0.00398756588201	0.000403990705837
AANA	199509	17202764	16782800	49751	41879	108.787955758	0.00288369550758	0.0024891411004	0.000394554407179
CATC	6854	564752	579279	1526	1350	4.08801690316	0.00269478948502	0.0023250647143	0.000369724770722
CNTC	17668	1409849	1446569	4111	3714	7.68531407467	0.00290743726838	0.00256087949731	0.000346557771069
ANAA	197537	17034910	16578335	50246	43816	62.4252066363	0.00294091549413	0.00263600059944	0.000304914894687
NGTT	33092	2726463	2744466	6167	5376	13.8611476636	0.00225680022542	0.00195502141578	0.000301778809648
ATAT	119282	9675097	9621842	29551	26549	32.4451005992	0.00304503573958	0.00275165050836	0.000293385231216
ATNC	34745	2937342	2943529	13882	13062	6.58498445222	0.00470381102892	0.00441792591535	0.000285885113562
CANC	15705	1255998	1289878	3550	3306	4.25639164318	0.00281847138815	0.00255648074829	0.000261990639856
NANT	288992	24427599	24513094	117846	111888	39.2570128442	0.00480113520044	0.00454367844817	0.00025745675227
NTNG	81865	6759638	6691551	31267	29301	10.7512995618	0.00460424641487	0.00435971510755	0.000244531307325
NCNC	34114	2659015	2719237	8136	7680	6.28462072479	0.00305044596275	0.00281636734818	0.000234078614571
TANC	30453	2580829	2575545	10138	9526	4.58407335978	0.00391282482563	0.00368500517007	0.000227819655564
AANN	376993	31832525	31456667	141636	132831	41.7797388103	0.00442970184581	0.00420491012551	0.000224791720302
TNNT	413282	35032156	35454836	109124	102482	65.3493613627	0.00310529383107	0.00288216338476	0.000223130446309
CNNC	40613	3184922	3275563	8989	8561	6.41276225005	0.00281441780939	0.00260678342231	0.000207634387081
AATT	34544	2891849	2903578	8285	7789	4.48795417218	0.0028567645495	0.00267537551947	0.000181389030028
TTAN	112831	9617728	9595063	26348	24541	13.9665758699	0.00273203985535	0.00255114451697	0.00018089533838
NNAA	376991	31971341	31463884	83865	76953	43.8573432417	0.00261626769767	0.00243978940698	0.000176478290688
TNAA	105917	8894636	8851095	21981	20342	13.0247659337	0.00246517260975	0.00229297688751	0.000172195722237
NTNT	468748	39048396	39443414	107224	101710	45.9253197647	0.00273840638968	0.00257199850985	0.000166407879829
NTAT	204641	17067358	17026451	45106	42505	16.4171440117	0.00263585653124	0.00249019330766	0.000145663223576
AAAN	185273	15699996	15360354	90716	86878	5.13562387682	0.00574489611361	0.00562417914096	0.000120716972652
NTAN	374624	31497604	31360039	92278	89660	6.68741082917	0.00292112518812	0.00285090168907	7.0223499047e-05
TTNN	376991	31452965	31829552	137575	137075	4.31307333378	0.0043549429671	0.00428806580062	6.68771664796e-05
