#Sequence	Occurrence	Forward Match	Backward Match	Forward Mismatch	Backward Mismatch	Strand Bias Score	FER (Forward Error Rate)	RER (Reverse Error Rate), ERD (Error rate Difference)
CGGT	803	10077	10487	137	51	9.93237599146	0.0134129626004	0.00483962801291	0.00857333458745
AGGT	5246	65612	66364	898	355	53.0552752727	0.0135017290633	0.00532082315382	0.00818090590947
NGGT	14691	191758	196983	2575	1069	144.083754674	0.0132504515445	0.00539757235474	0.00785287918978
TGGT	5872	75813	77310	869	284	67.5789330822	0.0113325161055	0.00366007681006	0.00767243929541
GGGT	2770	40256	42822	671	379	22.4764786347	0.0163950448359	0.00877294507072	0.00762209976521
CCTG	1945	27056	26388	892	692	5.04020035694	0.0319164162015	0.0255539143279	0.0063625018736
AAGT	9137	106759	104871	1081	428	59.5785828702	0.0100241097923	0.00406461599825	0.00595949379403
NAGT	22244	271066	269030	2097	953	92.0515688588	0.00767673513616	0.00352985187956	0.0041468832566
GNGT	11404	139414	142489	1279	710	38.9207195781	0.00909071524525	0.00495813518251	0.00413258006274
GGGN	6777	90522	92213	907	570	18.8921095834	0.00992026599875	0.00614336678055	0.0037768992182
ANGT	37512	420382	420848	3159	1564	118.011445881	0.0074585459259	0.00370254632918	0.00375599959672
CCGT	949	12152	12289	86	41	4.11948024719	0.00702729204118	0.00332522303325	0.00370206900793
CCTA	4616	60376	59773	1486	1243	4.80909858316	0.0240212084963	0.0203717057821	0.00364950271424
TGGN	15146	194955	198551	1304	605	59.2579006431	0.00664428128137	0.00303781959871	0.00360646168266
NGGN	40099	517241	522926	4214	2389	114.523947238	0.00808123423881	0.00454774754195	0.00353348669686
AGGN	15688	198661	199493	1782	1088	37.917025118	0.00889030796785	0.00542424257532	0.00346606539253
NNGT	91044	1071953	1079352	7536	3860	263.11767902	0.00698108086326	0.00356347603239	0.00341760483087
CCNG	3856	52560	51988	936	750	4.66319274895	0.0174966352624	0.0142212446433	0.00327539061912
TAGT	8598	108156	108024	648	297	29.0893667566	0.00595566339473	0.00274185061068	0.00321381278404
GAGT	2311	28760	28626	197	105	6.65853210251	0.00680319093829	0.00365458911977	0.00314860181852
CNGT	7065	87998	89248	592	326	18.3974100273	0.00668246980472	0.00363944894724	0.00304302085748
TNGT	35063	424159	426767	2506	1260	92.0469914233	0.0058734604432	0.00294373953045	0.00292972091275
CGGN	2488	33103	32669	221	126	6.04104982512	0.00663185691994	0.00384204909285	0.00278980782709
GTGT	5601	61620	62440	354	189	12.1444990473	0.00571207280472	0.00301777132	0.00269430148473
AGGA	6517	80431	79500	461	253	13.442632559	0.00569895663354	0.00317229445914	0.00252666217439
TTTC	19285	216431	222686	1287	792	29.6664918137	0.0059113164736	0.00354397300853	0.00236734346507
CTGT	3115	38378	38963	198	111	6.27589688563	0.00513272501037	0.00284076367917	0.0022919613312
NGGA	15492	193938	194356	1104	695	21.2769430954	0.00566031931584	0.00356317065793	0.00209714865791
AAGN	36376	434999	425085	1964	1053	56.2505452458	0.00449465973092	0.00247103051124	0.00202362921967
AAAA	101701	957201	939599	3582	1687	141.432286773	0.00372820917939	0.00179222892936	0.00193598025003
CCNA	12197	158922	156736	1918	1584	6.67384794515	0.0119248943049	0.0100050530571	0.0019198412478
GAGA	4101	51418	49093	198	97	7.22082229293	0.00383601983881	0.00197194551738	0.00186407432143
CAGA	3274	42055	40650	147	68	6.38781475263	0.00348324723947	0.00167002308561	0.00181322415385
CGAA	3246	42379	41084	159	80	5.79762466373	0.00373783440688	0.00194344572928	0.00179438867761
TGGA	5910	75368	77013	374	246	7.07604664585	0.00493781521481	0.00318409505689	0.00175372015792
NCGT	8354	103308	103806	595	416	7.82161149231	0.0057264949039	0.00399147972597	0.00173501517793
CCAA	4672	59895	59036	223	119	7.24482644206	0.00370937156925	0.00201166427183	0.00169770729742
ANGN	110472	1313328	1305112	6050	3799	109.613258041	0.00458549407372	0.00290241276909	0.00168308130463
NTGT	45755	505821	509533	2269	1422	44.5532603604	0.00446574425791	0.00278302394536	0.00168272031255
NAGN	78755	970756	954606	3789	2119	97.5279588606	0.00388796823133	0.00221484752672	0.00167312070461
GNGN	34114	438527	434154	2151	1413	32.5632462216	0.00488111500914	0.00324404741406	0.00163706759508
TNGN	81865	1003624	1007982	4124	2518	86.8492784512	0.0040922929145	0.00249183572489	0.00160045718961
ACAA	17132	195931	195998	599	285	25.1579008575	0.00304788073068	0.0014519851439	0.00159589558678
NAAA	185273	1818664	1800630	5899	2966	205.368476509	0.00323310294027	0.00164449244731	0.00158861049295
CCTN	15688	198001	198867	2523	2213	5.40053394946	0.0125820350681	0.0110055699224	0.0015764651457
TAGN	23654	293965	291533	1024	555	30.3694788047	0.00347131587958	0.00190011229492	0.00157120358465
ATGT	19907	210545	212297	935	612	16.1085956657	0.00442122186495	0.0028744674955	0.00154675436945
CNGA	8081	106513	104083	479	306	8.19173955192	0.00447697024077	0.00293134334077	0.00154562689999
ANAA	197537	1937990	1918125	6172	3145	207.790262903	0.00317463256663	0.00163693806701	0.00153769449962
CAAA	16745	193191	192070	565	266	23.8935321437	0.00291603872912	0.00138299642293	0.0015330423062
CNAA	32817	400629	396437	1260	652	41.6093967465	0.00313519404612	0.00164194928593	0.00149324476019
NCAA	35555	418954	417387	1290	673	42.6188715495	0.00306964525371	0.00160981677271	0.001459828481
CTGN	8783	113960	114486	442	279	8.93456251601	0.00386356881873	0.00243105476408	0.00143251405464
CNGN	22542	294661	294505	1179	755	21.0599913451	0.00398526230395	0.00255706834654	0.00142819395741
TTGT	17132	195278	195833	782	510	13.4542269349	0.00398857492604	0.00259749519973	0.00139107972632
ACGN	8354	104441	102857	461	311	6.56292847851	0.00439457779642	0.00301450062035	0.00138007717607
NNAA	376991	3883274	3856852	11807	6379	9223372036854775807	0.00303125917022	0.00165120853503	0.00138005063519
AAAC	12859	151105	149356	935	719	6.32279702534	0.00614969744804	0.0047909378644	0.00135875958364
TTNC	40720	468834	476500	1767	1146	31.9633331356	0.00375477315178	0.00239926640231	0.00135550674946
TGAA	16088	189800	187715	629	371	14.7011194571	0.00330306833518	0.0019725019406	0.00133056639458
NAGA	33079	404004	390285	1336	772	29.6583160244	0.00329599842108	0.00197413676267	0.00132186165841
GAGN	9942	127108	123677	444	269	9.09119651018	0.00348093326643	0.00217029996934	0.00131063329709
AGAA	17059	201216	194163	543	272	18.4125137702	0.00269132975481	0.00139892509065	0.00129240466416
GNGA	11808	152061	147490	700	487	7.7117238015	0.00458232140402	0.00329105198781	0.00129126941621
TTAA	31912	312102	311922	930	529	24.8285151457	0.00297094226788	0.00169306547267	0.00127787679522
NGAA	43332	518047	507572	1586	908	38.089286501	0.00305215411646	0.00178571428571	0.00126643983075
AANA	199509	1957149	1940748	6194	3675	136.0995559	0.00315482317659	0.00189002084423	0.00126480233236
TCAA	10375	121533	120787	351	196	10.1101156977	0.00287978733878	0.00162006232281	0.00125972501598
NCGA	7510	100506	97405	441	304	5.26406841319	0.00436862908259	0.00311127941131	0.00125734967127
TNAA	105917	1069436	1071058	3156	1835	77.4368306276	0.00294240494056	0.001710328989	0.00123207595155
NNGA	94004	1161342	1143146	4492	3008	59.8205085315	0.00385303568089	0.00262442917793	0.00122860650297
TAGA	8153	96889	93801	280	156	7.53626785551	0.00288157745783	0.00166033398257	0.00122124347526
TNGA	26826	324360	322531	1253	861	16.2038977372	0.00384812645687	0.00266240352266	0.00118572293421
CTAA	8154	105164	104247	313	187	7.38520190884	0.00296747158148	0.00179060459237	0.00117686698911
ANGA	47289	578408	569042	2060	1354	30.2435913445	0.00354886057457	0.00237378943751	0.00117507113706
TAAA	47542	446001	450634	1246	739	30.2565264412	0.00278593260547	0.00163722686115	0.00114870574432
AAGA	17551	213642	206741	711	451	11.6837353667	0.00331695847504	0.00217672497008	0.00114023350496
NCGN	20644	266611	264921	1112	807	10.9444469162	0.00415354676289	0.0030369400289	0.00111660673398
TNTC	40612	474706	483727	1669	1162	22.8011691405	0.00350354237733	0.00239642474876	0.00110711762857
CGAN	7510	100613	98057	292	177	6.19636783816	0.00289381101036	0.00180182014374	0.00109199086662
NTAA	112831	1127609	1131263	3032	1832	66.2223268208	0.00268166464864	0.00161681059399	0.00106485405464
AGNA	36516	437127	427138	1398	912	20.7759760067	0.00318795963742	0.00213059222053	0.00105736741689
GAAA	19285	222271	218327	506	274	14.9557016117	0.00227132962559	0.00125342519019	0.0010179044354
NANA	468748	4420385	4383392	13143	8599	199.016930457	0.00296445629756	0.00195788197198	0.00100657432558
CNTA	36857	406263	403977	2538	2113	8.72487131204	0.00620839968591	0.00520328006107	0.00100511962484
CAGN	8783	114684	114311	357	242	5.3990717111	0.00310324145305	0.00211255925205	0.000990682200998
GTAA	11120	126701	126729	341	215	6.931251404	0.00268415169786	0.00169366019662	0.000990491501242
GNAA	40720	475219	471232	1219	747	24.7198396266	0.00255857005529	0.00158269753527	0.000975872520014
CNNA	91351	1075196	1067672	4881	3802	28.4820589078	0.00451912224777	0.0035483828819	0.000970739365867
ATAA	61645	583642	588365	1448	901	29.6256194413	0.00247483293169	0.00152902084967	0.000945812082019
GTGN	15103	189850	188917	667	484	6.87200534758	0.00350099991077	0.00255542473377	0.000945575177003
NTGN	109495	1295532	1299300	4389	3170	44.5124525488	0.00337635902489	0.00243383724769	0.000942521777204
ANNA	413282	4294475	4265959	13393	9367	149.921250013	0.00310896248446	0.00219094403561	0.000918018448846
TTGN	35555	416495	418220	1437	1060	13.5834412626	0.00343835839323	0.00252814348407	0.000910214909164
GANA	40612	482961	476430	1229	790	20.396174456	0.00253825977406	0.00165542097984	0.000882838794214
CANA	47796	533516	527333	1512	1032	19.4136165994	0.00282602032043	0.00195319523436	0.000872825086077
ATGN	50054	575227	577677	1843	1347	18.1431171291	0.00319371999931	0.00232632844234	0.000867391556962
NCNA	81865	1008476	1003438	4871	4004	18.3976815842	0.0048068430656	0.00397442234888	0.000832420716724
ANAC	35675	401352	394898	1555	1212	8.87924545172	0.00385945143668	0.00305975612835	0.000799695308336
NTGA	37923	462894	461100	1611	1237	11.2081106	0.00346820809249	0.0026755375408	0.000792670551687
NAAC	33091	397002	395481	1557	1241	8.29063457194	0.00390657343078	0.00312813506687	0.000778438363911
TTAC	11120	126700	127184	265	168	5.47704227591	0.0020871893829	0.00131917834035	0.000768011042553
ATAC	14136	146801	143423	430	311	4.22234097564	0.00292058058425	0.00216371909221	0.00075686149204
TANA	180831	1446759	1438881	4208	3102	36.08831242	0.00290013487557	0.00215120427911	0.000748930596462
TTNA	105917	1068751	1066175	5788	4982	13.5703706823	0.00538649597641	0.00465104555168	0.000735450424735
ATGA	19760	238421	238163	704	533	5.81726654104	0.00294406691061	0.00223296578074	0.00071110112987
GATA	13242	159785	159621	386	275	4.69105119783	0.0024099243933	0.00171986791414	0.00069005647916
TNNA	357306	3335012	3325257	13008	10692	48.7424280962	0.00388528144993	0.00320508496982	0.000680196480107
NTTC	43332	505739	518752	2428	2135	6.62960961209	0.00477795685277	0.00409877766195	0.000679179190817
NGNA	102993	1213179	1203733	4264	3409	20.2306862646	0.00350242270069	0.00282402567386	0.000678397026829
NTAC	33498	372550	371185	850	598	10.1527523935	0.002276379218	0.00160846515306	0.000667914064937
TNNC	93176	1109044	1123524	2819	2106	25.4758646688	0.00253538430544	0.00187095226673	0.00066443203871
AATA	62780	585063	595344	1383	1011	14.9078405349	0.00235827339602	0.00169529894107	0.000662974454949
CTNA	23803	288488	290090	1074	887	4.7979095307	0.00370905022068	0.00304835090059	0.000660699320091
AANC	29156	360002	353973	1252	999	6.02556486897	0.00346570557004	0.00281430648051	0.000651399089531
NATA	204641	1686524	1685952	4555	3491	31.5188594623	0.00269354654632	0.00206636151678	0.000627185029534
ACNA	35063	427738	425759	1395	1120	7.03044960814	0.00325074044644	0.00262369430213	0.000627046144303
CATA	20493	214319	210517	557	417	4.51603402806	0.00259219270649	0.00197692169115	0.000615271015346
GNNA	93176	1121009	1110624	3434	2719	17.5763536846	0.00305395649224	0.00244219436418	0.000611762128056
TCNA	26826	323641	323712	1200	1001	4.60884267144	0.00369411496701	0.00308272228091	0.000611392686108
AGNN	78755	970734	954161	3473	2856	11.737293253	0.00356495077535	0.00298427300664	0.000580677768704
TATA	108126	727357	720470	2229	1788	10.4788842246	0.00305515730839	0.00247556967178	0.000579587636612
NTNA	301509	3183652	3178949	12438	10568	33.4438725943	0.00389163008551	0.00331335434174	0.000578275743772
NGNT	86906	1075169	1085002	4353	3791	10.4294534513	0.00403234023948	0.00348183722709	0.000550503012382
NNAC	91043	1080700	1079165	2884	2296	15.2422728584	0.00266153800721	0.00212305390578	0.000538484101425
NTNC	102993	1203571	1214986	3836	3250	12.6578522293	0.00317705628674	0.00266779179075	0.000509264495984
ATNA	142194	1472461	1472314	4406	3660	15.9071468157	0.00298334244045	0.00247971847743	0.000503623963024
TNAC	29595	350812	355004	699	538	5.70010643686	0.00198855796831	0.00151318269009	0.000475375278224
NANC	86905	1084642	1080175	2517	2074	9.74254773317	0.00231520872292	0.00191637968711	0.000398829035805
NNTA	374625	3477956	3475812	13889	12519	16.1965469265	0.00397755341374	0.00358882227633	0.000388731137413
NNTC	94004	1145639	1164276	3325	2937	7.47384325788	0.00289391138452	0.00251625024738	0.000377661137133
ANNC	82139	979722	965577	2656	2263	6.40690872427	0.00270364360765	0.0023381963961	0.000365447211556
ANTA	126484	1263602	1270980	3626	3193	7.33324512263	0.0028613635431	0.00250593914641	0.000355424396692
AAAN	185273	1813935	1799541	8383	7795	4.3824163101	0.00460018503905	0.00431297777502	0.000287207264031
AANN	376993	3877309	3861203	13640	12549	9.77405106078	0.00350557151996	0.00323949493927	0.000266076580682
