#Sequence	Occurrence	Forward Match	Backward Match	Forward Mismatch	Backward Mismatch	Strand Bias Score	FER (Forward Error Rate)	RER (Reverse Error Rate), ERD (Error rate Difference)
GGGT	1964	148966	158158	2053	740	151.675068602	0.013594315947	0.00465707560825	0.00893724033875
GAGT	2631	190704	190921	1747	553	135.352805484	0.00907763534614	0.00288812058034	0.0061895147658
AAGT	11922	876026	888538	7851	2889	9223372036854775807	0.00888245762702	0.00324087109769	0.00564158652933
TTTG	20971	1447131	1486858	20216	12934	9223372036854775807	0.0137772456004	0.00862386250893	0.00515338309146
AGGT	6133	480157	485865	3961	1581	228.212844311	0.00818188953933	0.00324343619601	0.00493845334332
NGGT	15225	1137789	1162592	9200	3724	9223372036854775807	0.00802100107324	0.00319295971246	0.00482804136078
GNGT	11685	826921	840420	5920	2246	9223372036854775807	0.00710819952428	0.00266535020993	0.00444284931435
NAGT	27274	2018636	2033202	14051	5437	9223372036854775807	0.00691252514529	0.00266697536935	0.00424554977594
TTTC	25405	1775647	1812096	27916	20999	242.300490702	0.0154782505518	0.0114554892136	0.00402276133823
GGGN	6047	433370	441719	3469	1749	130.917758799	0.00794114078642	0.00394391478077	0.00399722600565
TGGT	6409	458259	466724	2867	1149	167.130674236	0.00621738960718	0.00245579462803	0.00376159497915
CCGT	868	60938	61154	344	130	21.9603110614	0.00561339381874	0.00212127145748	0.00349212236126
ANGT	46938	3364631	3381244	19163	7427	9223372036854775807	0.00566316980289	0.00219171468697	0.00347145511592
CAGT	2608	191432	191484	1144	550	46.1701590752	0.00594051179794	0.00286407615318	0.00307643564476
NNGT	107688	7708105	7776587	38147	16046	9223372036854775807	0.00492457513647	0.00205912430369	0.00286545083278
GCGT	781	53943	53924	284	136	12.0779146079	0.00523724343961	0.00251572327044	0.00272152016917
GGGA	2314	162854	161733	997	549	28.4192890829	0.00608479655297	0.00338299996303	0.00270179658994
ACGT	3640	264959	263725	1287	594	55.6877863934	0.0048338754385	0.00224728453119	0.00258659090731
TAGT	10113	760474	762259	3309	1445	160.517352481	0.00433238236515	0.00189209431927	0.00244028804588
TTNC	51742	3654140	3699730	35827	27132	283.875546146	0.00970930092329	0.00728011930681	0.00242918161648
GTGT	6309	433308	437417	1836	817	88.0581881981	0.00421929292372	0.00186430080733	0.00235499211639
TTNG	40626	2916579	2973707	24158	17587	252.926334694	0.00821494747745	0.00587939533861	0.00233555213885
NTTG	44262	3100975	3148390	28607	21887	216.781086904	0.00914083733866	0.00690381313683	0.00223702420183
ATGT	25243	1743489	1743116	6064	2363	9223372036854775807	0.00346602817977	0.00135378311627	0.0021122450635
NCGT	8867	634442	634983	2637	1296	100.507357038	0.00413920408615	0.0020368423286	0.00210236175755
NGGN	42528	3086856	3120577	15841	9423	9223372036854775807	0.0051055581644	0.00301054313099	0.00209501503341
TNTC	51342	3631089	3643003	35459	27856	203.469270834	0.00967094935072	0.00758841459179	0.00208253475894
AGGN	17347	1290313	1297206	6669	4080	139.243638727	0.00514193720499	0.00313535994393	0.00200657726106
CCGN	2248	161255	159583	543	229	27.9360137638	0.00335603653939	0.00143293369709	0.00192310284229
TNGT	41069	2938217	2974325	10653	5047	9223372036854775807	0.00361257023877	0.0016939811477	0.00191858909106
GAGN	10866	777840	776433	2984	1495	107.897458573	0.00382160384414	0.00192177168067	0.00189983216347
CNGT	7996	578336	580598	2411	1326	70.328996924	0.0041515496421	0.00227864807088	0.00187290157122
GNGN	34808	2478118	2489413	10439	5806	292.099191429	0.00419480044058	0.00232684986769	0.00186795057289
AAGN	47162	3427083	3436853	13442	7436	9223372036854775807	0.00390696187355	0.00215893614038	0.00174802573318
NTGT	56322	3917238	3945810	12259	5589	9223372036854775807	0.00311973771707	0.00141443574795	0.00170530196912
TGGN	16886	1204729	1220964	5056	3033	116.790848309	0.00417925499159	0.00247794724987	0.00170130774172
CCGA	874	64369	62521	177	69	10.3506369696	0.00274223034735	0.00110241252596	0.00163981782139
NAGN	96658	7078715	7080070	24249	13644	9223372036854775807	0.0034139269184	0.00192339302092	0.00149053389748
TTGA	13517	973804	976131	3527	2077	83.2611370802	0.00360880807014	0.00212327030652	0.00148553776362
ANGN	135984	9782906	9772828	33757	19955	9223372036854775807	0.0034387449177	0.0020377251288	0.0014010197889
AAAC	15223	1078974	1070793	11910	10294	23.7856755744	0.0109177511083	0.00952189786761	0.00139585324067
NTTC	55366	3923226	3961618	39186	33989	92.0516935154	0.00988943098295	0.00850659236506	0.00138283861788
ACGN	8867	636674	631147	1986	1156	47.0890267615	0.00310963579996	0.00182823741149	0.00128139838846
ATCC	5717	410999	407811	1085	554	37.4648122063	0.00263295832888	0.00135662948588	0.00127632884301
NGGA	17997	1292691	1291150	4702	3082	73.8453444312	0.00362419097375	0.00238133503112	0.00124285594262
CCTA	5026	410501	404722	2747	2208	11.9746087164	0.00664734009602	0.00542599464281	0.00122134545321
TACC	5440	395749	385874	1078	578	31.0826696804	0.00271654902514	0.00149565793423	0.00122089109091
TCTC	4677	331171	333763	1442	1045	15.3309774423	0.00433536873183	0.00312119184727	0.00121417688456
TTGT	20969	1464882	1489162	3755	2017	121.035655073	0.0025567924545	0.00135262097978	0.00120417147473
TNGN	97916	7056289	7106270	21594	13220	9223372036854775807	0.00305091225724	0.0018568745795	0.00119403767774
GNGA	12931	934054	930416	2865	1752	58.3870954274	0.00305789507951	0.00187948953408	0.00117840554544
AGGA	7852	565722	562665	1812	1143	33.1105290954	0.00319276025754	0.00202728588456	0.00116547437298
NCGN	21204	1521679	1515602	4335	2567	97.9064891027	0.00284073409549	0.00169085259941	0.00114988149608
GTGN	15932	1129763	1134073	3547	2265	63.5413997637	0.0031297703188	0.00199324496761	0.00113652535119
GAGA	4677	335038	333314	726	343	30.3340286537	0.00216223299699	0.00102800181024	0.00113423118674
TCGT	3578	254602	256180	722	436	16.6123929598	0.00282777960552	0.00169903669296	0.00112874291256
TAGN	28642	2138552	2129889	5930	3493	135.807473004	0.00276523654663	0.00163730639895	0.00112793014769
TTGN	44262	3126403	3167733	9241	5809	180.907305555	0.00294708200293	0.00183044686347	0.00111663513946
NTCC	17997	1283295	1290659	3598	2199	76.1560481214	0.00279588124265	0.00170088285024	0.00109499839241
TTCC	8239	576006	586136	1906	1296	28.5881919088	0.0032980799845	0.00220621280421	0.00109186718029
TNNC	113988	8160026	8156408	52319	43396	180.241852746	0.00637077472999	0.00529232162135	0.00107845310865
TNGA	33848	2448910	2442473	6953	4291	136.417604889	0.00283118398705	0.00175374494639	0.00107743904067
AANC	34428	2470842	2450303	17181	14439	47.7141937595	0.00690548278694	0.00585821964327	0.00104726314366
GCGN	1963	137145	137188	439	297	6.68771795016	0.00319077799744	0.00216023566207	0.00103054233537
TTAC	14170	1028324	1024225	4963	3901	27.6954881309	0.00480311859145	0.0037942820238	0.00100883656765
TNTG	59465	4099541	4133953	32543	28592	63.6869214442	0.0078756869415	0.00686887469084	0.00100681225066
TCGA	2964	220015	218105	513	290	13.8786321078	0.0023262352173	0.00132786922778	0.000998365989521
TNCC	17453	1233527	1235391	3425	2192	60.2642886072	0.0027689029162	0.00177119433606	0.000997708580144
NTGN	132790	9421861	9448201	25811	16464	9223372036854775807	0.00273199577631	0.00173952274064	0.000992473035678
ATGN	62608	4428836	4407622	11660	7283	216.111712867	0.00262583278985	0.00164963912021	0.000976193669643
GGNT	13575	996879	1020031	3640	2744	32.9775405641	0.00363811181997	0.00268289702036	0.000955214799604
NTNG	97916	7017136	7078683	39374	32979	135.930300806	0.00557981211675	0.00463731262819	0.000942499488567
ANAC	43480	3055315	3015849	23320	20158	42.3251312262	0.00757478557867	0.00663964213521	0.000935143443461
ANCC	13575	1010576	987733	2592	1617	45.394617408	0.00255831214567	0.00163440642846	0.000923905717203
CAGN	9988	735240	736895	1893	1220	32.9453901545	0.00256805759612	0.00165285897184	0.000915198624279
NTNC	127677	9029585	9045490	61413	53142	133.477316577	0.00675536393254	0.00584065824401	0.000914705688532
TGGA	6904	497817	500315	1618	1176	16.5858196294	0.00323966081672	0.00234500718856	0.000894653628159
GTCC	1856	140303	138637	302	174	7.8856838366	0.00214786102912	0.00125350296446	0.000894358064662
ACAC	6309	433826	427321	1841	1436	10.4227225217	0.00422570449449	0.00334921645594	0.000876488038547
ATAC	18153	1242736	1217968	8758	7505	16.7458335845	0.00699803594744	0.0061241659343	0.000873870013139
TTAA	43972	3131108	3143879	7133	4409	143.160958457	0.0022729293257	0.0014004436697	0.000872485655993
AACC	4814	366713	355486	974	641	13.6261107529	0.00264899221349	0.00179991969157	0.000849072521915
CTCC	2185	155987	158075	305	175	8.78289162013	0.0019514754434	0.00110584518167	0.000845630261726
NNCC	42528	3111728	3090741	7501	4832	122.673454509	0.00240476092009	0.00156093879873	0.000843822121357
NCGA	8126	592543	584827	1302	802	25.3815353534	0.00219249130665	0.00136946770054	0.000823023606113
NACC	15225	1160515	1138454	2643	1654	46.4767246497	0.0022722622378	0.00145073975448	0.000821522483325
TCGN	8126	586605	587684	1367	885	23.5673789189	0.00232494064343	0.00150364698107	0.000821293662364
NNTC	115514	8301323	8314912	53971	47241	100.375773649	0.00645949741565	0.00564938240188	0.000810115013774
AATC	10489	753798	754297	3182	2572	15.0401268709	0.00420354566831	0.00339821025831	0.000805335409999
TATT	84370	5847604	5811873	13544	8895	204.121359942	0.00231081010068	0.00152814886283	0.000782661237853
CTGT	3801	275559	276115	604	392	10.7152261659	0.00218711413187	0.00141768562821	0.000769428503659
AGNT	30987	2312087	2322747	7657	5899	52.3568225414	0.00330079526017	0.00253323175785	0.000767563502313
NNGA	115514	8399559	8360726	19452	13024	270.886190765	0.00231048516269	0.00155533661741	0.000755148545282
CNGN	24472	1791798	1795939	4446	3117	52.4815876454	0.00247516484397	0.00173257530616	0.000742589537814
TTTN	249835	17175278	17427108	99792	88306	191.287374681	0.00577664808305	0.00504161648706	0.000735031595991
TCCC	2314	160980	162680	292	176	7.2383253428	0.00181060568481	0.00108070933831	0.000729896346495
GTGA	5230	385645	385141	1027	749	10.2045579576	0.00265599784831	0.00194096763326	0.000715030215042
TAGA	10463	757274	747922	1295	748	31.3629722496	0.00170716177434	0.000999105079675	0.000708056694666
AATA	84370	5824037	5851468	11267	7307	188.570889112	0.00193083342359	0.00124718904549	0.000683644378097
NTGA	47089	3430028	3415371	8422	6062	82.4647973162	0.00244935944975	0.00177177223695	0.000677587212798
ACNC	11685	834773	821956	2864	2263	14.2554978461	0.00341914218211	0.00274562949896	0.000673512683159
TTCA	21032	1519282	1526272	5729	4773	20.8356183876	0.00375669421401	0.00311747858489	0.000639215629121
NAGA	42302	3084297	3069378	5026	3078	100.834355828	0.00162689365923	0.00100180441966	0.000625089239569
ACGA	3578	257642	253973	497	332	7.38387327964	0.00192531930472	0.00130551896345	0.000619800341266
CNCC	6253	445569	447859	806	533	13.2660055406	0.0018056566788	0.00118869203732	0.000616964641477
NCCC	6047	440821	435855	903	627	10.9896877483	0.00204426293342	0.00143648535335	0.000607777580068
TCNC	12931	925347	927715	2646	2124	13.6025119675	0.00285131461121	0.00228426641601	0.000567048195195
CCNA	14014	1068754	1048410	3973	3319	11.0256399967	0.0037036450094	0.0031557559029	0.000547889106502
AAGA	23016	1685256	1684702	2641	1721	43.1667500434	0.00156466893418	0.00102050315965	0.000544165774536
ANGA	59352	4315009	4292022	8288	5985	79.2213096809	0.00191705543246	0.0013925058754	0.000524549557065
CACC	2527	183093	182305	315	218	4.39401185173	0.00171748233447	0.0011943700246	0.000523112309868
NGNT	103207	7524530	7574364	19695	15947	92.1894866751	0.00261060612588	0.00210096793135	0.000509638194524
TTNN	499643	34862501	35237680	140697	124505	254.61135547	0.00401954701396	0.0035208514406	0.000498695573362
NTAC	41821	2951572	2922906	15732	14122	16.52731625	0.00530178235867	0.00480826195733	0.000493520401341
TNAA	142690	10101292	10135139	14531	9607	222.957869989	0.00143646246084	0.000946992660043	0.000489469800797
NCTC	10866	775825	779970	2445	2077	7.7405622949	0.00314158325517	0.00265585060744	0.000485732647724
CNGA	9383	701586	695815	1346	996	11.6101539059	0.00191483671251	0.00142936893935	0.000485467773159
GTNG	13019	936027	942421	2915	2476	9.26594460149	0.00310455810902	0.00262039142891	0.000484166680114
CATA	26132	1834696	1806022	3749	2853	24.4509719341	0.0020392233654	0.00157722341234	0.000461999953057
AANA	268409	18710426	18714183	27185	18638	9223372036854775807	0.00145082529464	0.00099493824235	0.000455887052294
AAAA	139290	9647819	9641434	11294	6924	228.285062915	0.00116925850231	0.000717635062878	0.00045162343943
CATC	7957	583589	582427	1334	1071	6.90807497059	0.00228064206742	0.00183548186969	0.000445160197728
ANNC	99360	7072153	7000024	38701	35191	29.806717623	0.00544252490629	0.00500212147035	0.000440403435945
GNCC	5247	422056	419758	678	490	7.11498914395	0.00160384544418	0.00116597818431	0.00043786725987
CNTA	46770	3422930	3384344	11208	9633	23.1225515789	0.00326370110927	0.00283826319389	0.000425437915387
NATC	38797	2807232	2780498	10056	8839	15.528454723	0.0035693901369	0.00316885338702	0.000400536749874
NCNC	34808	2481327	2474195	6899	5905	17.1045950838	0.00277265811064	0.00238095238095	0.000391705729685
NAAA	249835	17451057	17445496	18384	11821	9223372036854775807	0.00105235193273	0.000677137271438	0.000375214661289
GGAA	8239	588690	584729	695	473	9.66131210531	0.00117919526286	0.000808267914327	0.000370927348532
TCAA	13517	983214	980325	1214	862	13.6378455315	0.00123320344403	0.000878527742418	0.000354675701612
CTGN	9988	736859	738773	1363	1107	6.67943178296	0.00184632806933	0.00149618857112	0.000350139498215
TGNT	50953	3660518	3675493	7401	6191	25.5179813385	0.00201776538686	0.00168156745663	0.000336197930227
NATT	163198	11466172	11456993	21407	17564	82.8293849546	0.00186349099318	0.00153069090162	0.000332800091567
CTAA	10064	801267	796393	1021	756	9.05795860971	0.00127261033444	0.000948379788471	0.000324230545972
NCAC	15932	1128072	1122678	3309	2928	5.40757686995	0.00292474418432	0.00260126545168	0.000323478732643
AATN	163198	11415024	11462899	26099	22506	62.1478092181	0.0022811571906	0.0019595303779	0.0003216268127
TAAA	64169	4458220	4486235	4362	2973	60.2060194229	0.000977461030408	0.000662254901087	0.000315206129321
TGAA	21032	1528750	1524700	1822	1363	15.0336427533	0.00119040463304	0.000893147923775	0.000297256709264
CCTN	17347	1314770	1302137	4818	4392	4.12212670152	0.00365113959812	0.00336157865612	0.000289560941998
ATGA	24906	1806389	1790682	3338	2789	10.5434105907	0.00184447709516	0.00155508508362	0.000289392011547
TTNA	142690	10040447	10061865	60892	58107	16.398716473	0.00602811171865	0.00574181430542	0.000286297413239
CNAA	40626	3012357	2980402	3018	2158	30.138486136	0.00100087053849	0.000723539509683	0.000277331028807
CAAA	20971	1507752	1491191	1247	838	17.403353584	0.000826375630468	0.000561651281577	0.000264724348891
CNTC	19518	1423896	1428180	4365	4003	4.34224974062	0.00305616410446	0.00279503387486	0.000261130229599
NGAA	55366	4002069	3987911	4351	3317	30.5676192316	0.00108600695883	0.000831072542085	0.000254934416746
NNAA	499643	35302959	35230545	46345	37275	210.899288792	0.00131105834502	0.00105691250551	0.000254145839516
CANA	59465	4224322	4166597	6349	5207	22.2417533592	0.00150070757097	0.00124814109196	0.000252566479015
NANA	628408	42760023	42554725	71919	61133	180.008642814	0.00167909734282	0.00143451294586	0.000244584396958
CNNA	112020	8219159	8129965	18029	15858	26.3346602505	0.00218873236838	0.00194676461789	0.000241967750486
ATNT	278823	18221098	18178680	34906	30440	65.2275944184	0.00191202850306	0.00167168979061	0.000240338712451
TNTN	628408	42398757	42487053	170025	160095	70.4924643894	0.00399412414478	0.00375394387451	0.000240180270266
NTGG	16886	1203103	1216713	2233	1981	4.62757841822	0.00185259545886	0.00162551058756	0.000227084871296
TNTT	268409	18618223	18774748	23483	19613	83.9178048797	0.00125970230407	0.00104355769265	0.00021614461142
NCAA	44262	3191245	3155116	3806	3092	15.2873076972	0.00119121729199	0.000979036212941	0.000212181079052
GAAA	25405	1837266	1826636	1481	1086	13.6187393834	0.000805439791336	0.000594182266231	0.000211257525105
NATA	279949	18256502	18133636	42796	38899	35.9602787499	0.00233866894785	0.00214053790514	0.000198131042706
GANA	51342	3713579	3694646	4197	3447	16.1258723443	0.00112890071914	0.000932102032047	0.000196798687092
GNAA	51742	3751917	3730706	3898	3167	16.5085587084	0.00103785729595	0.000848180963841	0.000189676332112
AANN	499645	35032120	35139998	134619	128522	35.943507359	0.00382802056227	0.00364409961064	0.000183920951626
ATAT	167760	10436775	10413358	24645	22779	16.0191917264	0.00235579873478	0.00218270419409	0.00017309454069
NANC	103205	7513698	7437865	35065	33429	6.03775232803	0.00464513192426	0.00447432533106	0.000170806593203
AGAA	22352	1611149	1606518	1543	1265	6.58148924797	0.000956785300603	0.000786797720837	0.000169987579766
GGNN	42528	3107006	3134086	8080	7646	4.18358455554	0.00259382887021	0.00243368944264	0.000160139427576
AGNN	96658	7093007	7097315	16612	15505	9.30023289237	0.00233655277449	0.00217986677577	0.000156685998722
NTTN	499643	34927128	35222926	151608	147891	18.9581398943	0.00432193451896	0.00418115872189	0.000140775797071
ANAA	264585	18437393	18384298	24898	22343	29.5280748374	0.0013485866949	0.00121385536883	0.00013473132607
GNNA	113988	8301394	8264984	15262	14096	9.85708570653	0.00183511257409	0.00170260463723	0.000132507936862
AGNA	46375	3360713	3349136	5051	4605	4.87769165247	0.00150069939544	0.00137309350961	0.000127605885836
NATN	544552	36935347	36751618	92730	88295	20.0535654815	0.00250431584659	0.00239672118661	0.000107594659983
TTAN	150180	10600914	10642311	21936	21005	5.98936536602	0.00206498256118	0.00196983752521	9.51450359645e-05
ANNT	498490	33880565	33949096	111934	109051	10.3711986581	0.00329290294309	0.00320190643372	9.09965093641e-05
ANNA	541469	38108008	38036052	70742	68456	8.09223713088	0.00185291556167	0.00179653284068	5.63827209859e-05
NTNT	628408	42540302	42786748	63290	61663	7.71090697545	0.00148555549025	0.00143909653966	4.64589505914e-05
NNTT	499645	35136389	35343110	40094	39062	5.14171534162	0.00113979558445	0.00110400232072	3.57932637366e-05
