#Sequence	Occurrence	Forward Match	Backward Match	Forward Mismatch	Backward Mismatch	Strand Bias Score	FER (Forward Error Rate)	RER (Reverse Error Rate), ERD (Error rate Difference)
TNCTCTTTTT	391	1245	1416	28	0	9.16198461414	0.0219952867243	0.0	0.0219952867243
NNCTCTTTTT	688	2347	2565	39	1	10.9557771869	0.0163453478625	0.000389711613406	0.0159556362491
NTCTCTNTTT	557	1746	1862	28	0	8.77452398548	0.0157835400225	0.0	0.0157835400225
TNCNCTTTTT	835	2689	2977	46	5	9.66711635047	0.0168190127971	0.00167672702884	0.0151422857682
TNCTCTNTTT	584	1974	2168	31	1	8.55808595999	0.0154613466334	0.000461041954818	0.0150003046786
NTATATTTTT	5379	5053	5355	75	14	10.4046944722	0.0146255850234	0.0026075619296	0.0120180230938
ATNTATTTTT	5251	4612	4891	72	18	8.78379564144	0.0153714773698	0.00366673456916	0.0117047428006
TTTTTTTTTT	51170	27296	34196	816	629	19.0604200741	0.0290267501423	0.0180617372577	0.0109650128846
ATATATNTTT	9913	5192	5256	70	14	8.79079580684	0.0133029266439	0.00265654648956	0.0106463801543
TNTTTTTTTT	58388	35544	42948	934	684	22.4778133945	0.0256044739295	0.0156765676568	0.00992790627273
TTTTTTTTNT	58122	35951	43566	934	685	22.6288065209	0.0253219465908	0.015479876161	0.00984207042976
NTATATNTTT	15411	11175	11659	127	29	14.9201017742	0.0112369492125	0.00248117727584	0.00875577193669
TTNTTTTTTT	57179	35675	42899	900	691	17.9671873283	0.0246069719754	0.0158522596926	0.0087547122828
NTATNTTTTT	13508	14514	15720	205	84	13.8816469862	0.0139275766017	0.00531511009871	0.00861246650296
ANNTATTTTT	7959	9262	9855	113	36	10.3302307886	0.0120533333333	0.00363967242948	0.00841366090385
NTTTTTTTTT	60254	36978	44473	920	718	17.2399729307	0.0242756873714	0.0158881193158	0.00838756805557
TTTTTTTNTT	57111	36147	43427	850	649	17.324432113	0.0229748357975	0.0147245666576	0.00825026913991
TNTNTTTTTT	69324	50397	59054	1089	774	25.6580353927	0.0211513809579	0.0129370863141	0.00821429464383
TNTTTTTTNT	68940	50677	59148	1092	773	25.6785907311	0.0210937047268	0.012900318753	0.00819338597374
TTTNTTTTTT	57214	35979	43527	877	691	16.289052932	0.0237953114825	0.0156271201773	0.00816819130522
ATNTATNTTT	14646	10829	11255	120	33	12.1147525071	0.0109599050142	0.00292345854004	0.00803644647411
NTATANTTTT	8008	8896	9270	100	29	9.73664097101	0.0111160515785	0.00311861490483	0.00799743667365
TTTTTTNTTT	56887	36079	43296	842	653	16.0961753941	0.0228054494732	0.0148581310155	0.0079473184577
TTTTTNTTTT	57540	37593	44817	862	661	16.711842059	0.0224158106878	0.0145345001979	0.00788131048992
ATNTANTTTT	7658	8403	8806	97	32	8.38517508958	0.0114117647059	0.00362072867165	0.00779103603424
TTTTNTTTTT	57687	37163	44557	867	679	15.8603985824	0.0227977912175	0.015010168892	0.00778762232543
NNATATTTTT	9171	12218	12853	127	34	13.3580318108	0.0102875658161	0.00263831768449	0.00764924813163
ATATANNTTT	12695	8633	8854	91	25	9.11208348062	0.0104309949564	0.00281563239104	0.00761536256541
ATNNATTTTT	7924	9994	10547	118	43	9.11240212289	0.0116693037975	0.00406043437205	0.00760886942542
NTTTTTTTNT	70499	52034	60464	1082	792	22.2197007287	0.0203705098275	0.0129293456967	0.0074411641308
TNNTTTTTTT	68505	50955	59319	1077	801	20.9972570166	0.020698800738	0.0133233532934	0.00737544744459
NNAATTTTTT	5504	9876	10525	114	43	8.60898643171	0.0114114114114	0.00406888720666	0.00734252420475
TTTTTTTTTN	60251	36896	44925	1041	922	11.4648208249	0.0274402298548	0.0201103670905	0.00732986276422
TTTTTTTNNT	67911	51740	59906	1011	722	22.4248867386	0.01916551345	0.0119086890546	0.00725682439542
NTNTATTTTT	12317	14122	15280	164	65	11.7430907643	0.0114797704046	0.00423590746171	0.00724386294288
ANATATNTTT	13873	10734	11016	104	26	11.2241995094	0.00959586639601	0.00235464589748	0.00724122049853
NNTTTTTTTT	72576	53000	61562	1112	831	21.0534917876	0.0205499704317	0.0133188017887	0.00723116864304
NTNTTTTTTT	71026	51684	60115	1099	833	19.8016135491	0.0208210977019	0.0136673885936	0.00715370910836
ANATNTTTTT	9893	11744	12595	136	55	9.38636004635	0.0114478114478	0.00434782608696	0.00709998536085
TTNTNTTTTT	66915	51680	59734	1026	754	20.3470775816	0.0194664744052	0.0124652823701	0.00700119203513
TTNTTTTTNT	68575	52779	60913	1060	785	20.2535468052	0.019688330021	0.0127232649357	0.00696506508533
TTTTTTNTNT	67666	50764	58918	982	717	20.3453952153	0.018977312256	0.012023140773	0.00695417148298
TATNTNTTTT	15706	14300	15423	164	68	10.9490156885	0.0113384955752	0.00438964560067	0.00694884997455
TNTTTNTTTT	68901	52780	60617	1014	737	20.409109111	0.0188496858386	0.0120122567396	0.00683742909899
TTTNTTTTNT	69150	52852	61136	1034	766	19.9563691738	0.0191886575363	0.0123743982424	0.0068142592939
TNTTNTTTTT	68772	52445	60542	1033	768	19.4874584612	0.0193163543887	0.0125265046485	0.00678984974021
TATNNTTTTT	12946	14286	15295	175	82	9.41708837784	0.0121015144181	0.00533263965663	0.00676887476146
TTTTNTTTNT	68427	52340	60526	1013	749	19.6889102804	0.0189867486364	0.0122235822113	0.0067631664251
TTTTTTTTNN	72569	53390	62699	1269	1052	15.9407145927	0.0232166706306	0.0165017019341	0.00671496869655
TNTTTTTNTT	68847	52593	60560	991	722	20.0150837708	0.0184943266647	0.0117815998172	0.00671272684744
NTATATTTNT	13197	10571	11086	96	27	9.74565261215	0.00899971875879	0.00242958697022	0.00657013178857
ATNTNTTTTT	16305	17459	18835	212	104	10.5853879069	0.0119970573256	0.00549131421934	0.00650574310623
TTTTTNTTNT	68562	54077	62217	999	734	19.4764649788	0.0181385721548	0.0116598624327	0.00647870972215
TNTTTTNTTT	69064	52134	60074	967	716	18.4500339649	0.0182105798384	0.0117782530021	0.00643232683628
NTTNTTTTTT	69763	52337	60617	1041	811	16.4525289919	0.019502416726	0.0132024483949	0.00629996833112
ATATNTNTTT	16990	12688	13176	125	48	8.72230654843	0.00975571685007	0.00362976406534	0.00612595278474
NTATATTNTT	9942	9927	10124	83	23	8.21990405064	0.00829170829171	0.00226667980684	0.00602502848487
TTNNTTTTTT	66641	51143	59623	998	794	14.8814862508	0.0191404077405	0.013141996458	0.0059984112826
NTTTTTTNTT	69558	52638	60819	971	748	15.9862520326	0.0181126303419	0.0121493657316	0.00596326461028
TTTNTNTTTT	66906	52649	60798	967	744	15.9653967092	0.0180356609967	0.012089304865	0.00594635613175
NTTTNTTTTT	70493	53667	61980	1016	798	15.3035910434	0.0185798145676	0.0127114594285	0.00586835513914
TTTTTNTNTT	66751	52732	60357	909	685	15.7512545469	0.016945992804	0.0112217817241	0.00572421107995
NTTTTNTTTT	71527	55933	63902	998	765	15.8856710743	0.017529992447	0.0118298359287	0.00570015651832
TTNTTNTTTT	67547	53974	61560	968	744	15.1263611329	0.017618579593	0.0119414483821	0.0056771312109
TTNTTTNTTT	69110	52011	59777	941	732	14.5033410184	0.0177708113008	0.0120973739444	0.00567343735643
TTNTTTTNTT	68110	52824	60393	946	731	14.6279246214	0.0175934535987	0.0119592958576	0.00563415774106
TTTNNTTTTT	67106	53456	61928	975	770	14.5915290899	0.0179125865775	0.0122810934958	0.0056314930817
TTTTTTNNTT	65992	51421	59329	885	681	14.6176405792	0.016919665048	0.0113481086486	0.00557155639943
TNTTTTTTTN	71024	51640	60380	1270	1137	10.0010743543	0.024003024003	0.0184826958402	0.00552032816285
TTTNTTNTTT	66363	51431	59309	921	725	13.7089886364	0.0175924511002	0.012076489989	0.00551596111124
TTTTTNNTTT	66495	53531	61330	912	697	14.9737522365	0.0167514648348	0.0112370419334	0.00551442290143
TTTNTTTNTT	69562	52726	60761	924	724	13.9955425247	0.0172227399814	0.0117752297308	0.00544751025053
TTTTNNTTTT	67535	55896	63783	946	725	15.031322207	0.0166426234123	0.0112389161034	0.00540370730884
NTTTTTNTTT	70185	54321	62116	964	758	13.7889655287	0.0174369177896	0.0120558577472	0.0053810600424
TTTTNTNTTT	66623	52376	60053	913	718	13.2711557306	0.0171329917994	0.0118148458969	0.00531814590254
TTTTNTTNTT	67632	54111	61854	911	716	13.0819972392	0.0165570135582	0.0114431836343	0.00511382992388
TTNTTTTTTN	69760	52186	60846	1195	1083	8.54228358719	0.0223862422959	0.0174877682507	0.00489847404521
TTTTTTTNTN	70495	52369	61104	1097	983	8.57295992286	0.0205177121909	0.015832621966	0.00468509022497
ATATATNTNT	108949	21323	20860	164	67	9.06409268252	0.00763252199004	0.00320160558131	0.00443091640873
