#Sequence	Occurrence	Forward Match	Backward Match	Forward Mismatch	Backward Mismatch	Strand Bias Score	FER (Forward Error Rate)	RER (Reverse Error Rate), ERD (Error rate Difference)
TTTTTTTT	50879	37770	42455	817	649	10.2333298443	0.0211729338897	0.0150566072754	0.00611632661423
TNTTTTTT	62555	57545	63263	993	750	13.9494954022	0.0169633400526	0.0117163701123	0.00524696994029
NTTTTTTT	63572	59272	65107	1019	785	12.9696612999	0.0169013617289	0.0119134341043	0.00498792762466
TTTTTTNT	61931	57141	62763	961	745	11.898816962	0.0165398781453	0.0117308055678	0.00480907257753
TTNTTTTT	61903	58516	64067	939	732	11.1317002546	0.0157934572366	0.0112964706245	0.00449698661202
TATNTTTT	15887	21002	22083	186	100	7.25760188572	0.00877855389843	0.0045079565433	0.00427059735513
NTNTTTTT	85150	101689	109466	1318	959	19.5097893442	0.012795246925	0.00868462757528	0.00411061934969
TTTNTTTT	62970	58813	64220	887	700	9.76323237872	0.0148576214405	0.0107825015404	0.00407511990018
TNTNTTTT	85808	98362	105350	1203	853	19.4887131226	0.0120825591322	0.00803178817924	0.00405077095298
TTTTTNTT	62019	59680	65301	873	685	10.0325178116	0.0144171221905	0.0103809899069	0.00403613228353
NCTNTTTT	7527	22520	23177	157	73	7.86238345324	0.00692331437139	0.00313978494624	0.00378352942515
NNTTTTTT	84542	102920	110855	1347	1027	16.035889489	0.0129187566536	0.00917931392002	0.00373944273357
TNTTTTNT	84301	98200	104991	1210	895	16.1223262833	0.0121718137008	0.00845248663657	0.00371932706426
TTTTNTTT	62800	59241	64848	844	680	8.46170629631	0.01404676708	0.0103772433158	0.00366952376414
TNNTTTTT	82330	100520	108129	1230	929	15.3091226065	0.0120884520885	0.00851840305159	0.00357004903686
CTNNTTTT	7474	23026	24309	154	75	7.55060123965	0.00664365832614	0.00307578740157	0.00356787092457
NTTTTTNT	84650	103043	110504	1265	968	14.4780038806	0.0121275453465	0.00868379503373	0.00344375031274
NTTNTTTT	84590	102532	109773	1199	901	14.9352009114	0.0115587432879	0.00814102679943	0.0034177164885
TTNTTTNT	84471	98333	105513	1140	880	12.5846437878	0.0114603962884	0.008271220851	0.00318917543744
TNTTTTTN	85150	101310	109097	1624	1397	8.99042906473	0.0157770998892	0.0126432204464	0.00313387944289
ATNTNTTT	37672	53079	54770	355	194	12.1511839602	0.00664370999738	0.00352958299978	0.0031141269976
TTTTTNNT	81293	100614	107842	1114	855	12.6127778532	0.0109507706826	0.00786590246281	0.0030848682198
TANNTTTT	24653	41038	42938	277	156	9.31113274873	0.00670458671185	0.00361999350258	0.00308459320927
TNTTTNTT	85811	100710	108138	1072	814	12.9741719147	0.0105323141616	0.00747117996916	0.00306113419248
NNTNTTTT	126519	195664	206215	1812	1274	27.8331015539	0.00917579857806	0.0061400845346	0.00303571404345
NTTTNTTT	86727	101111	108599	1098	845	12.4165547878	0.0107426938919	0.00772084353642	0.00302185035551
NTTTTNTT	84732	104521	112147	1108	848	12.8122276196	0.0104895435912	0.00750475684765	0.0029847867436
NNNTTTTT	124272	199350	211555	1926	1407	25.7505626135	0.00956895009837	0.00660681248298	0.00296213761539
TTNNTTTT	82054	101944	108901	1088	837	11.9562972305	0.0105598260735	0.00762725765004	0.00293256842341
TNTTNTTT	83698	99903	106570	1065	819	11.6453414856	0.0105478963632	0.00762647943458	0.00292141692863
NTNNTTTT	123558	196077	207079	1724	1219	26.1577046173	0.00871583055697	0.00585219253185	0.00286363802512
TTTNTTNT	83390	99766	106227	1078	841	10.7789680189	0.0106897782714	0.0078548212351	0.00283495703629
TTTTNTNT	83476	98887	105486	1055	821	10.830509591	0.0105561225511	0.0077229157064	0.00283320684468
TNNNTTTT	121437	189947	199992	1622	1140	24.9356468841	0.00846692314519	0.0056679195752	0.00279900356998
TTTTTTNN	84542	102756	110685	1565	1373	7.42755852856	0.0150017733726	0.0122525834836	0.00274918988902
NTNTNTTT	132975	187146	197274	1557	1092	24.3274039689	0.0082510611914	0.00550497565107	0.00274608554033
NNTATTTT	26666	44081	45837	244	128	9.60179553689	0.00550479413424	0.00278472751006	0.00272006662417
TTNTNTTT	82259	97961	104757	1006	790	10.0045676507	0.0101650044964	0.00748481719045	0.002680187306
ATNNTTTT	28711	54530	56767	378	240	8.69099637143	0.0068842427333	0.0042100092971	0.0026742334362
TTTNTNTT	82749	100033	106441	981	757	10.4384093351	0.00971152513513	0.00706169891229	0.00264982622284
ANGNNTTT	9038	32267	32904	149	66	7.98844874886	0.00459649555775	0.00200181983621	0.00259467572153
ATANNTTT	25226	37175	38217	209	115	7.18602485793	0.00559062700621	0.00300010435146	0.00259052265475
NTNTTTNT	131414	192367	202805	1682	1249	20.1708988988	0.00866791377436	0.00612092877376	0.0025469850006
TNTNTTNT	130760	184294	192443	1520	1093	20.2989581471	0.00818022323399	0.00564752810847	0.00253269512552
TATNTTNT	33543	44365	45780	257	149	7.70483990803	0.00575949083412	0.00324413769078	0.00251535314333
NNTTTTNT	125613	198602	209101	1769	1331	19.6491543711	0.00882862290451	0.00632508363747	0.00250353926704
TTNTTNTT	87383	109539	116483	1037	808	10.3962700446	0.00937816524381	0.00688884910181	0.00248931614201
NCTNNTTT	13673	48466	49711	228	110	10.3450762164	0.00468230172095	0.00220790429738	0.00247439742357
NNNNTTTT	203679	417142	435993	2923	1978	50.0780651921	0.00695844690703	0.00451628075832	0.00244216614871
TNTNTNTT	136859	186012	194688	1407	1004	19.765871199	0.00750724312903	0.0051305112115	0.00237673191754
TNTTTTNN	126519	195790	205315	2180	1793	13.4782829445	0.01101176946	0.00865731888676	0.00235445057325
TNNTTTNT	123613	185071	194752	1559	1184	16.5275681119	0.00835342656593	0.00604278948228	0.00231063708365
NTATNTTT	32598	46019	47648	249	147	7.20194931566	0.00538168928849	0.00307563552673	0.00230605376176
CNNNTTTT	18133	64076	66424	341	200	9.87983343355	0.00529363366813	0.00300192122959	0.00229171243854
CTNNNTTT	13421	47902	49673	216	111	8.89297907103	0.00448896462862	0.00222963201028	0.00225933261834
TNTTNTNT	128748	182877	190868	1421	1047	16.8866461722	0.0077103386906	0.00545554021312	0.00225479847748
NNTTNTTT	125250	192357	202503	1538	1162	16.817323631	0.00793212821372	0.00570544767142	0.0022266805423
TTTNNTTT	82433	100625	107341	947	768	7.70654076425	0.00932343559249	0.00710394139248	0.0022194942
TNTNNTTT	123120	184950	193766	1365	997	17.3178103988	0.00732630223009	0.00511904211786	0.00220726011224
TNTNTTTN	132975	186467	196423	2015	1684	11.5167496637	0.0106906760327	0.00850045682384	0.00219021920889
ATNNNTTT	61500	115289	118170	586	342	16.1167324634	0.00505717367853	0.0028857837181	0.00217138996043
NCNNTTTT	18795	66139	67292	346	206	8.99244978463	0.0052041813943	0.00305194227977	0.00215223911453
NNCTNTTT	14625	49369	50465	224	120	8.04225062748	0.00451676647914	0.00237224473658	0.00214452174256
NTTTTNNT	122591	197628	207928	1529	1159	16.3817756999	0.00767736007271	0.00554314711101	0.0021342129617
ANNNTTTT	52483	121291	125903	724	481	13.5339513661	0.00593369667664	0.00380586150146	0.00212783517518
TTTTNNTT	81481	101514	108493	918	747	7.42816525171	0.00896204311153	0.00683815452215	0.00212388858937
NTNTTNTT	132043	204678	214988	1482	1095	17.965353035	0.00718859138533	0.00506749721172	0.00212109417361
NNTTTNTT	125843	194861	205596	1500	1145	15.7542120163	0.00763899144942	0.0055383305682	0.00210066088122
NTANNTTT	50654	93332	96280	450	262	12.8976896672	0.00479836215905	0.00271384475151	0.00208451740754
TNTTTNNT	123636	184543	193742	1419	1081	14.6653473483	0.00763059119605	0.0055486261889	0.00208196500715
NCTNTTNT	14606	49339	50219	227	127	7.22099213655	0.00457975224953	0.00252254399555	0.00205720825398
NNNATTTT	51097	116016	119713	542	312	15.9106304756	0.00465004547092	0.00259945844616	0.00205058702477
TNNTNTTT	120149	184697	193792	1401	1068	14.3876359936	0.00752829154531	0.00548085805193	0.00204743349338
NTTTNTNT	130016	191109	200362	1473	1130	14.5021592868	0.00764868990871	0.00560816310325	0.00204052680546
NTTNTNTT	123609	190176	199363	1358	1012	15.6620663927	0.00709012499086	0.00505053025577	0.00203959473509
NCTNTNTT	13592	46549	47632	186	95	7.55298364031	0.00397988659463	0.00199048756469	0.00198939902994
NTTNNTTT	122682	189979	199736	1368	1039	14.525525032	0.00714931511861	0.00517494708006	0.00197436803854
NTTNTTNT	131672	204562	214176	1568	1215	14.413338863	0.00760685004609	0.00564090421605	0.00196594583003
NANNTTTT	51108	117836	122969	656	441	12.0686723994	0.00553623873342	0.00357345433919	0.00196278439422
NNNTNTTT	210432	398248	414142	2440	1722	34.2939600979	0.00608952601525	0.00414077679241	0.00194874922284
NNANTTTT	45115	106939	111816	568	377	11.1397992405	0.00528337689639	0.00336028094444	0.00192309595194
NTNNNTTT	202930	387122	401926	2208	1527	33.7542137662	0.0056712814322	0.00378482747681	0.0018864539554
ANNNCTTT	9792	37372	37929	115	45	7.52565657678	0.00306773014645	0.00118502133038	0.00188270881607
TTNNTTNT	121222	186636	195243	1390	1082	12.4550646382	0.00739259464117	0.00551126957851	0.00188132506266
TTNTNTNT	131069	181653	190063	1337	1037	12.2763292285	0.00730641018635	0.00542647828362	0.00187993190273
NNNCTTTT	17699	62217	63690	272	158	7.87677338704	0.00435276608683	0.00247462723969	0.00187813884714
TTTNTNNT	119953	187427	195679	1330	1020	12.856574135	0.00704609630371	0.00518558813212	0.00186050817159
ANNTNTTT	61021	115899	119038	598	392	11.3499769848	0.00513317939518	0.00328225738927	0.00185092200591
NNTANTTT	43641	87567	90239	358	202	11.2695135753	0.00407165197612	0.00223350029301	0.00183815168311
TNNTTNTT	128821	199642	210029	1383	1065	13.6658818828	0.00687974132571	0.00504514576445	0.00183459556126
TNNTTTTN	123558	195489	206174	2123	1854	8.43937995089	0.0107432746999	0.00891226181091	0.00183101288901
NNTNNTTT	201781	397021	412005	2266	1599	31.6033130503	0.00567511589408	0.00386601676966	0.00180909912442
TTTTTNNN	124272	200301	210738	1955	1669	9.35094702413	0.00966596788229	0.00785755648354	0.00180841139874
NTNTTTTN	126519	194892	204818	2242	1983	7.55787676789	0.0113729747279	0.00958892848681	0.00178404624104
NNNTTTNT	208792	401438	417516	2600	1954	26.7214352011	0.00643503828848	0.00465825923189	0.00177677905659
TTTTNNNT	118382	187578	196556	1305	1016	11.8545793835	0.00690903892886	0.00514242908914	0.00176660983972
NTTTTTNN	124272	199180	210048	2256	2003	7.58733484492	0.0111995869656	0.00944584085904	0.00175374610655
NNTNTTNT	221318	414145	428086	2507	1834	28.6958545822	0.00601701179882	0.00426590993673	0.00175110186208
TANNNTTT	46003	88420	90836	410	261	8.84347639254	0.00461555780705	0.00286507788401	0.00175047992303
NNCNTTTT	22030	75765	77151	325	195	8.31837181489	0.00427125772112	0.00252113877899	0.00175011894213
TNTTTNTN	131414	193082	203052	1866	1601	8.54832296325	0.00957178324476	0.00782299795263	0.00174878529213
TTNTTNNT	127117	199872	209082	1399	1094	12.1969890138	0.00695082749129	0.00520516138855	0.00174566610274
NNTNTNTT	219486	395126	409009	2199	1559	29.6627368397	0.00553451204933	0.0037971785429	0.00173733350643
TTNNNTTT	116347	184848	193688	1242	964	11.517003444	0.00667418990811	0.00495242792265	0.00172176198546
TTNNTNTT	124193	198014	206737	1267	963	12.9155740262	0.0063578564941	0.00463649494463	0.00172136154946
TTNTTTNN	125250	191690	201321	1952	1698	7.77821990856	0.0100804577519	0.00836374920574	0.00171670854619
TANNTNTT	60373	98802	101053	423	262	9.80103205038	0.00426303854875	0.00258599417658	0.00167704437217
CNTNNTTT	18742	65962	67101	271	163	6.9501924157	0.00409161596183	0.00242328734539	0.00166832861645
ANANNTTT	46569	99214	101744	432	273	9.45418140475	0.00433534712884	0.00267602458414	0.0016593225447
CNNNNTTT	34668	138588	142110	536	313	14.8100877898	0.00385267818637	0.00219767874571	0.00165499944066
TNNNNTTT	190519	374240	387616	2027	1460	25.5207445349	0.00538713200998	0.00375248023522	0.00163465177476
TNNNTTNT	202529	375287	387251	2163	1595	23.6446749053	0.00573056033912	0.0041018809503	0.00162867938882
NTTTNNTT	122412	188801	198754	1224	963	10.8111790457	0.00644125772925	0.00482182287937	0.00161943484987
NTATNTTN	65273	106153	108080	534	368	8.05456635266	0.00500529586548	0.00339333136618	0.00161196449929
TATNNTNT	66628	96013	97683	400	249	8.96764112083	0.00414881810544	0.00254258056611	0.00160623753934
ATNTNTNT	157027	135906	137388	633	418	10.8715449383	0.00463603805506	0.0030332496408	0.00160278841426
TTTTNTNN	125613	199776	209006	1852	1597	7.7405738234	0.00918523220981	0.00758298789666	0.00160224431315
ATNTNNTT	65653	114271	117330	450	273	11.2544197919	0.00392255994979	0.00232136935282	0.00160119059697
NNGNNTTT	22636	90282	93397	366	229	8.65169574041	0.00403759597564	0.00244590177942	0.00159169419622
NTNTNTNT	319252	404092	416172	2297	1699	24.3820351406	0.00565221991737	0.00406584807273	0.00158637184464
NANANTTT	37179	89119	91656	355	219	8.60338731352	0.00396763305541	0.00238367346939	0.00158395958602
TNTTNTTN	132043	204860	214368	1893	1636	7.75486052812	0.00915585263575	0.00757393381604	0.00158191881971
TTTNNTNT	120332	183024	191105	1262	1012	9.34207808572	0.00684805139837	0.00526762337534	0.00158042802303
NNTTNTNT	214375	391864	404724	2245	1673	23.2979710275	0.00569639363729	0.00411666424703	0.00157972939026
ANNNNTTT	114947	278351	284966	1182	762	22.8352066295	0.00422848107379	0.00266687199014	0.00156160908365
TNNNTNTT	215279	399051	412707	2015	1443	25.8890685139	0.00502411074486	0.00348424483883	0.00153986590604
NNTATNTT	65273	106277	108527	402	243	10.0310095997	0.00376831428866	0.00223407189482	0.00153424239384
TNTNNTNT	214874	368625	379058	1971	1440	22.2419124306	0.00531845999417	0.00378451397905	0.00153394601512
NCNNNTTT	36047	140337	142698	528	319	12.7966760694	0.00374826961985	0.00223050406595	0.0015177655539
NTNNTTNT	217042	412487	426860	2363	1792	22.4819909912	0.00569603471134	0.00418054739042	0.00151548732092
NTNNTNTT	209074	409104	422836	2074	1505	24.8827374523	0.00504404418524	0.00354667590452	0.00149736828072
TANNTTNT	52029	89459	91456	382	253	7.05202047055	0.00425195623379	0.00275872597019	0.0014932302636
TATNTTNN	65273	106494	108276	533	379	6.94976457695	0.00498005176264	0.0034881045511	0.00149194721154
ANNANTTT	33496	86571	88823	344	221	7.24736839283	0.00395788989242	0.00248191905126	0.00147597084117
TNTNTTNN	219486	395620	406908	2852	2335	15.4459648562	0.00715734104278	0.00570565654147	0.00145168450132
TNTTNNTT	122409	190716	199569	1192	958	8.87003958382	0.00621130958584	0.00477741152064	0.0014338980652
NNTTTNNT	200190	396582	411192	2207	1694	19.8772435269	0.00553425495688	0.00410282741483	0.00143142754205
NNNTTNTT	211186	417081	433708	2224	1687	21.8291551671	0.00530401497716	0.00387464256595	0.00142937241122
NNATNTTT	60130	121304	124796	503	338	8.85731759318	0.00412948352722	0.00270110441607	0.00142837911115
NCTNNTNT	28639	111133	112401	378	221	10.1069610473	0.00338980010941	0.0019623164213	0.0014274836881
TNNTNTNT	218106	368875	380559	2017	1534	18.6354989862	0.00543824078168	0.00401472939834	0.00142351138334
NATNTTNT	63526	122095	125048	571	406	7.69257261727	0.00465491660281	0.00323624595469	0.00141867064812
TNTNTNNT	223693	376376	386871	2003	1506	19.314485537	0.00529363416046	0.00387767555751	0.00141595860295
NNNANTTT	91389	240664	247514	877	550	19.2339085411	0.00363085356109	0.00221716976264	0.00141368379845
NNTTTTNN	203679	416764	432664	3487	3000	13.2422730133	0.0082974222548	0.00688604061846	0.00141138163634
NTNTNNTT	214773	391447	405219	1861	1351	22.5639118503	0.00473166068323	0.00332292102221	0.00140873966102
TTNTNNTT	123787	195161	203860	1159	921	9.18220834259	0.00590362673187	0.00449748755988	0.00140613917199
NATNTNTT	71024	122887	125344	547	383	7.76034047137	0.00443151805823	0.00304628281912	0.00138523523911
NNTATTNT	63644	104336	106332	382	242	8.15939558825	0.00364789243492	0.00227072269034	0.00137716974458
NNANNTTT	105882	267859	275289	1024	672	18.936059367	0.00380834786878	0.00243512670269	0.00137322116609
NANATNTT	56445	105506	107587	391	251	7.98491032757	0.00369226701417	0.00232756542221	0.00136470159197
NATNNTTT	55329	123075	126021	542	382	7.6191103071	0.00438451022109	0.00302208017215	0.00136243004894
TTTNNNTT	116379	185942	194242	1095	879	8.16603939177	0.00585445660484	0.00450489696137	0.00134955964347
NTNTTTNN	210432	396943	410730	3152	2700	12.144951439	0.00787812894438	0.0065307307162	0.00134739822817
NNNTTTTN	203679	415725	433214	3623	3183	11.5737840152	0.00863960243044	0.00729381732688	0.00134578510356
TNNNTTTN	202930	385826	400007	2878	2441	12.4467783513	0.00740409154524	0.00606537987516	0.00133871167007
NGNNNTTT	22876	92245	95351	326	209	7.15437962805	0.00352162124207	0.00218710757639	0.00133451366568
TNNTTTNN	201781	395915	409370	2997	2546	12.4252437964	0.0075129351837	0.00618087182824	0.00133206335546
ATNNTNTT	58698	118951	121963	483	335	7.39159009499	0.00404407455164	0.00273921078023	0.00130486377141
NNCNNTTT	37111	142105	144035	484	302	10.4919407636	0.00339437123481	0.00209232559912	0.00130204563569
TNTTTNNN	210432	399087	411775	2786	2332	12.9604838261	0.00693253838899	0.00563139478444	0.00130114360455
TNNANTTT	41297	89304	92178	292	181	7.16584844354	0.00325907406581	0.00195974404227	0.00129933002354
TNTTNTNN	221318	416755	427766	2782	2295	13.9584649445	0.00663111954369	0.00533645227072	0.00129466727296
NNNNCTTT	32523	127738	129765	337	174	12.6614207397	0.0026312707398	0.00133908988064	0.00129218085916
GNNNNTTT	27276	106088	110034	395	267	7.17196368172	0.00370951231652	0.00242064895151	0.00128886336501
NTNNTTTN	201781	395055	409202	3025	2611	10.9772157374	0.00759897508039	0.0063402563785	0.00125871870188
NANNNTTT	105557	277563	284751	1078	747	15.8291516504	0.00386877738739	0.00261648067587	0.00125229671152
NNTNTTTN	210432	396279	411420	3236	2842	10.0347661878	0.008099821033	0.00686039269834	0.00123942833466
NTNTTNNT	217126	421363	435096	2157	1684	17.0657051278	0.00509302984511	0.00385548788864	0.00123754195647
NTATNNTT	64785	107144	109131	351	223	7.45441537897	0.00326526815201	0.0020392486786	0.0012260194734
NNNTATTT	56658	97050	99057	280	165	7.7034768184	0.00287681084969	0.00166293765496	0.00121387319473
NNNGTNTT	24773	96373	98186	277	163	7.60969697988	0.00286601138127	0.00165736306419	0.00120864831708
NNNCTNTT	30628	118616	120238	364	223	8.53365073114	0.00305933770382	0.00185122155718	0.00120811614663
NTTNTNNT	209300	410454	423027	2063	1616	15.8026929476	0.00500100601915	0.00380554960284	0.0011954564163
NTTTNNNT	200087	389872	403236	1938	1520	15.1372732386	0.00494627498022	0.00375534890156	0.00119092607866
NTNTNTTN	219486	394759	406648	2839	2434	10.4436605104	0.00714037796971	0.00594990735354	0.00119047061617
CNNNTNTT	36019	138380	141100	455	296	8.76988890201	0.00327727158137	0.00209341141192	0.00118386016945
TTNNNTNT	200466	368437	379328	1823	1429	13.8868831234	0.00492356722303	0.00375304984544	0.00117051737759
TNNATNTT	60101	109571	111338	356	231	6.94774099521	0.00323851283124	0.00207046760301	0.00116804522823
NTTNNTNT	211552	396320	409525	2022	1608	14.2958438187	0.00507604018657	0.00391114310941	0.00116489707717
TNNTTNNT	203391	388802	402481	1975	1572	14.0814379142	0.00505403337453	0.00389057871121	0.00116345466332
TNTNNNTT	206520	377316	388419	1700	1300	15.1311075025	0.00448529877367	0.00333573677445	0.00114956199922
TNTTNNNT	201378	377516	388792	1822	1428	13.9237337991	0.00480310435548	0.00365947414279	0.00114363021269
TNTNTNTN	319252	405729	416279	2667	2255	10.7972726804	0.00653042635089	0.00538785379443	0.00114257255646
ANNTNTNT	221645	291568	294497	1142	820	13.0492113141	0.00390147244713	0.00277667726545	0.00112479518169
TNTNNTTN	214773	391233	403778	2543	2168	10.1340205256	0.0064579862663	0.00534061180551	0.00111737446079
CTNNNNTT	26287	107254	109084	291	174	7.55876453089	0.00270584406528	0.00159256072782	0.00111328333746
CNNNTTNT	37528	142934	146022	530	378	6.99574836431	0.00369430658562	0.00258196721311	0.00111233937251
NTANNTTN	104285	224790	227634	937	694	9.34475130217	0.00415103199883	0.00303948705371	0.00111154494512
NTTNNNTT	190214	374930	387687	1635	1257	14.5405423987	0.00434187988793	0.00323182771813	0.00111005216981
NNNCNTTT	42718	162129	163612	469	291	10.2061101525	0.00288441432244	0.00177544035192	0.00110897397052
NANNTNTT	123912	285735	292214	987	687	14.0563129943	0.00344235880051	0.00234550240525	0.00109685639526
TANNNTNT	115065	203914	206656	705	488	10.0230270104	0.00344542784394	0.00235584907118	0.00108957877277
NNTTNNTT	196505	386066	400066	1789	1416	13.4106984831	0.00461254850395	0.00352693271429	0.00108561578966
TTNNTNNT	200235	404681	415497	1896	1496	13.5410509378	0.00466332330653	0.00358759019936	0.00107573310718
NNANTTTN	91389	239520	246092	1177	944	7.79179595398	0.00488996539217	0.00382130539678	0.00106865999539
ANNNTNTT	114135	275691	281897	970	690	12.5111253095	0.00350609590799	0.00244172591096	0.00106436999703
NNNATNTT	126698	288781	293846	886	589	15.0150175719	0.00305868462752	0.0020004415236	0.00105824310392
TTNTNNNT	208560	388807	399627	1811	1435	12.7006566123	0.00463624308148	0.00357800040891	0.00105824267256
TTNTNTNN	214375	393560	403759	2505	2138	9.3179864683	0.00632471942737	0.00526734614939	0.00105737327797
NTTTTNNN	203679	418231	432432	2944	2581	8.95264790345	0.00698996854039	0.00593315602062	0.00105681251977
ATNNNNTT	118406	257827	262950	815	553	12.901871422	0.00315107368486	0.00209864783323	0.00105242585163
CNTNNTNT	40538	149113	151001	484	333	7.22542508232	0.00323535899784	0.00220043083511	0.00103492816273
NNTANTNT	112345	214001	217362	667	453	10.4354474636	0.00310712355824	0.00207974657393	0.00102737698431
NCTNNNTT	26670	114351	116079	304	189	6.92481773723	0.00265143255855	0.00162555475281	0.00102587780573
TTTNNNNT	188098	371133	382382	1724	1384	11.282372339	0.00462375656083	0.00360636429491	0.00101739226592
NTANNNTT	106484	220174	223785	672	455	10.6775966518	0.00304284433497	0.00202907599001	0.00101376834496
NTANNTNT	209912	249628	251292	878	629	10.1170313549	0.00350490607011	0.00249681447755	0.00100809159256
NNTANNTT	104285	225326	228739	635	415	11.5734479876	0.00281021946265	0.00181100919033	0.000999210272324
TNNTNTTN	209074	409351	421383	2677	2331	8.39451024458	0.00649713126292	0.00550135232728	0.000995778935647
NANTNTNT	117618	239569	244196	855	630	9.17135145787	0.00355621734935	0.00257325610842	0.00098296124093
NATNNTNT	134275	282504	286072	992	722	10.8217782199	0.00349916753676	0.00251748641882	0.000981681117932
NANNTTTN	105882	266741	273689	1339	1105	7.02441458997	0.0049947776783	0.00402119405809	0.000973583620211
TTTTNNNN	203679	420001	432457	2586	2237	8.7296256807	0.00611944995942	0.00514614878512	0.000973301174294
TTNNNNTT	189124	382153	393756	1553	1215	12.1568820328	0.00404736960068	0.00307617521286	0.00097119438782
NTTTNTNN	208792	403689	416215	2802	2482	7.37579407854	0.00689314154557	0.00592791445843	0.000965227087142
TTTNTNNN	208792	405071	416637	2534	2203	8.04268966584	0.00621680303235	0.00525976506542	0.000957037966929
TANNNNTT	106493	217462	220095	681	478	9.0567847029	0.00312180542121	0.00216708300653	0.000954722414682
NANANNTT	102727	242293	245821	742	517	10.2722770827	0.00305305820149	0.00209874237836	0.000954315823135
ANNNTTNT	122739	286128	291736	1116	858	9.26256731548	0.00388519864645	0.00293239095812	0.000952807688327
NTTNTTNN	211186	417080	430380	2912	2590	7.35775663711	0.00693346539934	0.00598193870245	0.00095152669689
ATNNNTNT	230923	308078	310992	1126	839	10.5328644239	0.00364160877608	0.00269055995074	0.000951048825341
NANNTTNT	111827	266309	272332	988	750	9.08738893824	0.00369626295843	0.00274642781289	0.000949835145541
TTNTTNNN	211186	418648	430960	2626	2291	8.08326709532	0.0062334727517	0.0052879277832	0.000945544968499
TTNNTTNN	196505	385493	397356	2503	2202	7.1698631757	0.00645109743399	0.00551108975418	0.000940007679816
TNNTNNTT	201769	400266	413084	1698	1362	11.3313934559	0.00422425888886	0.00328631474305	0.000937944145801
NNNATTNT	120921	273152	276555	881	633	10.326950548	0.0032149412662	0.0022836486428	0.000931292623399
ANANNTTN	102727	241643	244227	980	763	7.14266341182	0.00403918837043	0.00311441283318	0.000924775537258
NNATNTNT	235761	300934	304146	1055	786	9.99161160683	0.0034935047303	0.00257762386368	0.000915880866624
TATNNTNN	141966	257219	258448	935	709	7.76136493551	0.00362186911688	0.00273579336078	0.000886075756102
NNATNTTN	126698	288280	292616	1181	938	7.6453867568	0.00407999695987	0.00319532351799	0.000884673441877
TNNTTNTN	217042	413894	427046	2612	2313	7.00505928552	0.00627121818173	0.00538710030534	0.000884117876392
NNANTNTT	106701	259505	265567	793	582	8.9302565344	0.00304650823287	0.00218674501877	0.000859763214104
ANANNTNT	212066	282436	284165	981	742	8.31210507272	0.00346133083054	0.00260435861527	0.000856972215276
NATNNNTT	122279	269906	273012	826	614	8.10036123351	0.00305098769263	0.00224393880698	0.000807048885641
ANNANNTT	88453	239121	242999	668	482	7.9761382437	0.00278578250045	0.00197962058641	0.000806161914037
TNNANTNT	98757	206156	208339	575	413	6.89194983102	0.00278139224403	0.00197842415881	0.000802968085217
ANTNNNTT	94918	227419	231942	635	461	7.53219321502	0.00278442824945	0.00198362327509	0.000800804974363
NNNTATNT	234191	270067	271438	808	597	7.89595735558	0.00298292570374	0.00219457055158	0.000788355152154
NNNNATTT	108417	263001	267332	673	476	8.84617676295	0.00255239424441	0.00177739275899	0.000775001485416
ANNTNNTT	113703	261693	266908	774	587	7.17376326113	0.00294894215273	0.00219443354081	0.000754508611914
TNNANNTT	100254	230633	234619	588	425	7.07225345285	0.00254302161136	0.00180817208693	0.00073484952443
