#Sequence	Occurrence	Forward Match	Backward Match	Forward Mismatch	Backward Mismatch	Strand Bias Score	FER (Forward Error Rate)	RER (Reverse Error Rate), ERD (Error rate Difference)
CCCC	1010	4687	4571	68	24	5.11254229115	0.0143007360673	0.00522306855277	0.00907766751452
NCCC	4640	22694	22165	189	89	7.98145877634	0.00825940654634	0.00399928102813	0.00426012551821
TTTT	91887	244608	259851	2520	1749	42.0340446053	0.0101971447995	0.00668577981651	0.00351136498294
NTTT	166018	511259	530236	3485	2311	62.2510233527	0.00677035574965	0.00433952308435	0.00243083266531
AAAT	49016	155474	158405	1235	942	10.5948933984	0.00788084921734	0.00591162682699	0.00196922239035
ATTT	49016	158075	159827	666	366	20.5495388426	0.00419551344643	0.00228474402752	0.00191076941891
TNTT	179381	547047	564082	3159	2275	38.3565468826	0.00574148591618	0.00401690100061	0.00172458491558
TTNT	177214	534450	552390	3561	2756	29.3587709511	0.0066188237787	0.00496445979976	0.00165436397893
CCTT	6121	29481	29577	78	33	4.55314462534	0.00263879021618	0.00111448834853	0.00152430186765
NNTT	336980	1170483	1194438	4822	3274	72.2949943968	0.00410276481424	0.00273354529303	0.00136921952121
ANTT	95416	342400	346027	1075	622	28.2702545055	0.00312977654851	0.00179432221065	0.00133545433786
AANT	95416	338947	343779	1722	1289	15.7751159945	0.0050547598989	0.00373549561246	0.00131926428645
AATT	31280	111523	112983	334	191	9.63587897303	0.00298595528219	0.00168766677859	0.0012982885036
TNCC	12622	61506	59981	234	150	4.16806019419	0.00379008746356	0.00249455355806	0.00129553390549
TTTN	166018	507045	525976	4690	4186	11.7048392846	0.00916489980166	0.00789569980497	0.00126919999669
NTNT	418065	1256100	1278563	5825	4333	54.5191682614	0.00461596370624	0.00337751462317	0.00123844908308
CTTT	14676	63961	65298	182	107	5.21655388833	0.00283741016167	0.00163596055347	0.0012014496082
NTCC	13128	66751	64955	217	135	4.30232483589	0.00324035360172	0.00207405131357	0.00116630228815
TTAA	29526	104572	104325	336	215	6.41771891232	0.00320280626835	0.00205662904152	0.00114617722683
TTNC	36049	157432	156653	1107	921	4.16792108934	0.00698250903563	0.00584487288512	0.00113763615051
ATNT	182059	469807	472119	1618	1102	22.7654757836	0.00343214721324	0.0023287216755	0.00110342553774
NAAT	110010	372207	374796	1878	1484	11.4778461459	0.00502024940856	0.00394387158499	0.00107637782357
NNCC	31556	162362	159390	565	386	7.36948314891	0.00346781073732	0.00241588223513	0.00105192850219
ANAT	182059	468188	470431	2140	1679	13.4475230362	0.00455001615894	0.00355637457372	0.000993641585214
ANNT	333240	1066283	1073763	3826	2829	34.9900860369	0.00357533671804	0.00262773641268	0.000947600305355
CNTT	38582	173590	174702	369	225	8.54529175941	0.00212118947568	0.00128625083606	0.000834938639618
TCTT	16142	74645	73393	138	75	4.42497481783	0.00184533918136	0.0010208526161	0.00082448656526
TTCN	38116	172901	171054	638	493	4.37357804424	0.00367640703242	0.00287384798335	0.000802559049073
TNNT	369963	1269505	1288780	5251	4290	25.2698195827	0.00411921967812	0.00331768581747	0.000801533860646
ATAT	106962	204913	204608	695	530	5.48444716899	0.00338021866853	0.00258362663183	0.000796592036706
TTNN	336978	1163557	1184479	6949	6145	14.9580244618	0.00593674872235	0.00516115919047	0.000775589531873
GTNT	29998	122750	123824	323	231	4.13291754507	0.00262445865462	0.00186207730442	0.000762381350198
GNNT	68875	305900	310370	746	521	10.2243046861	0.00243277264337	0.00167582850581	0.000756944137563
NTGT	39210	159278	161925	425	310	5.01244542689	0.00266118983363	0.00191080839523	0.0007503814384
NCTT	33189	156972	155412	276	158	7.44099185533	0.00175518925519	0.00101561997814	0.000739569277044
NANT	259880	936030	944098	3128	2458	19.6817033767	0.0033306429802	0.00259678244076	0.000733860539437
NTTN	336980	1165932	1187281	6722	5978	13.5124994187	0.00573229614191	0.00500980927024	0.000722486871672
NATT	110010	374550	378454	887	661	8.4833021768	0.00236258013994	0.00174353428379	0.000619045856151
CNNT	77289	356773	357014	829	619	7.41951219479	0.00231821969676	0.0017308246163	0.000587395080461
NNCT	69330	335160	333176	1007	819	4.65736831932	0.00299553495733	0.00245213251695	0.000543402440374
NNGT	77263	345673	351089	811	663	4.42713722104	0.00234065642281	0.00188485069026	0.000455805732548
NNAT	365794	1147145	1151224	4012	3503	8.71562642791	0.00348518924873	0.00303361746976	0.000451571778973
NTAN	336196	1022615	1020754	2948	2623	4.70319398091	0.00287451867901	0.00256308281308	0.00031143586593
