#Sequence	Occurrence	Forward Match	Backward Match	Forward Mismatch	Backward Mismatch	Strand Bias Score	FER (Forward Error Rate)	RER (Reverse Error Rate), ERD (Error rate Difference)
NGGT	149116	9828640	10530578	772201	322405	9223372036854775807	0.0728433715778	0.0297065792879	0.0431367922899
CGGT	49910	3265024	3474813	250228	105327	9223372036854775807	0.0711835168574	0.0294197992257	0.0417637176317
GGGA	22204	1494364	1582051	84323	29482	9223372036854775807	0.0534133745321	0.0182943818091	0.035118992723
TGGT	47860	3216167	3440581	214322	101857	9223372036854775807	0.0624756412278	0.0287533613856	0.0337222798422
GAGT	19416	1316166	1379355	81446	40049	9223372036854775807	0.0582751149818	0.0282153636315	0.0300597513503
GGGN	95212	6320294	6646154	310471	136543	9223372036854775807	0.0468228024971	0.0201310776524	0.0266917248447
NGGA	112146	7700637	8016215	347658	150454	9223372036854775807	0.0431964782603	0.0184229335118	0.0247735447485
CGGA	33944	2312747	2392950	107215	49756	9223372036854775807	0.0443044146974	0.020369213487	0.0239352012104
TGGA	33726	2332264	2439704	99800	45541	9223372036854775807	0.0410351043394	0.018324551503	0.0227105528364
GAGA	23307	1623497	1672250	57383	23142	9223372036854775807	0.0341386654609	0.0136499405447	0.0204887249162
NGGN	541511	36515485	38220952	1474550	758873	9223372036854775807	0.0388141258622	0.0194683531801	0.0193457726821
AGGA	22272	1561262	1601510	56320	25675	9223372036854775807	0.0348174002925	0.0157787836048	0.0190386166877
GNGA	134437	9279615	9551613	374596	194944	9223372036854775807	0.0388013064972	0.0200013194403	0.0187999870569
CGGN	173802	11562812	12075788	463389	243093	9223372036854775807	0.03853161942	0.019733367016	0.0187982524039
AGGN	101001	6947417	7191534	268395	137761	9223372036854775807	0.0371953981063	0.0187959414923	0.0183994566139
NNGT	511961	35100760	36127502	1720056	1061434	9223372036854775807	0.0467142281692	0.0285416608854	0.0181725672838
CNGT	160325	10982268	11203926	535133	334348	9223372036854775807	0.0464629997688	0.0289772976443	0.0174857021244
ANGT	110550	7664030	7865238	361943	228543	9223372036854775807	0.0450964636936	0.0282368648225	0.0168595988711
TGGN	171496	11684962	12307476	432295	241476	9223372036854775807	0.0356759784826	0.0192427224202	0.0164332560624
NAGT	99570	6872667	7030900	310679	204740	9223372036854775807	0.0432499005338	0.028296045685	0.0149538548488
TNGT	123292	8487202	8780125	366511	241238	9223372036854775807	0.0413963045787	0.0267407485986	0.01465555598
GCGA	50861	3504961	3551993	140563	87932	9223372036854775807	0.0385576943123	0.0241576406107	0.0144000537015
GTGA	38065	2656793	2745319	92327	54388	9223372036854775807	0.0335842014899	0.0194263185398	0.0141578829502
TNGA	114614	8036183	8190761	273066	158558	9223372036854775807	0.032862897718	0.0189905308445	0.0138723668735
NNGA	534166	37396596	37989907	1283003	752131	9223372036854775807	0.0331700181276	0.0194138212347	0.0137561968929
GAGN	85176	5948475	6074965	182412	102265	9223372036854775807	0.029752954181	0.0165551549805	0.0131977992005
CNGA	158169	11096969	11194974	393726	240921	9223372036854775807	0.034264768145	0.021067087447	0.013197680698
GGGC	31040	2073164	2143583	61532	36731	9223372036854775807	0.0288247132144	0.0168466560321	0.0119780571823
NAGA	112030	7871788	7995807	220571	128261	9223372036854775807	0.0272566998078	0.0157877802106	0.0114689195972
CCGA	31943	2248070	2210668	82141	54719	9223372036854775807	0.03525045586	0.0241543718579	0.0110960840021
NCGA	142536	10036403	10016978	354985	236845	9223372036854775807	0.0341614613948	0.0230982141978	0.011063247197
AAAC	50418	3525082	3580702	61395	22102	9223372036854775807	0.0171184702983	0.00613466622109	0.0109838040772
GGNA	151676	10506777	10797107	317319	203184	9223372036854775807	0.0293159816764	0.0184707840911	0.0108451975854
CTGA	48974	3466561	3494823	115290	77404	9223372036854775807	0.032187268538	0.0216682758403	0.0105189926977
TTGA	38723	2720092	2754358	79714	50389	9223372036854775807	0.0284712583658	0.0179656132977	0.010505645068
NGGC	185038	12362855	12983032	318602	194504	9223372036854775807	0.0251234538744	0.0147602708124	0.010363183062
TAGC	21206	1488481	1502800	31529	15830	9223372036854775807	0.0207426266932	0.0104238688818	0.0103187578114
CGGC	57450	3762809	3970420	92805	55575	9223372036854775807	0.0240700962285	0.0138040409886	0.0102660552399
NTGA	167454	11787768	11960907	359789	236571	9223372036854775807	0.0296182187085	0.0193950749491	0.0102231437594
TAGT	13245	906844	926117	32550	23292	9223372036854775807	0.0346499977645	0.0245331569429	0.0101168408216
TCGA	30874	2201574	2204592	74480	51151	9223372036854775807	0.032723300941	0.0226758988058	0.0100474021352
AGGC	33611	2309210	2386606	56327	33433	9223372036854775807	0.0238115066473	0.0138150666167	0.00999644003063
GNGN	543373	37242940	38240467	1098727	729199	9223372036854775807	0.0286562136174	0.0187119643263	0.00994424929112
TGGC	62937	4217672	4482423	107938	68765	9223372036854775807	0.0249532435888	0.0151092418068	0.00984400178201
TAAC	35013	2476521	2488597	41422	16795	9223372036854775807	0.0164507298219	0.00670354180104	0.00974718802088
CAGT	40878	2860958	2888248	111989	83535	9223372036854775807	0.0376693563659	0.0281093875293	0.00955996883662
TAGA	11291	782253	792107	19072	11477	9223372036854775807	0.0238005802889	0.0142822654508	0.00951831483812
CAGA	43308	3069591	3096533	89080	59042	9223372036854775807	0.0282017342104	0.0187103776649	0.00949135654544
CTAC	18561	1334135	1339744	21224	8384	9223372036854775807	0.0156593197817	0.00621899404211	0.00944032573959
ATAC	26494	1879075	1890395	29119	11234	9223372036854775807	0.0152599788072	0.00590756661788	0.0093524121893
CGNA	151770	10651199	10731086	332444	229345	9223372036854775807	0.0302671891284	0.0209248158216	0.00934237330685
AAGC	39605	2797874	2822505	56171	29558	9223372036854775807	0.0196811893295	0.010363726187	0.00931746314256
GGCA	55036	3762952	3867068	126173	91609	9223372036854775807	0.0324425159901	0.0231413171623	0.00930119882783
NAAC	165055	11753372	11863381	191009	81422	9223372036854775807	0.0159915361039	0.00681652095895	0.00917501514493
ANGA	126946	8983829	9052559	241615	157708	9223372036854775807	0.0261900673832	0.0171230649448	0.0090670024384
TGNA	146196	10316299	10495266	285035	192410	9223372036854775807	0.0268867106724	0.0180029783837	0.00888373228875
NGNA	575726	40422600	41015285	1143167	782189	9223372036854775807	0.0275026080957	0.0187137863881	0.0087888217076
ANAC	119660	8476515	8544087	129905	54395	9223372036854775807	0.015093964738	0.00632611663315	0.00876784810481
AANC	172568	12207531	12294510	195418	90574	9223372036854775807	0.0157557690514	0.00731315185266	0.00844261719871
NAGC	161078	11392818	11395208	224177	125053	9223372036854775807	0.0192973311945	0.0108550492042	0.00844228199033
AAGA	34124	2396447	2434917	55036	34600	9223372036854775807	0.0224500842959	0.0140108369369	0.00843924735897
GAAC	35903	2585493	2628804	42317	20342	9223372036854775807	0.0161035234663	0.00767870098515	0.00842482248116
NTAC	105227	7517737	7562958	111809	48624	9223372036854775807	0.0146547383029	0.00638815951796	0.00826657878495
TTTC	54747	3842262	3840077	63378	32058	9223372036854775807	0.0162273020555	0.00827915349026	0.00794814856523
TANC	130871	9307626	9330667	143559	68144	9223372036854775807	0.0151895238534	0.00725027878526	0.00793924506809
TNGN	521493	36384706	37184777	934412	649084	9223372036854775807	0.0250384266852	0.017156166007	0.00788226067826
CAGC	73981	5244846	5199066	98820	55893	9223372036854775807	0.0184929222747	0.0106362390268	0.00785668324791
TTAC	36112	2563002	2574144	36145	15713	9223372036854775807	0.0139064854739	0.00606713034735	0.00783935512654
GNNA	631758	44160267	44586956	1222534	869340	9223372036854775807	0.0269382667676	0.0191247434679	0.00781352329974
TAGN	53978	3759792	3809188	86574	57579	9223372036854775807	0.0225079984588	0.0148907343008	0.00761726415803
GCNA	189309	13260621	13132359	417701	308193	9223372036854775807	0.0305374445784	0.0229300850144	0.007607359564
ATGC	43389	3098506	3142122	54658	31200	9223372036854775807	0.0173343346556	0.00983196788728	0.00750236676832
AATC	41732	2964559	2989573	42746	20400	9223372036854775807	0.0142140554417	0.00677746943245	0.00743658600922
CAAC	43721	3166276	3165278	45875	22183	9223372036854775807	0.01428170718	0.00695945770003	0.00732224947999
NAGN	473679	33328840	33661105	798314	550559	9223372036854775807	0.0233923403047	0.0160927279071	0.00729961239767
GAGC	26286	1861617	1870837	37657	23772	9223372036854775807	0.0198270497043	0.0125471799194	0.00727986978481
CNNA	497792	35134357	35162029	993979	726434	9223372036854775807	0.0275124489542	0.020241435249	0.00727101370521
TNAC	146144	10449256	10465169	145441	68379	9223372036854775807	0.0137277168002	0.00649154491915	0.00723617188106
GNCA	181171	12633000	12579771	416001	317859	9223372036854775807	0.0318799117266	0.0246447603164	0.00723515141015
TNGC	189309	13158379	13441642	253450	159394	9223372036854775807	0.0188974971273	0.0117192543274	0.00717824279996
NANC	648147	46332030	46366612	705826	365954	9223372036854775807	0.0150054883454	0.00783081331335	0.00717467503203
ANGC	168761	11931970	12043457	215487	129225	9223372036854775807	0.0177392683917	0.0106159842178	0.00712328417395
NTGC	191137	13563561	13647447	239457	141493	9223372036854775807	0.017348162554	0.0102613398854	0.00708682266857
NNAC	511962	36640922	36679868	519945	255445	9223372036854775807	0.0139917349076	0.00691601016079	0.00707572474679
GTNA	146144	10247283	10403934	273185	200474	9223372036854775807	0.0259670007076	0.0189047799745	0.00706222073306
CTGC	57353	4083001	4037272	70421	40382	9223372036854775807	0.016954934991	0.00990324338455	0.0070516916064
TATC	40331	2868666	2883801	41071	20549	9223372036854775807	0.014115021392	0.00707524919517	0.00703977219679
CTTC	41890	3052690	3053106	44667	22901	9223372036854775807	0.014421004747	0.007445041575	0.00697596317195
CTNA	107492	7575713	7598553	215250	160253	9223372036854775807	0.0276281635531	0.0206543377937	0.00697382575935
TTGC	54305	3837667	3876525	66545	39455	9223372036854775807	0.0170444125473	0.0100753834289	0.00696902911834
NTTC	167216	11956390	11982630	184992	100296	9223372036854775807	0.0152364862583	0.00830063843807	0.00693584782025
NNGC	767434	53481608	53884194	999687	625131	9223372036854775807	0.018349178374	0.011468331336	0.006880847038
CNGN	762778	53065458	53377928	1327516	952815	9223372036854775807	0.0244060197922	0.0175373084811	0.00686871131106
GTGC	36090	2544387	2591528	47833	30456	9223372036854775807	0.0184525233198	0.0116156315218	0.006836891798
CNGC	245816	17083093	16975050	310163	188771	9223372036854775807	0.0178323713513	0.0109981920692	0.00683417928205
GTAC	24060	1741525	1758675	25321	13293	9223372036854775807	0.0143311867588	0.00750182847546	0.00682935828332
GCCA	62937	4411671	4238224	162735	125530	9223372036854775807	0.0355751107357	0.0287665161693	0.00680859456635
ACGT	29074	2072288	2082137	74220	59531	9223372036854775807	0.0345770898594	0.0277965585702	0.0067805312892
GTGT	21801	1516146	1556271	53952	44172	264.007390579	0.0343621863094	0.0275998582892	0.00676232802015
ATNC	140957	10081257	10115937	148835	79401	9223372036854775807	0.0145487450162	0.00778797132572	0.00676077369046
TTNC	185279	13137034	13183344	195809	105711	9223372036854775807	0.0146862150856	0.00795474170285	0.00673147338271
NGCA	191137	13416185	13493487	424665	331401	9223372036854775807	0.0306820029117	0.0239713334387	0.00671066947302
ATTC	34676	2464435	2477143	36561	19948	9223372036854775807	0.0146185759593	0.00798849541326	0.00663008054607
AAGN	126938	8933745	9054026	207210	147580	9223372036854775807	0.022668309821	0.0160385045828	0.00662980523823
CTNC	136941	9845569	9792964	147727	80518	9223372036854775807	0.0147826102619	0.00815497511415	0.00662763514777
TGAC	36954	2642025	2658870	37447	19685	9223372036854775807	0.013975514579	0.00734911174122	0.00662640283777
TGCA	39496	2812741	2827250	87709	68392	9223372036854775807	0.0302397903774	0.0236189418443	0.00662084853303
ANGN	527427	37176329	37654821	871319	625833	9223372036854775807	0.0229007322608	0.0163485451424	0.00655218711836
NTNC	575726	41127555	41227513	618964	344278	9223372036854775807	0.0148267212411	0.00828152917443	0.00654519206668
CCNA	94278	6686858	6602047	208718	160627	9223372036854775807	0.0302683923722	0.0237519951427	0.0065163972294
ACGA	28858	2081798	2049725	57801	43043	9223372036854775807	0.0270148752173	0.0205674972094	0.00644737800783
GANC	127641	9175745	9239213	141269	81838	9223372036854775807	0.0151624758748	0.00877991119242	0.00638256468236
CGAA	38600	2748795	2780013	54473	36771	9223372036854775807	0.0194319629804	0.0130542491011	0.00637771387925
GNGC	163548	11308166	11424045	220587	147741	9223372036854775807	0.0191336391716	0.0127673463716	0.00636629279996
TNTC	144629	10242070	10287591	148665	82656	9223372036854775807	0.0143074575571	0.00797049482042	0.00633696273672
ANNC	540013	38394453	38414435	562432	313914	9223372036854775807	0.0144372939469	0.0081055353018	0.00633175864508
CGCA	50798	3556046	3533017	122273	97992	9223372036854775807	0.0332415432158	0.0269875398271	0.00625400338872
NATC	172898	12451206	12498346	168441	89468	9223372036854775807	0.0133475207349	0.0071075088971	0.00624001183783
CNAC	133609	9640150	9514835	128508	66364	9223372036854775807	0.0131551334892	0.00692648174827	0.0062286517409
CANC	217067	15641128	15502222	225580	125398	9223372036854775807	0.0142171898544	0.00802412651447	0.00619306333991
AGAC	20947	1494017	1501910	20944	11610	9223372036854775807	0.0138247783276	0.00767085998203	0.0061539183456
GNAC	112549	8075001	8155777	116091	66307	9223372036854775807	0.0141728355633	0.00806450043566	0.00610833512766
CTCA	23694	1679632	1679418	51748	40947	267.255823425	0.0298882971965	0.0238013444821	0.00608695271433
ATGA	41692	2944322	2966407	72458	54390	9223372036854775807	0.0240183241735	0.0180051820761	0.00601314209734
GTCA	36954	2596070	2621830	81180	65357	9223372036854775807	0.0303221589317	0.0243217163525	0.00600044257929
NGAC	108876	7764241	7783587	108620	61573	9223372036854775807	0.0137967633367	0.00784853336325	0.00594822997349
TNNC	631758	44743894	44976314	660413	391336	9223372036854775807	0.0145451619821	0.00862588209881	0.00591927988329
GTNC	112549	8063695	8135268	126593	78648	9223372036854775807	0.0154564772325	0.00957497008735	0.0058815071452
ANTC	114716	8178263	8223771	110423	62116	9223372036854775807	0.0133221357402	0.00749660235531	0.00582553338491
GATC	38192	2768222	2791663	38979	22695	9223372036854775807	0.0138853612549	0.00806400607172	0.00582135518314
NCNA	521493	36931492	36554029	1071852	837144	9223372036854775807	0.0282041496138	0.0223888135309	0.00581533608284
CANA	144252	10220587	10230343	237567	176209	9223372036854775807	0.022715959241	0.0169325055984	0.00578345364259
TACC	34321	2473958	2455469	29537	14970	9223372036854775807	0.0117983059683	0.00605965174611	0.00573865422215
GGAC	16496	1155726	1183834	17765	11261	9223372036854775807	0.0151385907519	0.00942268187885	0.00571590887302
CNCA	127277	8987749	8923303	294573	238586	9223372036854775807	0.0317348396231	0.0260411362766	0.00569370334651
GTTC	35903	2597003	2612304	40386	25389	9223372036854775807	0.0153128719351	0.00962545679122	0.00568741514387
GGAA	40115	2845145	2891043	52656	36561	9223372036854775807	0.0181710200252	0.0124883693286	0.00568265069655
GTAA	36112	2545489	2570499	44141	29677	9223372036854775807	0.0170452921846	0.0114134581659	0.00563183401869
TGNC	181171	12636982	12883326	213666	143390	9223372036854775807	0.0166268658203	0.0110073789895	0.00561948683085
GCAA	54305	3852843	3854730	79781	57477	9223372036854775807	0.0202869636151	0.014691707264	0.00559525635118
ACAC	21801	1578341	1571080	18447	9449	9223372036854775807	0.0115525667778	0.0059783781253	0.00557418865251
AGNA	126084	8948325	8991826	208369	157250	9223372036854775807	0.0227559204228	0.0171875280083	0.00556839241451
GANA	144629	10145586	10253556	214329	157489	9223372036854775807	0.020688297153	0.0151271077975	0.00556118935548
AACC	40813	2920016	2901730	35106	18514	9223372036854775807	0.0118797125804	0.00633988118801	0.00553983139238
TNNA	533582	37162346	37322894	925878	714807	9223372036854775807	0.0243087732313	0.0187920663239	0.00551670690745
GGNC	99948	6878403	7022561	128279	91773	9223372036854775807	0.0183080950441	0.0128997317247	0.00540836331942
CNAA	129274	9172551	9216136	176312	125735	9223372036854775807	0.0188591917541	0.0134592952525	0.0053998965016
TGAA	51706	3668252	3726127	65245	45668	9223372036854775807	0.0174755731691	0.0121077630147	0.00536781015438
AGNC	108694	7657378	7620182	121717	79180	9223372036854775807	0.0156466786946	0.0102839689834	0.00536270971123
GACA	26244	1862307	1852649	45913	35363	281.069221479	0.0240606429028	0.018730283494	0.00533035940885
CAAA	48528	3421202	3450521	63522	45116	9223372036854775807	0.0182287033349	0.0129063744319	0.005322328903
NNTC	534166	38233816	38415293	520790	315846	9223372036854775807	0.0134381446169	0.00815483376309	0.00528331085384
NGAA	167216	11859235	12017539	211605	149133	9223372036854775807	0.017530263014	0.0122575014762	0.00527276153784
TCNA	114614	8156996	8119368	228188	182205	9223372036854775807	0.0272132370619	0.0219482500485	0.00526498701343
TGTC	26244	1851736	1889668	27648	18079	9223372036854775807	0.0147112032453	0.00947662347261	0.00523457977271
CGAC	34479	2472473	2438973	32464	19017	9223372036854775807	0.012960006579	0.00773680934422	0.00522319723479
CAGN	207587	14686828	14722926	322118	243135	9223372036854775807	0.0214617335554	0.0162457576513	0.00521597590418
NCAA	153483	10932112	10910536	214726	156511	9223372036854775807	0.0192634000781	0.0141420742137	0.00512132586447
CCAA	27126	1952330	1935905	41591	30989	9223372036854775807	0.0208589006285	0.0157552974385	0.00510360318996
NGNC	587828	40925038	41220298	667376	457015	9223372036854775807	0.0160456183188	0.0109655581683	0.00508006015046
CATC	52643	3849759	3833309	45645	25824	9223372036854775807	0.0117176549595	0.00669165846318	0.00502599649635
CNNC	679617	48287039	47684902	672721	419765	9223372036854775807	0.0137402838576	0.00872607641167	0.00501420744593
TCAC	38065	2767708	2743558	30427	16186	9223372036854775807	0.010874028594	0.00586503675703	0.00500899183701
GTGN	132804	9267388	9554637	208578	166189	9223372036854775807	0.0220112651312	0.0170961809213	0.00491508420992
TCAA	38723	2760525	2760388	52235	38396	9223372036854775807	0.0185707276838	0.0137188150282	0.0048519126556
CNTC	147180	10655110	10647787	133794	81147	9223372036854775807	0.0124010742889	0.00756337954917	0.00483769473975
CTGT	33294	2337714	2349282	73866	62211	224.532847858	0.0306297116413	0.0257977112104	0.00483200043089
TCCA	33726	2406879	2376037	83104	69921	206.101649844	0.0333753282653	0.0285863453093	0.00478898295601
GNAA	185279	13052984	13178323	237235	174571	9223372036854775807	0.0178503454307	0.0130736453086	0.00477670012208
GCGN	230181	15706783	15964711	397266	324202	9223372036854775807	0.0246687028834	0.0199032311119	0.00476547177149
NCCA	171496	12166712	11866298	417826	347644	9223372036854775807	0.0332015366794	0.0284628828269	0.00473865385252
TNCA	146196	10388965	10359276	309286	256643	9223372036854775807	0.0289099592074	0.0241752974943	0.00473466171309
NNCA	647031	45793108	45519874	1369199	1133586	9223372036854775807	0.0290316374897	0.0242980049068	0.00473363258284
GNNC	503686	35586187	35826246	537787	368616	9223372036854775807	0.014887260189	0.0101842079133	0.00470305227577
NACC	149116	10734634	10609677	122199	70011	9223372036854775807	0.0112554922785	0.00655552858848	0.00469996368998
ACAA	33329	2366414	2359513	41119	29649	9223372036854775807	0.0170793089856	0.0124097905458	0.00466951843978
CACA	25812	1849034	1827947	49238	39864	188.444339964	0.025938327068	0.021342630491	0.004595696577
NTNA	610044	42498001	42647075	1036947	840293	9223372036854775807	0.0238187260497	0.0193226915917	0.00449603445797
NCAC	132804	9605572	9469942	108507	63826	9223372036854775807	0.0111700759279	0.00669472972281	0.00447534620513
TACA	21268	1500460	1508904	35458	28861	153.308259348	0.0230858678653	0.0187681472787	0.00431772058666
CGNC	198015	13752275	13694229	203714	142672	9223372036854775807	0.0145968874008	0.0103109793154	0.00428590808543
AGCA	45807	3284446	3266152	88510	73408	282.500520937	0.0262410775593	0.021981338859	0.00425973870026
CCAC	36848	2667266	2570840	28945	16780	9223372036854775807	0.0107354357652	0.00648472341379	0.00425071235143
ATCC	36398	2639241	2606277	28497	17019	9223372036854775807	0.010682083473	0.00648763997658	0.00419444349639
TNAA	177436	12293223	12361629	206440	154458	9223372036854775807	0.0165156452618	0.0123407579382	0.00417488732363
GNTC	127641	9158373	9256144	127908	89927	9223372036854775807	0.0137738670626	0.0096219042205	0.0041519628421
NNAA	676867	47111777	47403798	811898	617104	9223372036854775807	0.0169414803852	0.0128507373727	0.00409074301256
NGTC	108876	7708792	7819878	108853	77888	9223372036854775807	0.0139240142012	0.00986202933842	0.00406198486278
NANA	574493	39773528	39988662	801887	645533	9223372036854775807	0.0197628785805	0.0158864473629	0.00387643121767
CACC	46722	3380247	3304569	35240	21498	9223372036854775807	0.0103177087191	0.00646348976133	0.00385421895781
GGTA	34321	2404316	2456945	54167	45532	202.963006889	0.0220326925181	0.0181947726193	0.00383791989882
TTCC	40115	2894103	2892598	29741	18485	9223372036854775807	0.0101718833153	0.00634987047776	0.0038220128375
TANA	95336	6450656	6477641	119038	94277	9223372036854775807	0.018119260958	0.0143454315772	0.00377382938076
CGTC	36480	2594746	2609971	33426	23688	9223372036854775807	0.012718345679	0.00899433070113	0.00372401497792
TTNA	177436	12238395	12230619	293617	245915	9223372036854775807	0.0234293583504	0.0197102015672	0.00371915678324
AGTC	18892	1345886	1359133	17523	12541	189.43142423	0.012852342914	0.00914284297873	0.00370949993525
TTGN	153483	10829640	10941578	212606	172815	9223372036854775807	0.0192538728081	0.0155487573635	0.00370511544459
ANCC	136876	9807705	9603120	106617	68178	9223372036854775807	0.0107538367223	0.00704951910281	0.00370431761946
GGTC	27260	1916424	1961106	30256	23580	213.344643626	0.0155423592989	0.0118809726073	0.00366138669166
NTAA	137568	9435017	9454579	146223	111133	9223372036854775807	0.0152613857914	0.0116178492516	0.00364353653982
ACNC	117794	8448287	8383806	96462	64759	9223372036854775807	0.0112890384492	0.00766508868666	0.00362394976257
GACC	27260	1960413	1947909	22316	15029	297.479221305	0.0112551942298	0.00765638038491	0.00359881384486
CTAA	15020	1050224	1049697	16726	12859	109.207250794	0.0156764609401	0.0121019503913	0.00357451054874
TCGT	28858	2036780	2066181	65645	58848	101.493871048	0.031223468138	0.0276927985453	0.00353066959265
AGAA	36795	2597043	2620356	39231	30133	275.038714751	0.0148812300998	0.0113688455225	0.00351238457729
GCAC	36090	2592257	2584464	30688	21411	9223372036854775807	0.011699825959	0.00821643401928	0.00348339193971
NTGN	647031	45628441	46277578	908651	755091	9223372036854775807	0.0195253068241	0.0160546066395	0.00347070018459
NACA	116944	8315070	8290401	195322	164734	9223372036854775807	0.0229509992019	0.0194833080725	0.00346769112937
NTCC	112146	8089867	8034478	82706	53865	9223372036854775807	0.0101199463131	0.00665958404583	0.00346036226728
CTAG	1770	124619	124941	1625	1194	15.336304217	0.0128718988625	0.0094660482816	0.00340585058092
ACGC	52156	3726380	3692224	48331	35034	9223372036854775807	0.0128038941259	0.00939940299276	0.00340449113317
TTCA	51706	3668885	3647085	103015	89469	186.518386911	0.0273111694372	0.023944254519	0.00336691491815
GCGC	70132	4828998	4818097	73565	56782	9223372036854775807	0.0150054165546	0.0116478788499	0.00335753770465
TCNC	134437	9662252	9578977	107379	74091	9223372036854775807	0.0109911008921	0.00767538361897	0.00331571727317
TAAA	44629	3000911	3012544	45512	35521	273.875447031	0.0149394880488	0.0116536228722	0.00328586517655
NTCA	167454	11895141	11869688	331386	289807	9223372036854775807	0.0271038537763	0.0238338023084	0.0032700514679
TCGC	50861	3614559	3579894	47438	35344	9223372036854775807	0.0129541340422	0.00977639646408	0.00317773757809
CTCG	20894	1464759	1484314	28080	23662	94.8697179195	0.0188097979755	0.0156912311602	0.00311856681536
GGNT	136876	9322240	9654616	284762	263131	9223372036854775807	0.0296410888641	0.0265313281333	0.00310976073085
NCGN	692850	48396667	48298358	1050459	892408	9223372036854775807	0.0212440860567	0.0181417788859	0.00310230717079
ACNA	123292	8827017	8700255	217245	186119	9223372036854775807	0.02402020198	0.0209443131698	0.00307588881019
ACTC	19416	1403383	1397922	13593	9227	177.746566948	0.00959296417159	0.00655723025778	0.00303573391381
NCGC	230181	16162374	15858507	217451	164081	9223372036854775807	0.0132755386581	0.0102406053254	0.00303493333264
NTGT	116944	8191436	8285229	235955	212815	9223372036854775807	0.0279985822421	0.0250428216187	0.0029557606234
TTAA	42378	2863535	2862570	43448	34873	202.03052327	0.014946079836	0.0120357846556	0.00291029518039
CTGN	207587	14677551	14768880	288637	245934	9223372036854775807	0.0192859397463	0.0163794236812	0.00290651606514
GTCC	16496	1180780	1172761	13053	9510	115.92122774	0.0109336900555	0.00804384104829	0.00288984900719
TNCC	151676	10894189	10781912	112857	80907	9223372036854775807	0.0102531596579	0.00744806665747	0.00280509300045
NCNC	543373	38626950	38087474	441187	326384	9223372036854775807	0.0112927575738	0.00849651706423	0.00279624050954
ACCC	24421	1740183	1722580	16091	11049	192.424187305	0.00916201002805	0.00637333593289	0.00278867409516
ATGN	153157	10853862	11012483	198830	170153	9223372036854775807	0.017989282611	0.0152158221013	0.00277346050963
GAAA	54747	3809507	3862051	60657	50856	215.791613211	0.0156729792329	0.0129969866393	0.00267599259358
TCTC	23307	1679406	1674045	16568	11970	157.8198651	0.00976901768541	0.00709958096458	0.00266943672083
ATAA	44058	2975769	2971813	41908	33724	189.079156591	0.0138875035333	0.011220623802	0.00266687973134
NAAA	218600	14885413	15021144	239344	200327	9223372036854775807	0.0158246509349	0.0131608173744	0.00266383356054
ATGT	28520	2010165	2032430	54143	49191	63.7671121178	0.0262281597514	0.0236311028761	0.00259705687528
ANNA	618624	43168651	43133172	911462	794578	9223372036854775807	0.0206773970838	0.0180882927079	0.00258910437589
GGNN	541512	37215655	38262731	799490	720546	9223372036854775807	0.0210308286342	0.0184834640761	0.00254736455807
TCGN	142536	10110312	10126535	202937	177214	9223372036854775807	0.0196773102249	0.0171989826227	0.0024783276022
ACGN	146331	10441305	10396778	196884	170339	9223372036854775807	0.0185072854036	0.0161197230995	0.00238756230406
CCNC	127594	9048067	8695487	95700	71177	9223372036854775807	0.0104661459549	0.00811905189933	0.00234709405561
ANAA	184878	12593019	12647710	191911	162340	9223372036854775807	0.015010719652	0.0126728623229	0.00233785732902
NNCC	541512	38655227	37922542	392931	297209	9223372036854775807	0.010062728183	0.00777631963118	0.0022864085518
CGNN	692851	48450223	48399504	1039440	925104	9223372036854775807	0.0210031739355	0.0187554252839	0.00224774865167
CCGC	57032	3992437	3768292	48117	36921	194.643301182	0.0119085155154	0.00970274200156	0.00220577351388
GCNC	163548	11468344	11429204	141646	116357	9223372036854775807	0.0122003550391	0.0100780724297	0.00212228260932
CCGN	173802	12138267	11810334	253372	220653	9223372036854775807	0.0204470126995	0.0183403905266	0.00210662217289
GTTA	35013	2448931	2466286	55537	51052	48.3723372409	0.0221751685388	0.0202801530823	0.00189501545644
TGNN	647031	45622597	46247434	905713	829652	9223372036854775807	0.0194658477817	0.0176232658071	0.00184258197464
ANCA	192387	13783394	13657524	349339	320498	211.71166349	0.0247184320259	0.0229287090834	0.00178972294241
CTCC	19137	1375743	1362842	11415	8851	66.0987965899	0.00822905537797	0.0064526100228	0.00177644535518
ACCA	47860	3445125	3369116	100673	92410	42.0477242606	0.0283921983147	0.026696318329	0.00169587998577
NCTC	85176	6117428	6114439	58504	48194	214.928328382	0.00947290222755	0.00782035860321	0.00165254362434
CGTA	28428	2033611	2025106	48483	44826	28.3920097523	0.0232856921926	0.0216557838615	0.00162990833107
CTTA	19804	1379296	1374615	31486	29043	20.2826069352	0.0223181186037	0.0206909375361	0.00162718106766
ATNA	178972	12436610	12413969	254895	233651	190.120663614	0.0200839065186	0.0184739105065	0.00160999601209
AGCC	35244	2508265	2372533	26923	21596	71.4913506144	0.0106197252433	0.00902039948557	0.00159932575768
CATA	26604	1880760	1855342	35727	32187	30.9021204432	0.0186419213905	0.0170524532338	0.00158946815671
CGNT	200428	14061177	14064292	420638	397068	145.962127521	0.0290459448626	0.0274571686204	0.0015887762422
GNTA	130871	9194668	9277249	194702	181966	118.928212312	0.0207364285357	0.0192369028508	0.00149952568486
TCCC	22204	1600579	1581480	12946	10591	46.0986300204	0.0080234269689	0.00665234150989	0.00137108545901
CNCC	153012	10908686	10547230	100256	83483	220.85145498	0.00910677883488	0.00785300101696	0.00125377781792
AACA	43620	3103269	3100901	64713	60646	28.5652630039	0.020427199397	0.0191823812836	0.00124481811337
CNTA	83072	5877088	5827616	129368	121192	44.2138036491	0.021538158275	0.0203724847062	0.00116567356885
NGTA	105227	7446543	7488044	159239	151201	55.5723699134	0.0209365716767	0.0197926627566	0.00114390892006
GNCC	99948	7044647	6990280	73201	64641	101.900235761	0.0102841476806	0.00916254058692	0.00112160709367
AANA	190276	12956699	13027122	230953	217558	103.018036607	0.0175128218427	0.0164260669189	0.00108675492379
CCTC	16167	1157915	1151401	10056	8734	19.4982521025	0.00860980281188	0.00752843419085	0.00108136862104
CTAN	53978	3824104	3810599	51890	48151	28.3191853705	0.0133875336236	0.0124783932621	0.000909140361566
GATA	40331	2850275	2866606	50376	48128	14.8607198251	0.0173671358602	0.0165119698744	0.000855165985753
NCCC	95212	6741576	6644586	56725	50283	65.9622699208	0.00834399653678	0.00751067720668	0.000833319330103
NGNT	648147	45330336	45877322	1287384	1265671	114.870620767	0.0276157649924	0.0268474892971	0.000768275695284
TGCC	55036	3925549	3852365	40633	36861	26.8119983911	0.0102448652129	0.0094777212741	0.000767143938838
CANN	647031	46301066	45988587	750742	709948	189.626976055	0.0159556461677	0.0152027895522	0.000752856615553
AGNN	473679	33527998	33586465	632542	614154	66.1808413395	0.0185167447587	0.0179573942799	0.000559350478808
CTNN	473679	33664514	33644920	565425	547314	62.0524337906	0.0165184343449	0.016006968132	0.000511466212855
GTAN	105227	7498186	7542871	98290	96058	9.60949592852	0.0129388942978	0.0125747994254	0.000364094872413
NGCC	185038	13089150	12633801	131301	123050	12.8503122587	0.00993165815599	0.0096457973837	0.000285860772293
