#Sequence	Occurrence	Forward Match	Backward Match	Forward Mismatch	Backward Mismatch	Strand Bias Score	FER (Forward Error Rate)	RER (Reverse Error Rate), ERD (Error rate Difference)
CCCCCATT	58	14	52	20	0	10.1186709077	0.588235294118	0.0	0.588235294118
GATACCGA	144	58	101	27	1	9.14405946353	0.317647058824	0.00980392156863	0.307843137255
TGGCCATT	102	45	103	20	0	9.15631209251	0.307692307692	0.0	0.307692307692
CGATGGGG	178	26	117	11	0	7.37085476824	0.297297297297	0.0	0.297297297297
GGTNGCAA	157	49	87	20	0	7.86081276761	0.289855072464	0.0	0.289855072464
AGGACAAG	143	38	121	15	0	8.42616185351	0.283018867925	0.0	0.283018867925
CAANGGGG	223	65	92	25	1	7.33355459024	0.277777777778	0.010752688172	0.267025089606
GGAGGANA	165	63	116	21	0	8.6260426715	0.25	0.0	0.25
TGTANAGG	152	54	126	17	0	8.13102359014	0.239436619718	0.0	0.239436619718
NCCCCATT	205	93	137	25	0	9.02795474295	0.21186440678	0.0	0.21186440678
CTCCGNGT	176	80	109	21	0	7.19784907595	0.207920792079	0.0	0.207920792079
ACGACCGG	220	119	155	31	1	9.05517042046	0.206666666667	0.00641025641026	0.200256410256
AGNGTACC	113	66	124	16	0	6.8211411155	0.19512195122	0.0	0.19512195122
GNTACCGA	285	146	150	37	3	7.35366497684	0.20218579235	0.0196078431373	0.182577949212
AAGGNATT	219	111	144	23	0	7.75342053776	0.171641791045	0.0	0.171641791045
NCTTGGGA	223	111	144	22	0	7.43648054021	0.165413533835	0.0	0.165413533835
GCGGTCAA	297	132	198	27	1	8.86097645948	0.169811320755	0.00502512562814	0.164786195127
CCGGGGCC	413	178	281	40	6	9.71450059353	0.183486238532	0.0209059233449	0.162580315187
AGNNTACC	335	188	273	36	0	13.1874260496	0.160714285714	0.0	0.160714285714
CCNCCATT	338	142	208	32	5	7.05613145077	0.183908045977	0.0234741784038	0.160433867573
GCGGCCCC	447	193	191	39	2	8.55151514888	0.168103448276	0.0103626943005	0.157740753975
TTCCTGGG	315	130	167	24	0	8.09401462823	0.155844155844	0.0	0.155844155844
TANANGGG	408	176	196	32	0	9.71895648015	0.153846153846	0.0	0.153846153846
NATACCGA	359	171	232	32	1	9.94896520223	0.15763546798	0.00429184549356	0.153343622487
TNGTGCAA	237	124	168	22	0	7.71323199613	0.150684931507	0.0	0.150684931507
AGGACAAN	294	120	207	21	0	8.65285146629	0.148936170213	0.0	0.148936170213
CNATGTCT	209	121	154	21	0	7.05920349378	0.147887323944	0.0	0.147887323944
NGAGGAAA	430	216	231	40	2	9.41248075641	0.15625	0.00858369098712	0.147666309013
ANGACCCC	315	152	182	28	2	6.87872069193	0.155555555556	0.0108695652174	0.144685990338
CTCNGGGT	331	163	198	27	0	8.81240881845	0.142105263158	0.0	0.142105263158
TANAGGGN	442	203	230	33	0	10.1199214072	0.139830508475	0.0	0.139830508475
TGGNCATT	312	131	213	21	0	8.36371882562	0.138157894737	0.0	0.138157894737
NAGAGGNG	336	179	210	30	2	7.39236928487	0.143540669856	0.00943396226415	0.134106707592
CGATNCAC	341	195	196	30	0	8.41178191066	0.133333333333	0.0	0.133333333333
ACTCACGC	260	170	204	26	0	8.44785652666	0.132653061224	0.0	0.132653061224
TGGTGCGG	363	131	187	20	0	7.32146305022	0.132450331126	0.0	0.132450331126
GTCGGGAT	217	131	169	20	0	6.83182792396	0.132450331126	0.0	0.132450331126
ATTGNANT	312	165	206	25	0	8.3547882854	0.131578947368	0.0	0.131578947368
CTTCACGC	276	166	211	25	0	8.462256061	0.130890052356	0.0	0.130890052356
GNGGCCCC	643	301	327	55	8	9.26884333168	0.154494382022	0.0238805970149	0.130613785008
TCGTGCNA	273	134	186	20	0	7.19167563503	0.12987012987	0.0	0.12987012987
TGCTGNTT	428	202	225	31	1	8.20771768494	0.1330472103	0.00442477876106	0.128622431539
ATGTAGNC	341	170	197	25	0	7.93979827082	0.128205128205	0.0	0.128205128205
ACACCNGG	555	262	297	39	1	10.6653959395	0.129568106312	0.00335570469799	0.126212401614
CCAAGNGG	279	119	219	17	0	7.3677102492	0.125	0.0	0.125
TANANGTG	325	183	258	26	0	9.4751524733	0.124401913876	0.0	0.124401913876
ATGTGCGC	244	141	197	20	0	7.2409133726	0.124223602484	0.0	0.124223602484
NGGCCATT	524	258	377	41	5	10.0937715565	0.137123745819	0.0130890052356	0.124034740584
GGANGAAA	379	184	201	26	0	7.81965041945	0.12380952381	0.0	0.12380952381
CACNGGGA	282	136	223	20	1	6.9361543009	0.128205128205	0.00446428571429	0.123740842491
NGAAAAAC	288	149	224	21	0	7.98984169521	0.123529411765	0.0	0.123529411765
TANAGGNG	500	226	400	32	1	12.2396883358	0.124031007752	0.00249376558603	0.121537242166
CCTATCNG	359	175	248	26	2	7.14053298889	0.129353233831	0.008	0.121353233831
NACCGGGA	327	148	249	21	1	7.47046092958	0.12426035503	0.004	0.12026035503
TAGCTGTN	363	177	227	25	1	7.12745292996	0.123762376238	0.00438596491228	0.119376411325
GACATCGC	394	179	243	26	2	7.04850094183	0.126829268293	0.00816326530612	0.118666002987
ANGACAAG	382	197	272	26	0	9.37218655855	0.116591928251	0.0	0.116591928251
CNTTGCGA	278	155	197	20	0	6.81437890793	0.114285714286	0.0	0.114285714286
NAGTAGCN	503	268	240	36	1	8.00397778706	0.118421052632	0.00414937759336	0.114271675038
GGGCTCNC	407	197	284	27	2	7.8783994723	0.120535714286	0.00699300699301	0.113542707293
ATCGGTCN	337	225	220	30	1	7.20426636882	0.117647058824	0.00452488687783	0.113122171946
NAGGAACG	435	196	281	25	0	9.25653838335	0.113122171946	0.0	0.113122171946
ACTCANGC	383	204	299	26	0	9.77141742194	0.113043478261	0.0	0.113043478261
CAGGAACG	342	158	229	20	0	7.45892182594	0.112359550562	0.0	0.112359550562
NCACTTNT	317	200	221	25	0	7.52237970008	0.111111111111	0.0	0.111111111111
TTTGNCGG	370	209	194	26	0	7.01031123982	0.110638297872	0.0	0.110638297872
CGCAAANC	444	194	273	24	0	8.78562108241	0.110091743119	0.0	0.110091743119
CAGCGTAN	385	170	243	21	0	7.76761154678	0.109947643979	0.0	0.109947643979
CTGCCGCC	789	290	446	43	9	9.07000928594	0.129129129129	0.0197802197802	0.109348909349
CGAGNAAA	474	231	297	30	2	8.08912225592	0.114942528736	0.0066889632107	0.108253565525
TAGANGNG	477	252	293	36	5	6.89203310165	0.125	0.0167785234899	0.10822147651
ANNAATTT	334	200	232	25	1	6.83385977533	0.111111111111	0.00429184549356	0.106819265618
CTGGATCG	417	234	243	29	1	7.36515739902	0.110266159696	0.00409836065574	0.10616779904
CTTCGCNT	357	228	263	28	1	7.72557499996	0.109375	0.00378787878788	0.105587121212
TANACGTN	333	179	219	21	0	6.9960000152	0.105	0.0	0.105
TGCAAGNG	285	137	259	16	0	7.10792782393	0.104575163399	0.0	0.104575163399
CNTTGNGA	648	385	445	46	1	13.3014930249	0.106728538283	0.00224215246637	0.104486385817
TNGCTNTA	413	215	211	25	0	7.10302381806	0.104166666667	0.0	0.104166666667
CNGTAGGC	441	181	273	21	0	8.07095254156	0.10396039604	0.0	0.10396039604
CNAANCAA	327	138	247	16	0	6.86867997522	0.103896103896	0.0	0.103896103896
ATGCNCAA	550	264	270	33	2	7.25503606814	0.111111111111	0.00735294117647	0.103758169935
NAGCNTAC	386	173	273	20	0	7.91969351654	0.103626943005	0.0	0.103626943005
GTGGNAGC	362	182	232	21	0	7.2030309518	0.103448275862	0.0	0.103448275862
ACCGNCCC	868	401	340	52	4	8.82618884558	0.114790286976	0.0116279069767	0.103162379999
ACCGTNCC	610	327	395	38	1	11.0438744863	0.104109589041	0.00252525252525	0.101584336516
ACACGNNA	440	192	248	21	0	7.2835291036	0.0985915492958	0.0	0.0985915492958
CACGAGCN	439	183	251	20	0	7.2269447113	0.0985221674877	0.0	0.0985221674877
ACTNACGC	353	239	261	26	0	7.79893425486	0.0981132075472	0.0	0.0981132075472
NGAGGNAA	740	396	467	45	2	11.9455636682	0.102040816327	0.00426439232409	0.0977764240024
ANNCGATT	640	400	394	47	3	9.85807565227	0.10514541387	0.00755667506297	0.0975887388073
TGGCCANT	482	251	320	30	3	7.20374218978	0.106761565836	0.00928792569659	0.0974736401397
NAGGTGCC	768	373	428	51	10	7.84338269289	0.120283018868	0.0228310502283	0.0974519686396
CGGANCGG	882	411	515	58	14	8.65084040152	0.123667377399	0.0264650283554	0.0972023490433
GACATCNC	719	407	431	46	2	11.3688169581	0.101545253863	0.00461893764434	0.0969263162188
CGCATGCC	559	298	356	34	2	8.6799155306	0.102409638554	0.00558659217877	0.0968230463754
GNTACNGA	645	338	337	39	3	8.03180659942	0.103448275862	0.00882352941176	0.0946247464503
ATGACNCC	482	248	287	28	2	6.81864167759	0.101449275362	0.00692041522491	0.0945288601374
GNACACGT	334	193	246	20	0	6.88608033203	0.093896713615	0.0	0.093896713615
CATNTATN	403	165	294	17	0	7.30736609887	0.0934065934066	0.0	0.0934065934066
CTGGAGAT	424	252	279	27	1	7.23931707282	0.0967741935484	0.00357142857143	0.093202764977
ANGGGGNA	653	371	318	42	3	7.5702480998	0.101694915254	0.00934579439252	0.0923491208617
CANTCTTN	345	168	283	17	0	7.05374874008	0.0918918918919	0.0	0.0918918918919
GNGGTCCT	452	287	276	30	1	7.15786996291	0.0946372239748	0.00361010830325	0.0910271156715
ACAGANNC	543	310	337	31	0	9.33524372951	0.0909090909091	0.0	0.0909090909091
AGGGGNCG	539	251	328	26	1	7.93227917367	0.0938628158845	0.00303951367781	0.0908233022067
NAGANGGG	1034	493	535	57	7	10.6055045327	0.103636363636	0.0129151291513	0.0907212344851
NAATCATN	489	261	328	26	0	8.88012480487	0.0905923344948	0.0	0.0905923344948
ACTNACNC	465	278	374	32	5	6.79698211998	0.103225806452	0.0131926121372	0.0900331943144
ACGACCGN	795	475	534	49	2	12.8941891501	0.0935114503817	0.00373134328358	0.0897801070981
ACTTNGTC	538	349	358	40	5	7.01640719849	0.102827763496	0.0137741046832	0.0890536588129
TGCTNTTG	406	175	305	17	0	7.21859558683	0.0885416666667	0.0	0.0885416666667
CCAGGNAA	549	326	299	34	2	6.96180917363	0.0944444444444	0.00664451827243	0.087799926172
GGTCTTNA	349	208	285	20	0	7.25341752253	0.0877192982456	0.0	0.0877192982456
TNCCCCNA	642	344	376	33	0	9.95088774341	0.0875331564987	0.0	0.0875331564987
GANCGGAT	501	274	268	26	0	7.42031735889	0.0866666666667	0.0	0.0866666666667
GAGGANGG	515	304	315	31	2	7.03524464163	0.0925373134328	0.00630914826498	0.0862281651679
TCNCTCNC	510	274	284	27	1	6.81254036577	0.0897009966777	0.00350877192982	0.0861922247479
AANNGGGA	547	330	322	31	0	8.56720288693	0.0858725761773	0.0	0.0858725761773
AACNNTGT	336	213	270	20	0	6.88249213725	0.0858369098712	0.0	0.0858369098712
CGATGNCT	804	473	513	51	6	9.67320701498	0.0973282442748	0.0115606936416	0.0857675506332
NTGGATCG	665	364	415	35	1	9.8613174975	0.0877192982456	0.00240384615385	0.0853154520918
CNAGAGNC	456	247	322	23	0	8.07278325854	0.0851851851852	0.0	0.0851851851852
AGGACNAG	571	280	436	26	0	10.2839389722	0.0849673202614	0.0	0.0849673202614
CNCCATGT	727	385	431	42	6	7.71262943309	0.0983606557377	0.0137299771167	0.084630678621
ATGTANNC	711	406	414	41	3	8.62697717645	0.0917225950783	0.00719424460432	0.084528350474
AATNGNGA	507	289	395	30	4	6.98491576083	0.0940438871473	0.0100250626566	0.0840188244907
GGTCTTNC	635	340	443	31	0	10.8874081748	0.0835579514825	0.0	0.0835579514825
GGGCTNCC	676	394	409	37	1	9.72410199779	0.0858468677494	0.00243902439024	0.0834078433592
ANCCGCGG	944	442	563	43	3	11.4241614655	0.0886597938144	0.00530035335689	0.0833594404575
NNTACCGA	818	429	507	42	3	10.4008678411	0.0891719745223	0.00588235294118	0.0832896215811
GNCGGGAT	1020	530	682	48	0	16.7232444066	0.083044982699	0.0	0.083044982699
CGATGCCT	481	318	313	30	1	7.18586073774	0.0862068965517	0.0031847133758	0.0830221831759
ACANNTCC	869	439	584	46	7	9.65794961416	0.0948453608247	0.0118443316413	0.0830010291835
TNGTGCNA	721	399	470	37	1	10.6410567384	0.0848623853211	0.00212314225053	0.0827392430706
AAATNATN	487	289	263	26	0	6.96593343958	0.0825396825397	0.0	0.0825396825397
NCGAGTGN	660	335	505	34	5	8.47152320139	0.0921409214092	0.00980392156863	0.0823369998406
AAACNGCC	468	223	283	20	0	6.89777742549	0.082304526749	0.0	0.082304526749
TTTGNNGG	784	399	379	42	5	7.03993388419	0.0952380952381	0.0130208333333	0.0822172619048
CTTCACNC	472	280	316	25	0	7.94627059576	0.0819672131148	0.0	0.0819672131148
TTNGACTN	422	247	283	22	0	7.06725735505	0.0817843866171	0.0	0.0817843866171
CACNATGT	507	293	314	26	0	7.74867413477	0.0815047021944	0.0	0.0815047021944
AGTCNCTN	507	303	305	28	1	6.98684178124	0.0845921450151	0.00326797385621	0.0813241711589
CCTTNNGA	481	283	323	26	1	7.11999911399	0.084142394822	0.00308641975309	0.0810559750689
GGNAGANA	659	362	394	33	1	8.67523743247	0.0835443037975	0.00253164556962	0.0810126582278
TGCATNGT	490	305	320	28	1	7.14230231962	0.0840840840841	0.00311526479751	0.0809688192866
ACANATNC	524	250	326	22	0	7.73605214397	0.0808823529412	0.0	0.0808823529412
AGGGNNGA	660	321	416	30	2	8.16064766348	0.0854700854701	0.00478468899522	0.0806853964749
CTNATCGC	769	333	387	32	3	7.15576230914	0.0876712328767	0.00769230769231	0.0799789251844
TNCTCAGN	594	300	351	27	1	7.52891439355	0.0825688073394	0.00284090909091	0.0797278982485
NGCGCATA	490	289	379	25	0	8.83099221335	0.0796178343949	0.0	0.0796178343949
CGTTGNNA	702	415	437	37	1	9.79869270251	0.0818584070796	0.00228310502283	0.0795753020568
TTCNTGGG	697	333	321	30	1	7.15606575377	0.0826446280992	0.00310559006211	0.0795390380371
NCTCACGC	639	371	390	32	0	9.55509343206	0.0794044665012	0.0	0.0794044665012
TCGTGCCG	474	304	300	26	0	7.48188992349	0.0787878787879	0.0	0.0787878787879
GCATGGNA	506	304	271	26	0	6.90191458007	0.0787878787879	0.0	0.0787878787879
TNGNCAAA	698	329	420	29	1	8.83145029101	0.0810055865922	0.00237529691211	0.0786302896801
ANTANGTG	497	281	320	25	1	6.81057209131	0.0816993464052	0.00311526479751	0.0785840816077
NTCGGGAT	555	341	371	30	1	8.07915375867	0.0808625336927	0.00268817204301	0.0781743616497
CGGTNTCC	762	406	418	39	4	7.64743267785	0.0876404494382	0.00947867298578	0.0781617764524
GTNGTAGC	562	295	337	26	1	7.12953969495	0.0809968847352	0.00295857988166	0.0780383048535
ACTNCGTC	878	593	637	61	10	9.76847463522	0.0932721712538	0.015455950541	0.0778162207129
ACNGGCCC	1075	491	483	51	8	7.6331751759	0.0940959409594	0.0162932790224	0.077802661937
NATACNGA	671	379	404	33	1	8.64841827232	0.0800970873786	0.00246913580247	0.0776279515762
CGAGAGNN	646	357	412	30	0	9.70672599115	0.077519379845	0.0	0.077519379845
TTCCTGNG	846	405	507	34	0	11.6455313914	0.0774487471526	0.0	0.0774487471526
NNATGTCT	498	323	330	27	0	7.93162740328	0.0771428571429	0.0	0.0771428571429
GATANNGA	917	486	526	49	8	7.92034326078	0.0915887850467	0.0149812734082	0.0766075116385
NCTTNGGA	545	326	385	27	0	8.88159698371	0.0764872521246	0.0	0.0764872521246
CNATGTNT	649	353	503	30	1	9.96227852822	0.0783289817232	0.00198412698413	0.0763448547391
TTCTNGTA	443	234	367	20	1	6.85715073324	0.0787401574803	0.00271739130435	0.076022766176
TCNAANAT	567	304	379	25	0	8.5409771165	0.0759878419453	0.0	0.0759878419453
GNTNGCAA	757	366	417	32	2	7.94779776287	0.0804020100503	0.00477326968974	0.0756287403605
GANTNGAA	877	493	513	48	7	8.10019132073	0.0887245841035	0.0134615384615	0.075263045642
TCGTGCCN	902	527	524	51	7	8.17936471155	0.0882352941176	0.0131826741996	0.075052619918
CNGGAGAT	693	395	481	33	1	9.82367639448	0.0771028037383	0.00207468879668	0.0750281149416
CTNGAGAT	561	321	389	27	1	7.60487829489	0.0775862068966	0.0025641025641	0.0750221043324
GANGTGCC	695	390	406	35	3	7.36558323836	0.0823529411765	0.00733496332518	0.0750179778513
NCTNAACA	683	430	417	36	1	8.8739330207	0.0772532188841	0.00239234449761	0.0748608743865
CAGAGCNN	692	381	380	33	2	7.15213884632	0.0797101449275	0.00523560209424	0.0744745428333
GACTNNAA	739	503	487	50	8	7.33707194962	0.0904159132007	0.0161616161616	0.0742542970391
TNGNTGTA	1001	523	553	43	1	11.5940049312	0.0759717314488	0.00180505415162	0.0741666772971
NGAGGANA	1029	501	686	52	14	8.26075422137	0.0940325497288	0.02	0.0740325497288
ACNGNCCC	2150	999	1005	110	26	12.2449060011	0.0991884580703	0.0252182347236	0.0739702233468
CAGNAACG	660	315	425	26	1	8.18891798582	0.0762463343109	0.00234741784038	0.0738989164705
GANANATC	623	389	366	31	0	8.50278024195	0.0738095238095	0.0	0.0738095238095
CTGCCNCC	1062	442	612	47	14	7.07658066336	0.0961145194274	0.0223642172524	0.073750302175
CTCCGNGN	966	502	577	43	3	10.250550435	0.0788990825688	0.0051724137931	0.0737266687757
TTNTACGN	637	341	352	27	0	7.97045283552	0.0733695652174	0.0	0.0733695652174
GGCCTCGG	918	430	495	35	1	9.93555492144	0.0752688172043	0.00201612903226	0.073252688172
CGCGTCGG	1004	529	596	49	7	8.90603877828	0.0847750865052	0.0116086235489	0.0731664629563
ACANCNGG	2436	1243	1549	114	17	22.4091300489	0.0840088430361	0.0108556832695	0.0731531597666
NAGAGCAN	680	381	371	30	0	8.58984385512	0.0729927007299	0.0	0.0729927007299
GGCACANC	736	432	446	34	0	10.0963282307	0.0729613733906	0.0	0.0729613733906
TAGACGNN	663	392	420	33	2	7.68174775669	0.0776470588235	0.00473933649289	0.0729077223306
NGGTGTGA	442	319	338	25	0	7.41217542193	0.0726744186047	0.0	0.0726744186047
CNCCATTG	518	268	311	21	0	6.83187251903	0.0726643598616	0.0	0.0726643598616
GGCACAGC	437	281	308	22	0	6.87423222812	0.0726072607261	0.0	0.0726072607261
TNGCNAAA	707	409	378	32	0	8.74146011876	0.0725623582766	0.0	0.0725623582766
TCCCANNG	1043	535	606	52	10	8.25613909466	0.0885860306644	0.0162337662338	0.0723522644306
ACNGTNCC	1224	666	763	60	8	11.5379419553	0.0826446280992	0.0103761348898	0.0722684932094
GCGTCNGT	820	459	571	45	10	7.36619655697	0.0892857142857	0.0172117039587	0.072074010327
CGNGGAAA	745	436	471	36	2	8.83212299148	0.0762711864407	0.00422832980973	0.072042856631
NCGCCATT	804	439	522	37	3	8.9913167008	0.077731092437	0.00571428571429	0.0720168067227
GAGGTGNC	644	349	411	28	1	7.85884172579	0.0742705570292	0.00242718446602	0.0718433725632
ACATNCCN	1018	640	567	69	15	7.03659278838	0.0973201692525	0.0257731958763	0.0715469733762
NATCCNCT	1110	616	657	57	9	9.29981318167	0.0846953937593	0.0135135135135	0.0711818802458
NTAGTNGC	659	353	416	28	1	7.86030660375	0.0734908136483	0.00239808153477	0.0710927321135
NAAANAGG	697	401	386	33	2	7.09523794925	0.0760368663594	0.00515463917526	0.0708822271842
TGCGCTGG	771	457	521	43	8	7.11328804811	0.086	0.0151228733459	0.0708771266541
ACTNANGC	611	341	438	26	0	9.08598121225	0.0708446866485	0.0	0.0708446866485
CTNGATCG	979	502	545	45	7	7.7519367364	0.0822669104205	0.0126811594203	0.0695857510002
GACTNGNA	961	558	616	48	6	9.22680836559	0.0792079207921	0.0096463022508	0.0695616185413
NCTCACGN	932	534	565	42	2	10.234727596	0.0729166666667	0.00352733686067	0.069389329806
GTNCGCCC	964	522	487	41	2	8.856907535	0.0728241563055	0.0040899795501	0.0687341767554
CTGGCCCA	802	434	484	37	5	7.01124539598	0.0785562632696	0.0102249488753	0.0683313143944
TGCGNGCT	928	588	559	54	9	7.46321749821	0.0841121495327	0.0158450704225	0.0682670791102
ACANCTGG	798	454	517	34	1	9.58315501148	0.0696721311475	0.0019305019305	0.067741629217
ACATNCCG	503	358	311	26	0	6.81967017218	0.0677083333333	0.0	0.0677083333333
GCANCAGA	727	494	501	38	2	8.90303657958	0.0714285714286	0.00397614314115	0.0674524282874
TTTNNCGG	1346	736	788	65	11	10.1512806951	0.0811485642946	0.0137672090113	0.0673813552834
GCTGGTAG	423	264	359	19	0	6.91075011272	0.0671378091873	0.0	0.0671378091873
GAGNCTNG	920	583	594	43	1	11.3908266349	0.0686900958466	0.00168067226891	0.0670094235777
NTGCNAAG	663	390	358	28	0	7.56311461763	0.066985645933	0.0	0.066985645933
NAGGTNCC	1130	590	649	57	14	7.21391964954	0.0880989180835	0.0211161387632	0.0669827793203
CAGCNTAN	618	308	356	22	0	7.154861689	0.0666666666667	0.0	0.0666666666667
NTGGAGAT	635	364	401	27	1	7.28580532333	0.0690537084399	0.00248756218905	0.0665661462508
ACAACNGG	515	297	404	22	1	6.87622056102	0.0689655172414	0.00246913580247	0.0664963814389
CTGGGTNC	526	309	382	22	0	7.49948540397	0.0664652567976	0.0	0.0664652567976
CTTNTTNT	663	369	435	28	2	6.83514665238	0.0705289672544	0.0045766590389	0.0659523082155
TGGTNCGG	750	342	407	25	1	6.95781164916	0.0681198910082	0.00245098039216	0.065668910616
TANAGNGG	630	399	404	28	0	8.21042734159	0.0655737704918	0.0	0.0655737704918
CTCCNGGT	682	414	485	31	2	7.69887041403	0.0696629213483	0.0041067761807	0.0655561451676
NGANGAAA	1659	911	1024	73	9	14.2155958787	0.0741869918699	0.00871248789932	0.0654745039706
GAGGTGCN	666	387	448	29	2	7.10692796919	0.0697115384615	0.00444444444444	0.0652670940171
TGNCATAN	535	287	376	20	0	7.09832633819	0.0651465798046	0.0	0.0651465798046
NCANCCTT	688	360	426	27	2	6.82872224053	0.0697674418605	0.00467289719626	0.0650945446642
CCTNANCA	1110	647	669	55	9	8.65984284466	0.0783475783476	0.0132743362832	0.0650732420644
CTCCGNNT	721	389	387	27	0	7.84007530785	0.0649038461538	0.0	0.0649038461538
CGATNCCT	733	431	448	31	1	7.98867309375	0.0670995670996	0.0022271714922	0.0648723956074
NCNCCATT	1329	743	877	69	18	9.12154003222	0.0849753694581	0.0201117318436	0.0648636376146
GTANNTCA	780	428	371	31	1	6.85822341761	0.0675381263617	0.00268817204301	0.0648499543186
NANCCGTA	814	457	399	33	1	7.41749241121	0.0673469387755	0.0025	0.0648469387755
GGCGGTGG	1075	577	522	45	4	8.00373165279	0.072347266881	0.00760456273764	0.0647427041434
AGGNTCNT	764	420	409	29	0	8.32377869671	0.0645879732739	0.0	0.0645879732739
AGTNGCTG	652	390	394	28	1	7.027509551	0.066985645933	0.00253164556962	0.0644540003634
TACGNNCT	1033	594	625	42	1	11.2686770727	0.0660377358491	0.00159744408946	0.0644402917596
GTGNNCCC	1299	779	668	79	19	7.025747853	0.0920745920746	0.0276564774381	0.0644181146365
CGNATGCC	1160	712	670	55	5	10.2196921069	0.0717079530639	0.00740740740741	0.0643005456565
CATGANGA	725	407	450	29	1	7.91177541765	0.0665137614679	0.00221729490022	0.0642964665677
TGNGAGCN	1000	588	618	48	7	8.15143340406	0.0754716981132	0.0112	0.0642716981132
ANACCNGG	1823	933	1094	93	30	9.98601921423	0.0906432748538	0.0266903914591	0.0639528833947
CANGAGCG	803	469	477	32	0	9.43443244397	0.063872255489	0.0	0.063872255489
CGNTGGCT	955	601	627	41	0	12.2801742329	0.0638629283489	0.0	0.0638629283489
GTNNTAGC	787	441	472	31	1	8.32299709236	0.0656779661017	0.00211416490486	0.0635638011968
ANGTGTNA	483	369	376	25	0	7.32796155322	0.0634517766497	0.0	0.0634517766497
GCANGCGA	637	385	438	27	1	7.44022188317	0.0655339805825	0.00227790432802	0.0632560762545
CGTCCAGG	1063	554	592	47	9	6.85905447436	0.0782029950083	0.0149750415973	0.063227953411
NGGTNTGA	697	434	530	30	1	8.92021473243	0.0646551724138	0.00188323917137	0.0627719332424
TGNGCGCT	913	603	634	49	8	7.83318102058	0.0751533742331	0.01246105919	0.0626923150431
NNCATCTA	688	374	369	25	0	7.21746174717	0.062656641604	0.0	0.062656641604
CCTGANCA	866	477	513	35	3	7.71054596587	0.068359375	0.00581395348837	0.0625454215116
TNANCTCC	700	454	369	30	0	7.47821558607	0.0619834710744	0.0	0.0619834710744
GCTGCGAN	851	651	518	53	7	6.84018968016	0.0752840909091	0.0133333333333	0.0619507575758
NACTGCGC	831	454	488	32	2	7.68657327665	0.0658436213992	0.00408163265306	0.0617619887461
CCANCTCA	527	381	366	25	0	7.10539038035	0.0615763546798	0.0	0.0615763546798
GNCGCGTA	716	366	487	24	0	8.62223875444	0.0615384615385	0.0	0.0615384615385
CAAGCNGA	768	390	542	28	3	7.26059535278	0.066985645933	0.00550458715596	0.0614810587771
TNCTNCTT	940	505	552	34	1	9.36127909218	0.0630797773655	0.00180831826401	0.0612714591015
TGCGNTGG	1134	641	701	50	8	8.47053288491	0.0723589001447	0.0112834978843	0.0610754022604
NCNCTTCT	788	477	377	31	0	7.34020191214	0.0610236220472	0.0	0.0610236220472
CGNCACCC	1533	729	843	67	20	7.77673707864	0.0841708542714	0.0231749710313	0.0609958832401
CGGATCGN	1512	760	982	59	11	11.1157852352	0.0720390720391	0.0110775427996	0.0609615292395
CAGGANCG	1014	571	606	37	0	11.0819246036	0.0608552631579	0.0	0.0608552631579
AGNANCCC	1575	826	829	76	20	7.91903351978	0.0842572062084	0.0235571260306	0.0607000801778
GGTGCGCC	803	488	427	34	2	6.81348057341	0.0651340996169	0.004662004662	0.0604720949549
GTCGGGNT	1187	654	828	51	10	9.21030110359	0.0723404255319	0.0119331742243	0.0604072513076
AACCANNA	777	498	421	32	0	8.14377046145	0.0603773584906	0.0	0.0603773584906
NCAAGCCC	1170	584	702	45	8	8.07495508811	0.0715421303657	0.0112676056338	0.0602745247319
NNGAAACA	696	422	379	27	0	7.21823313393	0.0601336302895	0.0	0.0601336302895
GGTCAGNG	1220	721	820	58	12	8.68077633672	0.0744544287548	0.0144230769231	0.0600313518317
TGTNGGCC	1428	757	759	64	14	7.75977661636	0.0779537149817	0.0181112548512	0.0598424601305
ATTCNTNG	1066	687	609	45	1	10.7190991901	0.0614754098361	0.0016393442623	0.0598360655738
CANGGCAC	727	469	456	31	1	7.70132654469	0.062	0.00218818380744	0.0598118161926
AACCNNAA	716	495	432	34	2	6.80430782508	0.0642722117202	0.00460829493088	0.0596639167894
AGGACNAN	1480	805	899	56	5	12.4129449497	0.0650406504065	0.00553097345133	0.0595096769552
GGAGNCGC	693	429	365	27	0	7.0170966922	0.0592105263158	0.0	0.0592105263158
CAATNNCC	1284	736	738	53	6	9.58964953951	0.0671736375158	0.00806451612903	0.0591091213868
NAGGAANG	1763	907	1135	74	19	10.7961567741	0.0754332313965	0.0164644714038	0.0589687599927
NTCATGCG	863	463	486	30	1	7.7048561258	0.0608519269777	0.00205338809035	0.0587985388873
CGANNAAA	1243	672	863	49	8	9.933659104	0.0679611650485	0.00918484500574	0.0587763200428
TNCGCGCT	1404	912	844	69	10	10.0604289938	0.0703363914373	0.0117096018735	0.0586267895638
AGACNNAT	594	402	410	25	0	7.33060545147	0.0585480093677	0.0	0.0585480093677
TAGNTGTN	1150	688	822	53	11	8.65440667518	0.0715249662618	0.0132052821128	0.058319684149
GTGAANCN	855	468	515	31	2	7.52934294757	0.062124248497	0.00386847195358	0.0582557765434
GCTNGATA	523	389	400	24	0	7.04389959735	0.0581113801453	0.0	0.0581113801453
GGCCTCNG	1152	553	632	41	7	7.178443562	0.0690235690236	0.0109546165884	0.0580689524351
GCCGGGCA	1092	561	794	36	2	11.1167756635	0.0603015075377	0.00251256281407	0.0577889447236
GNGATTGC	728	534	533	35	2	8.00640029932	0.0615114235501	0.00373831775701	0.0577731057931
GTGGATGN	825	473	553	29	0	9.54334103153	0.0577689243028	0.0	0.0577689243028
TNCAGGCA	655	441	455	27	0	7.96561587196	0.0576923076923	0.0	0.0576923076923
NCANCTCA	915	588	583	36	0	10.4993194883	0.0576923076923	0.0	0.0576923076923
CCGGGGCN	1395	737	837	60	15	7.98568021159	0.0752823086575	0.0176056338028	0.0576766748546
GANTCTGN	678	486	413	31	1	6.80354465454	0.0599613152805	0.0024154589372	0.0575458563433
NANTCGAG	825	477	571	31	2	8.133779843	0.0610236220472	0.00349040139616	0.0575332206511
ATCCNNTT	1065	681	627	44	2	9.62986643332	0.0606896551724	0.00317965023847	0.0575100049339
GAAANANG	892	459	529	28	0	9.12277834025	0.0574948665298	0.0	0.0574948665298
TCNGNTTT	608	328	415	20	0	6.951497906	0.0574712643678	0.0	0.0574712643678
AGGAAANC	773	506	491	32	1	7.97417231068	0.0594795539033	0.0020325203252	0.0574470335781
NTGCGGCT	1248	702	734	46	3	10.407278232	0.0614973262032	0.00407055630936	0.0574267698938
CGGGTGNC	954	555	567	36	2	8.39805490122	0.0609137055838	0.00351493848858	0.0573987670952
CGCAGATN	919	526	527	32	0	9.37301349428	0.0573476702509	0.0	0.0573476702509
TGTCGCGC	820	429	503	28	2	7.10147837388	0.0612691466083	0.0039603960396	0.0573087505687
NACATCGC	885	494	525	32	2	7.63383087126	0.0608365019011	0.00379506641366	0.0570414354875
NNGTGCAA	899	590	567	38	2	8.44540809781	0.0605095541401	0.00351493848858	0.0569946156516
NCAGCAGA	823	573	544	37	2	8.12951703049	0.0606557377049	0.003663003663	0.0569927340419
ACNTCGTC	1271	757	773	51	5	10.0732998952	0.0631188118812	0.00642673521851	0.0566920766627
CCNGGGTG	1258	667	691	52	11	6.98764341939	0.0723226703755	0.0156695156695	0.056653154706
CNCCNTGT	2311	1233	1387	97	23	12.965710205	0.0729323308271	0.0163120567376	0.0566202740895
NATACNGG	1175	695	657	50	7	7.77346821057	0.0671140939597	0.0105421686747	0.056571925285
GCAGNCGA	698	369	467	23	1	6.86304184542	0.0586734693878	0.00213675213675	0.056536717251
NACATCNC	1705	984	979	68	8	12.0298844754	0.06463878327	0.0081053698075	0.0565334134625
CGCACCAC	723	499	515	32	2	7.31064375271	0.060263653484	0.00386847195358	0.0563951815304
NGAAAAAN	1071	620	730	38	1	11.2476910497	0.0577507598784	0.00136798905609	0.0563827708223
CTCNAGGT	668	421	460	26	1	6.97095078124	0.0581655480984	0.00216919739696	0.0559963507015
CCACGCCG	1637	965	874	73	13	9.14351813968	0.0703275529865	0.0146561443067	0.0556714086799
TNCTNTTG	672	324	507	19	0	7.6208758349	0.0553935860058	0.0	0.0553935860058
GGTCTTNN	1732	986	1181	69	12	12.1690873396	0.0654028436019	0.0100586756077	0.0553441679942
ANATGNCC	1846	997	964	87	25	7.79466097132	0.080258302583	0.0252780586451	0.0549802439379
CANNGTCC	1266	646	778	45	8	8.07493831324	0.0651230101302	0.0101781170483	0.0549448930819
NAAAAANG	688	495	483	31	2	6.81132595269	0.0589353612167	0.00412371134021	0.0548116498765
ATGGNATC	561	449	428	26	0	7.37270011185	0.0547368421053	0.0	0.0547368421053
NGATGNCT	1462	863	955	62	12	9.53558399208	0.067027027027	0.0124095139607	0.0546175130663
ANNGAAGC	1146	718	655	50	7	7.43075177999	0.0651041666667	0.0105740181269	0.0545301485398
CGCNATTG	804	451	479	26	0	8.00277631456	0.0545073375262	0.0	0.0545073375262
CGTCCANG	1944	1098	1157	78	14	11.5966067516	0.0663265306122	0.0119555935098	0.0543709371024
GAGNCTGG	679	468	455	28	1	6.88095346824	0.0564516129032	0.00219298245614	0.0542586304471
GGTNCCNT	1119	675	721	47	8	7.62302096173	0.0650969529086	0.0109739368999	0.0541230160087
NAGNAACG	1020	526	642	31	1	9.27623198601	0.0556552962298	0.00155520995334	0.0541000862765
CNAGGNAA	1384	819	813	66	17	6.9602542816	0.0745762711864	0.0204819277108	0.0540943434756
CNCGTNAA	800	461	607	28	2	7.85630310924	0.0572597137014	0.00328407224959	0.0539756414518
AGGNGTNA	697	455	477	27	1	6.81458740885	0.0560165975104	0.00209205020921	0.0539245473012
TGGGNTAN	733	370	502	21	0	7.66668793702	0.0537084398977	0.0	0.0537084398977
CTCCAGNT	862	528	569	31	1	8.39584123207	0.0554561717352	0.00175438596491	0.0537017857703
TGTCNCGC	1048	520	663	33	4	7.63067937703	0.0596745027125	0.00599700149925	0.0536775012132
TGNGNGCT	1583	1048	991	70	9	11.1822882515	0.0626118067979	0.009	0.0536118067979
CTNGGTCA	809	459	470	26	0	7.64194736013	0.0536082474227	0.0	0.0536082474227
ANATGCNC	1770	963	915	71	14	8.85504627588	0.068665377176	0.0150699677072	0.0535954094688
NGTGCANA	1036	615	574	36	1	8.73776975702	0.0552995391705	0.00173913043478	0.0535604087357
CGGGCNGT	1126	620	742	36	1	10.7540868651	0.0548780487805	0.00134589502019	0.0535321537603
GTCNCGCC	2182	1163	1290	97	31	9.57031212684	0.0769841269841	0.0234670704012	0.0535170565829
ANCGTNCC	2115	1196	1349	100	33	9.74730230739	0.0771604938272	0.0238784370478	0.0532820567794
GCGGTANG	742	378	503	22	1	6.80131739972	0.055	0.00198412698413	0.0530158730159
NCGCCAGA	834	433	530	25	1	7.34571389777	0.0545851528384	0.00188323917137	0.0527019136671
AGGNCAAG	993	558	640	32	1	9.00405219235	0.0542372881356	0.0015600624025	0.0526772257331
ANCGTGCC	1391	821	928	62	17	7.57735158187	0.0702151755379	0.0179894179894	0.0522257575485
GAGGNTGN	1219	654	756	37	1	10.5428154963	0.0535455861071	0.00132100396301	0.0522245821441
GNCACANC	1814	1035	987	71	12	9.8295194433	0.0641952983725	0.012012012012	0.0521832863605
ANNCGGTA	941	545	545	30	0	8.77440250194	0.0521739130435	0.0	0.0521739130435
TGCATNNT	1035	599	640	35	2	8.53607503576	0.0552050473186	0.00311526479751	0.0520897825211
GNGNATGT	1585	812	934	61	17	7.4052156914	0.069873997709	0.0178759200841	0.0519980776249
CTCATCNN	1190	621	674	36	2	8.9196357677	0.0547945205479	0.00295857988166	0.0518359406663
NTCGTNAC	902	545	490	31	1	7.21273109396	0.0538194444444	0.0020366598778	0.0517827845666
CCTNGAAC	894	513	444	28	0	7.37564282141	0.0517560073937	0.0	0.0517560073937
CNCAGATC	773	460	455	25	0	7.24100547656	0.0515463917526	0.0	0.0515463917526
TGNCANAG	1011	589	655	32	0	10.190961705	0.0515297906602	0.0	0.0515297906602
CGTCCNTG	1227	774	860	44	2	11.3896091351	0.0537897310513	0.00232018561485	0.0514695454365
NNAGCGTA	911	519	620	30	2	7.83204569274	0.0546448087432	0.0032154340836	0.0514293746596
CCGNTTCA	647	408	442	22	0	6.87634674299	0.0511627906977	0.0	0.0511627906977
AGTNNCTG	1397	836	820	53	7	8.86087453278	0.0596175478065	0.00846432889964	0.0511532189069
CGANTTNA	1108	597	688	37	5	7.38341759749	0.0583596214511	0.00721500721501	0.0511446142361
NNGGATGT	1829	1063	1191	82	25	8.69245894996	0.071615720524	0.0205592105263	0.0510565099977
GNACATGC	714	500	489	28	1	6.91376789904	0.0530303030303	0.00204081632653	0.0509894867038
NAGGNAAC	698	485	484	26	0	7.57063239543	0.0508806262231	0.0	0.0508806262231
AAGGCATN	732	504	477	27	0	7.6336259341	0.0508474576271	0.0	0.0508474576271
NGAAANAC	923	543	602	29	0	9.2179783313	0.0506993006993	0.0	0.0506993006993
GCTGATNC	1068	669	576	37	1	8.44350862852	0.0524079320113	0.00173310225303	0.0506748297583
CNCTGAAN	1225	660	752	39	4	8.57325154684	0.0557939914163	0.00529100529101	0.0505029861253
ATNGCATC	666	490	465	26	0	7.36131150948	0.0503875968992	0.0	0.0503875968992
ANTCNTGG	1322	797	792	51	8	7.86740267269	0.060141509434	0.01	0.050141509434
NCGNCAGA	1744	962	1134	61	11	10.6120919686	0.0596285434995	0.00960698689956	0.0500215565999
GACTCGNN	1421	847	852	60	14	7.1259821396	0.0661521499449	0.0161662817552	0.0499858681897
TNGCCANT	1272	724	880	49	12	7.27142555967	0.0633893919793	0.0134529147982	0.0499364771811
NNGGAACG	1794	939	1067	61	12	9.64445143254	0.061	0.0111214087118	0.0498785912882
TGCGCTNG	1866	1153	1145	75	13	10.6357526233	0.0610749185668	0.0112262521589	0.0498486664079
CNCGCGGA	878	586	503	32	1	7.09371983347	0.0517799352751	0.00198412698413	0.049795808291
GGGCTCNN	1956	1156	1192	82	20	9.62589860028	0.0662358642973	0.016501650165	0.0497342141322
NAGGCAAN	972	608	637	36	4	6.90408627456	0.055900621118	0.00624024960998	0.049660371508
TGGCANAN	1132	653	785	34	0	11.4461020452	0.0494905385735	0.0	0.0494905385735
NNACGATA	924	517	699	31	5	6.84079186819	0.0565693430657	0.00710227272727	0.0494670703384
CGNTGNCT	2235	1374	1465	89	17	12.9661565933	0.0608339029392	0.0114709851552	0.049362917784
ATGNAGGC	958	560	641	31	2	7.64198672453	0.0524534686971	0.00311041990669	0.0493430487904
AANCATNC	1040	619	627	33	1	8.48784302384	0.0506134969325	0.0015923566879	0.0490211402446
NCTNATCA	1121	572	694	32	3	7.6333018311	0.0529801324503	0.00430416068867	0.0486759717617
CTTCTTCN	741	430	508	22	0	7.31718710297	0.0486725663717	0.0	0.0486725663717
NGTCTTGC	686	414	552	22	1	6.82447179728	0.0504587155963	0.00180831826401	0.0486503973323
ACTNCGTN	1473	985	1032	66	15	8.33935311525	0.0627973358706	0.0143266475645	0.0484706883061
NGNTGTGA	1044	698	724	43	7	6.85876056593	0.0580296896086	0.00957592339261	0.048453766216
NTCGGGNT	2938	1634	1807	116	33	12.8667457335	0.0662857142857	0.0179347826087	0.048350931677
CGGANCGN	2972	1602	1737	114	32	12.2877122419	0.0664335664336	0.0180893159977	0.0483442504358
TTNNGCTT	1065	592	609	30	0	8.86540273864	0.048231511254	0.0	0.048231511254
CAGCCANG	1444	892	746	53	6	7.94548300062	0.0560846560847	0.00797872340426	0.0481059326804
TGGGCGCG	1492	884	854	48	3	10.3205989603	0.0515021459227	0.00350058343057	0.0480015624922
GNACCCTN	833	557	441	28	0	6.86441743906	0.0478632478632	0.0	0.0478632478632
GAGNCTGN	1333	850	825	45	2	10.4030415276	0.0502793296089	0.00241837968561	0.0478609499233
TTGCCNGC	1698	888	1086	59	16	8.04276083112	0.0623020063358	0.0145190562613	0.0477829500745
GGTNAGNG	1571	892	1024	63	19	7.26483926359	0.0659685863874	0.0182166826462	0.0477519037412
TGGGGNTG	1003	505	620	27	2	7.05677515673	0.0507518796992	0.0032154340836	0.0475364456156
TTGCNGGC	2049	1131	1259	78	22	8.95778183158	0.0645161290323	0.0171740827479	0.0473420462844
TNNCGAAA	1088	680	569	35	1	7.79237756792	0.048951048951	0.00175438596491	0.0471966629861
TCCNNACG	1184	721	681	38	2	8.38256254924	0.0500658761528	0.00292825768668	0.0471376184662
GGGCTGNC	1771	1053	1009	67	13	8.45865627009	0.0598214285714	0.0127201565558	0.0471012720157
CNGTAGNC	1330	680	831	39	6	7.76364207049	0.0542420027816	0.00716845878136	0.0470735440003
CCAAGCNC	1164	755	744	44	6	7.26100940844	0.0550688360451	0.008	0.0470688360451
CTGGANAT	1326	801	847	51	11	7.02769320203	0.0598591549296	0.0128205128205	0.0470386421091
NCGACAAG	1058	588	680	29	0	9.51031570639	0.0470016207455	0.0	0.0470016207455
CTCCNGNT	1608	948	950	51	4	10.7150120047	0.0510510510511	0.0041928721174	0.0468581789337
NGCGAAGC	1006	613	721	32	2	8.36467113073	0.0496124031008	0.00276625172891	0.0468461513719
NTCGTCAN	1992	1147	1092	84	24	7.47783230684	0.068237205524	0.0215053763441	0.0467318291799
GCANGNGA	1437	894	885	46	2	11.0185395733	0.0489361702128	0.00225479143179	0.046681378781
GGGNCTGA	947	515	709	26	1	8.41105732719	0.0480591497227	0.00140845070423	0.0466506990185
NCANCAGA	1361	897	857	53	8	7.9643883436	0.0557894736842	0.00924855491329	0.0465409187709
ACATGNNC	2281	1279	1261	78	14	10.7972518645	0.0574797347089	0.0109803921569	0.0464993425521
CGNATTTN	1210	701	776	40	6	7.10428828206	0.0539811066127	0.0076726342711	0.0463084723416
GGNCTTGA	964	616	610	31	1	7.82290811599	0.047913446677	0.00163666121113	0.0462767854658
TNATGTCG	909	637	634	32	1	8.13053586923	0.0478325859492	0.00157480314961	0.0462577827996
ACNTGGTG	1136	647	763	36	5	7.17924732707	0.0527086383602	0.00651041666667	0.0461982216935
CACCANGA	1234	685	780	38	5	7.6034480046	0.0525587828492	0.00636942675159	0.0461893560976
CTCCANNT	1294	740	795	43	7	7.21875593345	0.0549169859515	0.00872817955112	0.0461888064003
AGGTNCAG	1147	571	703	31	4	6.87753099536	0.0514950166113	0.00565770862801	0.0458373079833
CCGTCNCC	1200	605	679	32	3	7.04235346442	0.0502354788069	0.00439882697947	0.0458366518274
ACCGTGCN	1093	667	715	33	1	8.98439940929	0.0471428571429	0.00139664804469	0.0457462090982
NNGCCATT	2652	1562	1814	106	33	11.6872557166	0.0635491606715	0.0178668110449	0.0456823496265
GAACACGN	941	544	629	26	0	8.52939099955	0.0456140350877	0.0	0.0456140350877
GANATCGC	1639	969	1011	60	13	7.8734961395	0.0583090379009	0.0126953125	0.0456137254009
GAANGCCT	1040	668	657	33	1	8.35868366069	0.0470756062767	0.00151975683891	0.0455558494378
NCCGAGAT	879	483	557	23	0	7.53114087211	0.0454545454545	0.0	0.0454545454545
ACANGCCN	3275	1795	1746	134	43	10.3781737038	0.0694660445827	0.0240357741755	0.0454302704072
TGNGCTCN	1988	1275	1245	73	11	11.1454052753	0.0541543026706	0.00875796178344	0.0453963408872
TCTNCATN	1151	652	637	31	0	8.97163558031	0.0453879941435	0.0	0.0453879941435
CTTCANGC	1213	749	892	42	7	7.84094665713	0.0530973451327	0.00778642936596	0.0453109157668
NACNATGT	1180	697	731	38	5	7.02415200186	0.0517006802721	0.00679347826087	0.0449072020112
NACNAACA	944	533	615	26	1	7.18693517336	0.046511627907	0.00162337662338	0.0448882512836
CNCAGATN	1575	954	952	47	2	11.3669937372	0.046953046953	0.0020964360587	0.0448566108943
GGNTTGAN	1350	831	796	47	7	7.06391184091	0.0535307517084	0.00871731008717	0.0448134416213
CCACNCCG	2425	1522	1334	95	19	10.375442086	0.0587507730365	0.0140428677014	0.0447079053351
GGCCNCGG	3949	1972	2116	127	34	14.1538187661	0.0605050023821	0.0158139534884	0.0446910488937
CGCCCGCG	1903	1165	1141	78	21	7.61496771287	0.0627514078842	0.0180722891566	0.0446791187275
CGATNNCT	1659	975	991	52	6	9.63311913578	0.0506329113924	0.00601805416249	0.0446148572299
NTCCTGNG	2557	1337	1551	87	26	10.1121529698	0.061095505618	0.0164870006341	0.0446085049839
TGANCTCN	1513	952	811	56	9	7.09655263961	0.0555555555556	0.0109756097561	0.0445799457995
GNTCTTNA	1272	834	906	50	11	6.87082489707	0.0565610859729	0.0119956379498	0.044565448023
CNACGGTC	814	472	586	22	0	7.58590937386	0.0445344129555	0.0	0.0445344129555
CACNATNT	1352	818	876	43	5	8.44087376693	0.0499419279907	0.00567536889898	0.0442665590917
CGNCTCGC	1937	1034	1126	66	18	7.67951844776	0.06	0.0157342657343	0.0442657342657
TGNGCNCT	1339	857	912	51	11	7.05613224993	0.0561674008811	0.011917659805	0.0442497410761
GGGNCTNA	1124	633	817	31	2	8.74393314851	0.046686746988	0.002442002442	0.0442447445459
CGCACNAC	1212	777	826	38	2	9.38936064268	0.0466257668712	0.0024154589372	0.044210307934
CGNACCAC	1016	668	705	34	3	7.37373124956	0.048433048433	0.00423728813559	0.0441957602975
NGCACTTN	1074	636	751	32	3	7.53724194417	0.0479041916168	0.00397877984085	0.0439254117759
GCACGCNC	2594	1286	1412	78	19	10.0897297657	0.0571847507331	0.0132774283718	0.0439073223614
CGNGNAAA	1927	1097	1300	65	16	9.30078793566	0.0559380378657	0.0121580547112	0.0437799831545
NTGCAACN	1036	671	641	33	2	7.04272863912	0.046875	0.00311041990669	0.0437645800933
TACANGGN	1114	611	635	29	1	7.36882397368	0.0453125	0.00157232704403	0.043740172956
TCGNGCCG	2785	1603	1541	112	34	9.28925030779	0.065306122449	0.0215873015873	0.0437188208617
TATNNCGT	856	591	592	28	1	7.01124764898	0.0452342487884	0.00168634064081	0.0435479081476
CTGGNTCG	1029	632	621	31	2	6.8662151302	0.0467571644042	0.00321027287319	0.043546891531
TCCNNCTT	1194	615	649	29	1	7.7103241582	0.0450310559006	0.00153846153846	0.0434925943622
NNGGTCCT	1464	875	847	42	2	9.54731407397	0.0458015267176	0.00235571260306	0.0434458141145
GCGNTTGC	1762	1128	1101	68	15	8.08738978259	0.056856187291	0.0134408602151	0.0434153270759
CTGCAANN	1646	852	1055	51	14	7.12658352972	0.0564784053156	0.0130963517306	0.043382053585
GTGCGCNC	2225	1239	1186	87	27	7.09438037975	0.0656108597285	0.0222588623248	0.0433519974037
AAACNGCN	1554	883	940	41	1	11.3384081761	0.0443722943723	0.00106269925611	0.0433095951162
GTGGGCNA	1180	647	726	33	4	6.83310109296	0.0485294117647	0.00547945205479	0.0430499597099
AGNAAANC	1300	801	882	37	1	10.3641459848	0.0441527446301	0.00113250283126	0.0430202417988
CGACCNGA	1090	605	674	27	0	8.63822831951	0.0427215189873	0.0	0.0427215189873
NNGGAGAT	1359	745	915	35	2	9.51680335854	0.0448717948718	0.00218102508179	0.04269076979
GGNGAAGC	983	627	642	29	1	7.35111872921	0.0442073170732	0.00155520995334	0.0426521071198
CGNACNGA	1916	1117	1056	59	8	9.33615876904	0.0501700680272	0.00751879699248	0.0426512710347
GCCAGGNA	1603	944	1021	50	8	8.40148466958	0.0503018108652	0.00777453838678	0.0425272724784
GGANCAGC	1214	648	836	33	5	7.18240815398	0.0484581497797	0.00594530321046	0.0425128465693
TGNGCTCG	1369	942	831	48	5	7.99712237551	0.0484848484848	0.00598086124402	0.0425039872408
GCATNGNA	1486	897	950	47	7	8.1548323778	0.0497881355932	0.0073145245559	0.0424736110373
CCATGANC	1549	936	870	45	3	9.0475331759	0.045871559633	0.00343642611684	0.0424351335162
CNCCGGGT	1022	698	683	32	1	8.05601550546	0.0438356164384	0.00146198830409	0.0423736281343
NGTCTTGN	1605	955	1152	54	13	8.16592022597	0.0535183349851	0.0111587982833	0.0423595367019
TGTCGCNC	1643	978	1009	57	13	7.17927102719	0.0550724637681	0.0127201565558	0.0423523072123
GNNGGGAT	1817	995	1181	53	10	9.17002599005	0.050572519084	0.00839630562552	0.0421762134584
CNCNATGT	1970	1181	1119	75	20	7.09154415886	0.0597133757962	0.017559262511	0.0421541132852
GGCCGTNC	1962	1056	1085	56	9	8.87673455598	0.0503597122302	0.00822669104205	0.0421330211882
GNAGGCCT	1227	789	744	37	2	8.10494949352	0.044794188862	0.00268096514745	0.0421132237145
GCCCGCGC	2480	1637	1484	126	45	7.42002378797	0.0714690867839	0.029431000654	0.0420380861299
ANTTNGTC	1430	958	944	53	10	7.27894348214	0.0524233432245	0.0104821802935	0.041941162931
NACAGGGN	1301	730	703	33	1	8.25080428062	0.043250327654	0.00142045454545	0.0418298731085
TTGTTNNC	947	573	568	25	0	7.25494111509	0.0418060200669	0.0	0.0418060200669
CNCCATTN	1329	789	904	41	7	7.17080750624	0.0493975903614	0.00768386388584	0.0417137264756
GGACCNNC	2233	1184	1310	71	20	8.21615732581	0.0565737051793	0.015037593985	0.0415361111943
GNGAAGAN	1667	956	1112	47	6	9.69538566624	0.0468594217348	0.00536672629696	0.0414926954378
AGCNGGAT	926	486	573	21	0	6.99410612415	0.0414201183432	0.0	0.0414201183432
NAGGTGNC	2558	1375	1461	84	24	8.81875293687	0.0575736806032	0.0161616161616	0.0414120644415
AAGCNGGC	1742	1024	1007	54	9	7.99829055574	0.0500927643785	0.00885826771654	0.0412344966619
ANGACNAG	2059	1177	1381	58	8	11.3699253713	0.046963562753	0.00575953923686	0.0412040235162
CCNGAGGN	1720	914	1103	51	13	7.22614137265	0.0528497409326	0.0116487455197	0.0412009954129
ACTNCNTC	1829	1122	1233	69	21	7.39241741702	0.0579345088161	0.0167464114833	0.0411880973329
TGTCGNGC	1807	962	1073	50	9	8.2224799377	0.0494071146245	0.0083179297597	0.0410891848648
NTGTNTTC	1193	773	856	36	3	8.1269526442	0.044499381953	0.0034924330617	0.0410069488913
AGGCCAGN	1644	914	991	50	11	7.08248330522	0.051867219917	0.0109780439122	0.0408891760048
CGCANNTA	909	517	596	22	0	7.21465473947	0.0408163265306	0.0	0.0408163265306
NCATCCGC	1367	843	874	39	3	8.40702441812	0.0442176870748	0.00342075256556	0.0407969345093
CNTGCCGA	1537	874	1003	37	0	12.0994082628	0.0406147091109	0.0	0.0406147091109
GTCNCNCC	2991	1680	1721	123	49	7.93062455636	0.0682196339434	0.0276836158192	0.0405360181242
TGGNAGNA	1209	713	791	33	3	7.293061375	0.044235924933	0.00377833753149	0.0404575874015
GANATCNC	2633	1576	1732	93	27	10.1006996637	0.0557219892151	0.0153496304719	0.0403723587432
GTCGNAGC	917	595	601	25	0	7.30163953395	0.0403225806452	0.0	0.0403225806452
CNTTGGTN	1603	1015	1046	50	7	8.55128945188	0.0469483568075	0.00664767331434	0.0403006834932
NGGNAACA	1058	667	601	28	0	7.4997737434	0.0402877697842	0.0	0.0402877697842
GTNTTNGC	1497	901	924	42	4	8.44013839796	0.0445387062566	0.00431034482759	0.040228361429
CGGCGTTN	1380	769	862	38	6	6.9129160242	0.0470879801735	0.00691244239631	0.0401755377772
TNCGNGCT	3011	2009	1755	115	25	11.3749008614	0.054143126177	0.0140449438202	0.0400981823568
CNCCCGCG	2602	1634	1508	100	27	8.78102596443	0.0576701268743	0.0175895765472	0.040080550327
NGCTGATG	1538	921	874	43	4	8.15223120002	0.0446058091286	0.00455580865604	0.0400500004726
GTCTNNCC	1553	1048	1095	55	11	7.88286230514	0.0498640072529	0.00994575045208	0.0399182568009
NTTCACGN	1444	953	926	45	5	8.0759769049	0.0450901803607	0.00537056928034	0.0397196110804
NTGAACNA	1477	916	900	40	2	9.32881627467	0.0418410041841	0.00221729490022	0.0396237092839
GNCCGGAT	1407	880	1053	38	2	10.3278587155	0.041394335512	0.00189573459716	0.0394986009148
CNGTGGNT	1391	779	841	33	1	9.04561225334	0.0406403940887	0.00118764845606	0.0394527456326
TCNCCAAN	1606	1086	1013	55	9	7.78989295939	0.0482033304119	0.00880626223092	0.039397068181
CTCCGGNN	1451	871	821	38	2	8.37376422467	0.041804180418	0.00243013365735	0.0393740467607
NANGAACG	2101	1100	1399	51	7	11.1440889707	0.0443092962641	0.0049786628734	0.0393306333907
GNGCAGGA	1736	1046	1009	54	10	7.19108615952	0.0490909090909	0.00981354268891	0.039277366402
TTCGCGCN	2450	1524	1341	82	16	9.16382706712	0.0510585305106	0.0117907148121	0.0392678156985
AGNANGAA	1609	859	936	38	3	8.64418834747	0.0423634336678	0.00319488817891	0.0391685454889
AANGTGCN	1636	928	985	48	10	6.82338640301	0.0491803278689	0.0100502512563	0.0391300766126
ATNACCTN	1177	639	682	27	1	7.19219392602	0.0405405405405	0.00146412884334	0.0390764116972
NCCCANAT	979	640	649	26	0	7.61117702375	0.039039039039	0.0	0.039039039039
CACNCGNG	2844	1666	1676	87	18	11.2321001756	0.0496292070736	0.0106257378985	0.0390034691751
CCNAACNG	2497	1382	1375	80	22	7.89067937098	0.0547195622435	0.0157480314961	0.0389715307474
GAAAANNG	1274	742	792	32	2	7.70315839302	0.0413436692506	0.00251889168766	0.038824777563
GCCATGNT	1588	917	989	45	8	7.16036191402	0.0467775467775	0.00802407221665	0.0387534745609
GTGCNGCG	2401	1387	1453	65	9	11.4168843568	0.0447658402204	0.00615595075239	0.038609889468
NGGAGCGN	1773	1005	1007	49	8	7.62232527939	0.0464895635674	0.00788177339901	0.0386077901683
CGNAAANC	1789	945	1014	45	7	7.70650594316	0.0454545454545	0.00685602350637	0.0385985219482
NTCNGGAT	1906	1137	1293	57	12	8.67962797006	0.0477386934673	0.00919540229885	0.0385432911685
ACGGNNAT	1701	941	943	42	4	8.35227773634	0.0427263479145	0.00422386483633	0.0385024830782
CNGGAGAN	1633	959	955	46	7	7.4217137103	0.0457711442786	0.00727650727651	0.0384946370021
GTNGGGNT	2034	1129	1316	60	16	7.85661134289	0.0504625735913	0.012012012012	0.0384505615792
ATGTNCNC	1549	938	956	46	8	6.98810235917	0.0467479674797	0.00829875518672	0.038449212293
TTCNTGNG	2178	1124	1289	60	16	7.79018268903	0.0506756756757	0.0122605363985	0.0384151392772
NTNGTCAC	1345	860	756	38	3	7.0886871419	0.0423162583519	0.00395256916996	0.0383636891819
NNCGGGAT	2308	1374	1597	65	11	11.5595471864	0.045170257123	0.0068407960199	0.0383294611031
GACATNNC	1873	1146	1194	56	10	8.60163307241	0.0465890183028	0.00830564784053	0.0382833704623
TGGGNGCG	2037	1173	1149	50	3	10.8937339631	0.0408830744072	0.00260416666667	0.0382789077405
GCCCGCNC	4123	2554	2378	184	71	9.93008653498	0.0672023374726	0.0289914250715	0.0382109124012
ANATGNTC	1487	931	944	38	1	9.94582187265	0.0392156862745	0.0010582010582	0.0381574852163
NAGGTGCN	3591	2048	2207	111	30	12.5767324677	0.0514126910607	0.0134108180599	0.0380018730008
CTNGANAT	2348	1471	1453	83	23	8.10901087969	0.0534105534106	0.0155826558266	0.037827897584
GGNCTCNG	2280	1256	1187	71	19	6.83523198904	0.0535041446873	0.0157545605307	0.0377495841566
CCCATNTN	1306	765	816	33	3	7.1652698004	0.0413533834586	0.003663003663	0.0376903797956
ATCCGNNT	1615	948	1036	44	7	7.7339996358	0.0443548387097	0.00671140939597	0.0376434293137
GTCCTNNT	1290	791	801	33	2	7.52802552815	0.0400485436893	0.00249066002491	0.0375578836644
ACCNGGTG	1450	860	990	41	8	6.86004261592	0.0455049944506	0.00801603206413	0.0374889623865
TGTNGGNC	3009	1658	1638	93	26	8.99861075061	0.0531125071388	0.015625	0.0374875071388
CANGAGCN	2480	1450	1496	76	19	8.75108733131	0.0498034076016	0.0125412541254	0.0372621534762
ACCGTNCN	1801	1079	1134	53	11	7.45808152728	0.0468197879859	0.00960698689956	0.0372128010863
GGATCNGC	1412	811	1036	33	2	9.35303108401	0.0390995260664	0.0019267822736	0.0371727437927
ANNGTGCC	2590	1536	1589	101	40	6.79526715233	0.0616982284667	0.024554941682	0.0371432867847
TTGGNNGC	2151	1080	1394	55	16	7.79574253676	0.0484581497797	0.0113475177305	0.0371106320492
NGNCTTGA	2052	1271	1292	68	18	7.42111983024	0.050784167289	0.0137404580153	0.0370437092738
GGCGNTTC	961	624	650	24	0	7.33513875225	0.037037037037	0.0	0.037037037037
CATTNNTC	883	625	615	24	0	6.93636635725	0.0369799691834	0.0	0.0369799691834
CGACTTCN	1189	657	764	27	2	6.81296232047	0.0394736842105	0.00261096605744	0.0368627181531
NCGCNATT	1964	1142	1299	56	13	7.95883626196	0.0467445742905	0.00990853658537	0.0368360377051
GNANCTTC	1559	963	981	41	4	8.15228787252	0.0408366533865	0.00406091370558	0.0367757396809
CNGANTCG	1758	1095	1052	53	10	6.95343813167	0.0461672473868	0.00941619585687	0.0367510515299
NCNTCCCG	2113	1343	1344	76	23	6.99441310396	0.0535588442565	0.016825164594	0.0367336796625
NCCNATTC	1049	580	630	22	0	6.92907265713	0.0365448504983	0.0	0.0365448504983
CNACGCCG	4309	2331	2362	148	56	9.99331578969	0.0597014925373	0.0231596360629	0.0365418564745
ACANCTGN	1428	870	927	35	2	8.55911963676	0.0386740331492	0.0021528525296	0.0365211806196
NTNGATCG	2655	1559	1595	77	17	9.77036645406	0.0470660146699	0.0105459057072	0.0365201089627
TGATNTCN	1866	1227	1175	60	12	7.58706553097	0.04662004662	0.0101095197978	0.0365105268222
NNCCATGT	2091	1204	1248	56	10	8.34561996227	0.0444444444444	0.00794912559618	0.0364953188483
GANGTGNC	2452	1346	1440	60	9	10.2669587099	0.0426742532006	0.00621118012422	0.0364630730763
NAGGNTGT	1994	1100	1232	53	12	7.65189545906	0.0459670424978	0.0096463022508	0.036320740247
CGNTNGCT	2208	1360	1490	63	12	9.71027156685	0.0442726633872	0.00798934753662	0.0362833158506
CNACNGTC	1602	983	1032	40	3	9.01667535609	0.039100684262	0.00289855072464	0.0362021335373
ATGNAGNC	2224	1288	1412	66	18	7.8764618369	0.0487444608567	0.0125874125874	0.0361570482693
NCNGGGTG	4133	2154	2414	123	44	10.8848797592	0.0540184453228	0.0179007323027	0.0361177130201
TNNATCAG	1912	1084	1100	48	7	8.00212326433	0.0424028268551	0.0063233965673	0.0360794302878
GCCGAGNT	1784	1065	1126	48	8	7.82840090866	0.0431266846361	0.00705467372134	0.0360720109148
ANTACNTG	1267	773	798	31	2	6.99475785229	0.0385572139303	0.0025	0.0360572139303
GNACGNGG	3986	1954	2328	130	63	8.45277933519	0.0623800383877	0.0263488080301	0.0360312303576
CGNGTNAA	986	593	757	23	1	6.97035736748	0.0373376623377	0.00131926121372	0.0360184011239
GNTTNCGA	1394	831	809	31	0	8.97208914395	0.0359628770302	0.0	0.0359628770302
GNGNGGAA	1463	908	924	37	3	7.82116234752	0.0391534391534	0.00323624595469	0.0359171931987
NCTNGGTG	3293	1946	2057	103	30	10.6192078534	0.0502684236213	0.0143747005271	0.0358937230942
AGGCCAGC	986	591	634	22	0	6.8696195127	0.0358890701468	0.0	0.0358890701468
NGGATCGN	3259	1690	2041	103	45	8.2088156987	0.0574456218628	0.0215723873442	0.0358732345186
CTGNCAAN	920	673	634	25	0	7.07069248558	0.0358166189112	0.0	0.0358166189112
GACGTNNA	1912	1120	1034	52	9	6.85505933778	0.0443686006826	0.00862895493768	0.0357396457449
CTTCANGN	2679	1597	1805	82	24	9.46401822468	0.0488385944014	0.0131219245489	0.0357166698525
TGCNCTNG	3640	2109	2163	119	39	10.1575259421	0.0534111310592	0.0177111716621	0.0356999593971
CAATNTCN	1124	649	638	24	0	6.93411612219	0.035661218425	0.0	0.035661218425
NCTGCGTN	2220	1314	1369	63	14	8.29125081753	0.0457516339869	0.0101229211858	0.0356287128011
GGAAANAN	1009	650	688	24	0	7.42384103398	0.0356083086053	0.0	0.0356083086053
GTNGNAGC	2077	1193	1284	61	17	6.95649180508	0.048644338118	0.0130668716372	0.0355774664808
CCGGGGNN	2948	1627	1965	108	54	6.94445203905	0.0622478386167	0.0267459138187	0.035501924798
GNGNAGGA	2192	1329	1332	66	16	7.5339065322	0.047311827957	0.0118694362018	0.0354423917552
TCGNTNAC	2404	1502	1414	78	20	7.6357224625	0.0493670886076	0.0139470013947	0.0354200872129
CGATNTTN	1689	935	1058	40	6	7.47449978706	0.0410256410256	0.00563909774436	0.0353865432813
GACGNGGC	2248	1181	1380	57	15	7.61698826595	0.046042003231	0.010752688172	0.035289315059
TNTCGCGC	2108	1258	1248	60	13	7.47611056739	0.0455235204856	0.0103092783505	0.0352142421351
CTTCCANN	2363	1236	1525	59	16	8.30951166492	0.0455598455598	0.0103828682674	0.0351769772925
TNTCNCGC	3077	1832	1815	85	17	11.1366373113	0.0443401147626	0.00927947598253	0.0350606387801
TGGGCGCN	3151	1795	1847	108	41	7.66978157815	0.0567524960589	0.0217161016949	0.0350363943639
AGGCNAGC	1275	744	797	27	0	8.42612408173	0.0350194552529	0.0	0.0350194552529
GGGCTNNC	3405	2027	2041	98	23	11.4384928154	0.0461176470588	0.0111434108527	0.0349742362061
GCTGGATN	1726	1033	1143	44	7	7.81104594285	0.0408542246982	0.00608695652174	0.0347672681765
CNTNGAAC	2571	1490	1449	68	13	8.93308567616	0.0436456996149	0.00889192886457	0.0347537707503
AAGGCANN	1651	1103	1094	44	4	8.82488241434	0.0383609415867	0.00364298724954	0.0347179543372
ACANNCCG	2839	1764	1691	106	38	7.07108358311	0.0566844919786	0.021978021978	0.0347064700006
CANGNAGA	2317	1333	1541	72	26	6.84026371956	0.0512455516014	0.0165922144225	0.034653337179
NTCCGGNT	1983	1108	1243	51	12	7.19830453191	0.0440034512511	0.00956175298805	0.034441698263
ACNNGGTG	3598	2058	2331	97	25	12.3282708373	0.0450116009281	0.0106112054329	0.0344003954951
TNAGNGGC	1252	759	768	27	0	7.90578095819	0.0343511450382	0.0	0.0343511450382
NCAGGCNT	3262	1767	1966	112	51	7.05796536122	0.0596061734965	0.0252850768468	0.0343210966497
CCCNNATC	1919	1075	1158	49	11	6.82597767567	0.0435943060498	0.00940975192472	0.0341845541251
GCCGNGAT	1835	990	1054	37	2	9.13616436485	0.0360272638754	0.00189393939394	0.0341333244814
CNAAGCNC	2768	1769	1594	97	29	7.33799055897	0.0519828510182	0.0178681454097	0.0341147056085
AAGGCNNA	2192	1372	1504	69	21	7.37873755144	0.0478834142956	0.0137704918033	0.0341129224923
GNGNTTGC	3140	1905	1904	95	26	9.61140455382	0.0475	0.0134715025907	0.0340284974093
NANCAACA	1211	713	748	26	1	6.82391371082	0.0351826792963	0.00133511348465	0.0338475658117
CCTNNTTG	1789	1000	1049	36	1	9.7712430972	0.034749034749	0.000952380952381	0.0337966537967
GNCGAAGC	1715	1075	1037	42	4	7.94675739113	0.0376007162041	0.00384245917387	0.0337582570302
NGATGCTN	2247	1235	1339	54	11	8.02491340348	0.0418929402638	0.00814814814815	0.0337447921156
CGNAGATN	2154	1252	1260	49	5	9.49472922431	0.0376633358955	0.00395256916996	0.0337107667255
AGGNCNGT	1486	734	947	28	3	6.98237237887	0.0367454068241	0.00315789473684	0.0335875120873
NCGCGAGC	1654	1017	1083	39	4	8.05490778956	0.0369318181818	0.00367985280589	0.0332519653759
NAGNTTGC	1698	978	971	39	5	6.8782253422	0.0383480825959	0.00512295081967	0.0332251317762
NNCCAGAT	2460	1532	1443	64	10	9.37365741025	0.0401002506266	0.00688231245699	0.0332179381696
NCGTGCCG	2947	1795	1735	96	31	7.48245043968	0.0507667900582	0.0175537938845	0.0332129961737
CNCATCAN	2567	1558	1420	77	20	7.14728278279	0.0470948012232	0.0138888888889	0.0332059123344
GGCCNANT	2914	1751	1656	85	22	8.29390143504	0.0462962962963	0.0131108462455	0.0331854500508
NTCCTGCG	1254	673	770	23	0	7.52533026867	0.0330459770115	0.0	0.0330459770115
CCACGCNG	3635	2156	2022	125	45	7.94541331146	0.0548005260851	0.021770682148	0.033029843937
TTCGCNNT	2409	1513	1453	65	12	8.69403428969	0.0411913814956	0.00819112627986	0.0330002552157
NNCGTGCC	5261	3061	3125	203	94	9.84313226542	0.062193627451	0.0292016154085	0.0329920120425
TNCGCTNG	3047	1841	1792	100	34	7.51822397913	0.0515198351365	0.0186199342826	0.0328999008539
GNCGGGNT	5772	3230	3607	164	57	14.8310405874	0.0483205657042	0.015556768559	0.0327637971452
CGCCGNGT	1901	1179	1106	49	8	6.95963679331	0.0399022801303	0.00718132854578	0.0327209515845
GCGAANAN	2474	1438	1494	64	15	8.05985550662	0.0426098535286	0.00994035785288	0.0326694956757
ACCGANNT	2200	1228	1386	49	8	8.54358759405	0.0383711824589	0.00573888091822	0.0326323015407
GAANGNCT	2110	1242	1235	45	3	9.9013265391	0.034965034965	0.00242326332795	0.0325417716371
TCGNTCNC	2791	1614	1549	73	17	8.21150700106	0.0432720806165	0.0108556832695	0.032416397347
NGACNGTC	1928	1189	1239	48	8	7.75812062241	0.0388035569927	0.00641539695269	0.03238816004
NCNGCGTT	2800	1545	1602	76	24	7.13551964997	0.0468846391117	0.0147601476015	0.0321244915102
GTGCNCNC	3849	2141	2150	121	47	7.83427765222	0.053492484527	0.0213928083751	0.0320996761519
CACNAGNA	2088	1222	1235	50	9	7.3799594607	0.0393081761006	0.0072347266881	0.0320734494125
AANCATGN	1289	814	821	28	1	7.02273368211	0.0332541567696	0.00121654501217	0.0320376117574
TCAGNGNC	3034	1798	1742	76	15	9.7644808824	0.0405549626467	0.00853727945361	0.0320176831931
ANNGCGTT	1651	1014	925	37	3	7.17154777047	0.035204567079	0.00323275862069	0.0319718084583
CNCCGNGT	3460	2171	2016	106	30	9.09597991251	0.0465524813351	0.0146627565982	0.0318897247368
CNNGCAGA	2698	1740	1683	81	22	7.77202293498	0.0444810543657	0.0129032258065	0.0315778285593
ANATNGCC	3671	2109	2074	125	52	6.89366691585	0.0559534467323	0.0244590780809	0.0314943686514
GNACGCNC	5052	2802	2913	129	37	12.9856520192	0.0440122824974	0.0125423728814	0.0314699096161
CCACNCNG	5676	3413	3170	182	62	11.9031285058	0.0506258692629	0.0191831683168	0.031442700946
GCCCGNGC	4559	2896	2764	185	82	8.2329629878	0.0600454397923	0.0288123682361	0.0312330715562
NANCAGCT	3329	1921	2117	102	42	7.45225039595	0.0504201680672	0.0194534506716	0.0309667173956
GAGACNGN	1354	842	820	28	1	6.92344667745	0.032183908046	0.00121802679659	0.0309658812494
TTCGCNCN	4003	2332	2133	107	28	9.69891916753	0.0438704387044	0.0129569643683	0.030913474336
NCCGNGAT	3482	1899	2128	69	9	13.3851978934	0.0350609756098	0.00421151146467	0.0308494641451
GTGTNCNT	1783	1037	1100	35	2	8.54607045113	0.0326492537313	0.00181488203267	0.0308343716987
NNAGGCCT	3064	1776	1858	85	28	7.57389323327	0.045674368619	0.0148462354189	0.0308281332001
GTNGGCGA	1897	1114	1249	43	8	7.04297608843	0.0371650821089	0.00636435958632	0.0308007225226
TGCNCTGN	3145	1915	1857	96	32	7.37848542227	0.0477374440577	0.0169401799894	0.0307972640683
CTTCNAGN	2830	1582	1779	72	23	7.55712087511	0.043530834341	0.0127635960044	0.0307672383366
GCCACGCN	3724	2147	2235	109	40	8.30555978511	0.0483156028369	0.0175824175824	0.0307331852545
ANNCATCG	2081	1455	1451	63	16	6.88573927232	0.0415019762846	0.0109066121336	0.030595364151
AGNCCCNG	3843	2185	2320	123	54	7.43634147968	0.0532928942808	0.0227464195451	0.0305464747357
GTNGGCCA	2822	1600	1731	69	19	7.85973395296	0.0413421210306	0.0108571428571	0.0304849781734
CNTNCCGA	2397	1442	1596	47	2	12.5102905052	0.0315648085964	0.00125156445557	0.0303132441408
GGCGNAGC	2719	1586	1725	74	25	6.96486559727	0.044578313253	0.0142857142857	0.0302925989673
TTGCNNGC	4344	2459	2606	134	57	8.44075865046	0.051677593521	0.0214044310928	0.0302731624283
NGNACCAC	2808	1675	1803	69	17	8.65992688755	0.0395642201835	0.00934065934066	0.0302235608428
CNCTGATN	2259	1206	1181	45	7	6.89225759674	0.0359712230216	0.00589225589226	0.0300789671293
GCNCGAGC	2513	1436	1571	63	19	6.86366735466	0.0420280186791	0.0119496855346	0.0300783331445
NTGNTCAC	2260	1411	1422	49	5	9.50197718777	0.0335616438356	0.00350385423966	0.030057789596
CNAAGCCN	3107	1767	1850	73	18	8.77782233298	0.0396739130435	0.00963597430407	0.0300379387394
GGGCNTGA	1884	1073	1167	38	5	7.15638644199	0.034203420342	0.0042662116041	0.0299372087379
AGATNNTC	1509	940	957	30	1	7.61185141766	0.0309278350515	0.00104384133612	0.0298839937154
GTNCGCNC	4972	2806	2832	130	42	10.9553143199	0.0442779291553	0.0146137787056	0.0296641504497
GNTGGATN	2796	1647	1898	66	17	8.69498845902	0.0385288966725	0.0088772845953	0.0296516120772
GCCCNNAT	2333	1288	1430	47	8	8.00596253911	0.0352059925094	0.00556328233658	0.0296427101728
GTNNGCCT	3376	2106	1907	105	35	7.01595594644	0.0474898236092	0.0180226570546	0.0294671665546
GGGNTGNC	3676	2103	2132	112	46	6.82884400986	0.0505643340858	0.0211202938476	0.0294440402382
GCAGNTCG	3565	2005	2174	91	31	8.24007061622	0.0434160305344	0.0140589569161	0.0293570736183
TGNCGATG	2718	1585	1795	62	15	8.60537581876	0.0376442015786	0.00828729281768	0.0293569087609
CNTTGGNC	3131	1897	2159	89	34	7.68812725712	0.0448136958711	0.015503875969	0.0293098199021
GNNGTGCC	4416	2539	2460	152	69	6.86837072862	0.0564845782237	0.0272835112693	0.0292010669544
NATCGCCG	3316	1915	1872	88	28	7.34135072235	0.0439340988517	0.0147368421053	0.0291972567465
TNNGCTCG	2928	1937	1864	77	17	9.05889278553	0.0382323733863	0.00903774587985	0.0291946275064
NTGTNCAG	2350	1382	1524	55	14	7.14412766407	0.0382741823243	0.00910273081925	0.029171451505
TTNCCNGC	3692	2059	2297	95	35	8.22764389349	0.044103992572	0.0150085763293	0.0290954162426
GATGANNG	2583	1498	1702	56	12	8.41924971141	0.036036036036	0.00700116686114	0.0290348691749
NTCCGGNG	2640	1607	1493	64	14	7.25898822667	0.0383004189108	0.0092899800929	0.0290104388179
GGNCGCGG	4824	2431	2767	149	82	6.90929609278	0.0577519379845	0.028782028782	0.0289699092025
GCGGTNNA	3480	1930	2016	86	28	7.74886621642	0.0426587301587	0.013698630137	0.0289601000217
GCTNCTNC	3168	1869	1910	78	22	7.9671081539	0.040061633282	0.0113871635611	0.0286744697209
CGCANNAC	3763	2270	2248	100	31	8.6419243919	0.042194092827	0.0136024572181	0.0285916356089
ANNCGCGG	4474	2431	2581	136	65	6.95543180903	0.0529801324503	0.0245653817082	0.0284147507421
CGCNGNTA	2175	1375	1479	53	13	6.84461957031	0.0371148459384	0.00871313672922	0.0284017092092
NGCNAGTT	2158	1190	1372	43	9	6.8597852893	0.0348742903487	0.0065170166546	0.0283572736941
ANATGGNC	2503	1560	1341	59	11	6.83399337163	0.0364422483014	0.00813609467456	0.0283061536269
ANGGNATC	2719	1920	1688	64	7	10.3350792818	0.0322580645161	0.00412979351032	0.0281282710058
TTGNNGGC	4480	2423	2611	130	61	7.26432784623	0.0509204857031	0.0228293413174	0.0280911443857
GCCNGGCA	2776	1572	1693	54	9	9.03774991227	0.0332103321033	0.00528789659224	0.0279224355111
TGNGCTNG	4069	2536	2552	117	42	8.63948482099	0.0441010177158	0.0161912104857	0.0279098072301
NGTCGGGC	2286	1289	1474	45	9	7.31613850537	0.0337331334333	0.00606877950101	0.0276643539323
NCAACAGN	1449	950	799	27	0	7.0214006377	0.0276356192426	0.0	0.0276356192426
GNANGCCT	3105	1947	1685	81	21	6.82138378534	0.0399408284024	0.0123094958968	0.0276313325055
GGATNNGC	3543	2057	2446	94	40	7.71911211327	0.0437006043701	0.0160901045857	0.0276104997844
NCGTNCCG	4556	2694	2706	127	48	8.68741421961	0.0450194966324	0.0174291938998	0.0275903027326
NGCNAAGC	2998	1778	1988	74	25	7.23831274264	0.0399568034557	0.0124192747144	0.0275375287414
GGNNTTGA	2517	1573	1598	58	13	7.3228668408	0.0355610055181	0.008069522036	0.0274914834821
NCCCNGAT	2125	1155	1319	38	6	6.9692618916	0.0318524727578	0.00452830188679	0.027324170871
NCGACAGN	4073	2271	2489	113	51	6.9711716375	0.0473993288591	0.0200787401575	0.0273205887016
CGACGNCA	2438	1370	1307	45	6	7.38911138203	0.0318021201413	0.004569687738	0.0272324324033
TGGGNGCN	4482	2569	2604	126	52	7.57491751092	0.0467532467532	0.019578313253	0.0271749335002
CNCCANGT	3939	2395	2275	109	38	7.50521638379	0.0435303514377	0.0164288802421	0.0271014711956
ATANCGNC	2159	1357	1185	39	1	9.00952870417	0.0279369627507	0.000843170320405	0.0270937924303
NCACGCCG	4421	2611	2522	138	60	6.84157283216	0.0502000727537	0.0232378001549	0.0269622725988
ACCNNGTG	2352	1400	1443	48	9	7.18031941818	0.0331491712707	0.00619834710744	0.0269508241633
TNAGCGNC	3319	1809	1888	70	20	7.36058029264	0.0372538584353	0.0104821802935	0.0267716781418
NTCNTGCG	3826	2219	2343	76	15	11.0367878095	0.0331154684096	0.00636132315522	0.0267541452544
AGNACGNA	1691	1058	1155	31	2	7.52142638624	0.0284664830119	0.00172860847018	0.0267378745418
ANATNGTC	1690	1100	1021	30	0	8.44786387046	0.0265486725664	0.0	0.0265486725664
ACGGNANC	2566	1569	1456	53	9	7.32407323171	0.0326757090012	0.0061433447099	0.0265323642913
CCATNANC	3634	2215	2060	68	7	12.0480723097	0.029785370127	0.00338655055636	0.0263988195707
GGCGCTGC	2171	1441	1278	45	5	7.4865523596	0.0302826379542	0.00389711613406	0.0263855218202
GCGCCNAC	3309	1946	2087	71	19	8.24475613101	0.0352007932573	0.00902184235518	0.0261789509021
CNACTTCN	2558	1473	1594	47	8	7.88815091463	0.0309210526316	0.00499375780275	0.0259272948288
GNAGNTCG	5000	2782	3090	111	39	10.1242773085	0.0383684756308	0.0124640460211	0.0259044296097
GGANCNGC	4776	2779	3065	107	35	10.4437764449	0.0370755370755	0.0112903225806	0.0257852144949
GCTGATNN	4103	2484	2225	82	14	10.530715814	0.0319563522993	0.00625279142474	0.0257035608746
NNACGGTC	2168	1335	1274	36	1	9.0764105695	0.0262582056893	0.00078431372549	0.0254738919638
GNCCNGAT	4370	2616	2845	79	11	14.4383669275	0.0293135435993	0.00385154061625	0.025462002983
TGTCGNNC	5513	3159	3051	138	51	8.90194692966	0.041856232939	0.0164410058027	0.0254152271363
GCCCNCNC	6907	4138	4035	233	116	8.55993219915	0.0533058796614	0.0279450734763	0.0253608061851
GNCNGGAT	5231	3186	3628	127	48	10.9964427472	0.0383338364021	0.0130576713819	0.0252761650201
ATGNGCGN	5632	3278	3399	177	91	7.3241144764	0.0512301013025	0.0260744985673	0.0251556027351
TTNCNGGC	4578	2726	2828	121	50	7.64799696645	0.0425008781173	0.0173731758165	0.0251277023008
NNTGCCGA	4157	2509	2598	91	26	9.35280774792	0.035	0.00990853658537	0.0250914634146
TGCGNTNG	3752	2290	2330	96	36	6.91201594752	0.0402347024308	0.0152155536771	0.0250191487538
TGGTNCGN	3116	1851	1989	68	21	6.88765514724	0.0354351224596	0.010447761194	0.0249873612656
GNTCGATC	1476	860	912	22	0	6.84231861792	0.0249433106576	0.0	0.0249433106576
GTNGGCNA	5529	3117	3442	130	53	9.59608347631	0.0400369571913	0.0151645207439	0.0248724364473
GNCCGNAT	3890	2485	2435	88	23	9.02057080506	0.0342013214147	0.0093572009764	0.0248441204383
GTGCGNCN	4984	2935	3068	115	40	9.53321483577	0.0377049180328	0.01287001287	0.0248349051628
NNCGAGCT	3310	1907	1911	63	14	7.91688611848	0.0319796954315	0.00727272727273	0.0247069681587
GCTNGATN	3884	2367	2481	77	17	10.0637543681	0.0315057283142	0.00680544435548	0.0247002839588
CNGGANCG	4551	2451	2766	101	42	7.68136329796	0.0395768025078	0.0149572649573	0.0246195375506
GTNGGCCN	7379	4162	4492	218	116	9.20317529605	0.0497716894977	0.0251736111111	0.0245980783866
NCCCNAGC	3389	2177	2137	77	21	7.76686507605	0.0341614906832	0.0097312326228	0.0244302580604
NNCCGGAT	3242	2050	2202	64	13	9.33977370281	0.0302743614002	0.0058690744921	0.0244052869081
NCCCGCNC	7313	4382	4178	250	128	7.9608266632	0.0539723661485	0.0297259637715	0.0242464023771
NCACNCCG	6144	3712	3420	191	87	7.40122125495	0.0489367153472	0.0248075278015	0.0241291875456
NCNCGAGC	4377	2588	2793	93	30	8.90894558914	0.0346885490489	0.0106269925611	0.0240615564878
NCCGAGNT	3344	1904	2122	62	16	7.88238733412	0.0315361139369	0.00748362956034	0.0240524843766
GNCGNAGC	6601	3887	4039	156	61	10.7121677148	0.0385852090032	0.0148780487805	0.0237071602227
GGCGANGC	3064	1758	1914	54	12	7.55377033807	0.0298013245033	0.00623052959502	0.0235707949083
CACGNTNT	2412	1530	1542	43	6	7.31790391383	0.0273363000636	0.00387596899225	0.0234603310713
NAGGCCGA	3458	2189	2158	79	25	6.82381402529	0.0348324514991	0.0114521300962	0.0233803214029
NGTNGGGC	3914	2327	2485	77	22	8.30989663484	0.0320299500832	0.00877542879936	0.0232545212838
GCNACANC	4441	2689	2562	97	30	7.88368015353	0.0348169418521	0.0115740740741	0.023242867778
ANNTCGTC	3715	2303	2307	83	27	6.97906868878	0.0347862531433	0.0115681233933	0.02321812975
CGCAGNTN	4515	2673	2894	101	39	7.83027897706	0.036409516943	0.0132969655643	0.0231125513788
GCTGNTNC	5957	3360	3663	159	83	7.35950804602	0.0451832907076	0.0221569674319	0.0230263232757
GNNACAGC	3322	2014	2024	66	18	6.95576723916	0.0317307692308	0.00881488736533	0.0229158818654
GCCNGGNA	6121	3508	3712	134	53	9.39179213888	0.0367929708951	0.0140770252324	0.0227159456627
NGTCNCGC	6334	3513	3949	155	79	8.11682537254	0.0422573609597	0.0196127110228	0.0226446499368
TNNCCTTG	2568	1579	1531	43	6	6.92574566087	0.0265104808878	0.0039037085231	0.0226067723647
NCCCGNGC	7678	4815	4612	242	120	8.53069711965	0.0478544591655	0.0253592561285	0.022495203037
TNGGCGNT	5099	3052	3272	131	63	6.94174143361	0.0411561420044	0.0188905547226	0.0222655872818
GGNCNCGG	9494	5017	5304	264	152	8.41493744481	0.0499905320962	0.0278592375367	0.0221312945595
CNCCCNCG	5227	3105	3002	121	47	7.34711357907	0.037507749535	0.0154148901279	0.0220928594071
GTCGGNCN	8118	4689	5020	235	134	8.05441426381	0.0477254264825	0.0259992239038	0.0217262025788
CGTCCNNG	5853	3490	3624	157	79	6.87425816595	0.0430490814368	0.0213340534702	0.0217150279666
CACNCNCG	4050	2476	2473	79	23	7.50789234294	0.0309197651663	0.00921474358974	0.0217050215766
GTCNCGCN	6334	3476	3896	157	86	7.01706289759	0.0432149738508	0.021597187343	0.0216177865078
NGCANCAC	5427	3112	3218	118	49	7.38747650236	0.0365325077399	0.0149984695439	0.021534038196
NGCCGNGT	5052	2919	3042	107	43	7.29988330969	0.0353602115003	0.0139384116694	0.021421799831
GNCGNGAT	5443	3256	3423	99	28	10.4848970136	0.0295081967213	0.00811359026369	0.0213946064576
TGNCGANG	5717	3313	3639	114	44	9.0962619461	0.0332652465713	0.0119467825143	0.0213184640571
NNTCGGTG	4564	2673	2699	93	34	6.90725777416	0.0336225596529	0.0124405415295	0.0211820181235
CNCAGNTC	4539	2724	2973	99	42	6.88186895082	0.0350690754516	0.0139303482587	0.0211387271929
NGCTGTTN	3088	1727	2017	47	11	7.10016474472	0.0264937993236	0.00542406311637	0.0210697362072
GTGCNNCG	4134	2431	2465	77	24	7.04290810353	0.030701754386	0.00964242667738	0.0210593277086
NNATGTCG	3943	2526	2442	80	24	7.08079548121	0.0306983883346	0.00973236009732	0.0209660282373
GNCCGGNT	6322	3797	3913	138	56	8.8398099731	0.0350698856417	0.0141093474427	0.020960538199
NGGTGCNC	6642	3783	4041	152	73	7.86125472904	0.0386277001271	0.0177442877978	0.0208834123293
CNGGTNGC	7174	4274	4293	180	86	7.97161552457	0.0404131118096	0.019639187029	0.0207739247806
GCNGNGAT	4128	2332	2487	67	18	7.76834739012	0.0279283034598	0.00718562874251	0.0207426747173
NNCGCGAT	5257	3010	3191	87	24	9.56895327624	0.0280917016468	0.00746500777605	0.0206266938707
GTNNGCCA	5158	2986	3089	94	31	8.223627915	0.0305194805195	0.0099358974359	0.0205835830836
CCACGNNG	8232	4693	4723	225	123	7.26644350643	0.045750305002	0.0253817581511	0.020368546851
GCNGGATN	5338	3355	3479	111	42	8.20162726214	0.032025389498	0.0119284294235	0.0200969600745
GNTGANCG	5951	3610	3639	105	30	10.3447804063	0.028263795424	0.00817661488144	0.0200871805425
NGGNTTCG	4196	2600	2585	76	22	7.25799843261	0.0284005979073	0.0084388185654	0.0199617793419
CAAGNNCG	6413	4116	4170	153	68	8.14137580532	0.035839775123	0.0160453043889	0.0197944707341
CNANGCCG	14393	8263	8434	341	172	13.305084643	0.0396327289633	0.0199860562398	0.0196466727234
GCANGCGN	9982	5784	5910	249	131	9.006605366	0.0412729985082	0.021685151465	0.0195878470432
GTNCNGCG	7567	4349	4488	151	64	9.10903015613	0.0335555555556	0.0140597539543	0.0194958016012
GCCACGNN	8454	4805	5007	208	113	7.48034897021	0.0414921204867	0.0220703125	0.0194218079867
CAGGNNCG	7153	4048	4104	160	79	6.91804148198	0.0380228136882	0.0188859670093	0.0191368466789
TNTCGNTG	4512	2769	2926	82	29	6.89161728241	0.0287618379516	0.00981387478849	0.0189479631631
TGNNGATG	5611	3378	3479	109	45	6.91129647235	0.0312589618583	0.0127695800227	0.0184893818356
GGCNGGNT	7193	4287	4597	165	87	7.19768529708	0.0370619946092	0.0185738684885	0.0184881261207
NGTCGGNC	8118	4678	4957	190	105	7.0776632813	0.0390304026294	0.0207427894113	0.0182876132181
GCGNNATG	6287	3561	3717	111	47	6.93904691185	0.0302287581699	0.0124867162593	0.0177420419106
NCGANGGC	11542	6683	6810	263	143	8.71651411314	0.0378635185718	0.0205666618726	0.0172968566993
CGNCGCCG	11550	6254	6652	275	170	7.38732065533	0.042119773319	0.0249193784814	0.0172003948377
NGCAGNTC	6489	3839	4052	123	57	6.82677798847	0.0310449268046	0.0138719883183	0.0171729384863
GNCNGGCT	8100	4761	4783	155	71	7.61161339882	0.0315296989422	0.0146271116605	0.0169025872817
GCCGNGNT	10296	5793	6019	225	128	7.14686343432	0.0373878364905	0.0208231657719	0.0165646707186
GCCNCNCG	10136	5853	5867	215	113	7.47058271671	0.0354317732367	0.0188963210702	0.0165354521664
GGCCGNNT	9311	5721	5771	194	98	7.57431756132	0.0327979712595	0.0166979042426	0.0161000670169
GCCGCNNG	19646	11110	11266	504	319	10.0784790416	0.0433959014982	0.0275356063876	0.0158602951106
CGNCGCCN	25306	13948	13912	648	409	12.0406639973	0.0443957248561	0.0285594581384	0.0158362667177
CANGNGCG	9398	5443	5561	172	84	7.5280660978	0.0306322350846	0.014880425155	0.0157518099296
NCGCCAGN	13122	7254	7701	278	168	7.94195233408	0.0369091874668	0.021349599695	0.0155595877718
CGNGGNGC	11762	6856	7030	263	155	7.19450023775	0.0369433909257	0.0215727209464	0.0153706699793
NGTCGNGC	9366	5298	5599	168	88	6.97666593577	0.0307354555434	0.0154738878143	0.015261567729
GCNNGATC	6419	3844	3854	89	29	7.61856371469	0.022629036359	0.00746845222766	0.0151605841314
GNCCGNGC	15805	9276	9340	418	271	7.54234850043	0.0431194553332	0.0281968577671	0.0149225975661
GCCNGCNC	24820	14411	14480	606	400	9.88582268481	0.0403542651661	0.0268817204301	0.013472544736
NCGNCAGC	14317	8266	8526	279	170	7.06241721347	0.0326506729081	0.0195492180313	0.0131014548769
TGNCGNTG	12719	7999	7743	248	136	6.89326227344	0.0300715411665	0.0172610737403	0.0128104674262
GCCGCCNN	23202	12465	13115	539	390	7.49578459212	0.0414487849892	0.0288781932618	0.0125705917275
GGCGNNGC	23275	13222	13743	458	300	9.10571972002	0.0334795321637	0.0213629566332	0.0121165755305
NGCGNCGC	26646	15154	15329	559	369	9.47926863773	0.0355756380067	0.0235061791311	0.0120694588756
CNCGNCGC	19681	11677	11450	455	299	6.91066502889	0.037504121332	0.0254489743808	0.0120551469512
CNNCGCCG	27084	15478	15787	621	450	7.23675308685	0.0385738244611	0.0277144792757	0.0108593451854
