#Sequence	Occurrence	Forward Match	Backward Match	Forward Mismatch	Backward Mismatch	Strand Bias Score	FER (Forward Error Rate)	RER (Reverse Error Rate), ERD (Error rate Difference)
AGTA	6504	3903	3829	126	59	5.65165120534	0.0312732688012	0.0151748971193	0.0160983716818
GATT	13890	8473	8549	383	253	6.54108188073	0.0432475158085	0.0287434673938	0.0145040484147
TTTG	8153	5060	5242	131	67	5.54225934567	0.0252359853593	0.0126200791109	0.0126159062483
AACA	16959	10277	9928	304	173	7.44706830924	0.028730743786	0.017127017127	0.011603726659
CAGA	16796	10223	10424	363	244	6.1425614271	0.0342905724542	0.0228721409824	0.0114184314718
GGTG	52972	31050	32190	893	586	16.9125636023	0.0279560467082	0.0178789358067	0.0100771109015
NATT	42442	24957	26021	1017	795	8.63778441866	0.0391545391545	0.0296464797136	0.00950805944094
AGAT	16097	9837	9816	235	138	6.02477048543	0.0233320095314	0.0138637733574	0.00946823617393
AGCT	25556	15527	15665	477	335	6.26080908975	0.0298050487378	0.0209375	0.00886754873782
TTGC	31768	19524	19910	486	343	6.60534135025	0.024287856072	0.0169357626031	0.00735209346889
TCGC	57057	34401	34251	1105	875	6.19065603508	0.0311215005914	0.0249103228378	0.00621117775367
TCNC	105490	63355	62524	2095	1716	7.7460726046	0.0320091673033	0.0267123287671	0.00529683853616
GATN	116245	69829	71465	1756	1402	11.1496758506	0.0245302786897	0.0192405341238	0.00528974456586
AGNT	82136	49130	50268	1355	1115	6.96498621974	0.0268396553432	0.0216997839752	0.00513987136793
GGTN	132271	78233	81067	1970	1629	10.5634713564	0.0245626722192	0.0196986553159	0.00486401690339
TNGC	181668	109232	110048	3329	2878	8.49588812757	0.0295750748483	0.0254857163098	0.00408935853851
GCCG	165671	96074	97514	3305	2985	5.24711671806	0.0332565230079	0.0297017880775	0.00355473493039
NGAT	116244	70063	71449	1653	1432	5.07900682963	0.0230492498187	0.0196484680507	0.00340078176807
NGTG	125672	75386	76456	2106	1872	4.35608172274	0.027176998916	0.0238994995404	0.00327749937562
TNNC	411841	247336	247786	7926	7112	10.5059791105	0.0310504501258	0.0279013566211	0.00314909350467
GCGC	208640	123205	123765	3779	3445	4.29331197268	0.0297596547597	0.0270812043078	0.00267845045182
NGNT	486148	290470	293805	7733	7324	4.15137031947	0.0259319993427	0.0243218022841	0.00161019705866
GNTN	486149	291612	295322	7427	7028	4.2368606915	0.0248362253753	0.0232445840913	0.001591641284
