CGGCGGGT	248	9223372036854775807	0.236209413767
GGCGGGGT	116	233.436742873	0.231245856706
TGGCGGGT	279	9223372036854775807	0.218428748006
NGGCGGGT	764	9223372036854775807	0.185988442824
AGGCGGGT	125	182.827970896	0.172665579444
CGGNGGGT	422	9223372036854775807	0.124351038879
GGCGGGGA	166	139.358920937	0.120219335002
GGNGGGGT	233	201.91047193	0.118389947615
GGCAGGGT	161	127.07195508	0.104246666795
CGGGGGGT	12	11.2465142347	0.102893890675
GGCGGGGN	535	9223372036854775807	0.102732125155
CGGCGGGA	218	148.384568813	0.100873776965
NGGNGGGT	1352	9223372036854775807	0.099712380507
TGGNGGGT	534	9223372036854775807	0.0995718307724
AGGNGGGT	219	147.125357263	0.0934438400279
CGGCGGGN	930	9223372036854775807	0.0933415677105
CGGCNGGT	884	9223372036854775807	0.0922261681808
TGGCGGGA	271	154.341509729	0.0885191835466
GGCNGGGT	582	9223372036854775807	0.0848662766511
CGGCAGGT	320	189.089089533	0.0847121033043
TGGCGGGN	1210	9223372036854775807	0.0836042799624
GCGGGGGT	76	52.0241077284	0.0805739526868
GNCGGGGT	368	199.498128515	0.0804218339782
NGCGGGGT	367	202.594337296	0.0800920769472
GGGCGGGT	112	72.5064511923	0.0785174773705
TGGCNGGT	1128	9223372036854775807	0.0728889440591
NGGCGGGA	741	9223372036854775807	0.0724222018393
NGGCGGGN	3069	9223372036854775807	0.0720383846762
TGGCAGGT	296	146.700593335	0.0710887063209
CGNCGGGT	760	9223372036854775807	0.0690164338671
GGNAGGGT	293	145.863983035	0.0689292695968
TGNCGGGT	818	9223372036854775807	0.0672088070305
NGGCNGGT	3153	9223372036854775807	0.0663740607554
AGGCGGGN	476	194.659503104	0.0648873487832
NGGCAGGT	882	9223372036854775807	0.0643878102404
TNGCGGGT	941	9223372036854775807	0.0637372810722
NGNCGGGT	2419	9223372036854775807	0.0626484942922
GGGNGGGT	177	73.3723034678	0.0616057803612
GGCGGGNT	782	296.948548248	0.058460154505
AGGCGGGA	122	49.0130756027	0.0583663178796
CNGCGGGT	938	9223372036854775807	0.057334441299
GGNNGGGT	1368	9223372036854775807	0.0564931980443
GGACGGGT	74	36.720585563	0.0564901721063
GGAGGGGT	19	9.82061895541	0.055095477959
GGCGGGGC	153	46.4365044381	0.0550872658603
AGNCGGGT	458	166.2745245	0.0542459834274
CGGNAGGT	672	243.113064998	0.0540205453417
NNGCGGGT	3351	9223372036854775807	0.0535926684337
NGNGGGGT	764	273.499669829	0.0527658050757
GTCGGGGT	63	27.591063233	0.0527638606091
AGGCNGGT	529	190.218629243	0.0526766540653
GNGGGGGT	162	58.3207844147	0.0525138006897
GGNCGGGT	383	135.367551901	0.0522849882325
CGGCTCGT	81	29.5168237804	0.0518340215374
GGCGGGGT	116	9223372036854775807	0.28653388801
CGGCGGGT	248	9223372036854775807	0.274141910519
TGGCGGGT	279	9223372036854775807	0.250126225237
NGGCGGGT	764	9223372036854775807	0.215969883232
AGGCGGGT	125	9223372036854775807	0.199799324089
CGGGGGGT	12	70.1816827242	0.172655565294
GGCGGGGA	166	9223372036854775807	0.162341967443
CGGNGGGT	422	9223372036854775807	0.152827617154
GGNGGGGT	233	9223372036854775807	0.146420366328
GGCGGGGN	535	9223372036854775807	0.130561836261
NGGNGGGT	1352	9223372036854775807	0.12115279108
TGGNGGGT	534	9223372036854775807	0.119434836711
AGGNGGGT	219	9223372036854775807	0.112292025839
CGGCGGGA	218	9223372036854775807	0.109677508597
CGGCNGGT	884	9223372036854775807	0.106655950424
GCGGGGGT	76	192.293693743	0.104109082849
CGGCGGGN	930	9223372036854775807	0.104057111899
TGGCGGGA	271	9223372036854775807	0.1025508142
NGCGGGGT	367	9223372036854775807	0.0964977755351
GGCAGGGT	161	9223372036854775807	0.0957599309077
GNCGGGGT	368	9223372036854775807	0.0948388347079
TGGCGGGN	1210	9223372036854775807	0.0936414796425
CGGCAGGT	320	9223372036854775807	0.0918254631044
GGCNGGGT	582	9223372036854775807	0.0912277839723
GGGCGGGT	112	244.239290971	0.088754652333
TGGCNGGT	1128	9223372036854775807	0.0841919666316
CGNCGGGT	760	9223372036854775807	0.0827884718714
NGGCGGGN	3069	9223372036854775807	0.0817096032291
NGGCGGGA	741	9223372036854775807	0.0804613716751
TGNCGGGT	818	9223372036854775807	0.0787990025848
NGGCNGGT	3153	9223372036854775807	0.0753690773144
TGGCAGGT	296	9223372036854775807	0.0751859440127
TNGCGGGT	941	9223372036854775807	0.073862416919
GGGNGGGT	177	9223372036854775807	0.0738020911704
NGNCGGGT	2419	9223372036854775807	0.0726112653091
GGCGGGGC	153	247.887869943	0.0725215875733
AGGCGGGN	476	9223372036854775807	0.0711978855599
CNGCGGGT	938	9223372036854775807	0.0689534674206
GGNGGGGA	375	9223372036854775807	0.0685280928524
NGGCAGGT	882	9223372036854775807	0.0682816595272
GGNAGGGT	293	9223372036854775807	0.0662108394351
GGCGGGNT	782	9223372036854775807	0.0649933912898
GGACGGGT	74	113.491405955	0.0637002621409
NGNGGGGT	764	9223372036854775807	0.0629477207197
AGNCGGGT	458	9223372036854775807	0.0624002719602
GNGGGGGT	162	231.484428028	0.0619775010412
GGNNGGGT	1368	9223372036854775807	0.0614189316151
GGNGGGGN	1160	9223372036854775807	0.060510741077
NNGCGGGT	3351	9223372036854775807	0.0598473161507
CGGNGGGN	1618	9223372036854775807	0.0587699121085
CGGCGNGT	997	9223372036854775807	0.0584555780688
AGGCNGGT	529	9223372036854775807	0.0580805278226
AGGCGGGA	122	145.938369383	0.0571132208992
GGGGGGGT	8	11.9056758822	0.0567260940032
TGGNGGGA	467	9223372036854775807	0.0567038110228
CGGNAGGT	672	9223372036854775807	0.0565709778442
CGGNGGGA	390	9223372036854775807	0.0565611316321
CGGAGGGT	50	57.2454783184	0.0559100792543
GNNGGGGT	1204	9223372036854775807	0.0550861067839
GGNCGGGT	383	9223372036854775807	0.0544494107165
CGGNNGGT	2412	9223372036854775807	0.0532489814666
NCGGGGGT	192	230.919206632	0.0531312049274
GGCNGGGA	651	9223372036854775807	0.05241391021
TGGCGNGT	1139	9223372036854775807	0.0521002960672
GCGGGGGN	306	9223372036854775807	0.0517163829772
GGCGNGGT	1070	9223372036854775807	0.0516988865258
CGAGGGGT	15	26.4029491719	0.0515021459227
ANGCGGGT	744	9223372036854775807	0.0508758717788
GNCGGGGA	511	9223372036854775807	0.0506930633202
