#Sequence	Occurrence	Forward Match	Backward Match	Forward Mismatch	Backward Mismatch	Strand Bias Score	FER (Forward Error Rate)	RER (Reverse Error Rate), ERD (Error rate Difference)
GGCGGGGT	116	6565	11995	2657	19	9223372036854775807	0.288115376274	0.00158148826369	0.28653388801
CGGCGGGT	248	12160	27512	4627	41	9223372036854775807	0.275629951748	0.00148804122963	0.274141910519
TGGCGGGT	279	15047	30747	5053	39	9223372036854775807	0.251393034826	0.00126680958877	0.250126225237
NGGCGGGT	764	46124	84645	12818	127	9223372036854775807	0.217468019409	0.00149813617704	0.215969883232
AGGCGGGT	125	8205	13828	2070	23	9223372036854775807	0.201459854015	0.00166052992564	0.199799324089
CGGGGGGT	12	944	1323	197	0	70.1816827242	0.172655565294	0.0	0.172655565294
GGCGGGGA	166	11104	18383	2208	65	9223372036854775807	0.165865384615	0.00352341717259	0.162341967443
CGGNGGGT	422	29896	46272	5467	82	9223372036854775807	0.154596612278	0.00176899512448	0.152827617154
GGNGGGGT	233	18276	24498	3177	41	9223372036854775807	0.148091176059	0.00167080973145	0.146420366328
GGCGGGGN	535	37998	58010	5863	181	9223372036854775807	0.133672282894	0.00311044663264	0.130561836261
NGGNGGGT	1352	106555	148295	14904	231	9223372036854775807	0.12270807433	0.00155528325007	0.12115279108
TGGNGGGT	534	41945	58635	5763	80	9223372036854775807	0.120797350549	0.00136251383803	0.119434836711
AGGNGGGT	219	17942	24103	2297	29	9223372036854775807	0.113493749691	0.00120172385215	0.112292025839
CGGCGGGA	218	15840	24497	1997	56	9223372036854775807	0.11195828895	0.00228078035271	0.109677508597
CGGCNGGT	884	74476	97940	9047	163	9223372036854775807	0.10831746944	0.00166151901573	0.106655950424
GCGGGGGT	76	6584	8274	778	13	192.293693743	0.105677804944	0.00156872209485	0.104109082849
CGGCGGGN	930	65252	103246	7777	252	9223372036854775807	0.106491941557	0.00243482965854	0.104057111899
TGGCGGGA	271	19575	29490	2297	73	9223372036854775807	0.105020117045	0.00246930284477	0.1025508142
NGCGGGGT	367	32720	39195	3556	60	9223372036854775807	0.0980262432462	0.00152846771112	0.0964977755351
GGCAGGGT	161	15481	17978	1670	29	9223372036854775807	0.0973704157192	0.00161048481146	0.0957599309077
GNCGGGGT	368	33023	39249	3573	110	9223372036854775807	0.0976336211608	0.00279478645291	0.0948388347079
TGGCGGGN	1210	86453	132585	9221	364	9223372036854775807	0.0963793716161	0.00273789197361	0.0936414796425
CGGCAGGT	320	29603	35409	3055	61	9223372036854775807	0.0935452262845	0.00171976318015	0.0918254631044
GGCNGGGT	582	54399	63829	5561	97	9223372036854775807	0.0927451634423	0.00151737947001	0.0912277839723
GGGCGGGT	112	10712	12558	1068	24	244.239290971	0.090662139219	0.00190748688603	0.088754652333
TGGCNGGT	1128	100117	124203	9401	205	9223372036854775807	0.0858397706313	0.00164780399974	0.0841919666316
CGNCGGGT	760	66773	83453	6144	123	9223372036854775807	0.0842601862391	0.00147171436776	0.0827884718714
NGGCGGGN	3069	235997	337522	21777	938	9223372036854775807	0.0844809794626	0.00277137623353	0.0817096032291
NGGCGGGA	741	58945	81324	5343	216	9223372036854775807	0.0831103782977	0.00264900662252	0.0804613716751
TGNCGGGT	818	72172	88764	6324	157	9223372036854775807	0.0805646147574	0.0017656121726	0.0787990025848
NGGCNGGT	3153	288768	347502	24139	618	9223372036854775807	0.0771443272282	0.00177524991382	0.0753690773144
TGGCAGGT	296	27630	32467	2303	57	9223372036854775807	0.0769384959743	0.00175255196163	0.0751859440127
TNGCGGGT	941	84828	103218	6910	151	9223372036854775807	0.0753232030347	0.00146078611576	0.073862416919
GGGNGGGT	177	16772	19285	1377	40	9223372036854775807	0.0758719488677	0.00206985769728	0.0738020911704
NGNCGGGT	2419	221562	265008	17786	451	9223372036854775807	0.0743102094022	0.00169894409306	0.0726112653091
GGCGGGGC	153	11946	16639	980	55	247.887869943	0.0758161844345	0.00329459686115	0.0725215875733
AGGCGGGN	476	39145	52060	3155	177	9223372036854775807	0.0745862884161	0.00338840285621	0.0711978855599
CNGCGGGT	938	85603	103129	6493	160	9223372036854775807	0.0705025191105	0.00154905168992	0.0689534674206
GGNGGGGA	375	32810	40941	2533	129	9223372036854775807	0.0716690716691	0.00314097881665	0.0685280928524
NGGCAGGT	882	84819	97167	6389	172	9223372036854775807	0.0700486799404	0.0017670204132	0.0682816595272
GGNAGGGT	293	29320	32482	2139	58	9223372036854775807	0.06799326107	0.00178242163491	0.0662108394351
GGCGGGNT	782	61725	85365	4413	148	9223372036854775807	0.0667241222898	0.00173073099996	0.0649933912898
GGACGGGT	74	7561	8297	530	15	113.491405955	0.0655048819676	0.00180461982676	0.0637002621409
NGNGGGGT	764	72876	82062	5024	127	9223372036854775807	0.0644929396662	0.00154521894657	0.0629477207197
AGNCGGGT	458	43395	50396	2988	102	9223372036854775807	0.0644201539357	0.00201988197552	0.0624002719602
GNGGGGGT	162	15242	17376	1033	26	231.484428028	0.0634715821813	0.0014940811401	0.0619775010412
GGNNGGGT	1368	135333	149835	9101	239	9223372036854775807	0.0630114792916	0.00159254767648	0.0614189316151
GGNGGGGN	1160	102175	125025	6943	391	9223372036854775807	0.0636283656225	0.00311762454551	0.060510741077
NNGCGGGT	3351	318789	368737	20884	604	9223372036854775807	0.0614826612654	0.00163534511468	0.0598473161507
CGGNGGGN	1618	138085	177469	9019	452	9223372036854775807	0.0613103654557	0.00254045334727	0.0587699121085
CGGCGNGT	997	91787	109945	5886	199	9223372036854775807	0.0602623038097	0.00180672574085	0.0584555780688
AGGCNGGT	529	50796	58427	3239	109	9223372036854775807	0.059942629777	0.00186210195435	0.0580805278226
AGGCGGGA	122	10386	13116	679	56	145.938369383	0.0613646633529	0.00425144245369	0.0571132208992
GGGGGGGT	8	582	713	35	0	11.9056758822	0.0567260940032	0.0	0.0567260940032
TGGNGGGA	467	39914	50984	2497	111	9223372036854775807	0.058876234939	0.00217242391623	0.0567038110228
CGGNAGGT	672	67205	74367	4173	141	9223372036854775807	0.0584633920816	0.0018924142374	0.0565709778442
CGGNGGGA	390	34420	43050	2148	94	9223372036854775807	0.0587398818639	0.00217875023178	0.0565611316321
CGGAGGGT	50	5092	5186	328	24	57.2454783184	0.0605166051661	0.00460652591171	0.0559100792543
GNNGGGGT	1204	118395	130170	7166	259	9223372036854775807	0.0570718614857	0.00198575470179	0.0550861067839
GGNCGGGT	383	39222	42395	2330	69	9223372036854775807	0.0560743165191	0.00162490580256	0.0544494107165
CGGNNGGT	2412	236932	266289	13873	551	9223372036854775807	0.0553138892765	0.00206490780992	0.0532489814666
NCGGGGGT	192	18702	20488	1082	32	230.919206632	0.0546906591185	0.00155945419103	0.0531312049274
GGCNGGGA	651	61042	71145	3558	190	9223372036854775807	0.0550773993808	0.00266348917081	0.05241391021
TGGCGNGT	1139	109214	127921	6229	238	9223372036854775807	0.0539573642404	0.00185706817313	0.0521002960672
GCGGGGGN	306	28310	33026	1645	106	9223372036854775807	0.0549157068937	0.00319932391646	0.0517163829772
GGCGNGGT	1070	107487	117762	6068	205	9223372036854775807	0.053436660649	0.00173777412327	0.0516988865258
CGAGGGGT	15	1547	1688	84	0	26.4029491719	0.0515021459227	0.0	0.0515021459227
ANGCGGGT	744	73776	81657	4083	128	9223372036854775807	0.0524409509498	0.001565079171	0.0508758717788
GNCGGGGA	511	47900	56519	2714	166	9223372036854775807	0.0536215276406	0.00292846432037	0.0506930633202
