#Sequence	Occurrence	Forward Match	Backward Match	Forward Mismatch	Backward Mismatch	Strand Bias Score	FER (Forward Error Rate)	RER (Reverse Error Rate), ERD (Error rate Difference)
GGGT	3504	39547	40669	557	233	31.5485710912	0.0138888888889	0.00569654295633	0.00819234593255
CGGT	1410	15345	15740	184	71	12.1789048911	0.0118487990212	0.00449054455759	0.0073582544636
AGGT	10003	109141	109994	1273	477	80.5204732271	0.0115293350481	0.00431787527949	0.00721145976861
NGGT	26293	290440	293368	3106	1172	194.055360798	0.0105809651639	0.00397908603246	0.00660187913144
TGGT	11376	126407	126965	1092	391	73.3560383999	0.00856477305704	0.00307013411225	0.00549463894479
AAGT	21314	222762	221565	2067	978	83.9723078508	0.00919365384359	0.00439465631361	0.00479899752998
GAGT	5068	56347	54512	403	162	21.4367728471	0.0071013215859	0.00296301715624	0.00413830442967
NAGT	48848	532048	525994	3927	1819	163.241476217	0.00732683427399	0.00344629632086	0.00388053795313
CCGT	1733	18356	18541	120	53	6.40403545712	0.00649491231868	0.00285038184361	0.00364453047508
GNGT	21686	225671	222461	1643	803	60.9064754522	0.00722788741565	0.00359663895657	0.00363124845907
GGGN	11068	116805	117529	917	522	24.9320276716	0.00778953806425	0.00442181768896	0.00336772037529
ANGT	82975	826299	823566	5588	2778	203.349873001	0.00671725847381	0.00336179605588	0.00335546241793
TAGT	17691	200916	198168	1169	512	54.7187053399	0.00578469455922	0.00257700825448	0.00320768630474
CGGN	4424	49097	49002	336	183	10.4807316222	0.00679707887444	0.00372064653858	0.00307643233586
NNGT	195291	2027878	2017109	12244	6163	9223372036854775807	0.00600160186499	0.00304605609132	0.00295554577367
AGGN	31518	342507	340342	2190	1187	64.2071294904	0.00635340603487	0.00347554673249	0.00287785930238
NGGN	78175	850405	849528	5357	2914	156.786158683	0.00625991806133	0.00341841439066	0.00284150367067
TGGN	31165	341996	342655	1914	1022	60.1518975411	0.00556540955483	0.0029737224196	0.00259168713523
TNGT	75417	810924	806414	4139	2089	144.870049931	0.00507813506441	0.00258378756789	0.00249434749652
CAGT	4775	52023	51749	288	167	7.5616103834	0.00550553420887	0.00321673472533	0.00228879948354
CNGT	15213	164984	164668	874	493	23.797089244	0.00526956794366	0.00298496618451	0.00228460175915
CCGN	4424	49219	48994	238	126	8.08398950349	0.00481226115616	0.0025651465798	0.00224711457635
NCGT	16071	172343	171566	891	520	21.713341365	0.00514333214034	0.00302174494148	0.00212158719886
GGGA	4426	46118	45889	318	218	4.58527160085	0.00684813506762	0.00472813238771	0.00212000267991
TTTC	49409	499265	511284	3238	2268	43.2245578281	0.00644374262442	0.00441630058884	0.00202744203558
ACGT	6144	62769	62286	340	213	6.83086094681	0.00538750415947	0.00340805452887	0.0019794496306
GTGT	11801	116797	114845	576	349	12.0946579487	0.00490743186252	0.00302967168429	0.00187776017823
ATGT	45514	431627	429721	1908	1110	46.0414729419	0.004401028752	0.00257641627459	0.00182461247741
AAGN	88814	953970	931690	3873	2099	106.509784037	0.00404346014952	0.00224783114815	0.00179562900137
TCGT	6881	78238	78304	324	195	7.71587083799	0.00412413125939	0.00248410807781	0.00164002318158
AAAC	28424	286531	290967	1437	982	21.0494038743	0.00499013779309	0.00336360117692	0.00162653661617
NTGT	104079	1033047	1026181	4320	2652	85.262873672	0.00416438926629	0.00257767781554	0.00158671145074
CCAA	10467	113261	113853	349	171	14.2508890414	0.00307191268374	0.00149968427699	0.00157222840675
NAGN	181287	1983148	1943028	7260	4053	184.37428522	0.00364749337824	0.00208157749986	0.00156591587838
NGGA	34947	381656	377831	1846	1232	26.2179095072	0.00481353421886	0.0032501193733	0.00156341484556
GNGN	64479	697789	681173	3021	1894	51.3887455511	0.00431072615973	0.00277278802811	0.00153793813162
ANGN	254831	2712846	2671465	10490	6334	210.126701394	0.00385189341308	0.00236537544453	0.00148651796854
TAGN	52140	576115	565532	1938	1066	52.5449940236	0.00335263375504	0.00188140445254	0.0014712293025
TNGN	182458	1973602	1956218	7516	4602	147.577214432	0.00379381743036	0.00234697728501	0.00144684014535
AGGA	15241	166473	162932	750	497	10.8127995105	0.00448502897329	0.00304107594123	0.00144395303205
TTAA	83520	770184	770511	2254	1141	80.3983123284	0.00291803355091	0.00147864581443	0.00143938773648
TGGA	13381	147670	147684	652	447	9.09346960456	0.00439584148002	0.00301759928712	0.00137824219291
TTGT	39469	405363	402977	1554	991	27.2928345825	0.00381896062342	0.0024531646071	0.00136579601632
GCAA	7358	76850	76444	230	124	7.48065137642	0.00298391281785	0.0016194754989	0.00136443731895
TCGA	5556	64112	63420	246	158	4.59783289819	0.0038223686255	0.00248513636793	0.00133723225758
GAGN	21336	239009	229896	830	492	16.915714462	0.00346065485597	0.00213552789208	0.00132512696389
TCAA	26434	280141	284873	754	390	27.4405306566	0.00268427704302	0.00136715942832	0.00131711761471
CNGA	18447	212868	212334	769	489	14.2427722919	0.00359956374598	0.00229768399092	0.00130187975506
AAGA	44392	488058	468520	1460	790	38.6105489462	0.00298252566811	0.00168332232426	0.00129920334384
AAAA	257870	2109526	2165061	5118	2441	222.33420696	0.00242026553879	0.00112618119845	0.00129408434034
NCGN	39554	435631	432546	1650	1081	25.8356680091	0.0037733173863	0.00249292594788	0.00128039143843
TTGA	26434	284630	279121	1154	775	15.4882317988	0.00403801472441	0.00276888558607	0.00126912913833
TTNC	99028	1013523	1031692	4306	3075	50.4842329246	0.00423057311199	0.00297168348044	0.00125888963155
TNGA	66087	719622	707093	2663	1729	40.6653594793	0.00368691029164	0.00243925837516	0.00124765191648
CNGN	46842	528230	527748	1835	1179	31.8682943368	0.00346183958571	0.0022290410586	0.00123279852712
CCNA	24344	264931	266911	1265	945	11.4258031606	0.00475213752273	0.00352801505286	0.00122412246986
CGAA	7120	80928	78956	211	109	7.22562711506	0.00260047572684	0.00137861253399	0.00122186319285
NCGA	15425	176918	173942	668	443	9.88733442161	0.00376155778046	0.00254035610861	0.00122120167185
CNAA	75074	796618	806266	2012	1050	69.2483903874	0.00251931432578	0.00130060595851	0.00121870836727
GNGA	24342	271982	261837	1121	758	13.2464027239	0.00410467845465	0.0028865743826	0.00121810407204
GAAA	49409	511004	504474	1146	516	51.1515196318	0.0022376256956	0.00102180241193	0.00121582328367
NAGA	82692	909433	879206	2680	1521	62.2742342493	0.00293823243392	0.00172698236798	0.00121125006594
NCAA	83728	873429	881975	2320	1274	69.4165739395	0.00264916088971	0.0014424018595	0.00120675903021
GGAA	16265	173246	172137	454	247	13.8244104709	0.00261370178469	0.00143284759606	0.00118085418862
NAAA	468326	4074060	4151298	9373	4646	9223372036854775807	0.0022953725456	0.00111791689205	0.00117745565355
TNAA	271222	2529419	2547794	6249	3308	202.247048633	0.00246443935089	0.00129669452652	0.00116774482437
GNAA	99028	1030234	1019557	2512	1298	82.3746708868	0.00243235025844	0.0012714832175	0.00116086704094
GAGA	9379	104640	99692	349	217	6.07346008116	0.00332415776891	0.00217197649861	0.0011521812703
CAAA	40071	406918	415876	965	506	34.3050875278	0.00236587452774	0.0012152302453	0.00115064428244
CTAA	17416	195511	197581	487	264	15.7543621051	0.00248471923183	0.00133437792211	0.00115034130972
NNAA	943541	8741457	8806749	21388	11388	9223372036854775807	0.00244075982172	0.00129142924407	0.00114933057766
NNGA	224399	2494520	2435781	8575	5574	124.179998443	0.00342575891047	0.00228315832806	0.00114260058241
TGAA	40292	432482	426523	1097	594	31.9838539462	0.00253010408714	0.00139071963888	0.00113938444826
NGAA	108209	1164315	1138428	2913	1563	83.0611931065	0.00249565637562	0.00137106345576	0.00112459291985
ANAA	498217	4385186	4433132	10615	5732	9223372036854775807	0.00241480449183	0.00129132138313	0.0011234831087
TAGA	20716	223210	216868	611	349	14.7972589877	0.00272986002207	0.00160668824263	0.00112317177944
TCGN	15425	175557	175546	600	402	9.28559736283	0.00340605255539	0.00228476595358	0.00112128660181
ACGN	16071	172792	171338	634	437	8.28678796341	0.00365573789397	0.0025440256149	0.00111171227907
NTAA	283278	2629653	2635048	6782	3905	170.547910947	0.00257241312606	0.00147975352346	0.0010926596026
AGAA	44532	477659	460812	1151	613	32.5674148491	0.0024038762766	0.00132849325459	0.00107538302201
TTGN	83728	879934	872485	3064	2112	37.3117700302	0.00346999653453	0.0024148264858	0.00105517004873
CAGN	18997	214054	215910	619	396	11.8955098989	0.00288345530178	0.0018307397853	0.00105271551648
AANA	503429	4423908	4484544	10855	6286	279.148703692	0.00244770690114	0.0013997412505	0.00104796565063
ANGA	115523	1290048	1254517	4022	2598	59.2459447202	0.00310802352268	0.00206663670388	0.0010413868188
GTGN	28441	303912	297080	1096	764	12.1374895959	0.00359334837119	0.00256510119391	0.00102824717728
CAGA	8205	93525	94126	260	165	5.41674544017	0.00277229834195	0.00174990189944	0.00102239644251
TNTC	100841	1061009	1084831	4071	3061	37.1473985209	0.00382224809404	0.00281369841859	0.00100854967545
ACAA	39469	403177	406805	987	589	23.560960216	0.00244207796835	0.00144577485186	0.000996303116486
GTAA	25996	269134	266502	682	411	14.8920010993	0.00252764847155	0.00153982758427	0.000987820887282
GTGA	9235	106599	102507	394	277	4.13530960333	0.00368248390082	0.00269497198007	0.000987511920741
NTGN	249594	2643283	2611502	8595	5961	97.781577569	0.00324109932659	0.00227739608927	0.000963703237324
AANC	65360	691876	698144	2131	1479	27.8604965161	0.00307057421611	0.00211399568053	0.000956578535579
TAAA	120976	1046612	1065887	2144	1183	65.2533024506	0.00204432680242	0.00110864329425	0.000935683508167
NTTC	108209	1133706	1165983	4639	3674	31.5758595947	0.00407521445607	0.00314109179016	0.000934122665917
NTGA	91335	1026513	1004802	3381	2378	34.4515414969	0.00328286211979	0.00236104767767	0.000921814442117
ATGN	118428	1243577	1228095	3793	2611	45.2768767796	0.00304079783865	0.00212154649445	0.000919251344201
ATAA	156346	1394824	1400454	3359	2089	66.5119273095	0.00240240369108	0.00148943740049	0.000912966290583
CGNA	15932	172265	170545	581	419	6.07476624498	0.00336137370839	0.00245080835731	0.000910565351073
TTNA	271222	2539751	2522856	12716	10372	49.345123448	0.00498184697393	0.00409438076636	0.000887466207569
ANAC	80130	784744	790054	2617	1942	23.6808182772	0.00332376127342	0.00245203258602	0.000871728687395
GANA	100841	1083915	1065740	2539	1573	46.8741917075	0.00233696042354	0.00147379447266	0.000863165950881
CNNA	205181	2118390	2140774	6658	4890	63.9745179771	0.00313310569926	0.00227901479449	0.000854090904772
AATA	161066	1413662	1436648	3344	2167	59.8944059953	0.0023599053215	0.00150610050632	0.000853804815182
NANA	1171625	9935726	9986233	24822	16423	9223372036854775807	0.00249203156292	0.00164186392094	0.000850167641979
CNTA	83852	825385	832220	2973	2288	21.5800299781	0.00358902793237	0.00274173524999	0.000847292682376
CATA	48136	453464	454578	1179	799	16.973384646	0.00259324348995	0.00175459015277	0.000838653337173
CTNA	53678	580428	589901	2017	1560	15.2468390491	0.00346298792161	0.00263753654087	0.000825451380736
TTTG	40071	412379	407541	1783	1431	8.29645438398	0.00430507868902	0.00349901704762	0.000806061641394
CANA	111227	1100766	1113417	2795	1966	34.4803585385	0.00253271001784	0.00176262324242	0.000770086775422
ANNA	1028427	9689405	9738280	25474	18197	272.285280734	0.00262216338464	0.00186511996082	0.000757043423817
CTTA	22180	227173	231981	982	826	4.35135878435	0.00430409151673	0.00354800328169	0.000756088235044
CTGN	18997	215860	213842	642	474	5.87749968644	0.00296533057431	0.00221168741485	0.000753643159468
NAAC	71681	751801	757576	2496	1968	15.3718643609	0.00330904139881	0.00259102830119	0.000718013097621
ATGA	49009	556683	545390	1550	1131	13.3063298906	0.00277661836545	0.00206945387277	0.00070716449268
GNNA	215308	2302307	2274349	6463	4771	52.0386524576	0.00279932604807	0.00209335182	0.000705974228068
GGNT	25393	281332	284848	1111	928	4.77379908135	0.00393353703225	0.00324729858351	0.000686238448745
TACC	9882	104979	104567	176	104	4.58760738254	0.00167371974704	0.00099358943738	0.00068013030966
GGNA	33230	350952	350366	1167	927	6.64654760212	0.0033142204766	0.00263882286297	0.000675397613634
AGNA	89880	971788	947372	2616	1916	20.7460830045	0.00268471804303	0.00201835480908	0.000666363233951
TNNA	897662	7637011	7614339	27063	21897	116.100085449	0.00353115066478	0.00286751221413	0.000663638450644
NATA	516528	3922850	3922223	10272	7701	80.9090802996	0.00261166574543	0.00195957987992	0.000652085865514
NTNA	749228	7296704	7288312	26707	21892	103.442887133	0.00364679791971	0.00299471806806	0.000652079851653
TTAC	25996	266310	269582	628	460	6.83915019249	0.00235260622317	0.00170343872435	0.000649167498821
TNNC	215308	2269968	2305769	6349	4984	41.5707894185	0.00278915458611	0.00215687267311	0.000632281913007
NCNA	182458	1959025	1974835	6348	5184	28.6113393246	0.00322992124141	0.00261815669446	0.000611764546957
NTNC	243267	2517707	2557850	7373	5929	40.256283401	0.00291990748808	0.00231260182722	0.000607305660855
TANA	456128	3327137	3322532	8633	6598	59.5534010576	0.00258800816603	0.00198189917486	0.000606108991171
ATCC	11180	124381	124843	176	104	4.71206832638	0.00141300769929	0.000832352917637	0.000580654781649
TTCC	16265	171722	174101	279	183	5.30075061438	0.00162208359254	0.00105001032797	0.000572073264567
NACC	26293	294202	294271	408	241	10.1397485208	0.00138488170802	0.00081830281958	0.000566578888441
AGNT	56423	621285	613379	2424	2047	6.66724656462	0.00388642780527	0.00332615131632	0.000560276488951
NGNA	243267	2555658	2518362	7781	6256	32.3240087684	0.00303537552483	0.00247799865168	0.000557376873155
TCNA	66087	709470	718872	2297	1933	8.70649775602	0.00322717968099	0.00268172390591	0.00054545577508
AATC	20797	228664	231925	408	287	5.65942875183	0.00178109939233	0.00123593957246	0.000545159819871
TTTA	120976	1059439	1041522	7629	6930	5.66920686815	0.00714949750157	0.00660974465212	0.000539752849449
GTNA	64627	690277	682494	2146	1754	8.4358956739	0.00309926157854	0.0025633980662	0.000535863512346
GATA	33274	373450	366345	808	596	6.85688414377	0.00215893848628	0.00162423931913	0.000534699167157
ANCC	25393	284592	283045	432	282	7.42016285886	0.001515661839	0.000995316365895	0.000520345473108
ATAC	33715	312650	311499	864	698	4.37791523374	0.00275585779263	0.00223576780046	0.000520089992175
NTCC	34947	379019	383661	545	353	10.2469114567	0.00143585798442	0.000919237319473	0.000516620664952
NNTC	224399	2440366	2500123	6415	5275	31.5591469664	0.00262181208698	0.00210545390393	0.000516358183052
NNAC	195291	2019373	2039412	5033	4058	25.8717476247	0.00248616137277	0.00198583781509	0.000500323557679
ACNA	75417	807461	813303	2175	1789	9.62225649994	0.0026863924035	0.00219484426298	0.000491548140521
ANNC	187596	1939770	1953074	4555	3627	25.2772556915	0.00234271533823	0.00185363016628	0.000489085171943
AGNN	181286	1984669	1944318	5663	4631	19.0772152017	0.00284525395763	0.00237615248013	0.0004691014775
ATNA	359701	3486248	3493061	9828	8206	33.433746721	0.00281115170265	0.00234372300085	0.000467428701807
NTAC	77095	765245	770526	1773	1435	9.0787645461	0.00231154940301	0.00185890219843	0.000452647204586
NNCC	78175	851756	856726	1243	862	16.3898550624	0.00145721155593	0.00100514466154	0.000452066894395
TNCC	33230	350383	352643	531	375	6.80113189351	0.00151319126624	0.0010622687795	0.000450922486741
TATA	274052	1682274	1664652	4941	4139	14.5325522834	0.0029284945902	0.00248023868777	0.000448255902429
NANC	192983	2113243	2137191	4442	3569	23.8699891466	0.00209757352959	0.00166716493208	0.000430408597505
GGAN	34947	382018	379972	906	738	4.20845321507	0.00236600474246	0.00193848336004	0.000427521382418
ANTA	318041	2959079	2985431	8264	7102	22.3925174368	0.00278498306397	0.00237324032851	0.000411742735462
NNTA	929042	7891456	7885255	27903	24716	42.4491609257	0.00352339122396	0.0031246637946	0.000398727429366
GGNN	78175	852452	852632	2513	2180	5.90158288203	0.00293930160884	0.0025502683631	0.000389033245736
CNTC	38553	452064	473613	623	475	6.71430838813	0.00137622684106	0.00100192369349	0.000374303147571
TNAC	64627	682807	691592	1411	1173	6.20252354962	0.00206220824357	0.00169321487084	0.000368993372728
TGNA	104225	1060653	1050079	3417	2994	5.93478828832	0.00321125489864	0.00284310774277	0.000368147155876
AGAN	82691	909146	881228	2123	1736	6.79430376537	0.0023297182281	0.00196610507337	0.000363613154731
TNTA	456128	3335970	3302146	14591	13344	10.3552880536	0.0043547931227	0.00402474445708	0.000330048665625
NGAN	224399	2494999	2446158	5550	4683	13.3728656323	0.00221951259503	0.00191077266946	0.000308739925571
CNNC	79965	911656	943794	1283	1058	7.33457003567	0.00140535128853	0.00111975208816	0.000285599200373
NTTA	283279	2631805	2623564	13275	12481	5.53824857375	0.00501875179579	0.00473474466483	0.000284007130958
NGNT	192983	2129107	2114873	6701	6071	6.6513041426	0.00313745430301	0.00286240466509	0.000275049637916
ATNC	86386	867861	871035	1836	1604	4.27491332441	0.00211108006582	0.00183810258308	0.000272977482732
NATC	76780	870448	888832	1223	1042	4.72239763966	0.0014030522984	0.00117095229212	0.000232100006279
AANN	943546	8725336	8817018	26894	25818	8.3696369118	0.00307281687067	0.0029196515688	0.000153165301876
TTNN	943541	8777423	8742976	26141	24751	7.93501825691	0.00296936558875	0.00282296654538	0.000146399043378
