#Sequence	Occurrence	Forward Match	Backward Match	Forward Mismatch	Backward Mismatch	Strand Bias Score	FER (Forward Error Rate)	RER (Reverse Error Rate), ERD (Error rate Difference)
TTTTTTTTTC	7161	11989	15103	506	244	35.5180438622	0.0404961984794	0.0158988727439	0.0245973257355
TANTTTTTTC	846	2501	2665	90	30	8.2849699205	0.0347356233115	0.0111317254174	0.023603897894
NTTTTTTTTC	13732	27656	32932	1206	628	64.0521911435	0.0417850460814	0.0187127532777	0.0230722928036
TNTTTTTTTC	11425	23192	27213	962	471	55.3532526095	0.0398277717976	0.0170134373645	0.0228143344331
TTTTTTTTNC	11996	21942	27017	747	353	51.3475271903	0.0329234430781	0.0128973328462	0.020026110232
TTNTTTTTTC	12436	25402	29754	947	485	50.1985306367	0.0359406429086	0.0160388901749	0.0199017527337
ATANAAATTT	741	1827	1920	39	3	8.77770275864	0.0209003215434	0.0015600624025	0.0193402591409
TTTNTTTTTC	9281	19793	22567	674	334	35.8223755116	0.0329310597547	0.01458451596	0.0183465437947
NNTTTTTTTC	20251	49352	55669	1927	1093	73.4982188057	0.0375787359348	0.0192558401748	0.01832289576
NTNTTTTTTC	22514	53986	60721	2002	1082	84.5675716159	0.0357576623562	0.0175072407488	0.0182504216074
NTTTTTTTNC	20314	44906	52040	1483	752	77.6676783158	0.0319687857035	0.0142445825125	0.017724203191
TATNTTTTTC	1377	4024	4283	121	50	8.19386543986	0.0291917973462	0.0115393491807	0.0176524481655
ATTTTTTTTT	12069	16356	18414	554	286	26.5153375613	0.0327616794796	0.0152941176471	0.0174675618325
TNTTTTTTNC	17022	37695	43312	1172	570	65.1392913181	0.0301541153163	0.0129893806116	0.0171647347047
TNNTTTTTTC	18152	44597	49268	1545	827	63.6907122082	0.0334835941225	0.0165086335962	0.0169749605263
TTTTTTTNTC	9318	18059	21582	532	270	30.6565583527	0.0286159969878	0.0123558484349	0.0162601485529
TTTTTNTTTC	7130	14614	16983	434	224	22.7699012939	0.0288410419989	0.0130179578079	0.0158230841911
TTTTTTNTTC	7248	14983	17343	443	227	23.3127878003	0.0287177492545	0.0129197495731	0.0157979996814
TNTNTTTTTC	17674	43872	47911	1371	719	57.4513999607	0.030303030303	0.0147851120707	0.0155179182323
TNTNTTTTTG	2490	5905	6679	186	102	8.37374595879	0.0305368576588	0.0150420291992	0.0154948284596
NANTTTTTTC	2097	6889	7224	224	118	8.82129550989	0.0314916350344	0.0160719150095	0.0154197200249
TANNTTTTTC	2192	7000	7340	197	90	10.3645330602	0.0273725163262	0.0121130551817	0.0152594611446
NTTNTTTTTC	20575	51716	57112	1654	931	60.7271719172	0.0309911935544	0.0160398325379	0.0149513610165
TTNTTTTTNC	21112	47627	54564	1336	685	66.8638969889	0.0272859097686	0.0123984144509	0.0148874953177
TANTTTTTNC	1774	5460	5702	144	63	8.22485748001	0.0256959314775	0.0109280138768	0.0147679176007
CTNTTTTTTN	4132	9761	10166	342	198	10.2034948058	0.0338513312877	0.0191045928213	0.0147467384664
TTTTNTTTTC	7522	16651	18839	462	235	23.273295941	0.0269970198095	0.0123204361959	0.0146765836136
GNTTTAGGGT	639	4712	5082	95	26	10.2659679977	0.0197628458498	0.00509005481597	0.0146727910338
NTTTTTTNTC	18681	43895	49751	1278	688	56.2972738104	0.0282912359153	0.0136402387042	0.0146509972111
NNTTTAGGGT	659	4803	5186	96	26	10.480491997	0.0195958358849	0.00498848810437	0.0146073477805
GGTTTAGGGT	625	4666	5022	94	26	10.0387971969	0.0197478991597	0.00515055467512	0.0145973444845
GGTTTAGNGT	626	4672	5028	94	26	10.0374974502	0.0197230381872	0.00514444004749	0.0145785981397
GGTNTAGGGT	626	4675	5034	94	26	10.0463820474	0.0197106311596	0.00513833992095	0.0145722912386
NGTTTAGGGT	626	4673	5022	94	26	10.0150298689	0.0197189007762	0.00515055467512	0.0145683461011
NTNTTTTTCC	1432	4435	4831	91	27	9.78557855505	0.0201060539107	0.00555784273364	0.0145482111771
GNTTTAGNGT	645	4753	5125	95	26	10.263171526	0.019595709571	0.00504756357989	0.0145481459911
GGTTTANGGT	630	4689	5050	94	26	10.0496746198	0.0196529374869	0.00512214342002	0.0145307940669
GNTNTAGGGT	647	4756	5117	95	26	10.2276519326	0.0195835910122	0.00505541512736	0.0145281758848
GGTTTAGGGN	627	4689	5043	94	26	10.0274964727	0.0196529374869	0.00512921680805	0.0145237206789
GGTNTAGNGT	630	4693	5057	94	26	10.0583006106	0.019636515563	0.00511508951407	0.0145214260489
GGTTTNGGGT	628	4691	5038	94	26	10.0049043371	0.019644723093	0.00513428120063	0.0145104418924
NGTTTAGNGT	629	4698	5046	94	26	10.0066080795	0.0196160267112	0.0051261829653	0.0144898437459
GGTTTANNGT	638	4707	5073	94	26	10.0615460007	0.019579254322	0.00509903902726	0.0144802152948
NGTNTAGGGT	633	4707	5071	94	26	10.0552324797	0.019579254322	0.00510103982735	0.0144782144947
GGTNTAGGGN	629	4709	5067	94	26	10.035864703	0.019571101395	0.00510504614176	0.0144660552532
GNTTTAGGGN	650	4782	5156	95	26	10.2630671626	0.0194791880254	0.00501736781166	0.0144618202138
NGTTTAGGGN	631	4709	5062	94	26	10.0200907635	0.019571101395	0.00511006289308	0.0144610385019
GGTNTANGGT	634	4715	5080	94	26	10.0566387739	0.0195466833021	0.00509204857031	0.0144546347318
GGTNTNGGGT	631	4713	5059	94	26	9.9971854691	0.0195548158935	0.00511307767945	0.014441738214
NGTTTANGGT	639	4724	5079	94	26	10.0232253072	0.0195101701951	0.0050930460333	0.0144171241618
GNTTTNGGGT	649	4790	5136	95	26	10.1732235972	0.0194472876151	0.00503680743898	0.0144104801762
GNNTTAGGGT	645	4793	5147	95	26	10.1977627724	0.0194353518822	0.00502609704234	0.0144092548398
GGTTTANGGN	635	4731	5087	94	26	10.024890749	0.019481865285	0.00508507725406	0.0143967880309
GNTTTANGGT	659	4807	5176	95	26	10.2418953185	0.0193798449612	0.00499807766244	0.0143817672988
GGTTTNGNGT	635	4732	5075	94	26	9.98387102074	0.0194778284293	0.00509703979612	0.0143807886332
GGTTTAGNGN	634	4748	5111	94	26	10.0432209243	0.0194134655101	0.00506131983648	0.0143521456736
GGNTTAGGGT	630	4746	5086	94	26	9.97165803234	0.0194214876033	0.00508607198748	0.0143354156158
GGNNTAGGGT	631	4755	5098	94	26	9.97923895348	0.019385440297	0.00507416081187	0.0143112794851
GGNTTAGNGT	632	4757	5100	94	26	9.97883826425	0.0193774479489	0.00507218103785	0.014305266911
NGNTTAGGGT	632	4762	5092	94	26	9.93729622426	0.0193574958814	0.00508010941774	0.0142773864636
NGTTTNGGGT	631	4703	5045	94	27	9.66128148419	0.0195955805712	0.00532334384858	0.0142722367226
GGNTTAGGGN	632	4769	5107	94	26	9.96086956096	0.0193296319145	0.00506526397818	0.0142643679363
GGNTTANGGT	638	4786	5128	94	26	9.96996214759	0.019262295082	0.00504462553357	0.0142176695484
GGTTTNNGGT	654	4868	5244	96	27	10.1129023821	0.0193392425463	0.00512236767217	0.0142168748742
GGNTTNGGGT	640	4807	5132	94	26	9.91331928411	0.0191797592328	0.00504071345483	0.014139045778
GGTTTNGGGN	639	4765	5118	94	27	9.6827680746	0.0193455443507	0.00524781341108	0.0140977309396
TTTNTTTTNC	13762	32017	35696	823	400	42.9412977268	0.0250609013398	0.0110815602837	0.0139793410561
TNTTTTTNTC	13817	33279	37108	858	434	41.481489648	0.0251340188066	0.0115603857013	0.0135736331052
ATTTTTTTTN	7986	12412	13989	452	312	10.366902911	0.0351368159204	0.0218166561779	0.0133201597425
GNTTNAGGGT	998	7742	7956	136	32	15.1871102988	0.017263264788	0.00400600901352	0.0132572557745
GGTTNAGGGT	971	7595	7800	134	32	14.7896019942	0.0173373010739	0.00408580183861	0.0132514992353
GGTTNANGGT	985	7669	7869	135	32	14.9605296801	0.0172988211174	0.00405012023794	0.0132487008794
NTTTTNTTTC	17234	41788	46682	1143	633	45.5551007069	0.0266241177704	0.0133784212195	0.0132456965509
CTTNTTTTTN	3756	9509	9901	309	184	8.59105711799	0.0314728050519	0.0182449181953	0.0132278868566
GGTNNAGGGT	973	7610	7816	134	32	14.7916312181	0.0173037190083	0.00407747196738	0.0132262470409
GGTTNAGNGT	974	7611	7813	134	32	14.7799685143	0.0173014848289	0.00407903123008	0.0132224535988
GGTTNNGGGT	977	7633	7835	134	32	14.7787205111	0.0172524784344	0.00406762425321	0.0131848541812
ANTTTTTTTT	26536	39874	43590	1105	610	41.6498622521	0.0269650308695	0.0138009049774	0.0131641258921
ATTNTTTTTT	16597	26973	29420	714	379	29.5493949792	0.0257882760862	0.0127185476023	0.013069728484
NGTTNAGGGT	989	7713	7906	134	32	14.7484763058	0.0170765897795	0.00403124212648	0.0130453476531
AAAAAAAATT	4242	7120	8119	113	21	17.0857046866	0.0156228397622	0.00257985257985	0.0130429871823
TTNNTTTTTC	21089	53672	58878	1523	872	52.7486189502	0.0275930790833	0.0145941422594	0.0129989368238
GGTTNAGGGN	980	7696	7863	134	33	14.326362741	0.0171136653895	0.00417933130699	0.0129343340825
TNTTTNTTTC	14187	34467	37816	903	483	37.1583280647	0.0255301102629	0.0126112953341	0.0129188149289
GGNTNAGGGT	985	7726	7918	134	33	14.3958621144	0.017048346056	0.00415042133065	0.0128979247253
NTTTTTNTTC	16626	42004	46182	1091	584	44.914138225	0.0253161619677	0.0124877047428	0.012828457225
TTTTTTTNNC	21018	44630	52426	1042	536	55.6356782219	0.0228148537397	0.0101204637287	0.012694390011
NAAAAAAATT	9936	19823	22164	337	90	37.9486710132	0.0167162698413	0.00404421677002	0.0126720530713
NTTTNTTTTC	14596	37485	41120	1015	572	36.8882208127	0.0263636363636	0.0137196584477	0.012643977916
AAAAAAANTT	10688	19513	22205	306	63	42.5918941696	0.0154397295524	0.00282917190587	0.0126105576466
TTNTTTTNTC	17046	40166	44890	1006	542	42.8594399463	0.0244340814146	0.011929917239	0.0125041641756
TATTTTTTTN	5855	9959	10792	296	180	8.92001101824	0.0288639687957	0.0164053955523	0.0124585732434
TTTTTTNTNC	10989	24565	27822	564	281	29.5483786781	0.02244418799	0.00999893249831	0.0124452554917
TTNTNTTTTC	14911	37893	41441	949	508	38.6176817764	0.0244323155347	0.0121099430261	0.0123223725087
AAAAAAAANT	16560	24487	28682	578	312	28.2560755961	0.0230600438859	0.0107608470718	0.0122991968141
ATTTNTTTTT	11682	18908	21085	474	261	19.5323796775	0.0244556805283	0.0122271151504	0.0122285653779
TNTTTTNTTC	14740	37099	40592	905	477	38.2048017137	0.0238132828123	0.0116145998198	0.0121986829925
TTTTTNTTNC	10788	24635	27777	550	271	29.1171044516	0.0218383958706	0.00966200798631	0.0121763878842
TNTTNTTTTC	15137	39345	42743	979	524	39.0729713515	0.0242783454022	0.0121108466036	0.0121674987986
NAAAAAATTT	1577	3981	4250	63	15	8.13281442738	0.0155786350148	0.00351699882767	0.0120616361872
NTTTTTTTTT	423095	371513	499188	12743	10790	269.185345484	0.0331627873085	0.0211577754335	0.012005011875
TTTTTTTTTT	283010	213201	306428	7547	6953	154.801947305	0.0341883052168	0.0221870502679	0.0120012549489
TATNTTTTNC	2431	7294	7587	149	64	8.70416886057	0.0200188096198	0.00836491961835	0.0116538900014
ATNTTTTTTT	27376	41119	45019	1073	632	34.6502567186	0.0254313613955	0.0138441655166	0.0115871958789
TTTTTTTNAA	1843	3357	3974	47	9	8.19718054879	0.0138072855464	0.00225960331408	0.0115476822323
TTTNTTTNTC	12664	30840	33831	709	374	30.3021930339	0.0224729785413	0.0109340739658	0.0115389045755
NTTTTTTTTN	509252	529422	686459	17861	14814	9223372036854775807	0.0326357661393	0.0211244408383	0.011511325301
TTTTTTTTTN	404039	353554	489889	11911	10564	240.718005817	0.0325913562174	0.0211088753589	0.0114824808585
TTNTTNTTTC	17583	43068	47627	1050	594	38.7914025319	0.0237998096015	0.0123182845648	0.0114815250367
TTNTTTNTTC	14819	36351	40002	852	467	33.588895666	0.0229013789211	0.0115396970521	0.011361681869
TTTTNTTTNC	15270	36475	40947	793	413	36.9921344175	0.0212783084684	0.00998549323017	0.0112928152382
GGTTNAGGNT	1061	8371	8741	136	43	11.9941069847	0.0159868343717	0.00489526411658	0.0110915702551
ATANAANTTT	1956	4655	4865	60	8	10.741478764	0.0127253446448	0.00164169915863	0.0110836454861
ANANAAATTT	2002	5409	5624	72	12	10.35905692	0.0131362889984	0.00212916962385	0.0110071193745
ANAAAAAATT	10134	21211	23277	302	72	36.2081969598	0.0140380235207	0.00308364383914	0.0109543796815
ANTTTTTTTN	12376	21656	23990	667	468	13.2419621617	0.0298794964834	0.019134843405	0.0107446530784
TTTNTNTTTC	5876	14739	15692	330	178	12.6901008482	0.0218992633884	0.0112161310649	0.0106831323235
TNANATTTTT	1736	4299	4469	55	9	8.88873641258	0.0126320624713	0.0020098258151	0.0106222366562
TNTTTTTTTT	371685	325769	437093	10505	9281	185.941721764	0.0312394059606	0.0207919816118	0.0104474243488
NNAAAAAATT	23972	59914	64838	875	262	83.1431975725	0.0143940515554	0.00402457757296	0.0103694739824
NAAAAAANTT	28753	66750	73066	936	254	99.2616256751	0.0138285612978	0.00346426623022	0.0103642950675
NNTTTTTTTT	509252	536522	674956	16328	13196	9223372036854775807	0.0295342317084	0.0191759960009	0.0103582357075
TNTTTTTTTN	475236	497211	641931	15711	13343	273.151969902	0.0306303882462	0.0203624743237	0.0102679139224
TTTNNTTTTC	11236	29826	31987	652	361	23.4596617276	0.0213924798215	0.0111598862372	0.0102325935843
NATTTTTTTT	6914	11440	12325	267	159	8.4456077175	0.022806867686	0.0127363024672	0.0100705652188
ATTTTTNTTT	12072	20481	22528	416	225	17.2981114542	0.0199071637077	0.00988880587175	0.010018357836
TTTNTTNTTC	11164	29428	31408	614	336	22.4517974991	0.0204380533919	0.0105846774194	0.00985337597256
AANAAAAAAT	7984	12969	14424	332	222	8.25232620171	0.0249605292835	0.015157722245	0.00980280703853
ANTNTTTTTT	43134	77517	83775	1705	996	53.5857576681	0.0215217995001	0.0117493010581	0.00977249844199
TTTTTTNNTC	9945	23585	26411	474	265	19.1741600986	0.0197015669812	0.00993402309192	0.00976754388925
AAAAANAAAT	7102	11346	12741	248	150	8.64085488739	0.0213903743316	0.0116360251338	0.00975434919774
AATANANTTT	1536	3376	3544	35	2	8.5274013208	0.0102609205512	0.000564015792442	0.00969690475872
AAAANAAAAT	8009	13047	14381	285	170	9.62421576204	0.0213771377138	0.0116830458388	0.009694091875
AANAAAAATT	7219	14868	16268	184	42	22.9330898172	0.012224289131	0.00257510729614	0.00964918183488
AAANAAAATT	2925	5921	6541	76	20	8.92792119161	0.0126730031683	0.00304831580552	0.00962468736273
TTTTTNTNTC	5343	12631	13972	257	146	9.94777423243	0.0199410304159	0.0103414081315	0.00959962228443
TANTTTTTTN	8993	17354	18336	444	286	10.063821044	0.0249466232161	0.0153581784986	0.00958844471754
ANTTNTTTTT	37959	70105	75361	1439	805	49.9140380057	0.0201134965895	0.0105690202978	0.00954447629174
NAAAAAAANT	23147	41362	46547	976	640	25.6306355909	0.0230525768813	0.0135630576218	0.00948951925949
ATTTTNTTTT	21006	34655	37524	726	421	23.9138738443	0.0205194878607	0.0110950059296	0.00942448193108
TTTTTNNTTC	10339	25431	27961	498	277	19.2984978661	0.0192062941108	0.00980947659183	0.00939681751901
NTTTTTTTAA	3034	6057	6871	77	22	8.81252485904	0.0125529833714	0.0031916436965	0.00936133967487
NAAAAANTTT	4673	12708	13652	158	40	17.8233695132	0.0122804290378	0.00292141396436	0.00935901507342
TTTTNTTNTC	14569	37185	40867	699	375	29.050966867	0.018451061134	0.00909267251831	0.00935838861568
NNATAAAAAT	3168	8620	8692	139	57	8.20517368399	0.015869391483	0.00651503028918	0.00935436119387
TATNTTTTTN	32080	57952	61815	1336	826	34.2586592427	0.0225340709756	0.0131862518159	0.00934781915967
ANNTAAATTT	1050	3295	3327	32	1	8.42250673995	0.00961827472197	0.000300480769231	0.00931779395274
TTTTNTNTTC	5895	15433	16545	292	156	11.8017318963	0.0185691573927	0.00934075803844	0.00922839935425
TTTTNNTTTC	10611	27532	29875	530	292	20.1611521179	0.0188867507662	0.00967945105579	0.00920729971037
NATNTTTTTT	17774	33222	35618	643	353	23.6425664504	0.0189871548797	0.00981346084346	0.00917369403621
ANNTTTTTTT	52505	89916	96523	1972	1204	53.3437877519	0.0214609089326	0.0123200343815	0.00914087455112
ATTTTTTNTT	7984	13091	14349	286	178	8.46429897901	0.0213799805637	0.0122530460522	0.00912693451148
NTNTTTTTTT	475236	500505	629192	14630	12365	228.261534286	0.0284003222456	0.0192734238735	0.00912689837214
ANAAAAANTT	24602	58091	62786	704	180	77.205828537	0.0119738072965	0.00285868563987	0.00911512165667
TTNTTTTTTT	288175	255762	341591	7895	7274	113.025285242	0.0299442078155	0.0208504722457	0.00909373556975
AANAAAAANT	34934	66497	73369	1311	761	45.07745903	0.0193340018877	0.0102657493592	0.00906825252845
ATNNTTTTTT	46455	85688	91734	1744	1021	52.8488745537	0.0199469301857	0.0110074928575	0.00893943732822
TATATNTTTT	7041	9843	10473	151	66	9.05039262009	0.0151090654393	0.00626245374324	0.00884661169602
TTNTTTTTTN	442229	473141	608525	13949	12318	199.644233543	0.0286374181363	0.0198407648955	0.00879665324081
NTTNTTTTTT	464250	500338	628358	14027	11834	219.813548282	0.0272705180174	0.0184850794762	0.0087854385412
ANAAAANTTT	5605	15241	16063	180	48	18.8090176688	0.0116723947863	0.00297933089194	0.00869306389439
TTTNTTTTTT	304473	277231	368508	8211	7555	115.388659863	0.028765913916	0.0200897190098	0.00867619490612
ATNTTTTTTN	19624	35311	38546	965	704	15.1486119058	0.0266016098798	0.0179363057325	0.00866530414733
ATTTTTTTNN	12112	23047	25137	577	403	11.0399410831	0.0244243142567	0.0157791699295	0.00864514432717
ANTTTTNTTT	18498	34876	37589	599	316	24.5829466651	0.0168851303735	0.00833663105131	0.00854849932219
ATTNNTTTTT	29857	57768	61897	1113	648	34.6874301113	0.018902532226	0.0103605404109	0.00854199181511
ANAAAAAANT	23314	42506	47344	898	583	23.525120183	0.0206893373883	0.0121643332568	0.00852500413143
NATTTTTTTN	22546	43782	47058	1111	776	19.3045579523	0.0247477334997	0.0162227704143	0.00852496308531
ANNAAAAATT	18532	45661	48310	527	143	53.2933291579	0.0114098900147	0.00295131364415	0.00845857637057
NTNTTTTTAA	5469	12778	13715	145	39	15.6029215945	0.0112203048828	0.00283553875236	0.0083847661304
TTTTTTTNTT	303470	270969	363629	7641	7060	110.972751613	0.0274254334015	0.0190456150574	0.00837981834416
TTTTTTTTNN	461642	486457	636359	13603	12217	196.791464354	0.0272027356717	0.0188366513716	0.0083660843001
ATNTNTTTTT	66233	112718	120010	2151	1257	64.1444120482	0.0187256788167	0.0103655569941	0.00836012182267
NATNAAAAAT	5071	13479	13559	240	125	8.65839514566	0.0174939864422	0.00913475591932	0.00835923052284
ATTNTTTTTN	12405	23822	25974	627	457	10.0661259687	0.0256452206634	0.0172903030532	0.00835491761019
AAAAAANATT	3128	6342	7054	68	16	8.81044030357	0.010608424337	0.0022630834512	0.00834534088577
NNAAAAATTT	3164	9159	9451	107	31	10.2235718784	0.011547593352	0.00326935245729	0.00827824089475
NTTTNTTTTT	417169	459872	571793	12208	10241	186.975716073	0.0258600237248	0.0175951920335	0.00826483169134
TTTTTTNTTT	302046	272022	362897	7594	6991	108.79566179	0.0271586747539	0.0189003157713	0.00825835898269
AAAANAAANT	25689	46559	51154	756	399	32.519034136	0.0159780196555	0.00773960778228	0.00823841187322
TNTATATTTT	5733	8951	9426	111	38	9.21993375342	0.0122489516663	0.00401521555368	0.00823373611262
TAAANNAATT	1700	4699	4725	43	4	8.58946554254	0.00906790383804	0.000845844787481	0.00822205905056
TTTTTTTTNT	293248	256366	346762	7892	7671	91.9543722872	0.0298647533849	0.0216430185677	0.00822173481727
AAAAAAANNT	36196	60854	69141	979	532	43.1723552757	0.01583296945	0.00763566948459	0.00819729996538
NANAAAAATT	21535	52655	56556	611	186	56.7319793048	0.0114707317989	0.00327799513588	0.00819273666302
NTAAAAANTT	2310	6883	7267	76	20	8.33540538533	0.0109211093548	0.00274461369562	0.00817649565917
ANTTTNTTTT	40724	74647	79492	1338	758	43.78301129	0.0176087385668	0.00944548286604	0.00816325570078
ATTNTTTTNT	7706	14747	15489	270	154	8.83514781063	0.0179796230938	0.00984465895289	0.00813496414094
NTTTTTTNTT	411356	440397	553758	11430	9675	178.085441007	0.0252972929905	0.0171715181752	0.00812577481527
ATTNTNTTTT	44089	83951	89119	1424	772	51.4514619338	0.0166793557833	0.00858817901681	0.0080911767665
AAANAAAANT	32623	60586	66710	1073	629	35.9538913625	0.0174021635122	0.00934079805165	0.00806136546057
AAAANAAATT	6275	13139	14317	131	26	17.9364885869	0.00987189148455	0.00181273094889	0.00805916053566
AANNAAAAAT	36165	72197	76696	1539	996	33.4371908843	0.0208717587067	0.0128198527519	0.00805190595485
TTTNTTTTTN	456917	504992	640822	13867	12197	188.485824381	0.0267259505954	0.0186778638906	0.0080480867048
NTTTTTTTNT	417162	436536	554741	12674	11427	152.828073341	0.0282139756461	0.0201830552062	0.00803092043991
NAANAAAATT	8459	20456	22198	235	75	21.6085046596	0.0113575950897	0.00336730570646	0.00799028938319
TTTTNTTTTT	307019	287042	377327	7988	7354	105.441478757	0.0270752126902	0.0191171386162	0.00795807407408
AAAAANAANT	23945	44048	48549	685	361	29.9073559774	0.0153130798292	0.00738090370067	0.00793217612853
TNNTTTTTTT	344530	368374	460317	10124	8859	129.967975871	0.026747829579	0.018882040002	0.00786578957697
TNTTTTNTAA	2734	5990	6301	57	10	8.20885968238	0.00942616173309	0.001584534939	0.0078416267941
AAAAAANANT	23800	42873	47799	658	351	28.9332576958	0.0151156646987	0.00728971962617	0.00782594507255
TNTNTTTTTT	440410	472274	589322	12557	10861	169.398769546	0.0258997465096	0.0180961473417	0.00780359916788
TTTTTTTNTN	470950	498687	647268	12725	11255	190.460048294	0.0248820911516	0.0170912785127	0.00779081263889
TTTTTNTTTT	289952	267872	352423	7266	6686	96.7660364378	0.0264085658833	0.018618302521	0.00779026336234
ANTTTTTNTT	28439	53105	57023	934	547	29.0244737644	0.0172838135421	0.00950147646344	0.00778233707864
AANAAAANTT	19652	45763	49447	472	122	51.6124301903	0.0102087163404	0.00246121567915	0.00774750066128
NTTTTNTTTT	454057	508671	628395	12599	10522	190.773134643	0.0241698160262	0.0164684927776	0.00770132324862
TATTNTTTTN	9902	19595	20685	405	263	8.98921024465	0.02025	0.0125548978423	0.00769510215772
NTTTTTNTTT	444653	488974	608552	12170	10271	182.4088715	0.0242844372077	0.0165976377736	0.00768679943402
NANAAAAAAT	12201	23553	25253	602	443	8.57813764544	0.0249223763196	0.0172400373599	0.0076823389597
AATNTNTTTT	8538	19815	20750	261	111	15.3803954348	0.0130005977286	0.00532093379991	0.00767966392872
TATTTTTTNN	9639	19703	20727	401	258	9.06356803713	0.0199462793474	0.0122944960686	0.00765178327877
ANNAAAAAAT	11970	23551	25252	584	426	8.67391778302	0.0241972239486	0.0165900771088	0.00760714683981
TANANTTTTT	5768	11607	12097	159	72	8.5554022463	0.0135135135135	0.00591667351467	0.00759683999885
TTTTTTNTTN	440912	474700	608834	12030	10606	171.745033006	0.0247159616214	0.0171219165698	0.00759404505163
AAAAAANNTT	23512	53949	59237	544	144	59.7350955557	0.0099829335878	0.00242501810343	0.00755791548437
ATTTNTTTTN	12699	24215	26362	558	402	9.42242414254	0.0225245226658	0.0150201763563	0.00750434630951
NATATTTTTN	7792	16894	17429	284	159	9.19191718829	0.016532774479	0.00904025471913	0.00749251975986
NANTTTTTTT	10771	19988	21013	391	249	9.13504716721	0.0191864173905	0.0117110337692	0.00747538362129
ANANAAAAAT	11223	21507	23133	473	331	8.5840839748	0.0215195632393	0.0141067166723	0.00741284656696
ANTTTTTTNT	12527	22777	24531	471	320	9.60048049134	0.0202598072953	0.0128767454026	0.00738306189265
TANATNTTTT	18498	32218	33818	421	188	22.6199919352	0.0128986794939	0.00552843615833	0.00737024333553
NAANAAATTT	3240	9741	10003	94	22	10.7261964968	0.00955770208439	0.00219451371571	0.00736318836868
NNTTTTTTAA	12738	30963	33190	331	108	28.8295332314	0.0105771074327	0.00324343804433	0.00733366938841
TANNTTTTTT	10454	18604	19482	344	214	8.60497089908	0.0181549503905	0.0108651502843	0.00728980010622
TTTTTNTTTN	401848	443573	562135	11032	9709	149.010745881	0.024267220994	0.0169784066983	0.00728881429572
AAANANAAAT	11542	21839	23467	365	217	11.3421986364	0.0164384795532	0.00916230366492	0.00727617588831
ATNTTNTTTT	50531	92957	98391	1547	905	45.4363663714	0.016369677474	0.00911416371254	0.00725551376143
NAAANAAAAT	11601	22263	23961	469	325	8.86842974018	0.0206317086046	0.0133821955036	0.00724951310103
AAANAAANTT	20372	46973	50690	462	128	47.540437662	0.00973964372299	0.00251879255382	0.00722085116917
ANNTATTTTT	6604	13296	13744	184	89	8.52632395208	0.013649851632	0.00643388997325	0.0072159616588
TNTTNTTTTT	364609	406125	502367	10142	8777	130.389247485	0.024364170112	0.0171712863694	0.00719288374257
NAAAANAAAT	10853	20822	22667	417	287	8.55442171135	0.0196336927351	0.0125032674044	0.00713042533069
TTTTNTTTTN	410372	460485	579562	11661	10375	143.172557088	0.0246978688795	0.0175866236564	0.00711124522312
TATNTNTTTT	37245	61058	64549	970	556	30.3393505189	0.0156380989231	0.00854005068735	0.00709804823572
TATANNTTTT	18372	30187	31385	389	179	19.4123954659	0.012722396651	0.005671017615	0.00705137903596
AANANAAAAT	24549	46721	49512	889	583	18.631926594	0.0186725477841	0.0116378880128	0.0070346597713
AAAAAAATNT	4207	7504	8173	68	16	8.55506124019	0.00898045430534	0.00195384051777	0.00702661378757
NATTNTTTTT	23037	45528	48965	773	479	20.7183649629	0.0166951037775	0.00968772753014	0.00700737624732
ATNTTTTNTT	26877	50265	53428	788	455	24.757902742	0.0154349401602	0.0084442217397	0.00699071842053
TNNTATTTTT	6490	14739	15714	190	91	9.68294843441	0.0127269073615	0.0057576716229	0.00696923573861
ATTTTTTNTN	12201	23432	25382	491	349	8.63800849397	0.0205241817498	0.0135634060083	0.00696077574146
TATATTTTNN	8323	15582	16153	220	114	8.81894704053	0.0139222883179	0.00700805311367	0.00691423520427
TNTATNTTTT	26727	47794	50377	663	344	26.478378819	0.013682233733	0.00678220066639	0.00690003306661
AAANANTTTT	6688	19287	20241	189	57	17.498982755	0.00970425138632	0.00280815843926	0.00689609294707
NATANTTTTT	6527	14268	14789	187	90	8.80637165582	0.0129367001038	0.00604879360172	0.00688790650205
ATTTTNTTTN	13382	25061	26833	530	377	8.77263636884	0.0207104060021	0.013855200294	0.0068552057081
AAANNAAAAT	25421	49677	52525	828	507	21.5870332068	0.0163944163944	0.00956026550008	0.00683415089434
NNTATATTTT	9722	17982	18956	182	61	15.2036550676	0.010019819423	0.00320765630751	0.00681216311552
AAAANANTTT	4110	11690	12290	107	28	11.5466196032	0.00907010256845	0.00227309628186	0.00679700628659
TATNNTTTTT	23974	44285	47162	698	416	20.3263173945	0.0155169730787	0.00874353692883	0.00677343614989
ANANAAAATT	16900	40652	42912	392	120	35.419485903	0.00955072605009	0.00278862242052	0.00676210362957
ATTTNTNTTT	27315	52792	56313	768	430	26.4562857168	0.0143390589993	0.00757802724565	0.0067610317536
ATTTNNTTTT	39457	77479	82338	1198	706	35.176960426	0.015226813427	0.00850151726795	0.0067252961591
NAAANAAATT	14000	34232	36712	329	103	29.9921736801	0.00951940048031	0.00279777264702	0.00672162783329
NTTATNTTTT	9609	20507	21698	268	135	11.9346020962	0.0129001203369	0.0061833005084	0.00671681982854
AAAAANAATT	3400	7221	7802	61	13	8.13994412936	0.00837681955507	0.00166346769034	0.00671335186473
ATTNTTNTTT	27201	54871	58115	806	456	26.4027864195	0.0144763546887	0.00778542282017	0.00669093186848
TNTTTNTTTT	345836	381339	470897	9122	7990	109.301261476	0.023362128356	0.0166845205654	0.00667760779057
TNNTTTTTAA	5249	12408	13290	132	52	9.44134197386	0.0105263157895	0.00389746664668	0.00662884914279
AAAAANNTTT	6743	18689	20028	170	48	17.4225814337	0.00901426374675	0.00239091452481	0.00662334922195
TNTTTTTTNT	346862	366632	460942	9877	9223	91.484229366	0.0262331046535	0.0196165176055	0.00661658704802
ANNTTTTTAA	3216	8784	9137	77	19	8.69082000885	0.00868976413497	0.0020751419834	0.00661462215157
ATNTTTNTTT	31822	56852	60562	852	498	26.0439328054	0.0147650076251	0.00815591221749	0.00660909540763
NNTATTTTTT	9639	19888	21002	319	195	8.72222109669	0.015786608601	0.00919941501156	0.00658719358942
AANAAANAAT	12138	23410	25275	388	248	9.92075457618	0.0163038910833	0.00971672609019	0.00658716499309
ATTNTTTNTT	30006	59114	62785	918	552	25.592169314	0.0152918443497	0.00871528490456	0.00657655944512
NATTTNTTTT	10853	21601	22655	343	207	9.46159615063	0.0156306963179	0.00905432595573	0.00657637036217
AANAANTTTT	3124	9344	9806	85	24	8.65832579805	0.00901474175416	0.00244150559512	0.00657323615905
NTTTTTTNAA	15609	37796	40817	370	128	30.5231405449	0.00969449248022	0.00312614482843	0.00656834765179
TTNNTTTTTT	302311	335142	414874	8438	7602	87.837724935	0.0245590546598	0.0179939215482	0.00656513311155
TNTTTTNTTT	366310	401921	497998	9387	8261	111.905032524	0.0228223132057	0.0163177345983	0.00650457860738
TNTTTTTNAA	15874	37463	40565	344	107	32.0849699839	0.00909884412939	0.0026308025177	0.00646804161169
AAAANNAAAT	24948	48188	51559	720	430	21.1693143592	0.0147215179521	0.0082709803997	0.00645053755237
TTNTNTTTTT	336082	374111	461978	9076	8111	97.4217553976	0.0236855634455	0.0172541795277	0.00643138391782
TNTTTTTNTT	393197	434331	539272	10145	8998	117.311073932	0.0228246294513	0.0164116220111	0.00641300744026
AAAANAANTT	14898	35035	37980	298	78	32.7294020996	0.00843404183058	0.00204950338956	0.00638453844102
NATATNTTTT	29175	53822	56318	669	335	28.284124397	0.0122772567947	0.00591319082838	0.00636406596632
NNATATTTTT	9171	19879	21001	234	112	11.5535113407	0.0116342663949	0.00530478851892	0.00632947787595
TATATNTTTN	38291	55364	56826	775	430	24.1843466143	0.0138050196833	0.00751012994271	0.00629488974057
AAAANANAAT	24687	46143	49632	669	402	19.743829139	0.0142912073827	0.00803453651517	0.00625667086755
ATTTTTNTTN	13004	25962	27657	494	348	8.36140172212	0.0186725128515	0.0124263524371	0.00624616041446
TNNATATTTT	20444	42628	43813	405	143	29.5509035601	0.00941138196268	0.00325325325325	0.00615812870943
ATATNNTTTT	8971	16802	17476	217	116	8.20661382438	0.0127504553734	0.00659390632106	0.00615654905235
ANAANAAATT	13156	33066	34981	283	82	27.321086119	0.00848601157456	0.00233864757722	0.00614736399734
AANAANAAAT	12416	24176	25601	400	262	8.76583954848	0.0162760416667	0.0101303019758	0.00614573969087
AAANAANTTT	3506	9970	10396	83	22	8.8515322303	0.00825624191784	0.0021117296986	0.00614451221924
ATTTTNNTTT	19120	38084	40866	505	287	17.3385857267	0.0130866309052	0.00697397516584	0.00611265573934
NTATATNTTT	19741	28348	28949	303	131	16.3314018338	0.0105755471013	0.00450481430536	0.00607073279596
ANAANAAAAT	13743	26065	27626	479	335	8.17655004457	0.018045509343	0.0119809734988	0.00606453584418
NATANATTTT	7529	13896	14510	134	51	9.53436741393	0.00955096222381	0.00350250669597	0.00604845552784
TTTTTTTNNA	13274	24379	27881	322	197	11.4344945155	0.0130359094773	0.00701616924282	0.00601974023453
AANAAAANAT	14140	25773	27742	388	247	9.94557303164	0.014831237338	0.00882489549466	0.00600634184336
TNATATNTTT	5187	11660	11928	106	36	8.45974106023	0.00900900900901	0.00300902708124	0.00599998192777
NAAANAATTT	3642	10962	11227	89	24	9.0608717076	0.00805356981269	0.00213314372056	0.00592042609213
TATATTNTTN	8786	16699	17134	199	101	8.17092873437	0.0117765416026	0.00586016826226	0.0059163733403
AANANATTTT	4615	12466	13102	105	32	9.88391422142	0.00835255747355	0.00243642454698	0.00591613292657
TNTANATTTT	8087	15829	16555	146	54	10.7757950703	0.0091392801252	0.00325124932266	0.00588803080254
NAAAANAATT	14569	36296	38620	311	101	26.9405207051	0.00849564290983	0.00260840370858	0.00588723920124
TTTNTTNTTT	243597	273493	336626	6152	5518	63.8119724459	0.0219993205671	0.0161277123083	0.00587160825888
TATATNNTTT	20956	35008	36147	370	167	18.8615971512	0.0104584770196	0.00459877733106	0.00585969968856
AAAAANNAAT	22392	43210	46431	602	369	16.8090533761	0.0137405277093	0.00788461538462	0.00585591232469
ATTTNTTNTT	12416	24199	25807	356	225	9.06979577682	0.0144980655671	0.00864320835894	0.00585485720815
TNTNTTTTAA	5637	12663	13384	109	36	9.51667383832	0.00853429376762	0.0026825633383	0.00585173042932
TNTATANTTT	13865	25060	25450	213	66	18.0389784077	0.00842796660468	0.00258661232168	0.005841354283
ATTTTNTNTT	11424	22411	23804	300	177	9.2873317482	0.0132094579719	0.00738084316751	0.0058286148044
NAAAAANATT	15882	38482	41452	325	106	28.6260604912	0.00837477774628	0.00255065210068	0.0058241256456
TTTNTNTTTT	303066	344406	422625	7685	6880	78.8123630263	0.0218267436543	0.0160184398319	0.00580830382244
NATNATTTTT	6405	16691	17498	177	83	9.04469842118	0.010493241641	0.00472100563108	0.0057722360099
NATATTNTTT	7322	15895	16499	169	79	8.49950444476	0.0105204183267	0.00476535167089	0.0057550666558
TTTTNTNTTT	210872	237383	291462	5140	4572	55.2692022052	0.0211938661488	0.0154441719532	0.00574969419556
AAAAANANTT	15669	36813	39743	290	83	29.3021355333	0.0078160795623	0.00208406568573	0.00573201387657
TTNTTNTTTT	305881	348766	427454	7873	7110	76.0609213729	0.0220755441777	0.0163612264246	0.00571431775308
NTTNTTTTAA	5100	11820	12551	102	36	8.36232298298	0.00855561147458	0.00286009374752	0.00569551772707
NAAAAAATNT	7380	16166	17131	126	35	13.0132042274	0.00773385710778	0.00203891413259	0.0056949429752
TTTNNTTTTT	270979	309780	378837	7047	6381	66.1369667538	0.0222424225208	0.0165646465118	0.00567777600896
TTTTTTNNTT	208732	227427	283706	4893	4435	52.2222997277	0.0210614669421	0.0153917700015	0.00566969694066
TTNTTTNTTT	278191	304193	372892	6824	6170	65.6847343616	0.0219409228434	0.0162770206457	0.00566390219775
AAAAAANNAT	25930	47238	51935	590	352	19.2084548243	0.0123358702016	0.00673207489433	0.00560379530722
TTNTTTTNTT	273878	302673	374431	6766	6190	64.4106953685	0.0218653757283	0.0162628966873	0.00560247904108
NATATANTTT	7918	13552	14054	121	46	8.55458943477	0.00884955752212	0.00326241134752	0.00558714617461
TTTTTNNTTT	197447	226119	276833	4719	4175	51.4970531426	0.0204429080134	0.014857228264	0.00558567974945
AAAANAANAT	28310	50519	54374	671	413	18.545580081	0.0131080289119	0.00753828462957	0.00556974428233
AAAAANANAT	30338	50684	54781	642	383	19.7021284114	0.0125082804037	0.0069429337974	0.00556534660629
NTATANTTTT	8008	15166	15744	148	65	8.36473752952	0.00966435940969	0.00411158201025	0.00555277739944
NANATATTTT	8670	17269	18143	159	66	10.0493825485	0.00912324994262	0.00362458125103	0.00549866869159
AAANAAANAT	29065	50736	54282	708	453	16.9535062076	0.0137625379053	0.00827624006577	0.00548629783952
TATNTTTNAA	4565	11126	11499	78	17	9.53611645078	0.00696179935737	0.00147620701633	0.00548559234105
TTTTTTNTNT	186874	198756	250143	4663	4440	39.0496676601	0.0229231291079	0.0174402847009	0.00548284440704
TTTNTTTTNT	143079	157932	195017	3832	3617	29.8197046004	0.0236888306422	0.0182093699971	0.00547946064509
TTTTNTTTNT	98475	108296	132990	2520	2337	21.5007081735	0.0227403984984	0.0172692810747	0.00547111742368
ANAAAANATT	16079	38949	41214	294	84	28.7635483918	0.00749178197386	0.00203399680372	0.00545778517014
AAANAANATT	5228	12363	13328	94	28	9.49323454739	0.00754595809585	0.0020964360587	0.00544952203715
TATNTTNTTT	12382	22714	23701	282	163	8.74268575914	0.0122630022613	0.00683037210862	0.00543263015265
TTTTTTTNNT	198768	210729	265988	5090	4938	38.2747927989	0.0235845778175	0.0182263791589	0.00535819865864
AANANAAATT	5434	13205	13814	99	29	9.63769676149	0.00744137101624	0.00209492162104	0.0053464493952
TTNTTTTTNT	200687	220913	273630	5476	5256	38.408888149	0.024188454386	0.0188464103612	0.00534204402481
AAAAAANTNT	6970	14513	15648	107	31	11.024761035	0.00731874145007	0.00197716691116	0.00534157453891
NTTTTNTTAA	5252	12799	13539	99	32	8.90518631619	0.00767560862149	0.00235796919903	0.00531763942246
TTTTNNTTTT	221156	258244	314763	5405	4858	52.2275024924	0.0205007415162	0.0151992516136	0.00530148990255
TTTTTTNNAA	6444	15421	16702	119	40	10.6110124542	0.00765765765766	0.00238920081233	0.00526845684533
TTTTNTTNTT	213974	244605	299293	5135	4652	48.5665692693	0.0205613838392	0.0153054006481	0.00525598319105
TNNATTTTTT	11451	23992	25651	304	188	8.43702613483	0.0125123477116	0.00727582336778	0.00523652434378
TTTNTTTNTT	280559	308271	378079	6589	6033	58.9941872582	0.0209267611002	0.0157063564794	0.00522040462081
TTTTTNTNTT	275011	305736	378340	6365	5838	59.9256436836	0.0203940391091	0.0151960809833	0.00519795812584
NTNATATTTT	11629	29325	30187	221	71	18.4315040587	0.00747986191024	0.0023464868795	0.00513337503074
ANAAANAATT	5777	14527	15137	107	34	9.5076999727	0.00731173978406	0.00224111792235	0.00507062186171
TTTTTNTTNT	141651	158505	195199	3573	3383	26.7870337014	0.0220449413245	0.0170357837065	0.00500915761807
TTNTTTTNAA	6517	15567	16836	121	49	8.55605488807	0.00771290158083	0.00290198400948	0.00481091757135
TTNANATTTT	4778	13551	13609	91	26	8.51005985303	0.00667057616185	0.0019068573524	0.00476371880945
NTTTTTNTAA	5979	13732	14730	97	34	8.19822773562	0.00701424542628	0.00230289894338	0.0047113464829
AANAANAATT	6100	15423	16057	99	30	9.25857015416	0.00637804406649	0.0018648598247	0.00451318424178
ANAAAAATNT	8053	17466	18453	120	43	9.50108225918	0.00682360968953	0.00232482698962	0.00449878269991
AAAAANATNT	9893	19058	19745	121	36	11.3216255255	0.00630898378435	0.00181992821394	0.0044890555704
AAAANNAATT	5459	13563	14229	81	21	8.90345363457	0.00593667546174	0.00147368421053	0.00446299125122
AAANAAATNT	8403	16575	17261	112	39	8.96207162744	0.00671181158986	0.00225433526012	0.00445747632974
AANAAAATNT	7484	16202	17048	98	28	9.8708867378	0.00601226993865	0.0016397282736	0.00437254166505
AAAANAATNT	7405	15953	16674	99	30	9.32191011455	0.00616745576875	0.00179597701149	0.00437147875726
TTNTNTATTT	8479	15563	15780	98	31	8.37967557746	0.00625758252985	0.00196066029979	0.00429692223006
NAAAANATAT	11332	20223	20739	113	40	8.61304156342	0.00555664830842	0.00192502045334	0.00363162785508
ATATANATNT	147497	73798	71204	497	244	17.6695014954	0.00668954842183	0.00341507110066	0.00327447732117
ATNTATATAT	92028	36264	35073	246	123	8.74651156301	0.00673788003287	0.00349471530856	0.00324316472431
ATANATATAT	93982	37719	36402	252	126	8.89113430744	0.00663664375444	0.0034494086728	0.00318723508165
ATATATATNT	96552	40386	38861	288	152	8.7492402767	0.00708069036731	0.00389613718504	0.00318455318227
ATNTATATNT	104568	51672	50506	356	186	11.515668153	0.00684246943953	0.00366921802257	0.00317325141696
ATATATANAT	92028	36285	34864	244	124	8.19460121968	0.006679624408	0.00354407225334	0.00313555215466
ATATATNTNT	323608	174396	169759	1299	727	32.6866614966	0.00739349440792	0.00426427976491	0.00312921464302
NTATATATAT	95373	37633	36228	257	134	8.12499174654	0.00678279229348	0.00368516583246	0.00309762646102
ATATANATAT	92440	37107	35810	234	118	8.13359608479	0.00626657025789	0.00328434647072	0.00298222378717
ATANATATNT	105513	51843	50338	339	182	10.0444794376	0.00649649304358	0.00360253365004	0.00289395939354
ATNTANATAT	99093	46536	45291	280	142	9.74159346163	0.00598086124402	0.00312548147822	0.0028553797658
NTATATATNT	108297	52548	51083	351	194	9.62796999188	0.00663528611127	0.00378337266221	0.00285191344906
NTNTATATAT	103731	48468	47133	310	168	9.05360235969	0.00635532412153	0.00355172195091	0.00280360217062
ATANATANAT	104478	48704	47474	305	166	8.88418104501	0.00622334673223	0.00348446683459	0.00273887989764
ANANATATAT	108949	54972	53806	342	186	10.0483229367	0.00618288317605	0.00344495480812	0.00273792836793
NTANATATAT	104935	49078	47732	311	172	8.5962698484	0.00629694871328	0.00359051436206	0.00270643435122
ATATATANNT	103837	49042	47376	319	179	8.2533957538	0.0064625919248	0.00376406266428	0.00269852926052
ATATNTATNT	105820	53139	51708	337	188	9.0606580259	0.00630189243773	0.00362262987513	0.00267926256259
ATANATNTAT	102336	48035	46799	297	163	8.45977211149	0.00614499710337	0.00347089135897	0.0026741057444
NTATATNTAT	105121	49734	48407	314	175	8.51139481774	0.0062739769821	0.00360215717756	0.00267181980454
ATNNATATAT	101718	48433	47047	293	160	8.38569438755	0.00601321676312	0.00338932785392	0.0026238889092
ATANANATAT	102576	50787	49559	291	155	9.03089865625	0.00569716903559	0.00311783401054	0.00257933502505
NNATATATAT	112011	54532	53198	338	193	8.5701050802	0.00616001457992	0.00361484145268	0.00254517312724
ANATATATNT	108994	55428	54205	357	210	8.31081348933	0.00639956977682	0.00385922999173	0.00254033978509
