#Sequence	Occurrence	Forward Match	Backward Match	Forward Mismatch	Backward Mismatch	Strand Bias Score	FER (Forward Error Rate)	RER (Reverse Error Rate), ERD (Error rate Difference)
GGGT	2770	22890	24755	210	96	11.985998853	0.00909090909091	0.00386302362078	0.00522788547013
TTTT	101701	252260	262261	2163	1477	35.0412484965	0.00850158987198	0.00560025479832	0.00290133507366
NCCC	6777	54756	53145	430	278	6.84353465465	0.00779183126155	0.00520375119331	0.00258808006825
GNGT	11404	73355	76234	342	195	10.7860682373	0.00464062309185	0.00255138756231	0.00208923552954
GGGN	6777	52835	54424	362	267	4.39836976145	0.00680489501288	0.004881973268	0.00192292174488
NTTT	185273	554960	569902	3256	2386	35.3264514929	0.00583286756381	0.00416922947886	0.00166363808495
CTTT	16245	79153	80006	246	125	9.59900175006	0.00309827579692	0.0015599455891	0.00153833020783
TNTT	199509	567117	578295	2796	1968	35.8381857153	0.00490601197025	0.00339156554873	0.00151444642152
CTAA	8154	54224	51679	165	82	5.87687673063	0.00303370166762	0.00158420432372	0.0014494973439
TTTN	185273	552642	566649	4125	3405	20.0198003005	0.00740884427418	0.00597311833616	0.00143572593802
TTNT	197537	553945	564644	3154	2435	24.1241873204	0.00566147130043	0.00429393435483	0.00136753694561
GGNT	13627	97833	103254	384	285	5.12735144301	0.00390971013165	0.00275258598209	0.00115712414955
NCCT	15688	112202	107907	528	388	4.1881853432	0.00468375765102	0.00358280622374	0.00110095142728
NTGG	15146	110594	112810	378	270	5.06513541429	0.00340626464333	0.00238769013088	0.00101857451245
CTNT	32642	168984	169420	517	354	7.4698010326	0.00305012949776	0.00208512493079	0.000965004566971
TCTT	17551	89990	88939	198	111	5.76700316449	0.00219541402404	0.00124649073554	0.000948923288497
NTNT	468748	1344986	1363071	5837	4623	35.2326893354	0.00432106945173	0.00338014204932	0.000940927402416
ANCT	24116	145955	145821	473	348	4.78383030752	0.00323025650832	0.00238080577961	0.000849450728707
NNTT	376993	1316613	1337278	4650	3626	32.1104162207	0.0035193598852	0.00270414585981	0.000815214025393
NCTT	36376	201871	200800	407	252	8.50761667625	0.00201208238167	0.00125340707877	0.000758675302907
NTGT	45755	207762	211182	645	497	5.41509848789	0.00309490564137	0.0023478946896	0.000747010951764
CNTT	43026	221936	221682	473	308	8.30103771648	0.00212671249815	0.00138744988513	0.000739262613015
TTNN	376991	1313510	1328361	6747	5873	16.2863314926	0.00511036866307	0.00440177659991	0.000708592063164
NCCN	40099	302159	292837	1331	1087	4.50352875512	0.00438564697354	0.00369823491787	0.000687412055671
NTTN	376992	1313797	1330403	6765	5932	15.1604400447	0.00512281892104	0.0044390066862	0.000683812234837
NNCT	78755	477587	472874	1573	1236	8.88737327949	0.00328282828283	0.00260698993904	0.000675838343785
TNNT	413282	1391360	1403414	5207	4327	20.2936487773	0.00372842835324	0.00307371881617	0.000654709537066
NNGT	91044	511335	519162	1636	1332	8.61693411489	0.00318926411045	0.00255910730959	0.000630156800852
NTAA	112831	350864	346399	820	594	8.01606569238	0.00233163863013	0.00171185009496	0.000619788535175
ATNT	202894	454451	457160	1436	1167	7.16841701459	0.00314990337518	0.00254621700227	0.000603686372907
CTNN	78755	481771	474816	1323	1094	4.7183808452	0.00273859745722	0.00229875396609	0.000439843491138
NTCN	94004	540918	529207	1691	1433	4.16317169939	0.00311642453406	0.00270051258857	0.000415911945484
TNTN	468748	1349922	1361207	6036	5525	6.6532601069	0.00445146531087	0.0040424896761	0.000408975634769
ANNT	369824	1149999	1156109	3585	3207	5.76871928821	0.00310770607082	0.00276628632746	0.000341419743364
