#Sequence	Occurrence	Forward Match	Backward Match	Forward Mismatch	Backward Mismatch	Strand Bias Score	FER (Forward Error Rate)	RER (Reverse Error Rate), ERD (Error rate Difference)
GGTTTNGGGT	628	5690	7047	101	28	13.3551245849	0.0174408565015	0.00395759717314	0.0134832593283
NGTTTNGGGT	631	5693	7048	101	28	13.3474839561	0.0174318260269	0.00395703787451	0.0134747881524
GGTTTNGNGT	635	5764	7121	102	28	13.5331798184	0.017388339584	0.00391663169674	0.0134717078873
GGTNTNGGGT	631	5726	7087	101	28	13.3430846263	0.0173331045135	0.00393534785664	0.0133977566568
GGTTTAGGGT	625	5663	7024	100	28	13.1581393011	0.0173520735728	0.00397050482133	0.0133815687515
NGTTTAGGGT	626	5666	7025	100	28	13.1505442556	0.0173430454388	0.00396994186871	0.0133731035701
GGTTTAGNGT	626	5673	7034	100	28	13.1516248948	0.0173220162827	0.00396488246956	0.0133571338131
GGTNTAGGGT	626	5684	7047	100	28	13.1501059505	0.0172890733057	0.00395759717314	0.0133314761325
NGTTTAGNGT	629	5696	7059	100	28	13.1423368838	0.0172532781228	0.00395089600677	0.0133023821161
GGTNTAGNGT	630	5713	7070	100	28	13.1146111057	0.0172028212627	0.00394477317554	0.0132580480871
GGTTTANGGT	630	5714	7072	100	28	13.1167672313	0.0171998624011	0.00394366197183	0.0132562004293
NGTTTAGGGN	631	5731	7072	101	29	12.9276448826	0.0173182441701	0.00408393184059	0.0132343123295
GNTTTAGGGT	639	5733	7110	100	28	13.1575960032	0.0171438367907	0.00392266741384	0.0132211693768
GGTTTANNGT	638	5733	7102	100	28	13.135303941	0.0171438367907	0.0039270687237	0.013216768067
NGTNTAGGGT	633	5736	7096	100	28	13.1083198938	0.017135023989	0.00393037619315	0.0132046477959
GNTTTNGGGT	649	5818	7195	101	28	13.3290580084	0.0170636931914	0.00387650560709	0.0131871875843
GGNTTAGGGT	630	5722	7135	101	30	12.7846134362	0.0173450111626	0.00418702023726	0.0131579909254
GGTTTAGGGN	627	5696	7047	100	29	12.7546402508	0.0172532781228	0.00409836065574	0.0131549174671
NGTTTANGGT	639	5760	7112	100	28	13.0709447606	0.0170648464164	0.00392156862745	0.0131432777889
GGNTTAGNGT	632	5734	7145	101	30	12.7712036568	0.0173093401885	0.00418118466899	0.0131281555195
NGNTTAGGGT	632	5736	7151	101	30	12.7809343223	0.0173034092856	0.00417769112937	0.0131257181562
GGTTTAGNGN	634	5780	7128	101	29	12.9164806383	0.0171739500085	0.00405197708537	0.0131219729231
GGNNTAGGGT	631	5743	7158	101	30	12.7763446952	0.0172826830938	0.00417362270451	0.0131090603893
GGTNTAGGGN	629	5729	7084	100	29	12.7448902899	0.0171556013038	0.00407704203571	0.0130785592681
GNTTTAGNGT	645	5798	7172	100	28	13.1078985954	0.0169548999661	0.00388888888889	0.0130660110772
GNTNTAGGGT	647	5800	7170	100	28	13.0956246731	0.0169491525424	0.00388996943595	0.0130591831064
GNNTTAGGGT	645	5792	7221	101	30	12.7827962794	0.017138978449	0.00413736036409	0.0130016180849
GGTTTANGGN	635	5764	7108	100	29	12.6929140724	0.0170532060027	0.00406333193218	0.0129898740705
GGNTTNGGGT	640	5808	7224	102	31	12.6159647858	0.0172588832487	0.00427291523088	0.0129859680179
GGNTTAGGGN	632	5755	7158	101	31	12.3937921762	0.0172472677596	0.00431214355265	0.0129351242069
GNTTTANGGT	659	5859	7228	100	28	13.0563047161	0.0167813391509	0.00385887541345	0.0129224637374
GGTTTNGGGN	639	5821	7172	101	30	12.5519711203	0.0170550489699	0.00416550958067	0.0128895393893
GGTNTANGGT	634	5760	7119	100	30	12.3906642817	0.0170648464164	0.00419639110365	0.0128684553127
GGNTTANGGT	638	5788	7207	101	31	12.4160807221	0.0171506197996	0.00428295109146	0.0128676687082
NNTTTAGGGT	659	5832	7223	100	29	12.7788498502	0.0168577208361	0.00399889685604	0.0128588239801
GNTTTAGGGN	650	5831	7212	100	29	12.7523825348	0.0168605631428	0.00400497168899	0.0128555914538
GGTTTNNGGT	654	6005	7387	105	35	11.7421831259	0.0171849427169	0.0047157100512	0.0124692326657
GGTTNNGGGT	977	9056	10609	158	51	16.5388628315	0.017147818537	0.00478424015009	0.0123635783869
GGTTNAGGGT	971	9002	10561	157	51	16.3772286025	0.017141609346	0.0048058801357	0.0123357292103
GGTNNAGGGT	973	9034	10594	157	51	16.366005099	0.017081927973	0.00479098168154	0.0122909462915
GGTTNAGNGT	974	9013	10573	157	52	16.0663467177	0.017121046892	0.00489411764706	0.012226929245
GGTTNANGGT	985	9122	10685	157	51	16.3361921475	0.0169199267162	0.00475037257824	0.012169554138
NGTTNAGGGT	989	9133	10639	157	51	16.1843425554	0.0168998923574	0.00477081384471	0.0121290785127
GNTTNAGGGT	998	9177	10816	157	51	16.5085124694	0.0168202271266	0.00469310757339	0.0121271195532
GGNTNAGGGT	985	9131	10756	158	54	15.7749021772	0.0170093659167	0.0049953746531	0.0120139912636
GGTTNAGGGN	980	9152	10626	158	53	15.6811921846	0.0169709989259	0.00496301151793	0.012007987408
GGTTTAGGNT	697	6514	8128	105	36	11.7151081696	0.0158634234779	0.00440960313572	0.0114538203421
GGTTTNGGNT	717	6786	8357	108	36	12.0980417259	0.0156657963446	0.00428928869296	0.0113765076517
GGTTTAGNNT	707	6601	8234	106	37	11.612831023	0.0158043834799	0.00447346149196	0.011330921988
GGTNTAGGNT	705	6595	8235	105	36	11.7306364194	0.015671641791	0.00435255712731	0.0113190846637
GGTTTANGNT	709	6609	8213	105	36	11.6375676971	0.0156389633601	0.00436416535338	0.0112747980068
GGNTTAGGNT	706	6592	8278	106	38	11.4380383453	0.0158256195879	0.0045695045695	0.0112561150184
NGTTTAGGNT	712	6599	8203	105	37	11.3351607786	0.0156622911695	0.00449029126214	0.0111719999073
GGTTTAGGNN	706	6599	8203	105	38	11.0338219028	0.0156622911695	0.00461109088703	0.0110512002824
GNTTTAGGNT	737	6803	8512	105	36	11.7739773095	0.0151997683845	0.00421151146467	0.0109882569198
GGTTNAGGNT	1061	10011	11858	162	59	15.2625212326	0.0159245060454	0.00495091046404	0.0109735955814
