#Sequence	Occurrence	Forward Match	Backward Match	Forward Mismatch	Backward Mismatch	Strand Bias Score	FER (Forward Error Rate)	RER (Reverse Error Rate), ERD (Error rate Difference)
TTTNGGGT	742	6377	7843	110	29	14.9002602476	0.0169569909049	0.00368394308943	0.0132730478155
TTTAGGGT	659	5832	7223	100	29	12.7788498502	0.0168577208361	0.00399889685604	0.0128588239801
TNTAGGGT	696	6023	7410	100	29	12.6531753612	0.0163318634656	0.00389837343729	0.0124334900283
NTTAGGGT	680	6008	7456	101	31	12.3560580098	0.0165329841218	0.00414051021771	0.0123924739041
TTTAGNGT	728	6145	7578	101	30	12.5766358411	0.0161703490234	0.00394321766562	0.0122271313578
TTTAGGGN	693	6050	7438	102	33	11.7330107896	0.0165799739922	0.00441707937358	0.0121628946186
TNTNGGGT	869	7244	8714	112	30	14.5155528667	0.0152256661229	0.00343092406221	0.0117947420607
NTTNGGGT	869	7463	9013	115	32	14.5507886856	0.0151755080496	0.00353786622443	0.0116376418252
TTTANGGT	822	6431	7847	101	31	12.0385786542	0.0154623392529	0.0039350088855	0.0115273303674
NNTAGGGT	758	6506	7947	101	31	12.0603431652	0.0152868170123	0.0038856856355	0.0114011313768
NTTAGGGN	758	6527	7940	105	36	11.2273738689	0.0158323281062	0.00451354062187	0.0113187874843
TTNAGGGT	1088	9788	11380	158	53	15.7296193836	0.0158857832294	0.00463570366483	0.0112500795646
TNTAGGGN	815	6646	8044	104	34	11.5493814485	0.0154074074074	0.00420896261451	0.0111984447929
NTTAGNGT	841	6911	8420	104	33	12.0016815622	0.0148253741981	0.00390393942979	0.0109214347684
TTNNGGGT	1312	11203	12845	171	54	17.6073983035	0.0150342887287	0.00418637103651	0.0108479176922
TNTAGNGT	903	6901	8276	101	30	12.0534373581	0.0144244501571	0.00361184685769	0.0108126032994
TNNAGGGT	1195	10502	12071	159	55	15.0316579995	0.0149141731545	0.00453570839518	0.0103784647593
TTNAGNGT	1321	10959	12603	162	55	15.628107877	0.0145670353385	0.00434507821141	0.0102219571271
TTTAGGNT	860	7356	9049	106	38	11.0535953345	0.0142053068882	0.00418179817321	0.010023508715
TTNAGGGN	1216	10623	12155	163	63	13.4384389388	0.0151121824587	0.00515632673105	0.00995585572769
TTTNGNGT	1249	8959	10426	119	33	14.262786105	0.0131086142322	0.00315517735921	0.009953436873
TTTNGGGN	952	7929	9321	118	45	10.5531469431	0.0146638498819	0.00480461242793	0.00985923745401
TTTAGNGN	929	7378	8869	106	39	10.3304551693	0.0141635489043	0.00437808711271	0.00978546179162
NTNAGGGT	1219	10848	12552	161	62	13.6321224071	0.0146243982196	0.00491517361662	0.00970922460302
TTTNNGGT	1359	9431	11036	128	44	12.6891129327	0.0133905220211	0.00397111913357	0.00941940288756
TTTANGGN	1165	8222	9632	109	39	10.4531825088	0.0130836634258	0.00403267500776	0.009050988418
TNTANGGT	1179	7910	9280	103	38	9.60372799352	0.0128541120679	0.00407812835372	0.00877598371417
TTNANGGT	1594	12541	14155	166	62	13.910482444	0.0130636656961	0.00436097629598	0.00870268940009
TTNAGGNT	1542	12733	14655	165	64	13.7116911493	0.0127926810358	0.00434812147564	0.00844455956018
TNTAGGNT	1133	8666	10331	107	40	10.1046041012	0.0121965120255	0.00385690868769	0.00833960333785
NTTAGGNT	1077	8746	10495	109	43	9.78375434377	0.0123094297007	0.00408047067755	0.00822895902319
NTTANGGT	1166	8600	10045	105	40	9.35949743152	0.0120620333142	0.0039662865642	0.00809574674998
TTTAGGNN	1142	9150	10935	110	43	9.90359810511	0.011879049676	0.00391692475861	0.00796212491742
TTTNGGNT	1387	10671	12331	122	44	11.2745850338	0.0113036227184	0.00355555555556	0.00774806716287
TTTANNGT	1917	9866	11355	108	38	10.239328263	0.0108281531983	0.00333538137453	0.00749277182379
TTTAGNNT	1490	9828	11652	113	47	9.27514149787	0.0113670656876	0.00401743738781	0.00734962829975
TTTANGNT	2157	11809	13294	113	47	8.37927361539	0.00947827545714	0.00352297428978	0.00595530116735
TNTTTTTT	30646	33481	36574	671	534	7.19644358601	0.0196474584212	0.0143904279401	0.00525703048111
TNTATTTT	7751	11261	11417	89	31	6.85180749986	0.00784140969163	0.00270789657582	0.00513351311581
TTNTTTTT	30329	34905	37591	644	499	7.35109195148	0.018115840108	0.0131005513258	0.00501528878221
TNTNTTTT	42564	58404	62064	861	599	14.7164617712	0.0145279676031	0.00955906994558	0.00496889765756
NTNTTTTT	42074	59788	63916	937	682	13.5588480967	0.0154302181968	0.0105576024026	0.00487261579424
TNNCTTTT	4316	16246	16716	122	47	8.34156952287	0.00745356793744	0.00280379407027	0.00464977386717
NNTTTTTT	41726	60541	64890	963	763	9.22335883153	0.0156575182102	0.0116217080712	0.00403581013897
NNTCTTTT	4437	17296	17788	118	50	7.02740570798	0.00677615711496	0.00280300482117	0.0039731522938
TTNNTTTT	40353	60997	63989	792	572	10.9151578339	0.0128178154688	0.00885983798268	0.00395797748609
TTTTTTNN	41726	60843	65078	1064	874	8.00432056332	0.017187070929	0.0132520621058	0.0039350088232
TNTTTTNT	41697	58026	61954	861	671	8.90406803899	0.0146212236996	0.0107145708583	0.00390665284134
TNTTTTTN	42074	59622	63897	1109	933	7.16359654019	0.0182608552469	0.0143914854234	0.00386936982349
TNNTTTTT	40695	60107	63927	880	683	9.08054765893	0.0144293046059	0.0105711190218	0.00385818558408
NTTTTTNT	41704	60429	64500	908	719	8.54298085676	0.0148034628365	0.0110243947316	0.00377906810486
NTTNTTTT	41623	61164	64213	835	635	8.94283203056	0.0134679591606	0.00979212928695	0.00367582987368
NNTATTTT	13565	26515	27038	178	86	8.03679049412	0.00666841494025	0.0031706238018	0.00349779113845
NATNTTTT	15107	32930	34389	292	184	7.07739532408	0.00878935645054	0.00532207213722	0.00346728431333
TTNTTTNT	41621	58597	61952	796	630	7.15241774154	0.0134022527907	0.0100667923684	0.00333546042232
ATNTNTTT	18989	30941	31885	221	122	7.55616916663	0.00709197099031	0.00381166619802	0.00328030479229
NTATNTTT	16636	27235	27896	178	91	7.24160074464	0.00649326961661	0.00325150962947	0.00324175998713
TTNTNTTT	40705	59733	62107	714	543	7.3179484908	0.0118120005956	0.00866719872306	0.0031448018725
TNNATTTT	12757	26918	27363	161	79	7.04030905023	0.00594556667528	0.00287879892136	0.00306676775392
TNTATNTT	18711	26748	27243	149	70	7.16508448356	0.00553965126222	0.00256288214403	0.00297676911819
ATATNTNT	55328	34218	34239	176	84	7.76336738149	0.0051171715997	0.00244733851936	0.00266983308034
