#Sequence	Occurrence	Forward Match	Backward Match	Forward Mismatch	Backward Mismatch	Strand Bias Score	FER (Forward Error Rate)	RER (Reverse Error Rate), ERD (Error rate Difference)
TTGT	33329	214885	215992	5343	4678	11.0143220776	0.02426122019	0.0211990755427	0.00306214464732
ATGT	28520	185128	185882	4798	4289	7.31286815405	0.0252624706465	0.022553386163	0.00270908448348
NTGT	116944	749819	751472	19542	17488	26.2211570096	0.0254002997293	0.0227424053267	0.00265789440258
CTGT	33294	211407	211738	5566	5014	7.10463134983	0.0256529614284	0.0231324278438	0.00252053358458
TNGT	123292	795352	795030	19703	17753	22.4463585073	0.02417382876	0.0218422383342	0.00233159042581
TGGT	47860	305205	303714	8465	7737	7.00595408967	0.0269869608187	0.024841788917	0.00214517190166
AAGT	26031	171882	171726	3426	3099	4.12784472006	0.0195427476213	0.0177262977263	0.00181644989503
CCGT	36243	229669	229793	5320	4910	4.24664347517	0.022639357587	0.0209200564117	0.00171930117523
CTNT	119308	748805	755878	22509	21354	9.8137765249	0.0291826674999	0.0274744220516	0.00170824544829
NNGT	511961	3273654	3272794	83178	77374	45.3863310164	0.0247787199359	0.0230955581929	0.00168316174304
NAGT	99570	648299	648152	13639	12550	10.4973727683	0.0206046487738	0.0189949477979	0.0016097009758
TTNT	184878	1163594	1177292	36888	35330	12.3970300944	0.0307276577241	0.0291352127868	0.00159244493731
ANGT	110550	716055	717204	17501	16341	9.73130857838	0.0238577559177	0.0222767519375	0.00158100398024
AATG	43428	288888	288163	4079	3618	6.46654779326	0.0139230698338	0.012399710742	0.00152335909184
CNGT	160325	1012876	1014947	25475	23911	12.1354026595	0.0245340929994	0.0230166201733	0.00151747282608
NTNT	574493	3635774	3662789	111600	106886	30.5887798923	0.0297808545397	0.0283541684628	0.00142668607694
GATG	52643	344873	342004	4830	4305	6.35412471648	0.0138117202312	0.0124310947737	0.00138062545743
NCGT	146331	933296	932292	22645	21293	9.41175452255	0.0236887004533	0.0223294200307	0.00135928042254
GCTG	73981	473379	470823	7628	6934	7.11523099117	0.0158583970711	0.014513654431	0.00134474264013
GNTG	217067	1399856	1390533	22579	20546	18.7322961855	0.0158734845529	0.0145604888174	0.00131299573547
TGNG	127277	794314	792406	22383	21234	6.64211922376	0.0274067371375	0.0260975369942	0.00130920014327
GNGT	117794	749371	745613	20499	19369	6.43449301708	0.0266265733176	0.0253195500025	0.00130702331509
GGTG	46722	298689	295336	4509	4067	4.59091897672	0.0148714701284	0.0135836982261	0.00128777190229
NGGT	149116	942240	940878	27352	26043	7.21754017664	0.0282098037113	0.0269339480681	0.00127585564311
GTNT	119660	750873	752239	23640	22669	5.44141064588	0.0305224056924	0.0292537952892	0.0012686104031
NATG	153157	1010299	1006493	15045	13677	13.8376909696	0.0146731243368	0.0134065890979	0.00126653523891
TCTG	43308	282839	283157	4423	4061	4.09155259288	0.0153970939421	0.0141390859904	0.00125800795168
NGTG	132804	851650	844543	14668	13452	10.0642963566	0.016931427028	0.0156784130444	0.00125301398359
TNTG	144252	940498	941941	18010	16913	8.57961756363	0.018789618866	0.0176387646086	0.0011508542574
ATNT	150647	972502	977380	28563	27533	5.94680391161	0.0285326127674	0.0273983917016	0.00113422106583
GANT	114716	734123	733953	21582	20716	4.42706100165	0.0285587630094	0.0274504451621	0.00110831784732
TGNT	192387	1233769	1230715	31490	29990	7.84000474366	0.0248881849487	0.0237882771941	0.00109990775458
NNTG	647031	4207323	4192394	70977	66341	31.1697721214	0.0165900007012	0.0155776304466	0.00101237025461
TNNT	618624	3975542	3991280	110761	107263	15.9784608147	0.0271054300183	0.0261710075995	0.000934422418753
TNNG	497792	3190980	3196589	74120	71147	15.0514189177	0.0227006829806	0.0217725666945	0.000928116286119
TTGN	153483	992631	993282	21061	20128	5.39735285606	0.0207765277816	0.0198616552037	0.000914872577896
GNNT	540013	3419855	3423211	97719	94557	12.6108348057	0.0277802258034	0.0268798283457	0.000900397457651
TNAG	107492	712393	714682	11006	10399	4.85446016981	0.0152142869979	0.0143418459455	0.000872441052421
NGNT	648147	4125409	4125087	108743	105063	14.3374640282	0.025682356231	0.0248367079182	0.000845648312794
NCTG	207587	1342835	1337853	20697	19456	8.10768457189	0.0151789616965	0.0143342451866	0.00084471650992
CGNT	200428	1260602	1264068	33958	32933	4.68596865913	0.0262313063898	0.0253916535145	0.000839652875285
GCNG	245816	1552347	1547930	34918	33493	6.27906425755	0.0219988470734	0.0211790267373	0.000819820336113
TCNG	158169	1010698	1013867	22083	21290	4.356282541	0.0213820742248	0.0205669284949	0.000815145729931
CNNT	594570	3764660	3783506	103156	100459	11.6147402605	0.0266703483309	0.0258650631507	0.000805285180272
NTTG	153483	1002539	1003505	20567	19756	4.36411223889	0.0201025113722	0.0193069021491	0.000795609223124
ANTG	153664	1006648	1002362	16607	15772	4.60634697495	0.0162295810917	0.0154910846706	0.000738496421129
ANNT	528548	3423212	3428005	95309	92878	8.24469025158	0.0270878019486	0.0263791781777	0.000708623770856
NANT	531688	3445316	3448777	98135	95732	7.66422163084	0.02769475294	0.0270085363022	0.000686216637794
NNAG	473679	3115160	3110318	51596	49419	10.2293424298	0.0162930140497	0.015640225753	0.000652788296743
NGNG	543372	3398100	3377533	82926	80210	7.25128858868	0.0238222868775	0.0231972127483	0.000625074129174
NANG	527428	3437633	3427044	69318	66904	8.46613544464	0.019765887804	0.0191485391311	0.000617348672872
GNTN	648147	4143686	4139558	96310	93634	8.31831634195	0.0227146440704	0.0221190061778	0.000595637892575
NCNG	762778	4845891	4846596	108196	105197	9.95955616481	0.0218397456484	0.0212442240619	0.000595521586521
GNNG	679617	4314211	4285229	92458	89355	8.11926918792	0.0209813807209	0.0204259422153	0.000555438505597
TNGN	521493	3328692	3321279	82374	80331	5.28547011602	0.024149049007	0.0236155820332	0.000533466973754
TNTN	574493	3709927	3727322	99419	97853	5.17394090837	0.0260987056571	0.0255813132732	0.000517392383838
NTGN	647031	4146076	4126989	93394	90847	5.9899039852	0.0220296404975	0.0215387701181	0.000490870379379
NTTN	676867	4316199	4343909	125341	124053	4.41427665607	0.0282201668791	0.0277650078492	0.000455159029839
