#Sequence	Occurrence	Forward Match	Backward Match	Forward Mismatch	Backward Mismatch	Strand Bias Score	FER (Forward Error Rate)	RER (Reverse Error Rate), ERD (Error rate Difference)
TTGT	66658	136651	137185	4011	3459	9.9683557386	0.0285151640102	0.0245940104093	0.00392115360092
CTGT	33294	99117	99540	3307	2936	5.74796063884	0.0322873545263	0.0286506108747	0.00363674365154
NTGT	233888	476583	477073	14669	12882	25.9538818627	0.0298604382272	0.0262922105091	0.0035682277181
TGCT	45807	48445	48526	1060	882	4.22198125068	0.021411978588	0.0178513601036	0.00356061848439
TNGT	246584	505427	506334	14806	13084	24.213348322	0.0284603245084	0.0251897315842	0.00327059292425
AAGT	26031	80607	81204	2047	1787	4.88504301285	0.0247658915479	0.0215324553265	0.00323343622142
TCGT	28858	87731	87830	2500	2221	4.25454609399	0.0277066640068	0.0246638016235	0.0030428623833
NGGT	149116	155682	156389	4376	3917	6.62396267013	0.0273400892177	0.0244345189824	0.00290557023521
CTNT	119308	123742	124815	3552	3217	4.87703377476	0.0279039074897	0.0251265308673	0.00277737662246
NAGT	99570	305400	305321	8243	7374	11.108839951	0.0262814728848	0.0235820847791	0.00269938810568
NNGT	1023922	2080823	2083545	62109	56824	52.3158748918	0.0289831875206	0.0265486932393	0.00243449428131
ANGT	221100	454848	456413	13025	11985	10.8281975795	0.0278387511141	0.0255872142921	0.00225153682197
TCTG	43308	133475	133847	2562	2262	4.89012387911	0.0188331115799	0.0166190332748	0.00221407830514
CNGT	320650	644561	646292	19046	17616	13.5703357017	0.0287007219635	0.0265337968514	0.00216692511208
GGTG	46722	141277	139624	2596	2253	5.09262332604	0.0180436913111	0.0158799523531	0.00216373895799
NGCT	161078	168876	170008	3686	3329	5.1348087751	0.021360438567	0.0192053629635	0.00215507560353
NTNT	574493	600904	607215	17447	16333	11.3441447514	0.0282153663534	0.0261936530949	0.00202171325854
AATG	43428	136673	136283	2331	2041	4.6549906071	0.0167693016028	0.0147552123999	0.00201408920296
NCGT	146331	439372	439358	13342	12408	7.99348152575	0.029471145138	0.0274655463227	0.00200559881534
NGNT	648147	681948	684990	16835	15509	13.7891593883	0.0240918854637	0.0221399316773	0.00195195378645
CGNT	200428	208544	210197	5212	4828	4.51248692862	0.0243829412976	0.0224532031159	0.00192973818164
NGTG	265608	542661	539311	10780	9654	12.7295287925	0.0194781376877	0.0175858205897	0.00189231709801
GCTG	73981	223540	222864	4372	3980	4.38693869762	0.0191828425006	0.0175450970711	0.0016377454295
GNTG	434134	892246	887048	16504	14910	16.3361311684	0.0181612104539	0.0165307032035	0.00163050725045
TGNT	384774	783494	783120	23642	22305	8.9546375302	0.0292912222971	0.0276934537666	0.00159776853046
TNNT	618624	656339	661138	17182	16215	8.38033559729	0.0255107116185	0.0239387734313	0.00157193818721
TNTG	288504	598474	600402	13075	12144	8.83428191035	0.0213801347071	0.0198254498438	0.00155468486335
GNNT	540013	565434	566913	15090	14208	6.94173505725	0.025993757364	0.0244492971343	0.0015444602297
NATG	153157	477313	475400	8587	7830	7.65615644716	0.017672360568	0.0162034641889	0.00146889637912
TCNG	158169	477128	478565	12587	11891	5.41282437524	0.0257027046343	0.0242447844455	0.00145792018883
ANTG	153664	474973	474622	9558	8848	6.52930660507	0.0197262920226	0.018301032122	0.00142525990064
NCTG	207587	634374	634016	12021	11103	8.52766326655	0.0185969879099	0.0172107781665	0.00138620974336
NNTG	1294062	2680318	2674052	51953	47993	32.6647633386	0.0190145853028	0.0176312294617	0.00138335584118
CNNT	594570	621994	627436	15941	15197	6.05869042227	0.0249884392611	0.0236480230551	0.0013404162059
ANNT	528548	565716	567890	14785	14074	5.06374672488	0.0254693790364	0.0241836264786	0.00128575255777
TNNG	995584	2030326	2036568	53935	51495	14.5823931111	0.0258772773659	0.0246616122215	0.00121566514446
NTGN	647031	684410	681617	15145	14332	4.83015258126	0.0216494771676	0.0205934630267	0.00105601414088
GCNG	245816	732725	731842	19676	18850	4.25726457138	0.0261509487627	0.0251101650211	0.00104078374162
NCNG	762778	2288724	2290763	61384	59165	9.97511064896	0.0261196506714	0.0251773671364	0.000942283535019
NGNG	543372	1604063	1595567	45872	44107	6.27342677838	0.0278023073636	0.0268998593623	0.000902448001336
NANG	527428	1622527	1619484	39198	37800	5.62368113615	0.0235887406159	0.0228084021809	0.000780338435009
GNNG	679617	2038182	2025530	51722	49781	6.32019393843	0.0247485051945	0.0239872481763	0.0007612570182
GNTN	648147	1950279	1949303	56179	54603	5.34081335606	0.0279990909354	0.0272482841012	0.000750806834219
NNAG	473679	1472760	1470498	29129	27985	5.28076806709	0.0193949086783	0.0186755538768	0.000719354801517
NNCG	692851	2103907	2105779	40741	39629	4.21090074979	0.0189965905827	0.0184715448064	0.000525045776301
