#Sequence	Occurrence	Forward Match	Backward Match	Forward Mismatch	Backward Mismatch	Strand Bias Score	FER (Forward Error Rate)	RER (Reverse Error Rate), ERD (Error rate Difference)
CCGAGNAN	78	272	309	42	7	7.17181906532	0.133757961783	0.0221518987342	0.111606063049
CCGAGCNN	110	443	463	64	12	8.89708134933	0.126232741617	0.0252631578947	0.100969583723
NAAGCNAG	92	310	363	43	8	7.20673498803	0.121813031161	0.0215633423181	0.100249688843
ACNATCCN	79	315	300	41	5	6.79460750976	0.115168539326	0.016393442623	0.0987750967029
AGCNCCGN	107	446	468	62	13	8.21051682339	0.122047244094	0.027027027027	0.0950202170675
AGCGNCGN	110	445	463	62	13	7.94956703536	0.122287968442	0.0273109243697	0.0949770440721
NAGCANGA	114	457	447	62	12	7.96456701833	0.119460500963	0.0261437908497	0.0933167101137
AGNGCCGN	105	478	512	62	12	8.95970068897	0.114814814815	0.0229007633588	0.091914051456
NAGCAGNA	138	496	533	64	14	8.50815465981	0.114285714286	0.0255941499086	0.0886915643771
AGCGNNGG	118	455	456	61	14	6.97273072364	0.118217054264	0.0297872340426	0.088429820221
NANAGGAA	90	379	458	45	9	7.53434192397	0.106132075472	0.0192719486081	0.0868601268636
GCNANCGA	98	365	425	44	9	6.93235006307	0.107579462103	0.0207373271889	0.0868421349137
NCCANGAT	125	521	532	60	11	8.33019067831	0.103270223752	0.0202578268877	0.0830123968645
NCCNTCAG	140	478	496	57	12	7.48607608973	0.106542056075	0.0236220472441	0.0829200088307
NNCATGAT	136	573	626	63	11	10.0100023257	0.0990566037736	0.0172684458399	0.0817881579337
NCCGNCAG	154	550	608	62	13	8.8420273793	0.101307189542	0.0209339774557	0.0803732120868
TNGNCGAG	106	372	458	40	8	6.88231390624	0.0970873786408	0.0171673819742	0.0799199966665
GGGNGANA	95	419	451	45	8	6.95172854391	0.0969827586207	0.0174291938998	0.0795535647209
ANCGCNCC	106	449	436	47	7	7.1785041644	0.0947580645161	0.0158013544018	0.0789567101143
CCGANCAN	126	419	457	42	6	7.58805702698	0.0911062906725	0.0129589632829	0.0781473273895
NGCGCCGN	133	547	538	63	14	7.32991790196	0.103278688525	0.0253623188406	0.077916369684
AGCNCNGG	127	591	614	66	15	8.16104865464	0.100456621005	0.0238473767886	0.076609244216
NCGAGCAN	115	436	444	44	7	6.83376240325	0.0916666666667	0.0155210643016	0.0761456023651
NNAAGCGA	107	411	452	41	7	6.81053898656	0.0907079646018	0.0152505446623	0.0754574199395
NACAGNGC	115	468	481	46	7	7.32988100868	0.0894941634241	0.0143442622951	0.075149901129
NNCAGCGC	200	785	812	83	17	10.9968521959	0.0956221198157	0.0205066344994	0.0751154853163
TNCNGCGC	119	549	534	61	14	6.86883056104	0.1	0.0255474452555	0.0744525547445
GCNNGTGA	117	541	523	59	13	6.83306017309	0.0983333333333	0.0242537313433	0.07407960199
NCGNCGGC	143	600	608	64	14	7.83753219149	0.0963855421687	0.0225080385852	0.0738775035835
GCCNGNGA	123	548	526	58	12	7.01352303386	0.0957095709571	0.0223048327138	0.0734047382433
GCGNCGNC	129	610	609	63	13	8.00527993281	0.0936106983655	0.0209003215434	0.0727103768221
GNCANGAT	117	472	489	46	8	7.04748157784	0.0888030888031	0.0160965794769	0.0727065093262
GAAGCNNG	124	458	508	44	8	7.04390094986	0.0876494023904	0.015503875969	0.0721455264214
CCGNGCAN	109	489	492	45	7	7.03499965376	0.0842696629213	0.0140280561122	0.0702416068091
GCAANCAN	126	465	527	42	7	7.37384864538	0.0828402366864	0.0131086142322	0.0697316224542
NAANGGAA	108	457	528	42	8	6.92434753672	0.0841683366733	0.0149253731343	0.069242963539
GCCNNTGA	162	632	647	59	12	7.86312999263	0.0853835021708	0.0182094081942	0.0671740939765
GCNANCAG	184	726	775	63	11	9.65807911535	0.0798479087452	0.0139949109415	0.0658529978038
AGCGCCNN	166	695	700	63	13	7.99660418971	0.0831134564644	0.0182328190743	0.06488063739
GCCANGAN	133	493	561	42	8	6.86331850207	0.0785046728972	0.0140597539543	0.0644449189429
AANNGCCG	124	559	575	46	8	7.02432016065	0.0760330578512	0.0137221269297	0.0623109309216
GCCNNCAG	176	737	723	63	13	7.9164557315	0.07875	0.0176630434783	0.0610869565217
GCGNNGGC	172	748	674	63	12	7.44667378673	0.0776818742293	0.0174927113703	0.0601891628591
GCNNCGGC	208	816	857	63	15	7.7136817699	0.0716723549488	0.0172018348624	0.0544705200864
NGCCGCCN	170	653	699	44	8	6.90796606735	0.0631276901004	0.011315417256	0.0518122728444
NCCANCAG	260	989	1100	61	13	8.80531433816	0.0580952380952	0.0116801437556	0.0464150943396
