#Sequence	Occurrence	Forward Match	Backward Match	Forward Mismatch	Backward Mismatch	Strand Bias Score	FER (Forward Error Rate)	RER (Reverse Error Rate), ERD (Error rate Difference)
NCCC	4640	33834	33694	231	142	5.17544291858	0.00678115367679	0.00419671355952	0.00258444011727
TTTT	91887	238786	252682	1844	1476	14.815388014	0.00766321738769	0.00580741113795	0.00185580624974
ATGT	17620	76184	77842	222	132	6.07897367036	0.00290553097924	0.00169287198297	0.00121265899627
CTTT	14676	73149	74384	227	142	5.22518846416	0.00309365460096	0.00190537530526	0.0011882792957
NTTT	166018	516509	536969	2588	2065	18.4848679071	0.00498558072961	0.00383092717714	0.00115465355248
CTNT	28794	154849	155691	448	288	8.51146727312	0.00288479494131	0.00184640240032	0.00103839254098
TTNT	177214	529557	547140	2692	2231	13.8160804374	0.00505778310528	0.00406100795273	0.000996775152545
TNTT	179381	545219	563129	2346	1864	16.5230291055	0.00428442285391	0.00329915591875	0.000985266935162
CCTN	13133	96593	95664	258	162	5.23236815439	0.00266388576267	0.00169056414752	0.000973321615149
NTGT	39210	186194	189190	554	390	7.52806062271	0.0029665645683	0.00205717902732	0.000909385540972
TTTN	166018	514031	533662	3313	2959	8.50393274872	0.00640386280695	0.00551413381139	0.000889728995566
TCTT	16142	87816	87300	150	75	5.98742666949	0.00170520428347	0.000858369098712	0.000846835184761
NCCN	31556	232526	229031	863	659	6.01847940569	0.00369768926556	0.00286908441813	0.000828604847432
NTCT	29707	167904	166839	495	355	5.51886764445	0.00293944738389	0.00212328193595	0.000816165447937
NTNT	418065	1275772	1299764	4778	3825	27.9490784734	0.00373120924603	0.00293420702384	0.000797002222188
NCTT	33189	196461	195986	329	184	9.59973808576	0.00167183291834	0.000937961971759	0.00073387094658
NNTT	336980	1246880	1276367	3761	3066	20.0688878486	0.00300725787816	0.0023963740188	0.000610883859356
CCNN	31556	233618	230121	701	551	4.08694368597	0.0029916481378	0.00238867309426	0.000602975043531
ATNT	182059	446457	449316	1248	1005	6.80204921781	0.0027875498375	0.00223174135783	0.000555808479673
CNTT	38582	206795	208222	427	315	4.50643010826	0.00206059202208	0.00151052331241	0.000550068709673
TTNN	336978	1243913	1267098	5497	4949	9.4781998914	0.00439967664738	0.00389057951475	0.000509097132627
NNCT	69330	444463	441661	1196	970	5.54572105762	0.00268366621116	0.00219144162971	0.000492224581452
NNGT	77263	448406	456385	1126	923	5.92235271064	0.00250482724255	0.00201833337707	0.000486493865487
NTTN	336980	1245073	1269698	5238	4733	8.7408270417	0.00418935768781	0.00371381424338	0.000475543444431
TNNT	369963	1340969	1362137	4376	3800	11.7683295739	0.00325269726353	0.00278197310711	0.000470724156422
NCTN	69330	448407	442628	958	737	6.40459768545	0.00213189723276	0.00166228728023	0.00046960995253
CNNT	77289	443735	443899	1046	856	4.84039274037	0.00235171916067	0.00192465514722	0.00042706401345
TNTN	418065	1279262	1298391	5036	4665	5.12533543815	0.0039212083177	0.00358004567724	0.000341162640457
ANNT	333240	1145864	1151705	2950	2666	4.12888890611	0.00256786564231	0.00230948282658	0.000258382815728
