#Sequence	Occurrence	Forward Match	Backward Match	Forward Mismatch	Backward Mismatch	Strand Bias Score	FER (Forward Error Rate)	RER (Reverse Error Rate), ERD (Error rate Difference)
AGGT	6133	577565	591169	16183	4824	9223372036854775807	0.0272556707559	0.00809405479595	0.01916161596
GGGT	1964	148865	153775	4000	1396	287.882370383	0.0261668792726	0.0089965264128	0.0171703528598
NGGT	15225	1341008	1368882	32041	11016	9223372036854775807	0.0233356566299	0.00798319875817	0.0153524578717
TGGT	6409	553713	562571	10807	4282	9223372036854775807	0.0191436973004	0.00755398665968	0.0115897106407
CGGG	305	24939	25395	489	207	26.5356217062	0.0192307692308	0.00808530583548	0.0111454633953
AAGT	11922	1075948	1087341	21068	10640	9223372036854775807	0.0192048247245	0.00969051377027	0.00951431095425
AGGN	17347	1524311	1540686	27787	13728	9223372036854775807	0.017902864381	0.0088316240075	0.00907124037348
CGGT	719	60865	61367	1051	514	41.5414034533	0.016974610763	0.00830626525105	0.00866834551192
ANGT	46938	4123994	4169517	71117	35544	9223372036854775807	0.0169523523931	0.00845267167349	0.00849968071957
GGGN	6047	480758	486790	8472	4721	240.089872843	0.0173170083601	0.00960507496272	0.00771193339736
NGGN	42528	3652241	3692551	61155	32717	9223372036854775807	0.016468752592	0.00878245538308	0.00768629720889
CAGG	1742	144460	146454	2526	1417	71.3516450768	0.0171853101656	0.00958267679261	0.00760263337298
AGGG	2230	169109	171716	3181	1894	75.36166157	0.0184630564745	0.0109095098209	0.00755354665369
GNGT	11685	967341	982275	15791	8438	9223372036854775807	0.0160619326805	0.00851709829184	0.00754483438862
NAGT	27274	2492227	2523004	42657	23657	9223372036854775807	0.0168279889731	0.00928941857593	0.00753857039713
AAGG	8322	720588	726823	13469	7994	9223372036854775807	0.0183487113399	0.0108788991	0.00746981223981
TGGG	2266	190320	193075	3152	1726	95.1201317874	0.0162917631492	0.00886032412565	0.00743143902354
GAGT	2631	233475	235990	3675	1978	114.566167362	0.0154965211891	0.00831204195522	0.0071844792339
NGGG	6047	480806	486307	8479	5006	201.57950163	0.017329368364	0.0101890241048	0.00714034425924
NNGT	107688	9411394	9523650	145292	78413	9223372036854775807	0.0152031781729	0.00816626593681	0.00703691223604
CNGG	3655	307568	310977	4984	2831	133.701694234	0.0159461465612	0.00902143986132	0.0069247066999
TTGG	5848	503054	509164	8321	4811	211.773061543	0.0162718161819	0.00936037745027	0.0069114387316
NAGG	17347	1525294	1537751	26844	16251	9223372036854775807	0.017294853937	0.0104575154987	0.00683733843826
GCGT	781	63196	64315	953	522	29.7139690712	0.0148560382859	0.00805095855761	0.00680507972825
ANGG	18721	1598426	1612383	27878	17006	9223372036854775807	0.0171419365629	0.010437041124	0.0067048954389
TGGN	16886	1457556	1474201	22167	12452	9223372036854775807	0.0149805064867	0.0083758617512	0.00660464473549
TNGG	14014	1235179	1247422	20369	12157	9223372036854775807	0.0162231949714	0.00965163757097	0.00657155740047
NNGG	42528	3651926	3686645	61373	37248	9223372036854775807	0.0165278906977	0.0100024356232	0.00652545507458
GTGG	2367	199190	203376	3083	1842	73.984888118	0.0152417772021	0.00897582083443	0.00626595636767
ACGT	3640	322975	324421	4942	2884	119.446760157	0.0150708868403	0.00881135332488	0.00625953351539
NTGG	16886	1456258	1471906	23250	14052	9223372036854775807	0.0157146835299	0.00945652568915	0.00625815784078
TAGG	5026	467247	470386	7775	4828	153.329052977	0.0163676629714	0.0101596333441	0.00620802962726
TAGT	10113	951801	966518	14723	8904	9223372036854775807	0.0152329378267	0.00912835675226	0.00610458107443
ATGG	7301	636052	640580	10186	6384	194.303596878	0.0157619948069	0.00986762787419	0.00589436693267
TNGT	41069	3619956	3669794	49524	28672	9223372036854775807	0.0134961901959	0.00775240329369	0.0057437869022
CCGG	238	20207	20342	309	192	6.7574001637	0.0150614154806	0.00935034576799	0.00571106971261
CCGT	868	73066	73159	1060	640	23.38854411	0.014299975717	0.00867220423041	0.00562777148661
GNGG	6138	510753	515863	8142	5254	141.098975188	0.0156910357587	0.0100821888367	0.00560884692201
NCGT	8867	771271	776517	10615	6385	233.773888478	0.0135761479295	0.00815555459049	0.00542059333901
GAGG	2257	192999	194088	3074	2012	50.0018924184	0.015677834276	0.0102600713921	0.00541776288386
ATGT	25243	2147506	2166586	28924	17196	9223372036854775807	0.0132896532395	0.00787441237266	0.00541524086682
CTGG	1370	117962	118786	1660	1015	35.4588247911	0.0138770460283	0.00847238336909	0.00540466265924
TTNG	40626	3563330	3597971	57451	39404	9223372036854775807	0.0158670187454	0.0108330870477	0.00503393169774
GTGT	6309	521805	528195	7163	4542	134.376189653	0.0135414618654	0.00852578289099	0.00501567897437
TTTG	20971	1778798	1799003	31060	22134	9223372036854775807	0.0171615673716	0.0121539455845	0.00500762178704
TTAG	10064	952891	960797	13930	9143	223.177028269	0.0144080445088	0.00942635626946	0.0049816882393
GCGG	268	22126	22278	328	221	5.32313119523	0.0146076422909	0.00982265878483	0.00478498350607
GGGG	1246	96438	96121	1657	1179	17.8816034656	0.0168917885723	0.0121171634121	0.00477462516017
CGGN	2248	189616	190874	2729	1816	41.8091175259	0.0141880475188	0.00942446416524	0.00476358335354
NTGT	56322	4806888	4855247	59979	37355	9223372036854775807	0.0123239447472	0.00763499667457	0.00468894807263
AAAG	21622	1838195	1840339	36802	27924	263.648022951	0.0196277647378	0.0149465037845	0.00468126095323
GTAG	4296	390660	395662	5308	3517	84.3222986598	0.0134051236464	0.00881058372309	0.00459453992326
CAGT	2608	231003	233155	3191	2135	48.2562165964	0.0136254558187	0.0090739087934	0.00455154702528
NTAG	28642	2613109	2632268	38256	26409	9223372036854775807	0.0144287942249	0.00993313591685	0.00449565830801
GTCG	928	80954	82081	1075	713	17.7922250512	0.0131051213595	0.00861173514989	0.00449338620963
NCGG	2248	189568	190681	2800	1939	35.7614490222	0.0145554354155	0.0100664520818	0.00448898333363
NTNG	97916	8599270	8670080	129753	91750	9223372036854775807	0.0148645501335	0.010471556741	0.0043929933925
CNGT	7996	700103	702064	8860	5759	144.64877267	0.0124971260842	0.00813621484467	0.00436091123948
GCGN	1963	161313	162984	2112	1410	32.7249068998	0.0129233593391	0.00857695536333	0.00434640397581
TCGG	874	74558	74797	1121	792	13.2644333923	0.014812563591	0.0104777150114	0.00433484857951
AANG	55066	4770545	4783304	80495	59538	9223372036854775807	0.016593349055	0.0122940207424	0.00429932831268
ATAG	12062	1075199	1080783	16406	11724	173.752826955	0.0150292459269	0.0107312813556	0.00429796457123
ACGG	868	72677	73264	1042	734	12.8955590757	0.0141347549478	0.00991918700505	0.00421556794279
TCGT	3578	312034	314622	3660	2339	66.1754779548	0.011593505103	0.00737945677859	0.00421404832445
ANGN	135984	11939382	11975461	155604	104746	9223372036854775807	0.0128651657803	0.00867087790797	0.0041942878723
TGCG	864	70741	71763	960	666	13.2363943203	0.0133889346034	0.00919521186265	0.00419372274077
TNGN	97916	8621232	8690700	110005	73684	9223372036854775807	0.0125990166113	0.00840720808217	0.00419180852911
ATNG	35123	3090979	3108366	46064	33023	9223372036854775807	0.0146838918051	0.0105122288262	0.00417166297895
ANAG	41520	3594960	3606689	62155	46868	9223372036854775807	0.0169956372715	0.0128280467501	0.0041675905214
CGNG	2275	189489	191594	2589	1821	31.6578532633	0.0134788991972	0.00941498849624	0.00406391070096
ANNG	109224	9501626	9542286	148448	109509	9223372036854775807	0.0153830944716	0.0113459724331	0.0040371220385
TTGT	20969	1802408	1826083	20334	13147	9223372036854775807	0.0111557203378	0.00714810002012	0.0040076203177
GTNG	13019	1144541	1160154	15589	11057	180.393754291	0.0134372872006	0.00944065586816	0.00399663133242
AAGN	47162	4172451	4180519	54908	37979	9223372036854775807	0.0129887241656	0.00900296740688	0.00398575675873
GNGN	34808	2942665	2970443	38878	27263	9223372036854775807	0.0130395570347	0.00909462102021	0.00394493601452
NTTG	44262	3816852	3850548	59425	44481	9223372036854775807	0.0153304317519	0.0114199406474	0.00391049110449
GGGA	2314	193566	194691	2256	1500	34.7818243515	0.0115206667279	0.00764561065492	0.00387505607302
CCGN	2248	190353	190725	2486	1752	28.6872739394	0.0128915831341	0.00910238625914	0.00378919687498
TTGN	44262	3831698	3864718	45824	31423	9223372036854775807	0.0118178568684	0.00806515985946	0.00375269700892
AGNG	11039	941368	949574	13043	9533	125.139102483	0.0136660201947	0.00993945409636	0.00372656609829
TAGN	28642	2618168	2635277	33602	23897	9223372036854775807	0.01267153637	0.00898662517007	0.00368491119998
NAGN	96658	8609977	8644361	110017	78029	9223372036854775807	0.0126166371215	0.00894582792102	0.00367080920052
CCGA	874	74790	75005	929	652	11.4728018319	0.0122690473989	0.00861784104577	0.00365120635316
TGGA	6904	605071	609569	6991	4822	90.4606616343	0.0114220454791	0.00784842225879	0.00357362322026
NCGN	21204	1840150	1843832	22754	16104	248.962675248	0.0122142633222	0.00865836243828	0.00355590088393
TTGA	13517	1192242	1196128	13250	9039	175.587674464	0.0109913628626	0.00750020536573	0.0034911574969
TCGN	8126	713810	716504	8412	5912	97.1888469436	0.0116473881992	0.00818365041749	0.00346373778171
TCGA	2964	266708	267027	3089	2161	36.6418180135	0.011449348955	0.00802784670936	0.00342150224559
ACGN	8867	774674	773619	9744	7030	94.8854229239	0.0124219485019	0.00900532761843	0.00341662088352
ATTG	13056	1140860	1147121	16639	12829	111.519588717	0.0143749584233	0.011059959481	0.00331499894228
TCCG	927	79956	79720	1003	733	9.69494348507	0.0123889870181	0.0091109094751	0.00327807754302
NTGN	132790	11537356	11598746	135243	97371	9223372036854775807	0.0115863656414	0.00832507061959	0.00326129502186
GCGA	710	60033	60480	669	474	8.2712771612	0.011021053672	0.00777635594055	0.00324469773149
TNNG	112020	9821084	9875098	145783	113758	9223372036854775807	0.0146267628534	0.0113884913347	0.00323827151862
NNAG	96658	8588324	8618840	129879	102050	9223372036854775807	0.0148974507705	0.0117017873176	0.00319566345295
CGTG	1079	89070	90328	1213	935	9.42614593091	0.0134355304985	0.0102451157643	0.00319041473421
CTGT	3801	335169	334383	3558	2470	42.8778246384	0.0105040342222	0.00733257533702	0.00317145888523
GAGN	10866	942770	947002	11469	8454	102.332771823	0.012019001529	0.00884813115413	0.00317087037484
NGGA	17997	1561807	1568205	17593	12687	176.772773209	0.0111390401418	0.0080252161438	0.00311382399803
ATCG	2704	238868	239882	2833	2086	26.1329652057	0.0117210934171	0.00862097467434	0.00310011874274
ATGN	62608	5467946	5480637	63165	46009	9223372036854775807	0.0114199479996	0.00832494066021	0.00309500733938
GTGN	15932	1357824	1373667	16825	12678	137.20815211	0.0122394880439	0.00914490981682	0.00309457822704
NGNG	34808	2941753	2965886	39376	30419	264.230598926	0.0132084186897	0.010152170757	0.00305624793272
NANG	135984	11911958	11936376	179407	142427	9223372036854775807	0.0148376134539	0.0117914829806	0.00304613047334
CTAG	2220	194359	195026	2612	2025	17.3665111087	0.0132608353514	0.0102765273965	0.00298430795494
AGAG	4035	349053	350527	4801	3759	29.264100569	0.0135677426283	0.0106100720887	0.00295767053966
CTNG	9148	800420	803589	10649	8266	67.7558161375	0.0131295857689	0.0101816211023	0.00294796466661
TNGA	33848	2996756	3006328	31640	22734	9223372036854775807	0.0104477749938	0.00750529371799	0.00294248127577
AATG	21517	1896544	1900786	25816	20154	153.815424845	0.0134293264529	0.0104917384197	0.00293758803317
ANTG	41291	3637317	3650968	49719	38936	291.71128233	0.0134848154453	0.0105520360421	0.00293277940312
ANCG	7692	670923	672246	8696	6699	57.711689052	0.012795404484	0.00986677860504	0.00292862587894
AACG	3605	315218	315356	4408	3466	25.331680814	0.0137911183696	0.0108712698622	0.00291984850741
TNTG	59465	5066587	5098105	76529	61726	9223372036854775807	0.0148798899344	0.0119627949055	0.00291709502894
NGCG	1963	161439	162729	2031	1565	14.7251413354	0.0124242980363	0.00952560653463	0.00289869150171
AGTG	4110	367476	371558	4375	3325	34.4465264311	0.0117654651998	0.00886943393005	0.00289603126972
TGNG	15241	1291254	1300316	17551	13837	101.318602184	0.0134099426576	0.0105292153958	0.00288072726184
ACCG	719	61107	61235	769	592	5.76159980807	0.0124280819704	0.00957510472771	0.00285297724268
CNGN	24472	2136445	2142886	24682	18528	193.931013875	0.0114208928952	0.0085721661838	0.00284872671143
GNAG	15966	1414222	1421980	18117	14101	113.651800424	0.0126485420002	0.00981908402103	0.00282945797916
NAAG	47162	4156867	4160904	69293	57288	247.61227958	0.0163962083783	0.0135811741144	0.00281503426388
NTCG	8126	713051	715358	8822	6808	58.4017826157	0.01222098624	0.00942719540937	0.0027937908306
CNNG	29708	2574489	2582303	34185	26986	188.041684442	0.0131043587662	0.0103422809815	0.00276207778465
TNCG	8517	741681	742181	9558	7479	56.0129010151	0.0127229816343	0.00997652269029	0.00274645894405
NCGA	8126	716217	715238	7796	5809	63.1033064937	0.0107677624573	0.00805634029404	0.00271142216326
NNCG	21204	1838552	1840518	23571	18492	134.273265453	0.0126581326797	0.00994722997725	0.0027109027025
CANG	14630	1274532	1277050	17331	13832	87.1174033461	0.0134155092297	0.0107151544448	0.0027003547849
CGAG	751	64438	64819	735	561	5.98967679525	0.0112776763384	0.00858060568981	0.00269707064855
NNTG	132790	11509857	11565934	158923	127876	9223372036854775807	0.0136195043526	0.0109353581083	0.00268414624438
GNNG	42228	3691460	3712250	45330	35413	275.332093404	0.0121307325271	0.00944935550502	0.0026813770221
CAGN	9988	876588	881563	10038	7699	70.478191339	0.0113215718916	0.00865774091325	0.00266383097839
AGGA	7852	683643	683876	7381	5546	57.4116549909	0.0106812498553	0.00804441981834	0.00263683003695
NACG	8867	773593	771946	10399	8304	50.6254559827	0.0132641659609	0.0106427427107	0.00262142325021
NCCG	2248	190469	190485	2319	1815	14.1518383218	0.0120287569766	0.0094383775351	0.00259037944147
TACG	2983	262397	261691	3455	2764	17.069814974	0.0129959526353	0.0104516836513	0.00254426898402
GNCG	2720	234912	236155	2776	2181	17.01308527	0.0116791760627	0.00915094656284	0.0025282294999
NGAG	10866	941937	945273	12123	9724	59.650025941	0.0127067480033	0.0101822309389	0.00252451706432
CACG	1079	90050	89203	1318	1075	5.55189442027	0.0144251816829	0.0119076629965	0.00251751868634
CTTG	4807	423457	425389	5603	4533	26.3822990979	0.0130587796579	0.0105437730565	0.00251500660135
CTGA	3436	308538	308697	3227	2451	23.9592911427	0.0103507449521	0.00787728026534	0.00247346468679
TNAG	30024	2777637	2787390	39327	32396	150.320035413	0.0139607747916	0.0114888151087	0.00247195968292
TGAG	3895	342618	342094	4484	3613	20.8586686386	0.0129183928643	0.0104510466956	0.00246734616873
TTCG	3743	328587	329007	4140	3316	20.8130125509	0.0124426331497	0.00997824405774	0.00246438909196
GTTG	5428	473737	479035	6123	4985	28.9233865956	0.0127599716584	0.0102991611917	0.00246081046671
CTGN	9988	879888	879724	9429	7261	61.7569578344	0.010602518562	0.00818615872873	0.00241635983327
CNTG	14630	1274380	1278609	16380	13337	70.371590609	0.0126901980229	0.0103231868824	0.00236701114045
GAAG	8104	719883	720274	9431	7728	37.6384826279	0.0129313299896	0.0106153554523	0.00231597453723
AGNT	30987	2830334	2841712	32407	25891	163.694003637	0.0113202696297	0.00902879512959	0.00229147450011
CATG	7002	615825	617040	7860	6435	32.2334329535	0.012602515693	0.0103211836882	0.00228133200482
GANG	19518	1734821	1734399	20442	16463	93.3346773302	0.0116461179892	0.00940279702227	0.00224332096689
TTTA	64169	5318117	5370454	65796	54158	269.160087351	0.0122208512656	0.00998375552021	0.0022370957454
NATG	62608	5456204	5465775	72871	60584	248.909503858	0.0131796005661	0.0109627333295	0.00221686723661
GNGA	12931	1126733	1131937	11244	8746	70.9869635706	0.00988069178903	0.00766733614861	0.00221335564042
ACAG	3801	332513	335040	4146	3461	15.3539903706	0.0123151319287	0.0102244897356	0.00209064219312
GTGA	5230	465970	469690	4752	3799	25.5920544553	0.0100951304592	0.00802341765067	0.00207171280849
CNGA	9383	835372	837674	8325	6604	44.9266114511	0.00986728647844	0.00782206808658	0.00204521839186
TANG	46770	4132060	4141623	61139	52594	143.255695499	0.0145805147812	0.0125396468518	0.00204086792935
ACNG	7996	698734	701042	8846	7415	29.1717119332	0.0125017665847	0.0104664079824	0.00203535860228
TCNG	9383	834440	835188	9642	7923	37.6524610931	0.0114230607927	0.0093973391404	0.00202572165227
CNCG	2275	191036	189936	2541	2133	7.97427735926	0.013126559457	0.0111053840026	0.00202117545434
GACG	1200	105928	105696	1218	999	5.27933653297	0.0113676665484	0.00936313791649	0.00200452863196
GGNT	13575	1146861	1155816	11985	9730	55.4701714581	0.0103421852429	0.00834801886841	0.0019941663745
NTGA	47089	4209188	4207847	40488	31943	217.997548719	0.00952731455292	0.00753409956625	0.00199321498667
NGTG	15932	1357571	1371577	16743	14124	54.9185238391	0.0121828053851	0.0101926750432	0.00199013034191
CNAG	9148	801505	802781	10280	8685	30.4649952164	0.0126634515297	0.0107028513826	0.00196060014709
NNGA	115514	10240730	10241053	97888	77816	9223372036854775807	0.00946819004242	0.00754113653347	0.00192705350895
NCNG	24472	2135678	2139595	25210	21070	82.5425976316	0.0116665000685	0.00975162739249	0.001914872676
GGNG	6253	519642	524402	6193	5228	20.4949152933	0.0117774587085	0.00987104204822	0.00190641666031
TATG	26132	2227824	2233608	32476	28271	66.0209635047	0.0143680042472	0.0124989002506	0.00186910399659
TCAG	3436	307536	308561	3480	2909	12.3052225486	0.0111891349641	0.00933958326645	0.00184955169767
NCAG	9988	876411	880395	10207	8629	31.0938757263	0.0115122860127	0.00970614966525	0.00180613634744
CCTG	1742	146028	145852	1704	1434	5.67583980593	0.01153440013	0.00973615958068	0.00179824054929
ACGA	3578	314686	312726	3109	2522	13.3310137284	0.00978303623405	0.00800005075369	0.00178298548036
GCAG	1381	117851	118211	1275	1065	4.91067306625	0.0107029531756	0.00892887085415	0.00177408232148
TTNA	142690	12171258	12232998	130578	109115	9223372036854775807	0.0106145131507	0.00884086865839	0.00177364449233
GGAG	2185	185828	187833	2103	1791	6.91500179531	0.0111902772826	0.00944500696114	0.00174527032148
CCNG	3655	310048	310070	3616	3067	10.5930388664	0.0115282595389	0.00979443502365	0.00173382451522
TAGA	10463	932735	933604	8310	6712	38.1088828444	0.00883060852563	0.00713802594022	0.00169258258541
TGTG	8216	687575	693384	8955	7832	19.241812394	0.0128565890916	0.0111691689864	0.00168742010519
CAAG	4807	424197	424353	5627	4905	11.5948505408	0.0130914048541	0.0114266944355	0.00166471041857
TTTC	25405	2169322	2183651	34250	30736	46.9914696384	0.0155429457263	0.0138801392891	0.00166280643719
GNTG	17404	1531573	1538252	16295	13877	45.1799316697	0.010527383472	0.00894062284771	0.00158676062426
GCNG	3438	292456	293295	3106	2665	8.36545874056	0.0105087934173	0.00900459521557	0.00150419820172
TCTG	4146	372390	372110	4038	3489	9.39266734133	0.010727151009	0.00928916211172	0.00143798889724
GAGA	4677	407164	407076	3567	2973	12.5237220988	0.00868451614317	0.00725035300659	0.00143416313658
CAGA	4146	372517	373903	3204	2682	11.3025981782	0.00852760425954	0.00712189811065	0.00140570614889
GATG	7957	716011	714341	6719	5724	17.6428221807	0.00929669447788	0.00794928235645	0.00134741212143
NCTG	9988	879230	878034	9884	8687	17.2425571416	0.0111166846996	0.00979676809278	0.00131991660682
NGNT	103207	9146684	9182639	88886	76919	197.658328335	0.0096243112228	0.00830698398347	0.00131732723934
TTAA	43972	3802984	3806012	34905	29854	87.0567952083	0.0090948435455	0.00778285789962	0.00131198564588
ANGA	59352	5281869	5265114	46679	39732	117.01311322	0.00876017256483	0.00748975559328	0.00127041697155
NAGA	42302	3753518	3749763	32011	27377	78.245300137	0.00845614972174	0.00724807658705	0.0012080731347
TTTN	249835	19727259	19997899	208676	186982	9223372036854775807	0.0104673294731	0.00926346803828	0.00120386143485
ATGA	24906	2242438	2233332	19259	16654	39.6476279432	0.00851528741472	0.00740182383357	0.00111346358115
TTNN	499643	41361197	41723303	401108	365536	9223372036854775807	0.00960454649235	0.00868486773893	0.000919678753418
AAGA	23016	2041102	2035180	16930	15010	24.7751975999	0.00822630551906	0.00732127266253	0.000905032856525
AAAC	15223	1289038	1283777	17859	16604	9.61898520283	0.0136651932019	0.0127685655204	0.0008966276815
NTTC	55366	4808339	4824654	63623	59918	27.7207455773	0.013059009902	0.0122667861176	0.000792223784369
TCAA	13517	1195759	1197268	9927	8986	11.2675189726	0.00823348699413	0.00744950897572	0.000783978018405
AGNN	96658	8636634	8644797	84974	78234	62.5597945788	0.00974292813894	0.00896867155465	0.000774256584293
NTTA	150180	12940382	12999168	133114	123478	88.8681908741	0.0101819742783	0.0094095352416	0.000772439036745
TTNC	51742	4483237	4495291	60061	56757	23.0700734464	0.0132196919506	0.0124684537597	0.000751238190935
TGNT	50953	4494288	4511578	38872	35784	31.2741475997	0.00857503375129	0.00786917777824	0.000705855973053
TNTA	249192	19858753	19923155	188855	175702	112.91898872	0.00942032585633	0.00874189014828	0.000678435708051
GGAA	8239	704479	705065	5792	5325	5.05797952523	0.0081546339355	0.00749588254339	0.000658751392106
GGNN	42528	3677847	3692707	35618	33286	20.121664803	0.00959158090894	0.00893345747026	0.000658123438672
TNNA	481062	39906519	39927634	363924	337993	210.74531058	0.00903700016412	0.00839408262536	0.000642917538754
TNAA	142690	12246411	12204287	103753	96425	53.7447362484	0.00840094107252	0.00783897712588	0.000561963946646
ATTC	15962	1407311	1407847	16346	15553	5.05253222029	0.0114816981899	0.0109266544893	0.000555043700692
NTNA	394538	34379906	34382000	317654	298868	124.90562908	0.00915493769591	0.00861766204929	0.000537275646618
TNTC	51342	4461628	4479848	58415	56268	11.5371781756	0.0129235496211	0.0124044446835	0.000519104937585
TGNN	132790	11565410	11593900	109934	104131	38.1923214165	0.00941591100014	0.0089015835229	0.000514327477236
TGAA	21032	1861166	1859639	15717	14740	7.41646041445	0.00837399028069	0.00786393786956	0.000510052411138
NTTN	499643	41377046	41715338	394042	377398	110.609115926	0.00943336692595	0.00896587002565	0.000467496900296
TNTN	628408	50915797	51272879	476545	458923	101.810352182	0.00927268502377	0.00887119687035	0.000401488153422
AAAA	139290	10631928	10479137	87663	82912	16.6396321936	0.00817783066537	0.00784999198546	0.000327838679911
TATA	152778	11761448	11772408	99225	95757	14.98997285	0.00836588277916	0.00806839136463	0.000297491414535
GTNN	107686	9473471	9514616	87380	85328	8.20275378129	0.00913935380857	0.00888838518225	0.000250968626321
NAAA	249835	20027279	19810902	161276	155199	13.916032755	0.00798848654597	0.00777312505832	0.000215361487649
NNAA	499643	41767529	41460817	339562	330793	13.7339570314	0.00806424742094	0.00791529687418	0.000148950546758
TATN	279949	22612512	22673591	197277	194516	6.77325507148	0.00864878671171	0.00850599483377	0.00014279187794
ATNN	544552	45613860	45606629	399835	393417	11.9147647935	0.00868947820861	0.00855253492573	0.000136943282881
TANA	249192	19934439	19891516	164594	161692	5.05571964254	0.00818915019444	0.00806314879894	0.000126001395504
