#Sequence	Occurrence	Forward Match	Backward Match	Forward Mismatch	Backward Mismatch	Strand Bias Score	FER (Forward Error Rate)	RER (Reverse Error Rate), ERD (Error rate Difference)
GGGT	2199	156810	164572	3055	789	9223372036854775807	0.0191098739562	0.00477137898295	0.0143384949732
AGGT	5502	435923	445343	6462	1674	9223372036854775807	0.0146071860484	0.00374482402235	0.010862362026
NGGT	14597	1140143	1166594	15613	4127	9223372036854775807	0.0135089067243	0.00352517807402	0.00998372865023
CGGT	663	49046	51015	641	219	49.2920780727	0.0129007587498	0.00427450521138	0.00862625353839
AAGT	10495	835957	848281	10323	3341	9223372036854775807	0.0121980904665	0.00392310203353	0.00827498843298
TGGT	6233	498364	505664	5455	1445	9223372036854775807	0.0108273010744	0.00284948600794	0.00797781506645
GAGT	2772	214379	219951	2192	697	176.595944997	0.0101213920608	0.00315887748813	0.00696251457268
NAGT	25066	2006044	2032450	19954	6557	9223372036854775807	0.00984897319741	0.00321578101497	0.00663319218243
GNGT	11832	921244	935068	9015	3013	9223372036854775807	0.0096908495376	0.00321187615995	0.00647897337765
ANGT	42314	3444234	3443079	29297	9832	9223372036854775807	0.00843435685474	0.00284745248285	0.00558690437189
TAGT	8913	737824	739410	5771	1843	9223372036854775807	0.00776094513815	0.00248633057809	0.00527461456006
NNGT	101204	8159242	8207454	63467	21938	9223372036854775807	0.00771850250325	0.00266581054834	0.00505269195491
CCGT	975	72810	73352	541	181	40.3763148152	0.00737549590326	0.00246147987978	0.00491401602348
GGGN	6303	471831	480260	4474	2308	158.929275241	0.0093931409496	0.00478274564414	0.00461039530546
CAGT	2886	217884	224808	1668	676	98.7614133602	0.00759728902492	0.00299799542318	0.00459929360174
ACGT	3464	276325	279179	2036	784	124.168605027	0.00731424301536	0.0028003700489	0.00451387296647
TNGT	38618	3146776	3169850	20698	7320	9223372036854775807	0.00653454456138	0.00230393715162	0.00423060740976
GCGT	752	56677	57334	495	255	18.0796954273	0.00865808437697	0.00442792894476	0.0042301554322
CNGT	8440	646988	659457	4457	1773	262.556012139	0.0068417134217	0.00268136654417	0.00416034687753
GTGT	6109	493378	493211	3273	1272	191.655686461	0.00659014076283	0.00257238368154	0.00401775708129
NCGT	8930	700015	709346	4682	1894	264.980175776	0.00664399025397	0.00266295483944	0.00398103541453
CGCG	160	10818	11046	60	23	4.26944318703	0.00551571980143	0.00207787514681	0.00343784465463
AGGN	16798	1328909	1331596	9740	5219	298.553247201	0.00727599243715	0.00390405553498	0.00337193690217
ATGT	22853	1896029	1870276	10476	4033	9223372036854775807	0.00549487150571	0.00215172631621	0.00334314518951
NGGN	42059	3292664	3308855	23770	12723	9223372036854775807	0.00716733696494	0.00383040831797	0.00333692864697
TCGT	3739	294203	299481	1610	674	87.8350982803	0.00544262760595	0.00224550648831	0.00319712111764
NTGT	52611	4313040	4299064	23218	9360	9223372036854775807	0.00535438620119	0.00217248813023	0.00318189807096
TGGN	16616	1322070	1323232	8469	4430	275.576423283	0.00636508963661	0.00333669262207	0.00302839701454
CTGT	3916	307248	310282	1607	697	80.9116152895	0.00520308882809	0.00224130889867	0.00296177992942
TTGT	19733	1616385	1625295	7862	3358	9223372036854775807	0.00484039681157	0.00206182655237	0.0027785702592
TTTG	19471	1558259	1557465	14695	10505	151.052685399	0.009342294816	0.00669974553085	0.00264254928515
TTTC	23053	1834152	1857937	18859	14194	156.398413077	0.0101774895022	0.00758173439786	0.00259575510436
GGNT	13596	1063096	1082691	5904	3184	188.379744465	0.00552291861553	0.00293219753655	0.00259072107898
AGNT	28438	2294656	2312143	12730	7480	9223372036854775807	0.00551706563184	0.0032246619386	0.00229240369325
GNGN	35347	2767886	2780373	14891	9260	290.925184681	0.00535112946528	0.00331943305804	0.00203169640724
AAGN	42832	3463323	3452182	17085	10073	9223372036854775807	0.00490890723157	0.00290937553704	0.00199953169452
CGGN	2342	169854	173767	1087	766	14.5651424374	0.00635891915924	0.00438885482975	0.0019700643295
CCGN	2342	171281	172215	796	466	20.018438897	0.00462583610825	0.00269861768232	0.00192721842594
TNGN	92307	7461197	7451353	34700	20832	9223372036854775807	0.00462919914721	0.00278793953843	0.00184125960878
AAAC	14141	1127824	1132234	10170	8107	53.1474177254	0.00893677822554	0.00710927696189	0.00182750126365
NAGN	91125	7324992	7314383	33354	19918	9223372036854775807	0.00453281212925	0.00271573255584	0.00181707957341
TAGN	26190	2147826	2127473	9295	5355	222.758803256	0.00430898405792	0.00251075098414	0.00179823307378
GAGN	11634	911325	919394	4051	2431	92.0245965866	0.00442550383667	0.00263715998156	0.00178834385512
ANGN	127372	10414070	10330651	48267	29584	9223372036854775807	0.00461340520765	0.00285553368239	0.00175787152526
CTCG	740	55381	55490	249	153	5.68967694988	0.00447600215711	0.00274967201625	0.00172633014086
NGNT	98484	8016584	8068947	35111	21677	9223372036854775807	0.00436069672286	0.00267927418207	0.0016814225408
TTNC	47360	3785230	3824293	26949	20779	187.573062527	0.00706918536616	0.00540406005401	0.00166512531215
ACGN	8930	702650	704321	3146	2028	54.0401385664	0.00445737861932	0.00287110196234	0.00158627665697
TTGN	41393	3356210	3360523	14429	9299	242.946706758	0.004280790675	0.00275949293464	0.00152129774036
NCGN	21420	1659233	1668887	7215	4891	100.811334933	0.00432956803933	0.00292213184783	0.0014074361915
TTNG	37044	2968807	2964909	19380	15229	107.702259026	0.00648553788635	0.00511016603929	0.00137537184706
GTGN	15370	1234519	1228493	5600	3872	67.6395286044	0.00451569567114	0.00314192629619	0.00137376937495
NTGN	126044	10319406	10244056	41415	27935	9223372036854775807	0.00399727010051	0.00271953119897	0.00127773890154
TNTC	48804	3957319	3980701	25754	20782	122.515726828	0.00646586191114	0.00519357448226	0.00127228742888
TATT	77039	6494852	6458981	22991	14762	9223372036854775807	0.00352739395533	0.00228028823511	0.00124710572023
TCGN	8108	635091	640125	2507	1748	31.7091956311	0.0039319445795	0.00272328015043	0.00120866442907
TGNT	48933	4062314	4067126	14363	9515	215.863575291	0.0035232126558	0.00233402941294	0.00118918324286
ATGN	58812	4919188	4842552	18296	12264	239.189140281	0.00370553099514	0.00252615135157	0.00117937964357
TTAC	12551	1030193	1027766	5008	3841	33.81675177	0.00483770784611	0.00372331711592	0.00111439073019
CAGN	10469	802518	815334	2923	2059	36.598102254	0.00362906780261	0.00251898413615	0.00111008366646
CNGN	25622	1953142	1973804	7896	5791	76.2310586382	0.00402643905931	0.00292534584094	0.00110109321837
CGNT	7517	596518	606987	2114	1498	26.1799657831	0.00353138489088	0.00246185197663	0.00106953291425
ANAC	40126	3239621	3253540	21212	17972	62.149639636	0.00650508627703	0.0054934843583	0.00101160191873
NTTC	51467	4128220	4180211	29085	25273	69.7411335572	0.0069961188799	0.0060095342177	0.000986584662197
CNCG	2359	175668	178338	689	539	5.1850528959	0.00390684804119	0.00301324373732	0.000893604303872
AANC	32297	2581044	2592531	14849	12658	41.0231266165	0.00572018954556	0.00485876456564	0.000861424979921
GGAT	5639	458333	462756	1771	1408	10.6206684206	0.00384912976197	0.00303341060487	0.000815719157094
AACC	4745	369356	371381	1161	871	10.1686270526	0.0031334594634	0.00233981281497	0.000793646648424
NTTG	41393	3357126	3336692	21726	18930	39.0930419645	0.0064299945662	0.00564127902368	0.000788715542522
GAGA	4915	390579	389463	1205	898	10.380594297	0.00307567435117	0.00230043472581	0.000775239625368
CTGN	10469	809489	812488	3090	2500	14.9132496555	0.00380270718293	0.00306752982866	0.000735177354272
ATAC	16606	1367732	1362680	8359	7318	15.0870212865	0.00607445292499	0.00534161363739	0.000732839287596
TACC	5343	429653	425245	1269	943	10.5599685959	0.00294484848766	0.00221263855388	0.000732209933784
GNNT	93559	7551321	7647057	27145	21871	139.085766505	0.00358185944227	0.00285189794454	0.00072996149773
GTNT	40126	3273596	3301154	9624	7348	71.5991226274	0.00293126869354	0.00222094470549	0.00071032398805
TNNC	107438	8665222	8716866	43129	37290	100.686263248	0.00495260239281	0.00425969105417	0.000692911338638
TTCC	7882	617131	633080	1958	1570	12.4233806288	0.00316271166181	0.00247380445915	0.000688907202662
NTAC	39251	3192333	3195267	16075	13890	36.0425390895	0.00501027300767	0.00432823947224	0.000682033535437
NTNC	120656	9675792	9763913	52183	45964	99.1548422033	0.00536422019999	0.00468548178535	0.000678738414643
ATCC	5639	454507	461240	1170	873	11.2031763371	0.00256760819616	0.00188914832519	0.000678459870963
NATT	149717	12447603	12469247	36796	28738	219.173840616	0.00294735853925	0.002299410665	0.000647947874246
NTCC	17946	1411543	1444591	3860	3040	26.5027420168	0.00272713848989	0.00209998266133	0.000627155828559
NACC	14597	1152073	1158470	3212	2500	21.1178820749	0.00278026634121	0.00215337174949	0.000626894591721
TANT	153292	12963508	12865064	50820	42910	133.135314571	0.00390492693899	0.00332430170684	0.00058062523215
TNCC	16969	1335368	1353586	3952	3230	18.9241214117	0.00295075112744	0.0023805733423	0.000570177785142
GCNT	10185	804845	823283	2750	2362	9.28415234955	0.00340517214693	0.00286079368251	0.000544378464415
NAAC	36715	2962463	2983077	18500	17074	15.5640253849	0.00620604817973	0.00569104688397	0.000515001295759
TNTT	240507	19503862	19541823	46530	36537	266.308391162	0.00238000342909	0.00186619308257	0.000513810346521
TTGG	5252	413985	413953	1417	1204	4.44490477892	0.0034111535332	0.00290010767011	0.000511045863094
ANCC	13596	1061391	1070947	2900	2385	12.8234646654	0.00272481868211	0.00222205244975	0.000502766232354
ATNT	244552	19427385	19304132	55027	45065	202.776747937	0.00282444494039	0.00232903722051	0.000495407719879
NNTC	110792	8945276	9044219	42851	38850	53.670990649	0.00476751162951	0.0042771886903	0.00049032293921
NNAC	101204	8138327	8203899	40737	37126	43.9514512421	0.00498064326187	0.00450502213014	0.000475621131734
TTAA	39424	3257426	3234034	9686	8088	29.792779932	0.00296469787384	0.00249466244639	0.000470035427455
TTTN	222116	17709478	17702018	93337	85112	82.5270191536	0.00524282255362	0.0047850327737	0.000457789779928
NNCC	42059	3274025	3327332	8730	7356	31.5924625549	0.0026593516726	0.00220590352081	0.000453448151795
AGNN	91125	7332746	7340771	25316	22164	47.2745115967	0.00344057987008	0.00301021263939	0.000430367230691
TTGA	12534	1022086	1015765	4026	3563	6.29527439371	0.00392354830662	0.00349544013311	0.00042810817351
TNNT	496658	40893655	40976565	117876	100554	9223372036854775807	0.00287421603451	0.00244793214441	0.000426283890096
TTNN	451379	36584506	36606270	151552	136774	167.25437094	0.00412542902671	0.00372244607714	0.000402982949567
ANNC	93559	7515887	7549539	35345	32503	29.6937826986	0.00468069316371	0.0042868398777	0.000393853286011
NTNT	562171	45148607	45192867	113048	95534	9223372036854775807	0.00249765502388	0.0021094584461	0.000388196577779
ANNT	442412	35409489	35466651	146336	132700	150.424342355	0.00411566881095	0.00372759604522	0.000388072765727
GGNN	42059	3306855	3331594	11696	10498	17.0066672008	0.00352442978878	0.00314114632392	0.000383283464865
NGCT	9349	727048	734299	2519	2265	4.18822054342	0.0034527329224	0.00307508919795	0.000377643724453
TGTT	20285	1683872	1682514	3832	3200	13.1389593568	0.00227054033172	0.00189830540649	0.000372234925224
ATAT	144244	11185310	11119248	34301	30028	57.3760975815	0.00305723611986	0.00269326905173	0.000363967068132
NTNG	92307	7474988	7412216	34484	31548	24.2217681753	0.00459206719194	0.00423817842694	0.000353888765005
TATC	16382	1381191	1374835	4738	4286	5.21106449112	0.00341864554389	0.00310777662004	0.000310868923856
NANC	98484	7968155	8027803	33313	31157	20.325815579	0.00416336102325	0.00386613161003	0.000297229413218
NGAT	37823	3152706	3156441	10367	9466	9.99122389017	0.00327750892882	0.00298998043847	0.000287528490352
NTGG	16616	1329985	1315822	3587	3170	5.40528316416	0.00268976853143	0.0024033504373	0.000286418094129
TTNT	238195	19276324	19355779	41746	36574	80.0465511312	0.00216098192004	0.00188600114695	0.00027498077309
NGTT	36715	2996687	3011613	6612	5819	12.7772438145	0.00220157899696	0.00192846102249	0.000273117974478
NANT	349566	28854815	28955296	136071	128656	51.9101550068	0.00469357852671	0.00442360790583	0.000269970620883
NNTT	451380	36652950	36804854	80297	70702	142.339063763	0.00218594887623	0.00191731346369	0.000268635412538
TNTG	55734	4571728	4498130	27048	25413	6.84237462552	0.00588156500773	0.00561794151178	0.000263623495957
ATNC	41813	3422608	3424806	15881	15023	6.06342900832	0.00461859845996	0.00436736826162	0.000251230198343
TNAA	128780	10569098	10523676	23597	21167	27.4818017413	0.00222766727448	0.00200733192519	0.000220335349287
TTAN	136403	11382165	11350578	31008	28434	23.7086404429	0.00271686059608	0.00249881096883	0.000218049627259
TNGA	32120	2620649	2593888	8904	8270	4.47992458813	0.00338612684361	0.00317813138172	0.000207995461889
NTAT	247532	19855848	19812694	53293	49217	34.3840624125	0.00267681061679	0.00247795894363	0.000198851673163
NATC	37823	3128636	3155270	9461	8937	5.01424561197	0.00301488449847	0.00282440434523	0.000190480153244
TAAA	57351	4691475	4674692	8363	7601	8.15684220973	0.00177942303543	0.00162334992705	0.000156073108377
AAAA	122241	9663619	9637511	17537	16054	14.3162832524	0.0018114572268	0.00166301257618	0.000148444650619
NAAA	222116	17798305	17752248	31650	29239	20.4241323305	0.00177510262926	0.00164435066651	0.000130751962744
TTTT	122241	9628267	9669327	16670	15508	11.1261431026	0.00172836795098	0.00160126630965	0.00012710164133
TNTN	562171	45191419	44946697	184278	177992	17.8267406271	0.00406116075749	0.00394444823764	0.000116712519849
NTAN	449376	36617256	36451777	107009	103553	10.0399378706	0.0029138500117	0.00283277431773	8.1075693976e-05
ATAN	247532	19880289	19711891	63367	61419	4.20364026729	0.00317730109264	0.0031061567335	7.11443591424e-05
NTTT	222116	17765459	17814421	30292	29335	4.66522519524	0.00170220408231	0.00164399244195	5.82116403616e-05
