#Sequence	Occurrence	Forward Match	Backward Match	Forward Mismatch	Backward Mismatch	Strand Bias Score	FER (Forward Error Rate)	RER (Reverse Error Rate), ERD (Error rate Difference)
TGGCNGGT	9	68	89	30	1	8.30385085715	0.30612244898	0.0111111111111	0.295011337868
TGGCNGGN	18	150	182	32	1	9.03979762493	0.175824175824	0.00546448087432	0.17035969495
NGGCNGGT	23	210	263	40	1	11.8250577243	0.16	0.00378787878788	0.156212121212
NGGCAGGT	12	116	158	20	0	7.0470909603	0.147058823529	0.0	0.147058823529
NGGCAGGN	27	254	309	27	0	8.99599495141	0.0960854092527	0.0	0.0960854092527
TGGNTGGT	54	713	701	49	5	9.15010753648	0.0643044619423	0.0070821529745	0.0572223089678
TGGNNGGT	121	1345	1365	68	5	14.5939948853	0.0481245576787	0.0036496350365	0.0444749226422
TNGCNGGT	68	790	887	35	3	8.13577257845	0.0424242424242	0.00337078651685	0.0390534559074
TTTTTTTC	2238	18307	20141	960	253	102.765639949	0.0498261275756	0.012405609493	0.0374205180827
AAAAAAGT	525	4898	4996	223	54	25.1010712509	0.0435461823863	0.0106930693069	0.0328531130793
TGGCNNGT	95	1112	1089	37	2	8.50597566659	0.0322019147084	0.00183318056829	0.0303687341402
TTTTTTTA	3767	26623	26702	1290	435	90.8819166192	0.046215025257	0.0160297748462	0.0301852504109
TTTTTTTG	1457	11030	11518	539	198	37.355238909	0.046590025067	0.0168999658587	0.0296900592083
TGGNTGGN	128	1564	1527	54	10	7.45373695683	0.0333745364648	0.00650618087183	0.0268683555929
TTTTTTNC	3439	29255	31672	1063	277	112.916600703	0.0350616795303	0.00867006792075	0.0263916116096
NGGNTGGT	134	1817	1725	58	10	8.02766621854	0.0309333333333	0.00576368876081	0.0251696445725
AAAAAAAC	783	6582	6974	334	166	14.795357926	0.0482938114517	0.0232492997199	0.0250445117318
TTTNTTTC	3374	29641	31606	999	296	92.2268710741	0.0326044386423	0.00927841514639	0.0233260234959
TGNATGGT	130	1535	1466	42	5	7.25302962581	0.0266328471782	0.00339904826649	0.0232337989117
TTTTTNTC	3407	30957	33252	1006	281	99.5484904097	0.0314738916873	0.00837980496824	0.023094086719
NTTTTTTC	3538	31111	33323	1039	321	92.6489700329	0.0323172628305	0.00954107716086	0.0227761856696
AANAAAGT	919	9014	9215	270	68	27.5762407488	0.0290822921155	0.00732521814069	0.0217570739748
AAAANAGT	934	9087	9240	274	74	26.0906958099	0.0292703770965	0.00794502898862	0.0213253481078
TTTTNTTC	3833	36101	38121	1079	316	99.2251244931	0.029020979021	0.00822124515441	0.0207997338666
NAAAAAGT	1072	10460	10591	315	94	26.9284490496	0.0292343387471	0.00879737950398	0.0204369592431
TNTTTTTC	3860	35836	38177	1058	339	90.0669034892	0.028676749607	0.00880153702357	0.0198752125834
AAANAAGT	973	9475	9392	261	70	24.0333324088	0.0268077239113	0.00739801310505	0.0194097108062
TTNTTTTC	3730	34594	36890	1003	334	82.0033463781	0.0281765317302	0.00897270578122	0.019203825949
TTTTTTNG	2259	18386	19112	588	242	34.5628582097	0.0309897754822	0.0125038751679	0.0184859003143
TNNCAGGT	195	2342	2431	51	7	9.07454331923	0.021312160468	0.00287120590648	0.0184409545616
ANAAAAGT	1063	10581	10408	288	86	23.4562617553	0.0264973778636	0.00819515913856	0.0183022187251
TTTTTTNA	7568	59003	60196	1646	563	119.116164881	0.0271397714719	0.00926611695387	0.017873654518
TNGNTGGT	283	3571	3716	73	9	13.4187279827	0.0200329308452	0.00241610738255	0.0176168234627
TTTTTNTA	7259	54964	55126	1591	593	98.9607674278	0.0281319069932	0.0106426892083	0.0174892177848
AAAAANGT	1620	15168	14965	374	101	33.710894135	0.0240638270493	0.00670383645294	0.0173599905963
TTTTGTGT	256	2361	2270	47	5	8.50918320435	0.0195182724252	0.0021978021978	0.0173204702274
TGNANGGT	272	2976	2890	59	7	10.2694767124	0.0194398682043	0.0024162927166	0.0170235754877
AAAAANAC	1540	13599	13721	417	178	21.7745983647	0.0297517123288	0.0128066767393	0.0169450355894
TGGNTNGT	259	3248	3167	66	10	10.2194366207	0.0199155099578	0.00314762354422	0.0167678864135
TNGCANGT	158	1767	1781	31	1	7.8629265999	0.0172413793103	0.000561167227834	0.0166802120825
TTTTNTTG	2350	19962	20930	579	244	33.5083946528	0.0281875273843	0.0115235666383	0.0166639607459
TNGANGGT	243	2917	2744	62	12	7.92728588324	0.0208123531386	0.00435413642961	0.016458216709
NTTTTTTA	6473	50784	51444	1466	606	79.5474000838	0.0280574162679	0.0116426512968	0.0164147649711
TTTTTNNC	5698	52194	55144	1156	321	112.421901668	0.0216682286785	0.00578743351663	0.0158807951619
TTTTTNTG	2675	21848	22282	597	243	34.2966932026	0.026598351526	0.0107880133185	0.0158103382074
TNTTTTTG	2363	20137	20461	566	239	30.3914655261	0.0273390329904	0.0115458937198	0.0157931392706
NTTTTTTG	2328	20513	20485	580	250	28.8134304799	0.0274972739771	0.0120569086086	0.0154403653685
TGNNTGGT	290	3500	3482	71	16	8.73428230953	0.0198823858863	0.00457404230989	0.0153083435764
TTTTNTTA	6936	54628	55031	1571	708	72.0650432239	0.0279542340611	0.0127020578051	0.015252176256
NNGGTGGT	156	1957	2039	33	3	7.08869687009	0.0165829145729	0.00146914789422	0.0151137666786
TTTNTTTG	2494	21666	21879	583	252	29.6365331137	0.026203424873	0.0113867425783	0.0148166822947
NTTTTTNC	5872	53178	56218	1157	372	97.131323352	0.0212938253428	0.0065735995759	0.0147202257669
TTTNTTNC	5668	52751	55278	1122	340	98.8323439453	0.02082675923	0.00611312884318	0.0147136303869
TTTTNTNC	6267	58978	61732	1209	353	110.337800947	0.0200873942878	0.00568575340259	0.0144016408852
AANANAGT	1773	18077	18277	365	101	33.6320467908	0.0197917796334	0.00549570138209	0.0142960782514
AAAAAANC	1497	13976	14476	392	193	16.8112257624	0.0272828507795	0.0131569977504	0.0141258530292
TTTNGTGT	381	3614	3413	57	5	11.0023660286	0.0155271043312	0.00146284376829	0.014064260563
TTNTTTTG	2619	23285	23450	602	266	29.2243107739	0.0252019927157	0.0112160566706	0.0139859360451
AAAANAAC	1542	14415	14781	392	187	17.4527121273	0.0264739650165	0.0124933190807	0.0139806459358
TTNTTTTA	6963	52558	51952	1516	742	55.663619756	0.0280356548434	0.0140812995787	0.0139543552647
TNTTTTTA	7246	56833	56402	1503	678	66.3361216987	0.0257645364783	0.0118780658725	0.0138864706059
NANAAAGT	1982	19945	20147	402	125	32.759032152	0.0197572123655	0.00616614048934	0.0135910718761
NTTTTNTC	5695	54449	57141	1104	363	89.2658449815	0.0198729141541	0.00631260434057	0.0135603098135
TGGANNGT	226	2545	2566	41	6	6.80065916366	0.0158546017015	0.00233281493002	0.0135217867715
AAAAAAAT	4963	34583	38220	1210	795	29.06867956	0.0338054926941	0.0203767781622	0.0134287145319
TNTTTTNC	6321	60272	63165	1201	389	98.4681798476	0.0195370325183	0.00612077917991	0.0134162533384
TTNTTTNC	5984	56636	59843	1136	377	92.0433427203	0.019663504812	0.00626037861176	0.0134031262003
TTTNTNTC	5596	53438	55948	1061	345	86.5621805328	0.0194682471238	0.00612864832217	0.0133395988016
AAANAAAC	1549	13922	14731	367	187	15.5895590531	0.0256840926587	0.012535192385	0.0131489002737
TTTTNNTC	6018	60106	63249	1150	359	99.0269145739	0.0187736711506	0.00564394415797	0.0131297269926
TTTNTTTA	8009	59436	54759	1602	730	56.3014458781	0.0262459451489	0.0131557606012	0.0130901845477
AAANNAGT	1804	18210	18221	347	103	29.3340482319	0.0186991431805	0.0056210434403	0.0130780997402
NTTNTTTC	5762	53998	56830	1094	388	81.2002115962	0.0198576925869	0.00678108287602	0.0130766097109
AANAAGGT	396	3851	3831	73	22	6.86172372312	0.0186034658512	0.00570983649105	0.0128936293601
AANAAAAC	1656	15095	15501	409	212	15.3075987485	0.0263802889577	0.0134920129829	0.0128882759748
AANNAAGT	1828	19028	19186	347	98	31.2779930867	0.0179096774194	0.00508193320888	0.0128277442105
TTTNNTTC	6104	60528	63136	1147	390	88.1572692973	0.0185974868261	0.00613921858766	0.0124582682384
NAAANAGT	1912	19332	19473	387	142	25.6167863323	0.0196257416705	0.00723935763446	0.012386384036
TNTTTNTC	6098	59896	63135	1117	377	88.4273793977	0.0183075737957	0.00593588613175	0.012371687664
NNAAAAGT	2261	22996	22934	440	149	31.6185648315	0.0187745349036	0.00645496685873	0.0123195680448
NAANAAGT	2129	22187	22069	406	127	31.9706444425	0.0179701677511	0.00572175166697	0.0122484160841
NAAAAAAC	1334	12243	12647	350	200	10.5632638763	0.0277932184547	0.0155678368491	0.0122253816056
GNANAGGT	361	4723	4118	72	12	9.16031469066	0.015015641293	0.00290556900726	0.0121100722857
ANNAAAGT	1895	19702	19306	368	122	26.3528285164	0.0183358246139	0.00627959645872	0.0120562281551
AAAANNGT	3032	29314	29879	536	178	41.004679659	0.0179564489112	0.00592208137871	0.0120343675325
NTTTNTTC	6483	63490	65874	1193	434	83.238684563	0.0184437951239	0.00654521324727	0.0118985818766
NNTTTTTC	6410	62116	65335	1180	450	79.4258703965	0.0186425682508	0.00684046515163	0.0118021030991
AANAANGT	2983	29658	29449	493	140	42.7633021186	0.0163510331332	0.00473148805299	0.0116195450802
TTTTGNGT	378	3704	3652	56	12	7.19645093008	0.0148936170213	0.00327510917031	0.011618507851
ANAAAAAC	1538	14199	14502	364	197	12.1818675158	0.0249948499622	0.0134022722634	0.0115925776988
TNTNTTTC	6369	61268	63771	1120	421	75.3223520182	0.0179521702892	0.00655844965105	0.0113937206381
NCANAGGT	271	3388	3334	47	8	7.08236286359	0.0136826783115	0.00239377618193	0.0112889021296
AAAAAANT	7933	59361	63848	1604	977	44.0041091244	0.026310177971	0.0150713459314	0.0112388320396
ANANAAGT	2137	21479	21005	372	123	26.6366393823	0.0170243924763	0.0058216584627	0.0112027340136
TTNNTTTC	5932	58069	60688	1063	414	68.6203275683	0.0179767300277	0.00677555562829	0.0112011743994
TTNTNTTC	6709	67864	71374	1153	423	81.924083771	0.0167060289494	0.0058916110701	0.0108144178793
AAANANGT	3256	30018	30389	480	154	37.8761968352	0.0157387369664	0.00504207183315	0.0106966651332
AANNAGGT	691	6851	6968	113	39	8.6827541023	0.0162263067203	0.00556586270872	0.0106604440116
ANAANAGT	2185	23454	22778	381	123	27.7125471014	0.0159848961611	0.00537094450024	0.0106139516609
NNGATGGT	377	5195	5041	71	15	8.09417550999	0.0134827193316	0.0029667721519	0.0105159471797
TAAAGGAA	252	3357	2970	39	3	7.32218391773	0.0114840989399	0.00100908173562	0.0104750172043
ANAAANGT	3275	31835	31422	511	170	36.7308803929	0.0157979348297	0.00538110914155	0.0104168256881
NTNTTTTC	6529	62926	66325	1120	474	64.8554574501	0.017487430909	0.0070959146095	0.0103915162995
TNTTNTTC	7158	73563	76952	1211	452	83.1256128288	0.0161954690133	0.00583949149915	0.0103559775141
TTTTTNNA	15292	126216	128368	2176	852	130.376890168	0.0169480964546	0.00659340659341	0.0103546898612
TTNTTNTC	6576	68960	71600	1094	385	80.0475592426	0.0156165243955	0.00534833645898	0.0102681879365
NAAAANGT	3394	33351	32734	549	196	35.5197746274	0.0161946902655	0.00595201943517	0.0102426708303
TTTTTTCA	986	9131	9644	148	57	10.5088515954	0.0159499946115	0.00587568291929	0.0100743116922
GNAANGGT	363	4797	4355	60	10	8.06651563011	0.012353304509	0.00229095074456	0.0100623537644
ANANAGGT	830	8462	8590	125	39	10.6829587299	0.0145568883196	0.00451964306409	0.0100372452555
AAAAANNC	3232	30636	30829	555	241	27.9522651421	0.017793594306	0.00775667846798	0.0100369158381
AAAAATAC	497	4418	4281	53	8	8.17882558672	0.0118541713263	0.0018652366519	0.00998893467442
TTTTNTNG	3943	35037	35913	653	307	29.579166977	0.0182964415803	0.00847598012148	0.00982046145879
TNNTTTTC	6685	68008	70910	1129	469	65.7523061002	0.0163298957143	0.00657055996862	0.00975933574569
TTTTNAGT	530	4614	4708	55	10	8.27382183642	0.0117798243735	0.00211954217889	0.00966028219464
TTTTGTGN	544	5323	5221	65	13	7.84023786849	0.0120638455828	0.00248376003057	0.00958008555221
TTTTTNNG	4337	36965	37715	689	333	29.1198732866	0.0182981887714	0.00875210260723	0.00954608616421
AANANGGT	993	10402	10639	158	58	11.1800715275	0.0149621212121	0.00542208095728	0.00954004025484
NTTTGTGT	517	5126	4875	61	11	7.52790688425	0.0117601696549	0.00225133033156	0.00950883932335
NTTTTTNA	13566	114852	116747	1918	814	100.913823008	0.0164254517427	0.00692406495351	0.00950138678923
NAANAGGT	879	9263	9116	132	42	10.4158228778	0.0140500266099	0.00458615418214	0.00946387242776
AAAANNAC	3093	29293	29482	501	219	25.0360462888	0.0168154662012	0.00737348910811	0.00944197709314
AAANANAC	3431	30811	31703	505	217	27.4234043087	0.0161259420105	0.00679824561404	0.00932769639644
NTTTTTNG	3801	34975	35097	646	313	25.9988196259	0.0181353695854	0.00883931092912	0.00929605865624
TNTTTTNG	3856	34817	35574	625	300	26.9787313376	0.0176344450087	0.00836260244188	0.00927184256687
TTTTTAGN	593	5645	5636	64	11	8.64348296648	0.0112103695919	0.00194793695768	0.0092624326342
NNAAAGGT	1023	11278	10727	150	42	12.6890564871	0.0131256562828	0.00390008357322	0.00922557270959
TNNATGGT	751	8274	8215	107	30	9.87731679606	0.0127669729149	0.00363856882959	0.00912840408533
ANNAAGGT	844	9257	9255	131	45	9.73708455461	0.0139539838091	0.00483870967742	0.0091152741317
TTTNTTNG	4049	37694	37983	662	315	27.9839587321	0.017259359683	0.00822497258342	0.00903438709955
TTTTNTNA	14804	125624	127259	2082	932	98.633362269	0.0163030711165	0.00727040119821	0.00903266991826
TTTTNNTA	13852	115323	116412	2010	951	84.5886914151	0.017130730485	0.00810306485008	0.00902766563495
NTANAGGT	665	7067	7172	88	24	8.72272325097	0.0122990915444	0.00333518621456	0.00896390532981
NAAAANAC	2801	26312	26638	452	214	19.7862672961	0.0168883574951	0.00796961120215	0.008918746293
NANAAGGT	953	10153	9899	155	61	8.99898929302	0.0150368645712	0.00612449799197	0.00891236657924
TTTNGNGT	732	7394	8106	96	32	8.88680638358	0.0128170894526	0.00393217006636	0.00888491938625
AAANNGGT	894	8952	9328	132	53	8.66281667711	0.0145310435931	0.00564971751412	0.00888132607901
TTNNAGGT	578	6001	6195	70	17	7.92830180667	0.011530225663	0.00273663876368	0.0087935868993
TTTNNTTG	4034	37456	38280	641	311	27.0816464994	0.0168254718219	0.00805887383069	0.00876659799124
TTNTTTNA	13884	115644	115997	1984	960	78.2650442624	0.0168667324107	0.00820814487376	0.00865858753689
TAANGGAA	441	5486	5025	54	6	7.96632516699	0.00974729241877	0.00119260584377	0.008554686575
TTNTTTNG	4145	38952	39020	661	320	26.5319306738	0.0166864413198	0.00813421453991	0.00855222677986
AAAAAAGN	2844	27238	26472	375	134	24.0117120712	0.0135805598812	0.00503645794182	0.0085441019394
TNTTTTNA	14652	123401	124714	1964	899	88.7196898903	0.0156662545368	0.0071569025499	0.00850935198686
NTTTTNTA	13693	112116	112441	1848	874	76.5940077853	0.0162156470464	0.00771301239906	0.00850263464737
TTTNTTNA	15270	126290	123214	2071	953	84.1213297517	0.016134184059	0.00767514718081	0.00845903687821
AANATAGT	550	5630	5589	63	15	6.86632457172	0.0110662216757	0.00267665952891	0.00838956214683
AAAAATGT	795	7639	7258	94	28	7.62201070982	0.0121556963662	0.00384298654955	0.00831270981668
TTTTTTAC	474	4252	4616	43	8	6.92721421446	0.0100116414435	0.00173010380623	0.00828153763731
TTTTNNTG	4544	41003	42025	648	312	28.0441417755	0.0155578497515	0.00736944044217	0.00818840930934
AANAANAC	3363	32220	32263	505	237	21.7925768123	0.0154316271963	0.00729230769231	0.00813931950403
TTTTTNGA	1120	11333	11252	137	43	11.1499820227	0.0119442022668	0.00380699424524	0.00813720802154
AAAAANAT	9643	72287	77999	1501	977	34.0651893147	0.0203420610397	0.0123708468395	0.00797121420019
NTGNTGGT	449	5669	5836	58	13	7.00137729015	0.0101274663873	0.00222260215421	0.00790486423307
AAANNAAC	3134	30996	31822	465	222	20.7847609075	0.0147802040622	0.0069279740357	0.00785223002647
NNTTTTTG	4152	39623	39075	638	317	23.1648656001	0.0158466009289	0.00804731925264	0.0077992816763
AANNAAAC	3075	29293	30609	469	247	17.8468320186	0.0157583495733	0.00800492610837	0.00775342346491
AAAANANC	3151	31531	32122	471	227	20.2274390518	0.0147178301356	0.00701721846116	0.00770061167446
TTTNNTTA	13436	108493	104560	2009	1116	48.9620894111	0.0181806664133	0.0105605813998	0.00762008501353
ANAAANAC	3240	30035	29761	461	225	17.8710500731	0.0151167366212	0.0075035016341	0.0076132349871
TNTTGTGT	581	6555	6723	66	16	7.44083730145	0.00996828273675	0.00237423950141	0.00759404323534
NTTTNTTG	4060	39243	39034	630	323	21.8214628045	0.0158001655255	0.00820692634093	0.00759323918461
TTNTTNTA	14521	117123	117146	1949	1044	59.8948479206	0.0163682477829	0.00883323462222	0.00753501316064
TTTTTNGT	1845	16156	16226	184	61	14.202106828	0.0112607099143	0.00374531835206	0.00751539156226
NTTTTNTG	4666	42586	42790	643	319	24.7384931567	0.0148742742141	0.00739984689972	0.00747442731435
TGNATNGT	639	7104	6929	69	15	7.79891598717	0.00961940610623	0.00216013824885	0.00745926785738
AANANAAC	3261	31531	31896	491	254	17.6777575745	0.0153332084192	0.00790046656299	0.00743274185623
AAAANAAT	8462	67127	71180	1494	1037	24.8165795576	0.0217717608312	0.0143594998408	0.00741226099047
TTTTTTGT	1263	10909	10611	126	43	8.98554028432	0.0114182147712	0.00403604280083	0.00738217197036
NTTTNTTA	12820	109065	110919	1851	1046	52.0553854376	0.016688304663	0.0093422051534	0.00734609950959
NTTNGTGT	808	8256	7928	79	17	8.73303803298	0.00947810437912	0.00213971050975	0.00733839386937
AAAANTGT	1361	12937	12810	155	58	10.0339382313	0.0118392911702	0.00450730494249	0.00733198622769
TNTTTNTG	4938	43774	43444	649	319	24.6016963744	0.0146095491074	0.00728926261911	0.00732028648834
TTTNTNTA	16828	127270	121825	2050	1055	60.6001102325	0.0158521497062	0.00858561197917	0.00726653772699
TTTTTTTN	37577	256435	243251	3242	1278	163.526850281	0.0124847406586	0.00522637396791	0.00725836669067
TNTTTNTA	16120	127648	124683	1943	973	65.670304025	0.0149933251538	0.00774336283186	0.00724996232189
TTTTNTGT	2337	20424	20393	223	73	17.1585264234	0.0108006005715	0.00356689142969	0.00723370914182
NAAANGGT	1135	12185	12214	153	64	8.60958992596	0.0124007132436	0.005212575338	0.00718813790563
AAANAANC	3130	30990	31896	447	226	17.8918432137	0.0142189140185	0.00703567648341	0.00718323753511
TTNTNTTG	4457	43314	43927	677	364	22.1119265118	0.015389511491	0.00821837393601	0.00717113755497
TNTTNTTG	4591	45071	46482	651	332	25.3850055692	0.0142382223	0.00709189558679	0.0071463267132
ANAANGGT	1025	10600	10780	136	60	7.29660087291	0.0126676602086	0.00553505535055	0.00713260485809
TTNNTTTG	4563	43861	43616	663	343	22.4315273895	0.0148908453868	0.00780272526673	0.00708812012003
AAAAATNC	1188	11198	11020	119	38	9.42036376196	0.0105151541928	0.00343642611684	0.00707872807597
TTTNGTGN	843	8600	8368	82	20	8.39856581786	0.00944482838056	0.00238435860753	0.00706046977302
TTNTGNGT	954	9024	9154	91	27	8.32869759438	0.00998354360943	0.00294085611589	0.00704268749354
NNTTTTTA	12918	109677	110560	1831	1047	48.2832883648	0.0164203465222	0.00938113200785	0.00703921451437
NATANAGT	1293	11747	11980	112	30	11.2638912139	0.00944430390421	0.00249791840133	0.00694638550288
AAAAANNT	15815	126882	133348	2130	1298	53.793318427	0.0165100920845	0.00964009328164	0.00686999880282
TTTTNNGT	3520	31490	31929	324	107	25.1194666571	0.0101841956371	0.00333999250843	0.00684420312871
NTTNTTTA	13925	113827	110181	1898	1065	45.7036399807	0.0164009505293	0.00957337791921	0.00682757261007
NAAANAAC	2786	27551	27950	427	238	12.9671945909	0.0152619915648	0.00844330920959	0.00681868235521
AANAAANC	3214	31556	32286	471	257	15.461592887	0.0147063415243	0.00789724364687	0.00680909787747
NTNTTTTA	13103	105030	104321	1834	1093	40.226715827	0.0171620002994	0.0103686417364	0.00679335856305
TNTNGTGT	897	9877	9847	96	28	8.65297198288	0.00962599017347	0.00283544303797	0.00679054713549
NAAAATAC	906	8314	8363	65	9	9.82052731493	0.0077574889605	0.00107501194458	0.00668247701592
AAANATAC	1300	11181	11413	96	21	11.3885555645	0.00851290236765	0.00183662760189	0.00667627476576
AAAAAANG	3494	32361	32310	695	471	9.93816675534	0.0210249273959	0.0143680790702	0.00665684832574
ANAAAANC	3004	29761	30050	434	234	14.1418232446	0.0143732406027	0.00772685246335	0.0066463881394
TTTNTNTG	5319	47483	47443	671	349	22.7455172174	0.0139344602733	0.00730247740208	0.00663198287121
TNNTTTTG	4641	45429	45252	645	336	21.6055289582	0.0139992186483	0.00737036062122	0.00662885802705
TTTTTTGN	2328	20856	20676	243	103	12.739421066	0.0115171335134	0.00495692766736	0.00656020584608
TTNNGTGT	928	8681	8389	76	18	7.91694234905	0.0086787712687	0.00214107291543	0.00653769835327
NTNTTTTG	4572	44370	43627	665	363	18.9032066226	0.0147662928833	0.00825187542623	0.00651441745708
TNTNTTTG	4571	42604	41979	630	341	18.4923420355	0.0145718647361	0.00805765595463	0.00651420878146
TTTTTGNA	1480	13958	13807	156	63	9.00689751015	0.011052855321	0.00454217736121	0.00651067795975
TTNNTTTA	13376	106230	100597	1924	1148	34.5127466433	0.0177894483792	0.0112831097351	0.00650633864404
TTNTTNTG	5323	51331	51604	703	364	24.515210208	0.0135103970481	0.00700431034483	0.00650608670326
NAAAAANC	2650	26660	27075	412	239	11.2723903612	0.0152186761229	0.00875009152815	0.00646858459478
TANANAGT	1290	11380	11294	126	51	7.39555868952	0.0109508082739	0.00449537241075	0.00645543586319
TTTTTNGN	3801	35203	35338	400	170	21.09052975	0.0112350082858	0.00478765348654	0.00644735479928
NTTNTTTG	4336	42424	41709	636	351	17.563495483	0.014770088249	0.0083452211127	0.00642486713626
TTNTNTTA	13423	109532	108907	1909	1181	36.9472882007	0.0171301406125	0.0107277814112	0.00640235920129
ANNAAAAC	3096	29856	30217	471	279	11.8861253944	0.0155307152043	0.00914874081847	0.00638197438581
TTNTGTGN	1302	12593	12641	109	29	10.7657538367	0.00858132577547	0.00228887134964	0.00629245442582
TTTTTTNN	49916	361247	349435	4057	1696	193.626391187	0.0111058187154	0.00483010614272	0.00627571257265
AAAANAGN	4468	44046	43067	452	172	26.7014058556	0.0101577598993	0.00397789033049	0.00617986956883
NANAAAAC	3054	28915	29351	447	269	10.8995927241	0.0152237585996	0.009081701553	0.00614205704655
TNNTTTTA	13183	108293	107194	1850	1156	33.908592064	0.0167963465676	0.0106691278265	0.00612721874116
AAAAANGN	6621	66149	65415	656	245	40.4877258553	0.00981962427962	0.00373134328358	0.00608828099604
AANAAAAT	8902	67682	73453	1474	1136	17.1439472705	0.0213141303719	0.0152301277668	0.00608400260508
TTTTTNAC	1045	9810	10404	77	18	9.31503689132	0.00778800445029	0.00172711571675	0.00606088873354
TTTTNAGN	1671	15848	15804	121	25	14.3017568991	0.00757718078778	0.00157937961969	0.00599780116809
TNTTGNGT	834	9498	9695	86	29	6.9738638405	0.00897328881469	0.00298231180584	0.00599097700885
ANNATGGT	996	11326	11800	113	47	7.12712159035	0.00987848588163	0.0039672490926	0.00591123678904
NAANAAAC	2842	27616	28600	407	250	10.0870338961	0.0145237840345	0.00866551126516	0.00585827276938
NANATAGT	1368	13303	13173	118	39	9.09732109001	0.00879219134193	0.00295186194369	0.00584032939824
AANAAAGN	4797	48576	47615	461	172	28.1920615167	0.00940106450231	0.00359930525038	0.00580175925193
AAAANANT	14737	122694	128106	1990	1322	36.5055960742	0.0159603477591	0.010214173131	0.00574617462813
NTNATGGT	836	9600	9829	78	23	7.36425155474	0.00805951642901	0.00233455136013	0.00572496506888
TTNTTTCA	1676	15957	16651	183	94	7.71469287679	0.0113382899628	0.00561361600478	0.00572467395805
TNTTTTGA	1249	12995	12764	119	43	8.07575500672	0.00907427177063	0.00335753884594	0.00571673292468
ANANAAAC	3377	31725	32509	430	252	11.7753064426	0.0133727258591	0.00769207289155	0.00568065296757
AANAAGGN	1799	18417	18643	168	63	11.3252739069	0.0090395480226	0.00336790334652	0.00567164467608
AAANAGGN	1616	15888	15956	145	54	9.77927931647	0.00904384706543	0.00337289194254	0.00567095512289
NATNTAGT	1141	10850	10837	91	30	7.25477608237	0.0083173384517	0.00276065151376	0.00555668693794
TTTTNTCA	1874	19124	19686	203	98	9.307916313	0.0105034407823	0.00495349777598	0.00554994300634
TTNTNAGT	1179	11096	11192	95	33	7.23536882311	0.00848896434635	0.00293986636971	0.00554909797664
AAANAAGN	4847	48735	47509	459	181	25.4932324773	0.00933040614709	0.00379534493605	0.00553506121105
AAANAAAT	9732	67513	74953	1450	1181	14.3489764183	0.0210257674405	0.0155121233614	0.00551364407907
TTTTTNCA	1852	17285	18142	220	129	6.80472199782	0.0125678377606	0.00706036889059	0.00550746887005
NNAAAAAC	2768	26958	27385	404	257	8.29515519643	0.0147650025583	0.00929744591564	0.00546755664266
TNTTNAGT	1167	11413	11264	89	26	7.9123915762	0.00773778473309	0.00230292294066	0.00543486179243
TTTTCTNA	1225	11757	12357	105	43	6.9396799047	0.00885179564997	0.00346774193548	0.00538405371449
TTTTTNTN	50157	370080	356859	3731	1650	158.978276791	0.00998097969295	0.00460239491896	0.00537858477399
TTTTTATA	2364	18119	18045	180	81	8.73417118212	0.00983660309307	0.00446871896723	0.00536788412584
TNTNTTTA	16878	128563	120057	2024	1236	31.2089078497	0.0154992457136	0.0101902005887	0.00530904512493
ANAAAGGN	1749	17293	17429	148	56	9.83142428563	0.00848575196376	0.00320274521018	0.00528300675358
NAAAAAAT	8161	63710	67909	1343	1062	12.2560688042	0.0206447050866	0.0153977758768	0.0052469292098
TNTTTTAC	996	9612	10043	70	20	7.08298469501	0.00722991117538	0.00198747888304	0.00524243229234
AAAAAAAN	37577	240789	264688	2829	1697	87.5904925304	0.0116124424304	0.00637047881825	0.00524196361211
TTTTNTGN	4666	42863	42962	394	169	20.4147776176	0.00910835240539	0.00391829542556	0.00519005697983
ANAAAAGN	5170	51986	50463	471	196	23.6739640924	0.00897878262196	0.0038690064944	0.00510977612755
TTTTTTAA	2244	17700	18271	134	45	10.8997728457	0.00751373780419	0.00245686831186	0.00505686949234
NAAAAAGN	5436	55788	54414	509	218	24.5421620928	0.00904133435174	0.0039903353346	0.00505099901714
AANAAANT	14438	118428	125008	1949	1409	26.446792984	0.0161908005682	0.011145652879	0.00504514768925
AANAATGT	1474	15018	14528	122	44	8.04218170363	0.00805812417437	0.00301948943179	0.00503863474259
NTTTTTTN	49916	363127	349655	3580	1662	137.46052149	0.00976256248176	0.00473077021607	0.00503179226569
TTTTNTTN	50217	373121	358797	3745	1771	137.471942998	0.0099372190646	0.00491169488141	0.00502552418319
AANATNGT	2035	21100	21669	184	80	10.1971755936	0.00864499154294	0.00367833003816	0.00496666150478
NNTTGTGT	1129	12314	12547	88	27	7.87600900423	0.00709562973714	0.00214728805472	0.00494834168242
TTNTTTAC	988	9420	10080	61	15	7.29428779481	0.00643392047252	0.00148588410104	0.00494803637148
TTTNTNGA	2251	23236	23206	190	75	11.5060246213	0.00811064629045	0.00322151110347	0.00488913518697
TTTTCNTA	1497	14259	14946	121	53	7.1142072878	0.00841446453408	0.00353356890459	0.00488089562948
NAAAAANT	13664	112562	117959	1860	1358	23.2205869243	0.0162556151789	0.0113814460638	0.00487416911505
TAANGGAN	923	10884	10306	68	14	7.66159934974	0.00620891161432	0.00135658914729	0.00485232246703
TTTNTTTN	51096	373472	353679	3709	1773	126.963626548	0.00983347517505	0.00498801525944	0.0048454599156
TTTNTNGT	3321	31510	31269	263	108	14.5471829445	0.00827746829069	0.0034420116646	0.00483545662609
AAAAAANN	49916	345410	372861	3668	2128	116.797846319	0.0105076802319	0.00567483312844	0.00483284710349
AAANATGT	1733	15748	16023	135	59	7.3913805983	0.00849965371781	0.00366869792314	0.00483095579467
ANAAATGT	1634	15855	15607	136	58	7.18038313024	0.00850478394097	0.00370252154485	0.00480226239612
TTTTNNGA	2616	26387	26074	214	85	12.4715875192	0.00804481034548	0.003249359685	0.00479545066047
TNTTTTTN	50461	370120	355597	3629	1759	125.623877735	0.00970972497585	0.0049222623938	0.00478746258205
ANAANAAC	3699	39880	39094	510	310	10.4746395211	0.0126268878435	0.00786722160187	0.00475966624166
TNANGGAA	1000	11767	11136	70	13	8.4063186923	0.00591366055588	0.00116602385864	0.00474763669724
TNTTNTTA	17023	153927	153894	2079	1332	36.2092486602	0.0133264105227	0.008581036682	0.00474537384067
TANNGGAA	953	11158	10539	71	17	7.11211502965	0.00632291388369	0.00161045850701	0.00471245537668
TTTNTTCA	2108	21115	21512	199	100	8.1989402142	0.00933658628132	0.00462705904127	0.00470952724004
TTTNTTGT	2134	20141	19704	160	63	9.38000606035	0.00788138515344	0.00318713006526	0.00469425508818
AAAANNAT	16976	143433	150827	1962	1354	32.0512037779	0.0134942742185	0.00889729992575	0.00459697429276
NTAAANGT	2070	20061	20431	155	63	9.4734477573	0.00766719430154	0.00307407045965	0.0045931238419
ANNATAGT	1506	17045	16255	128	47	7.97288452591	0.00745356082222	0.00288308183045	0.00457047899177
TTTNNTGT	3994	37898	37810	285	110	17.5130486409	0.00746405468402	0.00290084388186	0.00456321080217
NAAAATNC	2209	21588	21673	144	45	12.0286053802	0.00662617338487	0.00207201399761	0.00455415938726
AAAAANNG	5650	54394	54312	785	531	11.2987633456	0.0142264267203	0.00968218368798	0.00454424303233
TTNTTTTN	50053	370404	355822	3630	1846	111.67102773	0.00970500008021	0.00516121095541	0.0045437891248
AAANAANT	15520	120253	128669	1919	1456	22.1848239161	0.0157073633893	0.0111892411143	0.00451812227501
TNTTTNGA	2431	25821	25447	201	83	10.9831208371	0.00772423334102	0.00325107716412	0.0044731561769
AAAANGGN	2125	21206	21781	172	79	8.7086226706	0.00804565441108	0.00361390667887	0.00443174773221
NTTTTAGN	1222	12253	12211	77	23	6.86913308546	0.00624493106245	0.00188000653915	0.0043649245233
ANAAAAAT	8922	71576	75368	1388	1122	10.1769557121	0.019023079875	0.0146685841286	0.00435449574636
ANAANTGT	2874	28059	28109	233	110	10.3376323877	0.00823554361657	0.00389808285198	0.00433746076459
TNTTTAGN	1306	13503	13294	83	24	7.45814521487	0.0061092300898	0.00180207238324	0.00430715770656
TTNTTNGT	3458	33805	33515	254	106	13.6810128398	0.00745764702428	0.00315279141013	0.00430485561415
AAANNTGT	3155	29881	30388	235	107	11.600917785	0.00780316111037	0.00350877192982	0.00429438918055
TTTNTTGN	4060	39519	39169	322	149	14.2267792302	0.00808212645265	0.00378961289994	0.00429251355271
NTTTTNGT	3377	32144	32231	250	111	12.4385045211	0.00771747854541	0.0034320697545	0.00428540879091
TNTTTNGT	3591	34650	34131	247	96	14.6936377722	0.00707797231854	0.00280480322552	0.00427316909301
AAAAANAN	50461	352513	379545	3411	2028	100.836216172	0.00958350659129	0.00531484145891	0.00426866513239
TNAAANGT	2180	21066	21228	177	87	7.47529472712	0.00833215647507	0.00408163265306	0.00425052382201
TTNTTAGN	1445	15414	15166	93	27	8.26495795055	0.00599729154575	0.00177713420654	0.00422015733921
TNTTTNAC	2102	20647	21537	126	40	11.1515861119	0.00606556587878	0.00185382583306	0.00421174004572
ANAAAANT	14670	122567	127546	1885	1414	19.7163852558	0.0151464018256	0.0109646401985	0.00418176162709
NAAAGGAA	1131	12509	12102	66	13	7.9086974972	0.00524850894632	0.00107304993809	0.00417545900823
TTNTTTGT	2231	21031	20342	158	67	8.01164229339	0.00745669923073	0.00328286540252	0.00417383382821
NAAAAGGN	2085	21306	21187	167	77	7.76295313171	0.00777720858753	0.00362114371708	0.00415606487045
AAANATNC	3079	29106	29432	186	65	13.6832216932	0.00634985661614	0.00220361392684	0.0041462426893
NTTTTNGA	2163	22652	22427	183	88	7.69611055204	0.00801401357565	0.00390850544082	0.00410550813483
AAANAGNT	2177	23256	22890	196	98	7.42922774526	0.00835749616237	0.00426309378806	0.00409440237431
TAAAGNAA	1107	11953	12122	63	14	7.47619060482	0.00524300932091	0.00115359261701	0.0040894167039
TATATATT	6216	33382	29386	306	151	8.26655763408	0.00908335312277	0.00511223211565	0.00397112100712
AATANNGT	1718	17567	17783	118	49	7.00321847802	0.00667232117614	0.00274786899955	0.00392445217659
AAAANAAN	50053	353397	379905	3353	2100	84.4929169243	0.00939873861247	0.00549731024463	0.00390142836784
TTNTNTGT	4865	44121	43599	302	128	15.6167455945	0.00679828017018	0.00292725318453	0.00387102698565
ANANATAC	4343	33811	32830	261	125	10.2800540231	0.00766024888471	0.00379305113033	0.00386719775439
NTTTNTGT	4512	41727	40958	287	122	14.5612596976	0.00683105631456	0.00296981499513	0.00386124131943
AAANNTAC	2276	20211	20894	126	49	8.57835442615	0.0061956040714	0.00233968390393	0.00385592016747
TNTNTTGA	2498	26386	26122	171	68	10.1101330306	0.00643898030651	0.00259641084383	0.00384256946268
AANANTGT	2704	27350	27040	208	101	8.47379143247	0.00754771754119	0.00372130724734	0.00382641029385
NAANATAC	2466	22003	22505	118	34	11.1607073855	0.00533429772614	0.00150849638405	0.0038258013421
ATANANGT	4283	33121	32799	242	113	10.6317765976	0.00725354434553	0.00343339815265	0.00382014619288
TNTTTTGT	2414	22679	22119	152	63	8.19036131565	0.00665761464675	0.00284014065458	0.00381747399217
TTTNNAAC	1879	18016	18861	95	28	9.23691187715	0.00524543095356	0.0014823442215	0.00376308673206
TNTTNTGT	4752	45140	45303	298	127	15.8502484038	0.00655838725296	0.00279550957517	0.00376287767779
TNTTTTGN	4572	44685	43921	322	150	13.7420772803	0.00715444264226	0.0034035987384	0.00375084390386
NAAANTGT	2781	27231	26867	223	118	7.39646552875	0.008122677934	0.00437279970354	0.00374987823046
TTNTTNGA	2465	27085	26602	193	89	8.61646529872	0.00707529877557	0.00333445730771	0.00374084146786
TTNTCTNA	2105	21304	21702	146	67	7.3365344826	0.00680652680653	0.00307777114245	0.00372875566408
TTTTNGNA	2618	25854	25619	191	95	7.48146011648	0.00733346131695	0.00369448549428	0.00363897582267
TTTTTTCN	3538	31929	33490	276	166	7.84072955045	0.0085700978109	0.0049322557642	0.0036378420467
NNTTTTGA	2596	28036	27750	173	70	9.94915866155	0.00613279449821	0.00251617541337	0.00361661908484
AAAAATGN	2437	25757	25613	153	60	9.3858012694	0.00590505596295	0.00233708565419	0.00356797030876
AAANAANG	5881	58437	57700	758	538	8.2364225019	0.0128051355689	0.00923795460009	0.00356718096879
TTTTTANA	4783	38920	39266	279	140	11.0221941448	0.00711752850838	0.00355275846318	0.0035647700452
TTTTCNNA	3404	34112	35215	212	93	11.6524902623	0.00617643631278	0.00263396397417	0.00354247233861
AANAAAAN	50217	355693	382677	3344	2225	69.0141048963	0.00931380331275	0.00578069222815	0.0035331110846
AAANAAAN	51096	350947	382100	3273	2200	68.4817994582	0.00924002032635	0.00572469424928	0.00351532607707
TTTTNNCA	3642	36239	37475	326	204	7.72426522841	0.00891562970053	0.00541415642666	0.00350147327388
AAAANTGN	3854	40224	39978	248	106	12.9308758723	0.00612769322	0.00264444666201	0.00348324655799
TTTNCTNA	2279	22604	23331	153	76	6.81515700497	0.00672320604649	0.0032468919554	0.00347631409109
NTTTTTGN	4152	39970	39260	297	154	10.0314920221	0.0073757667569	0.00390724108185	0.00346852567505
TTNTTTGN	4336	42792	41873	313	163	10.311115388	0.00726133859181	0.00387762869921	0.0033837098926
TNNTTTAC	2016	20539	21069	98	29	9.16090004615	0.00474875224112	0.00137453787089	0.00337421437023
TTTTTNAA	5061	42634	43848	228	87	15.3417716533	0.00531939713499	0.0019801980198	0.00333919911519
AAANANAT	21993	157028	168946	1972	1549	19.5959559243	0.0124025157233	0.00908531041966	0.00331720530361
TTTTNATA	4934	41834	41989	274	135	11.1138637903	0.00650707703999	0.00320482385339	0.00330225318661
TTNTTNAC	2241	22359	23273	110	38	8.89515618935	0.0048956339846	0.00163013169748	0.00326550228712
ANNAATGT	2984	30720	30393	194	92	8.35526543413	0.00627547389532	0.00301787764474	0.00325759625058
TTTNTGNA	3508	33187	32899	233	124	7.71475268686	0.00697187312986	0.00375495866517	0.00321691446469
NTTTTTAA	4094	33734	34225	178	70	11.270503807	0.0052488794527	0.00204111386499	0.00320776558771
TNTTNAAC	1647	16451	17189	76	24	6.96555756664	0.00459853572941	0.00139429500959	0.00320424071983
NAAAAAAN	49916	346884	371820	3153	2171	56.3788084705	0.00900761919454	0.0058049525256	0.00320266666895
NATATAGN	2073	19331	19053	86	24	8.00300959727	0.00442910851316	0.00125805944331	0.00317104906985
ANATANGT	4457	33529	33598	225	118	7.99201459677	0.00666587663684	0.00349982204295	0.0031660545939
ANANATGT	5661	45864	45725	293	146	11.3441085412	0.0063478995602	0.00318283883063	0.00316506072956
TTTTNNAC	2556	24241	25554	116	41	9.32590970194	0.00476249127561	0.00160187536628	0.00316061590933
NAANGGAA	2033	22446	21932	100	28	9.07241530965	0.00443537656347	0.00127504553734	0.00316033102613
AANAANAT	18381	150271	157861	1876	1461	16.8933123666	0.0123301806805	0.00917010833407	0.00316007234646
TTNTTTAA	4040	34421	34888	178	70	11.2478333126	0.00514465736004	0.00200240288346	0.00314225447658
AANANAAT	15957	132583	137678	1904	1534	12.7122353157	0.0141575022121	0.0110191650145	0.0031383371976
TTNTNTGA	3097	32528	32191	203	99	8.23752152994	0.00620207143075	0.00306596469495	0.0031361067358
NNAAATGT	3388	33669	33468	222	115	7.93353035143	0.0065504116137	0.00342435160647	0.00312606000724
AANNATAC	2599	24145	24630	118	43	8.56719611765	0.00486337221283	0.00174279576865	0.00312057644418
TTTNTNAC	2260	22197	23310	101	33	8.87540291938	0.00452955422011	0.00141370003856	0.00311585418155
AANAATNC	2725	28200	27934	152	63	8.49379897537	0.0053611738149	0.00225024109726	0.00311093271764
TTTTNTAA	4616	38156	38896	194	76	12.4298699079	0.00505867014342	0.00195011803346	0.00310855210996
ANAAATNC	2550	24786	24367	141	63	6.83769526513	0.00565651702973	0.0025787965616	0.00307772046812
AAANNAAT	15785	124784	133540	1845	1556	11.2029458621	0.0145701221679	0.0115177355362	0.0030523866317
AANNATGT	3263	32329	32330	198	99	7.85422498692	0.00608725059182	0.00305282309044	0.00303442750137
ANAAAAAN	50157	354197	379361	3202	2269	50.7219556503	0.00895917448006	0.00594554935409	0.00301362512598
ANGGANAA	2074	22474	22142	86	18	10.0561835537	0.00381205673759	0.000812274368231	0.00299978236936
TTTNNTCA	3827	40457	41249	286	169	7.7422234393	0.00701961073068	0.00408035153798	0.0029392591927
TNTTTTAA	4180	33982	34618	171	72	9.86511153073	0.0050068808011	0.00207552608821	0.00293135471289
NNAAGGAA	2024	22528	21923	90	23	8.85752393305	0.00397913166505	0.0010480269753	0.00293110468974
NANAATAC	2282	21564	21686	90	27	8.06070659257	0.00415627597672	0.00124349468061	0.00291278129612
TAANGNAA	2594	28610	27966	116	32	10.6089335978	0.00403815358908	0.00114293878134	0.00289521480774
NTATANGT	4423	32792	31833	193	96	7.13568585227	0.0058511444596	0.0030066710514	0.00284447340821
TTTTTTAN	6473	52027	52018	296	149	11.2971096736	0.00565716797584	0.00285621178139	0.00280095619445
NAAAANAT	17343	141310	148028	1734	1400	12.2545298032	0.0121221442353	0.00936906068474	0.0027530835506
TATANATT	7884	47368	42606	332	181	7.21564563176	0.00696016771488	0.00423025685372	0.00272991086117
TTTNTTAA	4103	35036	36017	175	81	8.76594398094	0.00497003777229	0.00224389162835	0.00272614614394
TATNTATT	10896	65907	57500	398	190	11.237283288	0.00600256390921	0.00329346507194	0.00270909883727
AAAAANGA	3577	37444	36583	207	103	7.7534863342	0.00549786194258	0.00280761053263	0.00269025140995
TNTTNTGA	3167	33581	33223	191	99	6.79653982197	0.00565557266375	0.00297101014345	0.0026845625203
GANGANGA	2020	31499	28558	127	40	8.76133922781	0.00401568329855	0.00139869920973	0.00261698408882
GATNNTGA	1357	20108	18828	71	17	7.02765299521	0.00351850934139	0.000902096046697	0.0026164132947
TTTCNTNA	3540	38618	39942	231	135	6.879961831	0.00594609899869	0.00336851560746	0.00257758339123
TANAGNAA	2303	24410	24313	89	26	8.05766009372	0.00363280133883	0.00106824438145	0.00256455695738
AAAAAGNN	5436	55974	54597	332	184	9.17776464396	0.00589635207616	0.003358828791	0.00253752328515
NTTNGAAA	2153	22895	22667	76	18	8.24191657077	0.00330851943755	0.000793475865109	0.00251504357244
NTNTTCAA	2557	26695	27632	93	27	9.01910428567	0.00347170374795	0.000976174120539	0.00249552962741
TTNNAAGA	2317	24272	24021	85	24	7.88635811545	0.00348975653816	0.000998128509046	0.00249162802912
AAAAATNN	15276	131033	136281	700	387	23.220545137	0.00531377862798	0.00283167969093	0.00248209893705
TNTNTTGT	4448	43519	43014	234	124	7.76609155184	0.00534820469454	0.00287449580416	0.00247370889037
ANAAANAT	20006	158547	166161	1825	1498	11.5080861804	0.0113797919836	0.00893480218777	0.00244498979586
TNNTTTGT	4346	43528	42182	220	110	7.93326036616	0.00502880131663	0.00260096472146	0.00242783659517
TTTTNANA	11028	96573	97810	474	241	17.9810282519	0.00488423135182	0.00245790455987	0.00242632679195
AAAANNGA	5498	57928	56766	279	136	10.8366828107	0.00479323792671	0.0023900741626	0.00240316376411
AAAAATAN	8250	64232	68487	325	182	11.6480577165	0.00503431076413	0.00265039537491	0.00238391538922
TAANNGAA	2601	28424	27412	103	34	7.64751607452	0.00361061450556	0.00123879618159	0.00237181832396
NAAANAAT	15347	132774	137190	1764	1491	7.83808906146	0.0131115372608	0.0107512925347	0.00236024472618
TTTTNANC	2511	25997	27254	93	33	7.45932930715	0.00356458413185	0.00120936709789	0.00235521703397
AAANATGN	5004	51588	52374	242	122	9.72444509702	0.00466911055373	0.00232398658945	0.00234512396428
TTTNGNAA	2128	21761	21813	71	20	6.81106859764	0.0032521069989	0.000916044519764	0.00233606247914
ATNNATGT	4901	38159	37046	181	89	6.90273269625	0.0047209181012	0.0023966608321	0.0023242572691
TTNTTNAA	9680	87436	88836	346	146	19.1848833751	0.00394158255679	0.00164078128161	0.00230080127518
NTTNTTGT	4500	47785	47570	251	140	7.43746121809	0.00522524773087	0.00293439530497	0.0022908524259
NTNTATGT	5763	43565	42244	203	100	7.62506508199	0.00463809175653	0.00236160967315	0.00227648208338
TTNTNTAA	9550	81432	81925	333	148	16.5108367288	0.00407264722069	0.00180327269626	0.00226937452444
NTTTTNAA	9799	86082	87963	337	145	18.3510695247	0.00389960541085	0.00164570754075	0.0022538978701
GATGANNA	2377	34118	32153	111	33	8.85788404393	0.00324286423793	0.00102529049897	0.00221757373895
TTTTNNAA	11177	98336	100033	373	157	20.7756461169	0.00377878410277	0.00156702265695	0.00221176144581
AAAAAANA	36992	239712	262227	977	487	46.8484785747	0.00405918010379	0.00185372686648	0.00220545323731
TNTNGAAA	2473	26120	25793	75	17	8.37910142631	0.00286314182096	0.000658659434328	0.00220448238663
AAAAAAAA	30115	184644	204875	704	331	39.250085981	0.00379826056931	0.00161301326472	0.00218524730459
TATATNTT	11233	70792	64881	379	205	8.97096509193	0.00532520268087	0.0031496788864	0.00217552379447
ANGNAGAA	2231	28817	27541	89	25	7.80588623621	0.00307894554764	0.000906914314736	0.0021720312329
TNTATATT	9639	62060	56801	361	206	7.19159918427	0.00578331010397	0.00361359131335	0.00216971879062
AAANANGA	6094	65425	64087	308	162	9.95977374745	0.00468562213804	0.00252144002241	0.00216418211563
NTNTTTAA	8165	69876	69745	278	129	12.5615850243	0.00396271060809	0.00184618026734	0.00211653034075
TNTTTNAA	9881	85606	86293	329	149	15.8478107599	0.00382847501018	0.00172369912774	0.00210477588244
AAAAANNA	48699	347708	372887	1400	720	59.2981699792	0.00401022033296	0.00192715875238	0.00208306158058
NATNGAAA	2568	27993	27325	72	14	8.78566113633	0.00256547300909	0.000512088957167	0.00205338405192
ANAAATGN	4773	50354	50095	223	120	7.29851965481	0.0044091187694	0.002389724186	0.0020193945834
TTNNTTAA	7434	66056	67053	265	134	10.526471196	0.00399571779678	0.00199443344695	0.00200128434983
AAAAANTN	13664	114003	119210	607	395	12.7296983297	0.00529622197016	0.00330253751933	0.00199368445083
ATNGNAAA	2447	25719	25573	64	13	7.84190489066	0.00248225574991	0.000508090361917	0.001974165388
AAAAANAA	36741	243022	264976	877	431	42.9664940017	0.00359575070008	0.00162392099681	0.00197182970328
ANAANAGA	4299	44962	42790	174	81	7.07934525646	0.00385501595179	0.00188938909753	0.00196562685427
AAGANAAA	2951	30358	30045	80	20	8.29090669049	0.00262829358039	0.000665225345086	0.00196306823531
TTTNTNAA	10268	90359	92088	338	163	14.8173778346	0.00372669437798	0.00176691851579	0.0019597758622
AAANAAAA	37098	244146	267587	831	385	46.0096590694	0.00339215518192	0.00143671726897	0.00195543791295
AAAANANA	50523	352014	377823	1273	624	59.7644907009	0.00360330269724	0.00164884382754	0.0019544588697
NAAAATGN	4905	52238	52076	221	118	7.42585908671	0.0042128138165	0.00226079626011	0.0019520175564
NTTTNTAA	8871	74958	75831	280	135	12.1462258185	0.00372152369813	0.00177711081273	0.0019444128854
NAAAGNAA	5464	57043	56161	170	58	12.3044852175	0.0029713526646	0.00103167968125	0.00193967298336
AAAAANTA	6942	52697	56716	237	145	7.09850774521	0.00447727358597	0.00255007826102	0.00192719532495
NNTTTTAA	8000	68131	68833	255	125	10.7051194977	0.00372883338695	0.00181269758404	0.00191613580291
ANAAAAAA	36650	238378	260152	808	382	42.7317191781	0.0033781241377	0.0014662193802	0.0019119047575
AAAANAAA	37219	244952	267775	835	399	43.4611047051	0.00339725046483	0.00148783998449	0.00190941048035
AANAAAAA	36816	245840	267485	838	399	43.3894981887	0.00339714121243	0.00148945065775	0.00190769055468
NTTNTTAA	8151	72269	72980	280	143	10.6911067068	0.00385946050256	0.0019556090423	0.00190385146026
NAAAAAAA	37577	243957	265247	821	386	43.4399329785	0.00335405959686	0.00145313270565	0.00190092689121
AANAATGN	4777	54177	53237	218	113	7.54088809829	0.00400772129791	0.00211808809747	0.00188963320044
AAAANATA	9294	67975	72171	251	130	10.7577389745	0.00367894937414	0.00179803875465	0.00188091061949
TTTTTNAN	13566	116302	117628	542	326	13.0323117795	0.00463866351717	0.00276378927378	0.00187487424338
AAAANTAN	13250	109372	115218	481	290	13.3770913651	0.00437857864601	0.00251064861308	0.00186793003293
TTTNNTAA	8990	80467	81551	289	140	12.4586393165	0.0035786814602	0.00171377507926	0.00186490638094
AAAAATNA	7033	60728	63754	228	120	9.19913482642	0.00374040291358	0.00187869868804	0.00186170422553
AAANAANA	49545	352157	377856	1228	629	52.6749938788	0.00347496356665	0.00166188884632	0.00181307472033
TNNTTTAA	7968	70867	70869	257	128	10.1378994915	0.00361340756988	0.00180289307999	0.00181051448989
TNTTNTAA	9680	83038	83659	302	154	11.4492280645	0.00362371010319	0.00183742378867	0.00178628631452
NAGANAAA	4743	49097	48346	121	33	11.3136127612	0.00245845016051	0.000682114140433	0.00177633602008
AANAAANA	50799	356803	384614	1226	635	52.0221350013	0.00342430361786	0.00164828461592	0.00177601900194
ANAAAANA	49836	347160	372768	1190	614	50.3884463741	0.00341610449261	0.00164442849414	0.00177167599847
AANAANGA	6492	72875	70966	297	163	8.45929559075	0.00405892964522	0.0022916110166	0.00176731862862
NTTTTANA	9699	80500	81225	386	245	7.85730791856	0.00477214845585	0.00300724192954	0.00176490652631
NAAAANGA	6790	73679	72486	300	167	8.49879965575	0.00405520485543	0.00229859744264	0.00175660741279
AAGNANAA	5867	62666	61816	171	61	11.7339891187	0.00272132660694	0.000985826720752	0.00173549988618
TNTTTANA	11710	94229	91662	434	262	8.99214724594	0.00458468461807	0.00285018058396	0.00173450403411
TTTNNATA	12070	97985	97410	474	302	8.82421192623	0.00481418661575	0.00309071557229	0.00172347104345
NAAAAANA	50461	355940	379822	1206	631	48.656552898	0.00337677028442	0.00165854915062	0.0017182211338
AANANAAA	49041	352829	378392	1080	507	55.1162562753	0.00305163191668	0.00133808745866	0.00171354445802
AAANNAAA	48596	346597	374132	1048	488	55.1950591931	0.00301456946023	0.0013026533554	0.00171191610483
AANAGANA	4706	49631	48618	123	37	10.3401803483	0.00247216304217	0.000760456273764	0.0017117067684
NAANAAAA	50217	359293	383351	1067	487	56.586534866	0.00296092796093	0.00126876442666	0.00169216353427
AAAANTNT	10560	89929	93273	480	339	7.18344203461	0.00530920594189	0.00362133059864	0.00168787534325
AANNAAAA	48215	349083	374066	1072	515	52.2831707891	0.00306150133512	0.00137486952088	0.00168663181425
TNTNTTAA	8759	74039	74791	266	144	8.89211523229	0.00357983984927	0.00192166544338	0.00165817440589
AAAANNAA	48584	350481	376045	1114	571	47.8054724495	0.00316841820845	0.00151613314357	0.00165228506488
NTTTNATA	9940	85734	85594	385	242	7.7694812577	0.00447055818112	0.0028193298849	0.00165122829622
ANAANAAA	49472	353736	377532	1081	528	50.5118383654	0.00304664094449	0.0013966037137	0.00165003723079
NAAANAAA	51096	354439	382669	1051	502	52.8504298558	0.00295648260148	0.00131012002474	0.00164636257674
NNAAAAAA	49916	350285	372459	1035	487	51.5090673356	0.00294603210748	0.001305819073	0.00164021303448
ANANAAAA	49257	346808	371736	1030	497	49.8892705463	0.00296114858066	0.00133518522001	0.00162596336065
NANAAAAA	50157	357585	380210	1057	504	51.2764938705	0.00294722871276	0.00132382838561	0.00162340032714
TTNTTANA	10459	89878	90730	399	255	7.92653614037	0.00441973038537	0.00280265977908	0.00161707060629
NAAAANAA	50053	356730	380227	1100	557	47.5730210377	0.00307408545958	0.00146277154502	0.00161131391455
AANAANAA	51918	397524	418716	1204	594	53.1290357977	0.00301960233543	0.00141661300708	0.00160298932834
NANAGAAA	5209	53778	52993	124	37	10.6203143589	0.00230047122556	0.000697718272676	0.00160275295288
AAANANAA	48667	346957	372336	1102	584	44.0009808493	0.00316612988028	0.00156601952161	0.00160011035867
ANGNAAAA	6311	64182	63356	169	66	10.2356503115	0.00262622181473	0.00104064835546	0.00158557345927
ANGAANAA	7390	81765	79683	210	78	13.1762340594	0.00256175663312	0.000977921540603	0.00158383509252
TTTNTANA	12096	95028	94104	442	288	7.47002131104	0.00462972661569	0.00305110602593	0.00157862058976
ANNAAAAA	48069	344555	367242	1017	502	46.4240211435	0.00294294676652	0.00136508005569	0.00157786671083
NAAGAAAA	3562	36999	36199	85	26	7.14268203367	0.00229209362528	0.00071773636991	0.00157435725537
NAAGNAAA	5601	58018	57317	138	46	10.4473769046	0.00237292798679	0.000801910639262	0.00157101734753
AAANATAN	19239	143900	151424	616	409	12.3466951715	0.00426250380581	0.00269374905324	0.00156875475257
AAAANNTA	14322	112547	118186	439	276	10.6909948503	0.0038854371338	0.00232986105249	0.00155557608131
TATNNATT	15214	104994	95601	458	268	8.04623516859	0.00434320828434	0.0027954813339	0.00154772695043
AAGNNAAA	4916	50690	50124	122	43	8.69217652468	0.00240100763599	0.000857137161879	0.00154387047411
ANNAAGAA	6223	70081	67498	193	82	9.57310631694	0.00274639269146	0.00121337673868	0.00153301595278
ATGNANAA	4972	52246	51629	134	54	7.85817840205	0.00255822833142	0.00104483098891	0.00151339734251
TNTTNATA	12922	109788	106941	464	291	8.4104781556	0.00420854043464	0.00271374216652	0.00149479826812
AAAANTNA	11318	99389	104215	351	213	9.59493997646	0.00351914978945	0.00203968284368	0.00147946694577
ANAAANAA	50063	350726	377558	1096	622	37.5267368583	0.00311521166954	0.00164471944577	0.00147049222377
AAGANNAA	5474	61556	59330	153	60	8.7870567132	0.00247937902089	0.00101027108941	0.00146910793148
NAAAGANA	5225	55368	54126	128	46	8.66884579975	0.00230647253856	0.000849147160895	0.00145732537767
AAGANANA	5205	54391	53722	136	56	7.69549596991	0.00249417719662	0.00104131801108	0.00145285918554
AAAATANA	8560	62309	66678	181	97	7.51860636699	0.00289646343415	0.00145263946088	0.00144382397327
TNATTNAA	6152	56841	56637	134	52	8.46517263847	0.0023519087319	0.000917285540405	0.0014346231915
TNAAAAAA	7568	60665	61748	147	61	8.74836949671	0.00241728606196	0.000986911291236	0.00143037477073
ATANTNAA	8386	74801	73681	200	92	9.04759668626	0.00266663111159	0.00124706871077	0.00141956240081
NAGAANAA	5710	61713	60486	147	58	8.6984766093	0.00237633365664	0.000957980972516	0.00141835268413
NAANGAAA	6507	68412	67431	161	63	9.71737146041	0.00234786286148	0.000933416303671	0.0014144465578
AANNAGAA	5305	58817	56447	156	70	7.03381265483	0.00264527834772	0.00123856538741	0.00140671296031
NTATTNAA	7193	64107	63373	162	71	8.18592276747	0.0025206553704	0.00111909715655	0.00140155821385
ANNGAAAA	5964	62941	61326	154	64	8.2595810143	0.00244076392741	0.0010425150676	0.00139824885981
NTGAANAA	4462	48897	48413	116	47	6.8372701394	0.00236671903373	0.00096987205943	0.0013968469743
AANNGAAA	5854	60410	59822	135	50	8.98683968681	0.00222974646957	0.000835114911812	0.00139463155776
TTTTTANN	12918	111211	111518	508	353	6.88506553293	0.00454712269175	0.00315542008206	0.00139170260969
AAAGANNA	5247	58346	56605	144	61	7.43508342289	0.00246195930928	0.00107648325274	0.00138547605654
TANATAAA	7033	43082	46896	88	31	7.66126352499	0.00203845262914	0.000660600507171	0.00137785212197
NAGNAAAA	5133	52439	51610	118	45	7.50322043513	0.00224518142208	0.00087116445649	0.00137401696558
TTTTNTAN	13693	113648	113179	414	257	8.59779902972	0.00362960495169	0.00226559469657	0.00136401025512
AAANGANA	6427	67505	67148	155	63	9.02645457102	0.00229086609518	0.000937346565294	0.00135351952989
AAANTANA	13297	103427	109591	295	165	10.4760406807	0.0028441410694	0.00150333466963	0.00134080639977
NAAAATNA	13724	122219	127236	372	216	11.2012410857	0.00303448050836	0.00169475567272	0.00133972483563
TNTTTTAN	13103	106542	105366	401	255	7.44664449641	0.00374966103438	0.00241429261226	0.00133536842212
NAAGAANA	6617	73040	70672	171	71	8.98334358158	0.00233571457841	0.00100363286827	0.00133208171014
TAAANNAA	13376	101908	107964	245	118	12.0920773472	0.00239836323945	0.00109176366092	0.00130659957853
AANANATA	23300	155849	165616	456	270	13.7959501842	0.00291737308467	0.00162762378983	0.00128974929484
TANNTAAA	10441	71322	75150	153	64	9.6840891923	0.00214060860441	0.000850905416545	0.00128970318786
ANGANAAA	6099	65185	64037	139	54	8.48899018103	0.00212785499969	0.00084255199638	0.00128530300331
NGAANAAA	6483	65910	65543	160	75	7.25350341838	0.00242167398214	0.00114297906062	0.00127869492152
TNNTATAA	9509	79218	78564	226	124	6.97244409525	0.00284477115956	0.00157584383896	0.0012689273206
TNANTAAA	8026	61311	64980	122	47	8.88842789047	0.00198590334185	0.000722776692758	0.00126312664909
NTTTNAAA	8786	78208	78722	208	110	7.40135786077	0.0026525198939	0.00139537243759	0.00125714745631
TAANTNAA	7212	53409	56895	114	50	6.99034217113	0.00212992545261	0.000878040214242	0.00125188523837
TTTNNAAA	10332	92200	92790	232	117	9.12716875322	0.00250995326294	0.00125932383997	0.00125062942297
ANAAANTA	13495	107661	113905	363	241	7.69493550044	0.00336036436347	0.00211133110227	0.0012490332612
NANGAAAA	7140	76634	74649	174	76	8.49993409623	0.00226538902198	0.00101706256273	0.00124832645925
TAAANAAA	8009	55570	61077	123	59	6.95602212337	0.00220853608173	0.000965061502225	0.00124347457951
TNAAANAA	13884	116947	118508	271	127	12.521887871	0.0023119316146	0.00107051038901	0.00124142122559
AAANNATA	16572	134127	140372	400	244	10.6184909624	0.00297338080831	0.00173522216533	0.00123815864298
AAANANTA	13255	109145	113777	376	251	7.33621231961	0.00343313154555	0.00220121373698	0.00123191780857
NAAAATAN	15619	125803	132314	459	320	7.77321654025	0.00363529803108	0.00241265437218	0.0012226436589
TNATNAAA	9346	88535	87866	196	87	9.6697712523	0.00220892360055	0.000989164667493	0.00121975893305
NTANTAAA	8041	74060	73491	162	71	8.26300134563	0.00218264126539	0.000965172235665	0.00121746902973
TANANAAA	16828	123280	129000	269	124	13.8972484691	0.0021772737942	0.000960317214461	0.00121695657974
TNTTNAAA	9469	84738	84801	196	93	8.70778839756	0.00230767419408	0.00109548377977	0.00121219041431
TTTNTTAN	12820	110563	111754	389	257	6.89487009713	0.00350602062153	0.00229441751257	0.00121160310896
AANGANAA	6508	72074	70912	173	84	7.06604537983	0.00239456309605	0.00118316524875	0.0012113978473
NAAGANAA	5412	59079	57620	122	49	7.02919480797	0.00206077600041	0.000849676602681	0.00121109939772
NNGAAAAA	6410	65562	64164	148	67	6.92150476992	0.00225232080353	0.00104311002475	0.00120921077878
TAANNAAA	13436	105686	110522	237	114	11.3662610774	0.00223747439178	0.00103040601612	0.00120706837565
AAATNAAA	6689	55354	59513	115	52	6.85329793912	0.00207323009248	0.000872995886846	0.00120023420564
TTNANAAA	10268	91793	91007	205	94	9.47582194024	0.00222830931107	0.00103182182413	0.00119648748694
TNAANAAA	15270	124019	128863	272	128	13.2892261768	0.0021884126767	0.000992317293455	0.00119609538325
TNNATAAA	12217	88549	92278	177	74	10.864564492	0.00199490566463	0.000801282051282	0.00119362361335
NAANTATA	13022	92637	97639	279	177	6.90402490407	0.00300271212708	0.00180951991494	0.00119319221214
TNTNTAAA	10376	80781	81349	196	100	7.61102804626	0.00242044037196	0.00122776215791	0.00119267821404
NNATTAAA	6741	58763	59628	115	46	7.29336101504	0.00195319134481	0.000770854978718	0.0011823363661
GAANNAAA	6104	62969	62550	126	51	7.45453461107	0.00199698866788	0.00081468347151	0.00118230519637
TNANAAAA	14804	127813	128638	284	134	12.6949539554	0.00221706987673	0.00104059888796	0.00117647098878
TNNAAAAA	15292	128895	129774	297	146	12.1949388217	0.0022989039569	0.00112376847291	0.00117513548399
TAANTANA	10537	67892	73470	157	84	6.81760162458	0.00230716101633	0.00114201810914	0.00116514290718
AANATANA	20788	144034	151507	386	230	11.1850463533	0.00267276000554	0.00151578059405	0.00115697941149
TTANANAA	9550	82218	81700	205	109	6.93632375506	0.00248716984337	0.00133237174394	0.00115479809943
TNTANAAA	12096	94651	94987	203	94	9.5047900805	0.00214013114892	0.000988630746416	0.00115150040251
TTNAAANA	9881	86122	86426	226	127	6.80290876712	0.00261731597721	0.00146730904764	0.00115000692957
TNATANAA	10843	95479	94714	232	121	8.11053757194	0.00242396380771	0.0012759002478	0.00114806355991
NAAATANA	18680	131084	141523	327	190	11.132480478	0.00248837616333	0.0013407379704	0.00114763819293
NANATAAA	17266	128069	135872	267	127	13.484896123	0.00208047624984	0.000933830395812	0.00114664585403
NAAANATA	19239	144077	151669	406	253	10.3121200852	0.00281001917181	0.00166532826055	0.00114469091125
ANAANATA	19781	146700	152021	414	255	10.2776080921	0.00281414413312	0.00167459087446	0.00113955325866
AANAANTA	14652	113274	121062	361	249	6.96226199499	0.00317683812206	0.00205257561144	0.00112426251061
NAATNAAA	12253	108582	111943	232	113	10.4783003316	0.00213207859283	0.00100842435925	0.00112365423358
TATNNAAA	12070	97854	97913	203	93	9.62689630916	0.00207022446128	0.000948921494602	0.00112130296668
ANNATAAA	13694	115961	119343	245	118	11.2302192459	0.00210832487135	0.000987770067219	0.00112055480413
NTAANAAA	12820	111732	111346	241	115	10.347996665	0.00215230457342	0.00103175101605	0.00112055355737
TATANNAA	12648	97215	96951	227	118	8.13713031017	0.00232959093615	0.00121563011878	0.00111396081737
NTNATAAA	9594	86998	86008	182	84	8.30749516103	0.00208763477862	0.000975700413511	0.00111193436511
NATANAAA	16433	135214	137668	282	134	12.8176757766	0.00208124225069	0.000972409689264	0.00110883256143
AAANATNA	14012	124210	127601	411	280	6.9184640382	0.00329799953459	0.00218953558386	0.00110846395073
GNANAAAA	6267	61782	61237	116	47	6.85584768929	0.00187405085786	0.000766921219242	0.00110712963862
AANAATAN	18737	168502	172037	524	345	9.62852722701	0.00310011477524	0.00200136905245	0.00109874572279
AANAATNA	16550	162753	165022	429	253	11.2070338845	0.00262896643012	0.00153078202995	0.00109818440017
GANNAAAA	6018	63059	62132	118	48	6.8334791073	0.00186776833341	0.000771952396269	0.00109581593714
TTNTNAAA	9458	84981	85923	199	107	6.92146528257	0.00233622916178	0.00124375217947	0.0010924769823
NAANTAAA	12037	90312	97905	179	87	9.35332724675	0.00197809726934	0.000887827577761	0.00109026969158
ATNATNAA	9804	96520	95284	226	120	7.46987325043	0.00233601389205	0.0012578088969	0.00107820499515
ANANTAAA	11450	95102	98510	204	105	8.38829644263	0.00214047384215	0.00106474674238	0.00107572709977
ANAATNAA	12956	114950	118215	267	147	9.05196425967	0.00231736636087	0.00124195265372	0.00107541370714
NNAATAAA	14370	113927	120526	234	118	10.547925412	0.00204973677526	0.000978084281025	0.00107165249423
AATNNAAA	12344	113942	116537	257	139	8.97048467622	0.00225045753465	0.00119133326477	0.00105912426989
ATNNTAAA	8673	77798	77321	161	78	6.82374359285	0.0020651881117	0.0010077649582	0.0010574231535
TTNAANAA	9680	88589	88162	196	102	7.0343218836	0.00220758010925	0.00115562403698	0.00105195607227
AAAATNNA	14608	120499	126467	349	233	7.04371648742	0.00288792532768	0.00183898973954	0.00104893558814
AANTNAAA	10727	92744	97498	198	106	7.79971363735	0.00213036087022	0.00108602106471	0.00104433980551
AAATNANA	13710	119615	125322	283	168	8.33169003595	0.00236033962201	0.0013387520918	0.00102158753021
ANAATANA	18015	135970	139450	351	217	8.3763862436	0.00257480505571	0.00155369557591	0.00102110947981
TNAAAANA	14652	125607	126489	290	164	8.53370078587	0.00230347029715	0.00129487655247	0.00100859374468
AATNANAA	15588	156212	156264	340	182	11.1915298603	0.00217180234044	0.00116334070542	0.00100846163502
ATANNAAA	14148	120561	121509	246	127	9.19489079324	0.0020363058432	0.00104409878654	0.000992207056661
NNATAAAA	14243	119492	121776	249	133	8.87768772679	0.00207948822876	0.00109097769648	0.000988510532282
NATNAAAA	13902	127537	128676	274	151	8.71688667106	0.00214379044057	0.00117211454121	0.000971675899366
NATAANAA	18075	173631	171956	356	185	12.1902186444	0.00204612988327	0.00107470039096	0.000971429492309
TANNAAAA	13852	117127	118046	235	122	8.69656743232	0.00200235169816	0.00103242840701	0.000969923291151
ANATNAAA	13756	117681	121546	223	113	9.35588714543	0.00189136924956	0.000928825652027	0.000962543597532
ATNANAAA	13758	123782	123730	245	126	9.02215859549	0.00197537632935	0.00101731042501	0.000958065904338
AATAANAA	9387	92536	92284	182	93	6.88874739999	0.00196294139218	0.00100674410297	0.000956197289209
TAANANAA	13423	110173	111579	227	124	7.56590994175	0.00205615942029	0.00111008656885	0.000946072851442
ANTAANAA	14087	136757	136275	270	140	9.61139432977	0.00197041458983	0.00102628010116	0.000944134488663
TANAANAA	14521	118538	119415	261	150	7.41015707693	0.00219698819014	0.00125454773554	0.000942440454595
ATNNAAAA	13686	118942	120196	233	122	8.52548222858	0.0019551080344	0.00101397962067	0.000941128413731
ANTANAAA	11741	101927	103976	200	106	7.38753453196	0.00195834598098	0.0010184277781	0.000939918202886
ANNAAATA	16747	126000	135562	315	212	6.88987164283	0.00249376558603	0.00156141823913	0.000932347346902
NTNAAAAA	13566	117302	117756	229	120	8.21158123728	0.00194842211842	0.00101801893515	0.000930403183268
AATANANA	20311	142030	150050	338	217	8.01645799093	0.00237412901776	0.00144409617547	0.000930032842282
NNTAATAA	12610	128451	126374	246	125	8.88993001017	0.00191146646775	0.000988150103953	0.000923316363796
NANAATAA	17323	161672	163559	337	191	9.918244424	0.00208013135073	0.00116641221374	0.000913719136987
NTANAAAA	13693	113176	114564	229	128	7.18470136312	0.00201931131784	0.00111603250445	0.000903278813396
ANANAATA	18237	138723	142080	347	227	6.81383374131	0.00249514632919	0.00159514289529	0.000900003433897
AATANNAA	15865	152553	153717	312	176	9.22108380452	0.00204101658326	0.00114365175804	0.00089736482522
TAAANANA	16878	121919	129696	265	166	7.07972851153	0.00216886007988	0.00127828002033	0.00089058005955
AATAANNA	17511	159334	162865	329	206	7.47884014348	0.00206059011794	0.00126325342949	0.000797336688448
