#Sequence	Occurrence	Forward Match	Backward Match	Forward Mismatch	Backward Mismatch	Strand Bias Score	FER (Forward Error Rate)	RER (Reverse Error Rate), ERD (Error rate Difference)
CTCTTTTT	688	2347	2565	39	1	10.9557771869	0.0163453478625	0.000389711613406	0.0159556362491
CTCTNTTT	1029	3688	3941	50	2	12.9628409741	0.0133761369716	0.000507227998986	0.0128689089727
CCGNNTTT	268	1849	1998	24	0	7.60008741473	0.0128136679124	0.0	0.0128136679124
NAAAAAAG	2984	8681	9067	201	104	8.24766111314	0.0226300382797	0.0113400937739	0.0112899445058
ANAAAAAG	3151	9231	9522	205	102	8.8213960445	0.0217253073336	0.0105985037406	0.011126803593
CNCTTTTT	1522	5434	5750	70	12	10.1746582294	0.0127180232558	0.00208261020479	0.010635413051
AAAAANAG	2652	7423	7777	152	76	6.88662073372	0.0200660066007	0.00967783012861	0.010388176472
CTCTTTTN	1322	5102	5271	62	12	8.21762165276	0.0120061967467	0.0022714366837	0.00973476006301
ANCTTTTT	1457	5670	6208	74	21	8.06870756733	0.0128830083565	0.00337132766094	0.00951168069561
AANAAAAG	3041	8955	9233	171	87	7.11417589504	0.0187376725838	0.0093347639485	0.00940290863533
TATATTTT	13011	14236	15105	168	40	19.4577485121	0.0116634268259	0.00264113568835	0.00902229113754
TTTAGGGT	659	4842	5977	57	16	7.63564352659	0.0116350275566	0.00266978141165	0.008965246145
NTTAGGGT	680	5006	6182	57	16	7.64212787159	0.0112581473435	0.0025814778961	0.00867666944738
TNTAGGGT	696	5004	6165	57	17	7.26437984968	0.0112625963248	0.00274991912003	0.00851267720481
CTCTTTNT	1213	4729	4825	49	9	7.37986109183	0.0102553369611	0.00186181216384	0.00839352479723
TTTAGNGT	728	5170	6314	57	16	7.51886321847	0.0109049167783	0.00252764612954	0.00837727064872
TTNAGGGT	1088	8370	9303	95	28	10.1558584923	0.0112226816302	0.00300075018755	0.0082219314427
CTCNTTTT	1469	5969	6345	60	11	8.54018515583	0.00995189915409	0.00173064820642	0.00822125094767
CTCTTNTT	1174	4660	4888	43	5	8.34904772879	0.00914310014884	0.00102186797466	0.00812123217418
TTTNGGGT	742	5456	6656	58	16	7.7343996918	0.0105186797243	0.00239808153477	0.00812059818957
TNTAGNGT	903	5872	7047	61	17	7.86012898358	0.0102814764874	0.00240656851642	0.00787490797102
TATTTTTT	9639	12693	13795	158	62	11.5837943736	0.0122947630535	0.00447427293065	0.00782049012281
NTTAGNGT	841	5919	7090	61	17	7.83831356976	0.0102006688963	0.00239200787956	0.00780866101677
TNNAGGGT	1195	9044	9929	98	29	10.2203641328	0.010719754977	0.00291223137176	0.00780752360527
TTTANGGT	822	5462	6569	57	17	7.00521410229	0.0103279579634	0.00258123291831	0.00774672504509
NNTAGGGT	758	5507	6640	57	17	7.03307910167	0.0102444284687	0.00255370286916	0.00769072559957
ATATTTTT	9171	12218	12853	127	34	13.3580318108	0.0102875658161	0.00263831768449	0.00764924813163
CNCTNTTT	2333	9086	9462	85	16	11.4419328134	0.00926834587286	0.00168811985651	0.00758022601635
NNAAAAAG	5730	20182	20598	343	191	10.7579362955	0.0167113276492	0.00918755110876	0.00752377654045
CTCTNTTN	2034	8192	8356	78	16	9.72128115831	0.00943168077388	0.00191113234591	0.00752054842797
CTCTNTNT	2051	7683	7896	69	11	10.0323841167	0.00890092879257	0.0013911723789	0.00750975641366
TTTAGGNT	860	6271	7709	63	20	7.56296873543	0.00994632143985	0.0025876568767	0.00735866456315
TTNAGNGT	1321	9531	10557	99	31	9.9356420416	0.0102803738318	0.00292784284095	0.00735253099082
AATTTTTT	5505	9876	10525	114	43	8.60898643171	0.0114114114114	0.00406888720666	0.00734252420475
NANAAAAG	5581	18920	19531	276	139	11.4749828769	0.0143779954157	0.00706659888155	0.00731139653417
CNNAAAAG	1997	9183	9385	111	44	7.20924945767	0.0119431891543	0.0046664545551	0.0072767345992
TNTNGGGT	869	6331	7649	62	19	7.47316237191	0.00969810730486	0.00247782994262	0.00722027736225
NTTNGGGT	869	6549	7779	65	21	7.25993657222	0.00982763834291	0.00269230769231	0.0071353306506
NAANAAAG	5049	16863	17514	251	133	9.54527881968	0.014666355031	0.00753669178897	0.007129663242
ANAAANAG	4922	16146	16433	238	123	9.06428687424	0.0145263671875	0.00742933075622	0.00709703643128
NTNAGGGT	1219	9476	10410	97	32	9.12081824247	0.0101326647864	0.00306454702164	0.00706811776473
ANANAAAG	5360	17532	17822	252	130	9.57315931996	0.0141700404858	0.00724153297683	0.006928507509
TTNNGGGT	1312	9890	10894	98	32	9.3531906897	0.00981177412895	0.00292879370309	0.00688298042586
TTNAGGGN	1216	9212	10072	97	37	7.66341186212	0.010420023633	0.00366010485706	0.00675991877599
TTTTTTTT	349602	281191	333287	5996	4780	91.7345815542	0.020878382378	0.0141392090917	0.00673917328634
TTNAGGNT	1542	11307	12483	106	33	10.612540073	0.00928765442916	0.00263662511985	0.00665102930931
TTNANGGT	1594	11112	12134	104	32	10.3468449041	0.009272467903	0.00263028111129	0.0066421867917
NAAAANAG	4779	15886	16353	228	124	7.99882297561	0.0141491870423	0.00752564180373	0.0066235452386
TTTNGNGT	1249	8023	9246	68	17	8.90562555951	0.00840439995056	0.00183525855554	0.00656914139502
TTTTTNCT	2967	8263	8584	79	26	6.82642964319	0.00947015104292	0.00301974448316	0.00645040655976
CCNNTTTT	2054	10151	10498	92	27	8.79294688838	0.0089817436298	0.00256532066508	0.00641642296471
AAANANAG	4456	14044	14570	188	101	7.04238772943	0.013209668353	0.00688432962988	0.00632533872313
CTNTTTTT	16237	41116	43384	436	185	25.8267199379	0.0104928763958	0.00424613830935	0.00624673808649
NTTAGGNT	1077	7656	9061	66	21	7.43146200926	0.00854700854701	0.0023122660207	0.00623474252631
TATNTTTT	139782	195086	206632	1969	795	123.945750021	0.00999213417574	0.00383267366351	0.00615946051223
TCANTTTT	2522	8304	8603	65	15	7.72744642941	0.00776675827458	0.00174054304943	0.00602621522515
CNCTTTTN	3001	11766	12248	116	46	7.81454799708	0.00976266621781	0.00374166259964	0.00602100361817
CTCTNNTT	1860	8055	8370	56	8	8.75040865179	0.00690420416718	0.000954881833373	0.00594932233381
CNCNTTTT	3635	14780	15369	120	34	11.8238005122	0.00805369127517	0.00220736220217	0.005846329073
AANNAAAG	4902	16723	17140	221	125	6.9575245981	0.0130429650614	0.00724008108891	0.00580288397247
CNCTTNTT	2651	10557	10917	82	21	8.88685784674	0.00770749130557	0.00191991223258	0.00578757907299
TANATTTT	19019	29071	30581	233	67	22.5632447115	0.00795113295113	0.00218611328635	0.00576501966478
TNTTTTTT	573397	584504	666750	10288	7792	162.799295569	0.017296802916	0.0115515416386	0.00574526127735
AANAANAG	4925	16135	16404	195	103	7.14995957289	0.0119412124923	0.00623977706428	0.00570143542807
CTCNNTTT	2277	9866	10200	75	19	8.23196203262	0.00754451262448	0.00185928173011	0.00568523089437
CCNTNTTT	2240	10912	11105	80	18	9.34371327924	0.00727802037846	0.00161826845276	0.0056597519257
CNCTTTNT	2691	10942	11174	86	24	8.46889646786	0.00779833151977	0.00214323986426	0.00565509165551
ATCTNTTT	2403	7317	7746	48	7	7.65876069321	0.00651731160896	0.000902876305946	0.00561443530302
NCNCTTTT	3001	11859	12330	90	24	9.47413829306	0.00753201104695	0.00194269062652	0.00558932042043
TTTANNGT	1917	8994	10251	68	20	7.72065967748	0.00750386228206	0.00194723006523	0.00555663221682
ANNAAAAG	5788	20586	20851	273	161	7.25530325672	0.0130878757371	0.00766228821626	0.00542558752083
NTATTTTT	88063	139244	147842	1281	548	74.4432609224	0.00911581569116	0.00369297122448	0.00542284446668
ATATATAT	57460	10928	10650	81	21	7.9177643626	0.00735761649559	0.0019679505201	0.00538966597549
NTTTTTTT	619672	641942	731018	11266	8779	155.199695001	0.0172471861949	0.0118667688569	0.00538041733804
NCATTTTT	3497	11853	12547	102	40	7.28183112558	0.00853199498118	0.00317788194169	0.00535411303949
TATANTTT	19821	26286	27111	196	57	18.2573348835	0.00740125368175	0.0020980565371	0.00530319714464
TTTTTTNT	605166	630455	715574	10569	8109	154.021531246	0.0164876822085	0.0112051823796	0.00528249982889
TATATNTT	39289	33511	34145	289	112	18.4495565113	0.00855029585799	0.00326940479318	0.00528089106481
NNCTCTTT	949	4913	4972	27	1	7.00113032858	0.00546558704453	0.000201085863664	0.00526450118087
TANTTTTT	34431	57084	60883	550	262	27.2078088285	0.0095429781032	0.00428489655736	0.00525808154584
TTTAGNNT	1490	8740	10312	65	22	6.88136236602	0.00738216922203	0.00212889491001	0.00525327431203
NTAAAAAT	11419	21280	21293	198	86	10.2969295588	0.00921873545023	0.00402263903831	0.00519609641192
ANTTTTTT	44530	73746	79262	842	489	27.0438445384	0.0112886791441	0.00613158455693	0.00515709458716
NATTTTTT	76469	142149	152845	1513	827	55.9257544277	0.0105316646016	0.0053815919621	0.00515007263953
ATNTTTTT	92102	146829	157245	1590	880	56.2788687906	0.0107129141148	0.0055652173913	0.00514769672347
TCATTTNT	3253	9879	10191	68	18	7.21595514626	0.00683623202976	0.00176315016162	0.00507308186814
TTTNGGNT	1387	9684	11222	67	21	7.39353115974	0.0068710901446	0.0018678288713	0.0050032612733
ANAAAANG	7234	24802	25379	296	174	8.1868914714	0.0117937684278	0.00680937658983	0.00498439183793
ATANTTTT	23906	38855	40507	307	117	21.0259293267	0.00783923190848	0.00288007089405	0.00495916101443
TNTCTTTT	3188	10306	10435	62	11	8.42492534772	0.0059799382716	0.00105303465441	0.00492690361719
CTCNTNTT	2657	11889	12206	77	19	8.53073270552	0.00643489888016	0.00155419222904	0.00488070665112
NTATATAT	131367	32465	31907	235	74	18.3650151623	0.00718654434251	0.00231387386261	0.0048726704799
GNNTTTTT	13731	46919	50256	389	169	23.0731825246	0.0082227107466	0.00335151214675	0.00487119859984
TTNTTTTT	532095	563135	637492	9000	7003	121.374412576	0.0157305531037	0.010865871729	0.0048646813747
NTNTTTTT	860034	1133100	1249981	15453	10918	278.818041166	0.0134543203492	0.00865890130772	0.00479541904145
NNTTTTTT	851234	1138057	1262292	16251	11850	264.063412042	0.0140785648198	0.0093003762532	0.00477818856659
NAAAAAAT	20587	34927	35785	551	389	7.63403844987	0.0155307514516	0.0107535799193	0.00477717153232
TNAAAAAT	10409	21905	22165	223	119	7.81088603607	0.0100777295734	0.00534015437085	0.00473757520254
AANTTTTT	10127	21070	22662	178	83	9.78266608886	0.00837725903614	0.00364915366015	0.004728105376
NAAAAANG	7157	25429	26222	324	208	6.96656042593	0.0125810585175	0.00786984487325	0.0047112136442
CCNTTTNT	2311	10838	10969	70	19	7.04463194979	0.00641730839751	0.00172915908264	0.00468814931487
ATATNTTT	98881	116192	119692	883	348	54.824951578	0.0075421738202	0.00289903365545	0.00464314016475
NTCTTTTT	7553	20115	20392	140	47	10.9962543506	0.00691187361145	0.00229952541709	0.00461234819436
TTTTNTAT	6342	11660	12230	79	26	6.95608551762	0.00672970440412	0.00212140992167	0.00460829448245
CNNTTTTT	57075	186009	195264	1651	826	69.4635169593	0.00879782585527	0.00421235147126	0.00458547438401
GNTNTTTT	10099	34555	36844	266	114	16.1743803615	0.00763906837828	0.00308458249905	0.00455448587922
NTGTNTTT	4201	12312	12992	79	24	7.62747129198	0.00637559519006	0.00184388444991	0.00453171074015
ANAAAAAT	22098	35280	36506	498	346	7.82205727182	0.0139191682039	0.00938890697927	0.00453026122466
CTNNTTTT	51574	170941	177920	1314	557	74.0568204451	0.00762822559577	0.00312085030564	0.00450737529013
AATTTTNT	10398	20985	21975	163	71	9.48511302153	0.00770758464157	0.00322053887326	0.00448704576831
TATTNTTT	17616	26591	28098	199	83	12.5220634357	0.00742814483016	0.00294524679749	0.00448289803267
TNTATTTT	45141	64488	66565	428	141	34.2691348369	0.00659313574465	0.0021137528858	0.00447938285886
CTCNTTNT	2800	12380	12696	78	23	7.39264581491	0.0062610370846	0.00180831826401	0.00445271882059
NNGTTTTT	14367	49649	53453	378	167	22.1056644429	0.00755591980331	0.00311450951138	0.00444141029193
TNTNTTTT	867744	1107961	1213827	13888	9758	248.581187307	0.0123795626684	0.00797492613917	0.00440463652924
TTTNTTTT	481150	499472	559869	7382	5769	92.6583499479	0.0145643518646	0.0101991026063	0.00436524925838
NATNTTTT	282295	562751	593283	4579	2217	206.722655868	0.00807114025347	0.00372292191436	0.00434821833911
ANATATTT	9779	12830	12943	79	23	7.36853560782	0.00611976140677	0.00177387012186	0.00434589128491
NCTNTTTT	20794	63046	66262	490	224	25.3189452638	0.00771216318308	0.00336913034323	0.00434303283985
CNNCTTTT	4724	22561	23189	131	34	13.6509099169	0.00577295963335	0.00146406579684	0.00430889383651
TATTTTNT	62377	89698	94441	710	336	34.2279764461	0.00785328731971	0.00354516391108	0.00430812340863
NTATATTT	10669	12490	12583	72	18	7.69757372454	0.00573157140583	0.00142845805888	0.00430311334694
TNNTTTTT	832154	1136798	1250473	14555	10527	235.666646511	0.0126416485648	0.00834813639968	0.00429351216509
AATNTTTT	22987	46434	48784	354	161	18.6399651556	0.00756604257502	0.00328940647666	0.00427663609836
NATATTTT	60225	99059	102718	648	231	47.164059327	0.00649904219363	0.00224382946896	0.00425521272467
ATANATAT	64997	17769	17317	110	33	9.21830371736	0.00615246937748	0.00190201729107	0.00425045208642
CTANNTTT	3702	13564	14114	86	29	7.23529406501	0.00630036630037	0.00205048433854	0.00424988196182
ANCTNTTT	7282	26962	27931	153	39	16.2976509972	0.00564263322884	0.00139435109045	0.00424828213839
TNTTTTNT	829897	1070483	1174710	13695	9944	215.608634656	0.0126316896303	0.00839401209129	0.00423767753901
TGNNTTTT	11959	38954	41027	259	98	18.4105988282	0.00660495243924	0.0023829787234	0.00422197371584
TANNTTTT	230429	414941	434554	3190	1489	152.463212206	0.00762918798176	0.00341480083386	0.00421438714789
ANCTTNTT	3207	17568	18401	104	31	9.96530296306	0.00588501584427	0.00168185763889	0.00420315820538
TTANTTTT	7207	14626	15320	96	36	7.15328262714	0.00652085314495	0.00234436051055	0.0041764926344
ANATTTTT	36384	65599	69367	517	254	23.6359335466	0.00781958981185	0.00364832449979	0.00417126531205
TTTTTNTT	323750	332290	374329	4770	3776	58.0897819192	0.0141517830653	0.00998664392166	0.00416513914367
TCANTTNT	4800	16556	16716	95	26	9.3120979998	0.00570536304126	0.00155298052801	0.00415238251325
NNCTTTTT	63466	211417	220520	1517	659	82.3513471366	0.00712427324899	0.00297948720267	0.00414478604632
NTTTTTNT	829890	1122620	1230284	14336	10526	213.478195077	0.0126091071246	0.008483168253	0.00412593887164
ANCNTTTT	4342	18463	19073	121	46	8.50118583233	0.00651097718467	0.00240598357655	0.00410499360813
TTTTNTTT	364400	371951	417910	5296	4200	62.8515126995	0.0140385476889	0.00995001302978	0.00408853465914
NTTGTNTT	2392	8848	9108	40	4	7.09412883199	0.004500450045	0.000438981562774	0.00406146848223
TATATTNT	19340	18974	19520	126	50	8.25182140841	0.00659685863874	0.00255493101686	0.00404192762188
ATATTTNT	21820	26933	27973	180	73	11.4378528542	0.00663888171726	0.00260286671896	0.0040360149983
ANNTTTTT	265348	546097	579701	4912	2844	148.528762011	0.00891455493467	0.00488202628123	0.00403252865344
NCTTTTNT	10867	36982	37989	264	117	13.9432778881	0.00708800945068	0.00307038261691	0.00401762683377
GTNTTTNT	10910	33415	34713	212	80	14.8191742261	0.00630445772742	0.00229931308022	0.0040051446472
NANGTTTT	5349	17077	18305	110	44	7.81724630344	0.00640018618723	0.00239795084201	0.00400223534523
ATNTATAT	63923	18016	17672	111	38	8.09786495131	0.00612346223865	0.00214568040655	0.0039777818321
TCNTTTTT	9090	24601	25663	188	93	8.56077962198	0.00758400903627	0.00361080913185	0.00397319990441
TATTTNTT	20464	26570	28120	179	77	10.8368931146	0.00669183894725	0.00273078696315	0.0039610519841
CTNTNTTT	27276	77785	80915	537	235	29.1559008852	0.00685631112587	0.00289587184227	0.0039604392836
ATATNTAT	64997	17679	17630	111	41	7.58703033831	0.00623946037099	0.00232018561485	0.00391927475615
GNTGNTTT	2002	10895	11398	52	10	7.12306914962	0.00475015986115	0.000876577840112	0.00387358202104
AAANATAT	10311	12880	13042	68	18	7.0140863139	0.00525177633611	0.00137825421133	0.00387352212478
NNTATCTT	2804	11858	12016	51	5	8.85408406357	0.00428247543874	0.000415938773812	0.00386653666493
NTNTTTCT	5665	18484	18771	122	51	7.20174221987	0.00655702461572	0.00270959515461	0.00384742946111
NGTNTTTT	7017	20665	21860	138	63	7.68472341393	0.00663365860693	0.00287369429366	0.00375996431327
ANNGTTTT	4238	15394	16031	90	33	6.85188198805	0.0058124515629	0.00205428286853	0.00375816869438
NANTTTTT	195922	432345	458859	3620	2099	109.301397607	0.00830341885243	0.0045535601942	0.00374985865823
NNTGTTTT	11313	36266	38215	201	68	16.5891764609	0.00551183261579	0.00177624533083	0.00373558728496
NTANTTTT	167922	330396	344945	2287	1092	104.090222896	0.00687441197777	0.0031557319015	0.00371868007627
ATATATNT	356733	101587	100035	645	261	34.9364238234	0.006309179122	0.00260229720029	0.00370688192171
TTATNTTT	20696	35190	36018	208	79	13.992795122	0.00587603819425	0.00218854752473	0.00368749066952
NTATTTTN	31682	60365	62397	479	263	16.0533357981	0.00787259220301	0.00419725502713	0.00367533717588
CTNTTTNT	26907	82067	84061	578	280	24.8999410496	0.00699376852804	0.00331985629765	0.00367391223039
NATCTNTT	7075	27106	27864	128	29	14.8451534232	0.00470000734376	0.00103968737676	0.003660319967
TCATNTTT	5440	16854	17444	93	32	7.5419425967	0.00548769693751	0.0018310826276	0.00365661430991
CTTNTNTT	5517	17814	18137	99	34	7.77576438078	0.00552671244348	0.00187111331242	0.00365559913106
NANCTTTT	15847	65538	67846	360	123	27.90029251	0.00546298825458	0.00180964851624	0.00365333973834
NTTNTTTT	852681	1154573	1260746	13641	10201	183.461832939	0.0116767989427	0.00802629850025	0.00365050044241
NNATTTTT	211006	463536	487027	3413	1795	127.918988474	0.00730914939319	0.00367209331822	0.00363705607497
NTATNTTT	282988	435472	450976	2820	1267	140.930821101	0.00643406678653	0.00280159117996	0.00363247560656
CNANTTTT	9858	38892	40291	224	85	15.4247856527	0.00572655690766	0.00210521101645	0.00362134589121
ATANATTT	32999	35761	36439	195	66	15.1180867022	0.0054232951385	0.00180797151075	0.00361532362775
TNNGTTTT	6872	20591	21554	109	36	9.37224860007	0.00526570048309	0.00166743862899	0.0035982618541
TTNTTTNT	770944	1014787	1105767	11928	8941	157.015026115	0.0116176348841	0.00802093463041	0.00359670025366
TCNNTTTT	65141	219512	227267	1481	708	66.1183770952	0.00670156973298	0.00310560368461	0.00359596604836
NCNTTTTT	78054	255541	266657	1959	1076	65.0976150021	0.00760776699029	0.00401892930644	0.00358883768386
ACNTNTTT	5422	18985	19287	105	37	7.93621095234	0.00550026191723	0.0019147174498	0.00358554446743
NTTTTTCN	31302	101254	103282	822	464	24.0556013377	0.0080528233865	0.00447246158888	0.00358036179762
ANTNTTTT	174182	350667	368627	2703	1525	85.4289566749	0.00764920621445	0.0041199291102	0.00352927710425
NNACTTTT	5127	18586	19128	103	38	7.54459165584	0.00551126330997	0.00198267765835	0.00352858565162
CNATTNTT	3093	13881	14078	64	15	7.31030174374	0.00458945858731	0.00106435819201	0.0035251003953
NCANTTTT	18436	70269	72101	435	191	22.8724997992	0.00615241004752	0.00264206274553	0.00351034730199
TCANNTTT	13778	48089	49349	241	73	21.2593339221	0.00498655079661	0.00147707498685	0.00350947580976
TATNTNTT	374156	463329	476710	3008	1416	135.159846304	0.0064502709414	0.00296156243333	0.00348870850807
AATTTNTT	10381	22196	22933	128	52	8.17331944837	0.00573373947321	0.00226234500761	0.0034713944656
GTNNTTTT	6756	21401	22403	132	60	7.24896809901	0.00613012585334	0.00267105907492	0.00345906677842
ANATATAT	158555	46126	45339	277	115	14.7102723099	0.00596944163093	0.00253003036036	0.00343941127056
NACNTCTT	1817	19093	19135	90	24	8.94777015987	0.00469165406871	0.00125267498304	0.00343897908567
NTGNTTTT	5434	20713	21434	119	49	7.50574209696	0.0057123655914	0.00228087324862	0.00343149234278
NCATTTNT	6926	23007	23537	143	65	7.39807832669	0.00617710583153	0.00275400389797	0.00342310193356
NTNATCTT	2617	12857	12960	52	8	7.60741784014	0.00402819738167	0.000616903146206	0.00341129423547
NTCTNTTT	21132	62396	63809	354	143	21.311228557	0.00564143426295	0.00223605203903	0.00340538222392
TATNNTTT	253886	427845	442140	2616	1186	128.004699553	0.00607720560051	0.00267523222189	0.00340197337862
NATGNTTT	6749	22133	23345	104	30	10.4059720978	0.00467688986824	0.00128342245989	0.00339346740834
ATNTNTTT	370795	567780	590937	3995	2133	140.221140744	0.00698701412269	0.00359654003743	0.00339047408526
ATTNTTTT	21097	33465	34837	279	171	7.30472834027	0.00826813655761	0.00488459780622	0.00338353875139
TNTCTNTT	4994	17450	17727	77	18	8.75610642702	0.00439322188623	0.00101437024514	0.00337885164109
TNNATCTT	2731	12412	12384	48	6	7.58086077504	0.00385232744783	0.000484261501211	0.00336806594662
ATNNTTTT	284868	584788	611003	4195	2309	138.066968035	0.00712244665805	0.00376480486278	0.00335764179528
NNAAAAAT	140400	301298	308076	3340	2366	41.7415024869	0.0109638324831	0.00762139143544	0.00334244104771
ATCTNTNT	5623	16841	17295	79	23	7.59862862067	0.00466903073286	0.00132809793279	0.00334093280007
TCATNTNT	7149	21833	22072	106	33	9.14140382745	0.00483157846757	0.00149287491518	0.00333870355239
TGNTNTTT	3764	14537	15126	67	19	6.80665272946	0.00458778416872	0.00125453945196	0.00333324471676
TTTTTNNT	747186	1026973	1120109	11267	8494	145.170408325	0.010852018801	0.00752611857314	0.00332590022791
TATNTTNT	308334	435119	449902	2775	1362	116.09303423	0.00633715008655	0.00301818890937	0.00331896117718
TNTTNTTT	771436	1022442	1111306	11322	8553	141.684221958	0.0109522095952	0.0076375686582	0.00331464093703
NTATATAN	79958	29499	28951	178	78	8.77023957584	0.00599791084004	0.00268696820421	0.00331094263583
CNATTTNT	6074	20883	21157	120	51	6.87541574781	0.00571346950436	0.00240475292343	0.00330871658093
TANANTTT	47397	86515	88704	457	173	30.2244627247	0.00525456468749	0.00194651034576	0.00330805434173
TTTTNTNT	767608	1013842	1100869	11073	8340	139.902543136	0.010803822756	0.00751887155622	0.00328495119982
NTANATAT	154041	61679	60552	340	134	19.4371732466	0.00548219094149	0.00220808753254	0.00327410340894
CNATNTTT	15724	58262	59817	302	113	20.5973707284	0.00515675158801	0.00188553312198	0.00327121846603
ATNCNTTT	4044	14381	14400	62	15	6.79589760271	0.004292736966	0.00104058272633	0.00325215423968
ATATANTT	19118	16863	16961	79	24	7.0359837415	0.0046629677724	0.00141301148072	0.00324995629168
ATANNTTT	207287	330380	338740	1893	832	96.4235847886	0.00569712254682	0.00245014312134	0.00324697942548
CNTNTTTT	53563	168541	175683	1161	634	39.4151730848	0.00684140434409	0.00359579620797	0.00324560813612
ATATANAT	85996	24608	23906	141	59	7.45004561847	0.00569719988686	0.00246192363864	0.00323527624822
TTNNTTTT	705900	984163	1070662	10597	8016	132.503926209	0.0106528207809	0.00743131870679	0.0032215020741
NATGTNTT	11932	32285	33235	145	42	13.6859688075	0.00447116867098	0.00126213300478	0.00320903566621
TTTNTTNT	819728	1105590	1196625	12100	9187	144.13176952	0.010825899847	0.00761893230454	0.00320696754247
TNTTTNTT	789456	1026138	1117247	11123	8483	134.045792974	0.0107234341212	0.00753555470672	0.00318787941449
CTNTTNTT	19481	59135	60287	333	146	17.4498022364	0.00559965023206	0.00241589859845	0.00318375163361
TNTGTNTT	5264	15394	15637	64	15	7.3293532618	0.00414025100272	0.0009583439816	0.00318190702112
NTTTNTTT	794936	1038466	1130090	11543	8910	130.256814412	0.0109932391056	0.00782265144864	0.00317058765693
TNATTTTT	18212	32672	34635	249	153	6.95727720112	0.0075635612527	0.00439806829941	0.00316549295328
NATTTTNT	149570	309429	324064	2139	1204	67.4453639724	0.00686527499615	0.0037015630188	0.00316371197735
NTTTNTCT	18172	57542	58418	361	180	14.5408082524	0.00623456470304	0.00307177719376	0.00316278750928
NANAAAAT	65355	127783	129444	1261	862	18.2479397656	0.00977186076067	0.00661519807223	0.00315666268844
TTTTNNCT	18586	56738	58352	369	194	13.6890205349	0.00646155462553	0.00331363372391	0.00314792090162
ATNTATTT	23908	22045	22537	108	39	8.00553232427	0.00487518620503	0.00172749822821	0.00314768797682
TACNTNTT	10523	34101	34476	148	41	14.1213080303	0.00432129405238	0.00118782049425	0.00313347355813
ANNAAAAT	64855	128806	131056	1238	843	18.6307270033	0.00951985481837	0.00639125391398	0.00312860090439
TTNTNTTT	720754	958913	1038362	10129	7665	123.261216956	0.0104525913222	0.00732772672216	0.00312486459999
ANANTTTT	84834	187370	195565	1195	632	44.004071687	0.00633733725771	0.00322125210885	0.00311608514886
NGNATTTT	5627	18691	19579	90	33	6.93422290083	0.0047920770992	0.00168264327962	0.00310943381957
ANCNTCTT	1883	17550	17477	80	25	6.79525511713	0.0045377197958	0.00142840818192	0.00310931161388
TATNTTTN	74366	112817	116469	952	616	18.8868223423	0.00836783306525	0.00526113507281	0.00310669799244
NTTTTNCT	33305	113074	115420	698	351	27.3720264478	0.00613507717189	0.00303184735383	0.00310322981806
AANTTTNT	20463	46434	48591	275	138	12.0278191155	0.00588751632448	0.00283198916456	0.00305552715991
ANTTTTNT	98088	196955	206552	1483	917	36.026507243	0.00747336699624	0.00441993743644	0.0030534295598
NTTTTNTT	736105	999485	1086081	10750	8304	119.926429401	0.0106410884596	0.00758782329802	0.0030532651616
NNTTTTCT	37798	124374	126818	720	344	31.3521448681	0.00575567173486	0.00270521067615	0.00305046105871
TCANTNTT	5300	17504	17954	78	25	6.80595189018	0.00443635536344	0.0013905111519	0.00304584421154
NNTATTTT	198538	353523	366763	1903	855	95.9518644362	0.00535413841418	0.00232578382995	0.00302835458423
NCATNTTT	7283	24807	25532	133	59	7.31656288954	0.00533279871692	0.00230549802665	0.00302730069027
NTATATNT	833239	379042	377353	2097	942	95.0807897594	0.00550192974217	0.00249012014433	0.00301180959784
NTTNATCT	4573	18206	18292	77	22	7.2807495504	0.00421156265383	0.00120126679043	0.0030102958634
NNTCTTTT	68573	233742	239816	1168	473	68.7773706202	0.00497211698097	0.00196846297583	0.00300365400514
NACTTNTT	3110	18064	18344	79	25	6.85992773896	0.00435429642286	0.00136098862214	0.00299330780073
NATANTTT	70831	143077	146086	685	260	44.3593046727	0.00476481963245	0.00177661159171	0.00298820804074
NNTAAAAT	21425	36643	36697	225	115	8.46846384746	0.00610285342302	0.00312398131044	0.00297887211258
AANNTTTT	105274	273967	286528	1684	901	60.3325359112	0.00610917428197	0.00313468717492	0.00297448710705
ATGNNTTT	6934	20926	21708	96	35	7.28393862281	0.0045666444677	0.001609713471	0.0029569309967
NTATANAT	76638	30492	30038	167	75	7.97656793924	0.00544701392739	0.00249061866968	0.00295639525772
TCNTNTTT	21378	67473	69298	362	167	17.575871078	0.00533647821921	0.00240408838984	0.00293238982937
ATATATNN	85384	36468	35759	220	110	8.20118466029	0.0059965111208	0.00306671499066	0.00292979613014
TCNTTNTT	6492	22124	22688	107	43	6.91081315551	0.00481309882596	0.00189168976288	0.00292140906308
NTATNTAT	259555	102221	100537	569	264	24.028214636	0.00553555793365	0.00261902163669	0.00291653629696
NAANTTTT	25271	65822	68510	378	192	15.6565729484	0.00570996978852	0.00279467846642	0.0029152913221
ATATTNTT	18626	27091	27775	140	62	7.63057955296	0.00514119936837	0.0022272514998	0.00291394786856
ATNTTTNT	292907	512931	533330	3512	2091	91.5871681416	0.00680036325403	0.0039053380424	0.00289502521163
ATATNTNT	1036300	549450	550854	3158	1564	118.543153905	0.00571472001853	0.0028311894254	0.00288353059313
TANTNTTT	112333	197729	205523	1191	640	41.7043313167	0.00598733159059	0.00310433976999	0.0028829918206
TNANTTTT	129222	290486	301896	1742	935	60.7217188867	0.00596109886801	0.00308753066892	0.00287356819909
NTNTATAT	177578	77423	76450	438	211	17.4482979963	0.00562540938339	0.00275237734963	0.00287303203376
TNNCTTTT	46275	151137	154536	761	331	39.7885426647	0.00500994088138	0.00213731782756	0.00287262305383
CNTTTTNT	21192	66873	69435	427	242	13.4694242016	0.00634472511144	0.00347316905148	0.00287155605996
NTATTTNT	149467	217230	225509	1269	665	46.9445440336	0.00580780690072	0.00294021417139	0.00286759272933
TANTTTNT	123361	214575	223014	1331	738	42.9650823533	0.00616471983178	0.00329829454038	0.00286642529139
NANATTTT	131572	288449	298677	1536	728	69.819648346	0.00529682569788	0.00243148912009	0.00286533657779
ATNNATAT	76531	37572	36826	184	75	10.2059516551	0.00487339760568	0.00203246524484	0.00284093236083
NTCTTTNT	13106	38269	38453	193	84	10.1444256985	0.00501793978472	0.00217972338272	0.002838216402
TNTTTNCT	23508	67367	68912	398	210	14.3674303741	0.0058732383974	0.00303810653627	0.00283513186113
NNATATTT	18765	33973	34306	142	46	11.5475039356	0.00416239190972	0.00133907778295	0.00282331412676
NTNCTTTT	9393	31919	32813	152	63	9.23176399719	0.00473948426928	0.00191629151965	0.00282319274963
TNGGTCTT	823	16361	16897	57	11	7.63034400971	0.00347179924473	0.000650579607286	0.00282121963744
NATTNTTT	133139	278123	289505	1747	994	52.6444554858	0.00624218387108	0.00342169852564	0.00282048534544
ATNTATNT	744592	355260	353931	1901	893	79.0638084848	0.0053225296155	0.00251674069398	0.00280578892152
TATCNTNT	8477	25326	25646	102	31	9.06709119006	0.00401132609722	0.00120730614947	0.00280401994774
TNAAANAT	37275	77506	78190	497	280	14.3867686392	0.00637154981219	0.0035682426405	0.00280330717169
ANAANTTT	8353	22299	22821	94	32	7.56019538894	0.00419774036529	0.001400253796	0.00279748656929
NTNAAAAT	34771	82471	83203	543	313	14.6792511548	0.00654106536247	0.0037477848556	0.00279328050687
TTANNTTT	31067	65788	68067	327	147	17.0158115036	0.00494592755048	0.0021549828481	0.00279094470238
ANATNTTT	186225	324355	335152	1792	909	70.0525067763	0.00549445495436	0.00270486608086	0.0027895888735
TANATTNT	28576	41346	42404	196	82	11.5193851701	0.00471811660488	0.00193004754507	0.00278806905981
NNATATAT	259252	112999	112364	623	304	24.3212859974	0.00548309306296	0.00269819292079	0.00278490014217
TNTTTTCN	30908	88949	91516	618	379	14.7825760327	0.00689986267264	0.00412427226726	0.00277559040537
TNGGTNTT	1522	20288	21104	69	13	9.37811308332	0.00338949747016	0.000615617748733	0.00277387972142
TATANNTT	95167	107052	108735	540	246	25.7601016418	0.00501896051751	0.00225727420376	0.00276168631375
TNTTNTCT	10490	30873	31570	171	87	7.02130752911	0.00550831078469	0.00274820734751	0.00276010343719
TANGTNTT	3648	24499	25299	88	21	10.0455137057	0.00357912718103	0.000829383886256	0.00274974329477
CANNTTTT	10085	33556	35672	200	114	7.00401105504	0.00592487261524	0.00318560330856	0.00273926930668
TAGGTNTT	943	16540	17138	58	13	7.09485488595	0.00349439691529	0.000757973296018	0.00273642361927
TTTNNTAT	12044	24623	25059	113	46	7.0225706566	0.00456824062096	0.00183230432185	0.00273593629911
ATNTNTAT	123913	64497	64819	331	154	15.0159792408	0.0051058184735	0.00237021532021	0.00273560315329
ANTTNTTT	111694	204222	213343	1333	804	34.5952299299	0.00648488239157	0.00375443036792	0.00273045202365
TATTTTNN	34646	60724	63142	473	318	8.72156864386	0.0077291370492	0.00501103057044	0.00271810647876
TTTTTNAN	16791	39822	40893	267	162	6.89376369329	0.00666018109706	0.00394592619657	0.00271425490049
NAAAAANT	29978	62967	64874	625	465	6.90349145642	0.00982828028683	0.00711672967141	0.00271155061542
TANATNTT	97477	123691	126062	621	289	28.5797533309	0.00499549520561	0.00228727908762	0.00270821611799
TTTNTNTT	566661	759589	819910	7416	5751	78.2700406361	0.00966877660511	0.00696532838538	0.00270344821973
NTANAAAT	28797	47613	47412	290	160	8.76329190212	0.00605390059078	0.00336332296309	0.00269057762769
TAGGTCTN	768	15670	16158	53	11	6.80056240005	0.00337085797876	0.000680314181458	0.0026905437973
ANANAAAT	41056	66806	67802	570	394	8.29559541363	0.0084599857516	0.00577746495396	0.00268252079765
NAANATAT	20340	29150	28973	136	57	7.57607548992	0.0046438571331	0.00196348604891	0.00268037108419
ATANATNT	655449	299729	297491	1540	726	63.1166436022	0.00511171079666	0.00243446885992	0.00267724193674
TNATTTNT	23200	45160	46251	243	125	9.56963445521	0.00535206924653	0.00269535966879	0.00265670957773
NTCNTTTT	33627	109664	112705	531	245	25.4982956363	0.00481873043242	0.00216910137229	0.00264962906013
NATTTNTT	110278	210641	220504	1205	673	39.1647314402	0.00568809418162	0.00304281186561	0.00264528231601
ATATNTTN	67895	92388	93485	584	342	15.1856862461	0.00628146108506	0.00364500623488	0.00263645485018
TNNGTCTT	1506	21010	21918	69	14	9.01536345973	0.00327340006642	0.000638336677002	0.00263506338942
NTAAANAT	29904	47823	47507	275	147	8.9758563981	0.00571749345087	0.00308473580392	0.00263275764695
NNGGTCTT	1105	20573	21143	67	13	8.81821075996	0.00324612403101	0.000614482889015	0.00263164114199
ATCNNTTT	7087	25310	25805	111	45	6.97666905342	0.00436646866764	0.00174081237911	0.00262565628853
NATATNTT	210652	286211	290743	1404	660	61.7494410318	0.00488152565061	0.00226490461663	0.00261662103398
ATANNTAT	76488	32124	31955	157	72	7.42279953526	0.00486354202162	0.00224810316296	0.00261543885867
TNGGNCTT	947	17390	17971	59	14	6.90089540403	0.00338128259499	0.0007784264665	0.00260285612849
TNTNTTGT	10340	27977	28653	125	53	7.35267634562	0.00444808198705	0.00184630390859	0.00260177807846
TTTNNTTT	573492	782403	842385	7409	5750	76.6945131993	0.00938071338496	0.00677958108084	0.00260113230412
TNNATTTT	125845	250200	258286	1224	587	54.1081725108	0.00486827033219	0.00226752113971	0.00260074919248
TATTNTNT	138275	191788	197643	1035	550	36.3999010461	0.00536761693366	0.00277507278259	0.00259254415107
ANATANAT	258624	121601	120078	630	309	23.8371477965	0.00515417529105	0.00256672232052	0.00258745297053
TANGTCTT	1000	17547	18229	58	13	7.12249535714	0.00329451860267	0.000712641157768	0.0025818774449
ATNNATTT	45498	68405	69679	296	121	17.4645798201	0.00430852534898	0.0017335243553	0.00257500099368
TTATNTNT	24049	32854	33373	145	61	8.4030095362	0.00439407254765	0.00182449004008	0.00256958250757
ANATATNT	537000	268292	268614	1329	636	54.1974916083	0.00492914127609	0.00236211699164	0.00256702428444
ANATNTAT	78608	35061	35273	182	92	7.21459581614	0.00516414607156	0.00260144210377	0.00256270396779
TTANTTNT	18968	32993	33930	154	71	7.83869016974	0.00464597097777	0.00208817387724	0.00255779710053
TNTATTNT	120995	168541	171456	797	370	36.4588552075	0.00470656320495	0.00215334117072	0.00255322203423
TNTATNTT	127585	160897	164356	764	358	34.7247106298	0.00472593884734	0.00217346430783	0.00255247453951
TCNTTTNT	15947	46967	48236	258	141	8.86894016242	0.00546320804659	0.00291460818157	0.00254859986501
TNANAAAT	22884	47311	47791	294	174	7.65891752369	0.00617582186745	0.00362764515793	0.00254817670952
ANATTTNT	55033	95387	98228	506	269	18.1310647451	0.00527671467156	0.00273104764612	0.00254566702544
TNTTNTGT	11340	29354	29902	128	54	7.48797508436	0.00434163218235	0.00180264387769	0.00253898830466
TTNTTNTT	562541	773303	830628	7325	5727	71.7058973484	0.00938347074407	0.00684757070861	0.00253590003546
TTTTTTNN	311546	389828	427466	5986	5453	22.1239645445	0.0151232649679	0.0125958897623	0.0025273752056
ATCTNNTT	5041	18984	19191	63	15	7.08921149455	0.00330760749724	0.000781005935645	0.0025266015616
TNTANTTT	139408	234783	239675	1029	443	54.2709944669	0.004363645616	0.0018449262446	0.0025187193714
TNCNTTTT	15114	46288	47761	228	115	9.60050799105	0.00490153925531	0.00240203859972	0.00249950065559
ANANATAT	219722	118874	118895	571	272	23.9177066306	0.00478044288166	0.00228251109787	0.00249793178379
NNAATTTT	12166	32175	32785	148	69	7.23500503764	0.00457878291	0.00210020088878	0.00247858202122
ATATNNTT	66060	92911	94130	411	182	20.7050776504	0.0044041062129	0.0019297650352	0.00247434117769
TNNAAAAT	24066	52839	53537	342	213	7.60192504957	0.0064308681672	0.00396279069767	0.00246807746953
NAGGTCTT	922	18715	19166	59	13	7.17451405314	0.00314264408224	0.000677824704103	0.00246481937814
NNATAAAT	27192	38810	38889	176	80	8.55513439911	0.00451444108141	0.0020529138546	0.00246152722681
TANATTTN	27076	42189	43250	243	142	7.00364291883	0.00572680995475	0.00327249262537	0.00245431732938
TAGNTCTT	1064	18848	19300	60	14	7.0030009796	0.00317325999577	0.000724862793828	0.00244839720194
TNTCNTTT	6708	24030	24093	85	26	7.45087268568	0.00352477710968	0.00107798830797	0.00244678880171
TNCTNTTT	23471	69028	70997	338	173	13.3929012019	0.00487270420667	0.00243079949417	0.0024419047125
NTTTTTAN	48740	94788	98344	586	366	13.6903604833	0.00614423218068	0.00370783102016	0.00243640116052
TAGNNCTT	1320	20997	21474	66	15	7.79800487365	0.00313345677254	0.000698031551026	0.00243542522151
TNATNTTT	143713	295802	304363	1492	789	52.463474806	0.00501860111539	0.00258559668624	0.00243300442915
TANCNTTT	7547	24281	24509	91	32	6.87616549231	0.00373379287707	0.00130394034473	0.00242985253234
ATANTTNT	52215	81657	83034	400	204	15.3496860463	0.00487466029711	0.00245080371946	0.00242385657766
TANGNCTT	1286	20019	20774	64	16	7.21403974631	0.00318677488423	0.000769600769601	0.00241717411463
TATATNNT	49475	47339	47403	253	138	8.09184084749	0.00531601949908	0.00290275761974	0.00241326187934
TANTTNTT	93663	152273	158053	801	448	25.5187941329	0.0052327632387	0.00282648059003	0.00240628264867
TATTTNNT	93610	144197	149171	724	388	25.4910672553	0.00499582531172	0.00259429389071	0.00240153142102
NAGGNCTT	1023	19673	20099	60	13	7.34778933906	0.00304059190189	0.000646380270485	0.0023942116314
TTNCTNTT	5625	20420	20414	65	16	6.99950075197	0.00317305345375	0.000783162016642	0.0023898914371
ATNTTNTT	152839	281513	291947	1545	903	42.7632155322	0.00545824530662	0.00308348984122	0.0023747554654
NAAAANAT	44390	80924	81859	725	536	7.36350679918	0.00887947188575	0.00650524910492	0.00237422278083
ATTTNTNT	50037	86740	89671	476	280	13.3063785857	0.00545771418088	0.00311280586097	0.00234490831992
ANNTATAT	78417	41404	41218	190	92	7.99435588523	0.00456796653363	0.00222706366497	0.00234090286866
TNTGTTNT	9925	26659	27165	99	37	7.01637325115	0.0036998280888	0.00136019410337	0.00233963398542
TTTTNNTT	427570	572727	619061	5185	4135	47.3775159332	0.00897195420756	0.00663515170187	0.00233680250569
ATNANTTT	31571	72643	73439	320	151	14.3690009088	0.00438578457574	0.0020519092268	0.00233387534895
ATNTANAT	74102	36326	35958	170	84	6.80118108422	0.00465804471723	0.00233061428334	0.00232743043389
TNTTTTAN	33819	56582	58313	323	196	8.33757177379	0.00567612687813	0.00334991197935	0.00232621489878
ANTTTNTT	67318	129929	136018	742	458	18.4273951907	0.00567838311485	0.00335590140391	0.00232248171094
ATAAANNT	24628	41500	41859	206	110	7.20119968426	0.00493933726562	0.00262098215349	0.00231835511213
NANGTCTT	1497	23034	23727	69	16	8.10584294894	0.00298662511362	0.000673882828623	0.002312742285
NATATTNT	79419	121479	123591	535	257	23.1215567342	0.00438474273444	0.00207512434597	0.00230961838847
NAGGTNTT	1723	24498	25167	82	26	7.24097373598	0.0033360455655	0.0010320327075	0.002304012858
TAGNTNTT	2446	25505	26115	79	21	8.21126606672	0.00308786741714	0.000803489439853	0.00228437797728
ATTNNTTT	80525	146081	151306	795	475	20.9217664167	0.00541272910482	0.00312950896357	0.00228322014125
ATATANNT	402221	183192	181009	859	433	30.3242999536	0.00466718463904	0.00238643753927	0.00228074709977
AATNNTTT	53551	129419	132811	603	315	22.1539978555	0.00463767670087	0.00236617940898	0.00227149729189
TNTTNTAT	59788	82531	84859	384	202	14.2101874652	0.00463124886932	0.00237476634415	0.00225648252517
TNGNTCTT	1864	24450	24868	75	20	7.71262813557	0.00305810397554	0.000803600128576	0.00225450384696
AATNTNTT	52305	105747	108459	466	232	19.2015562365	0.00438741020402	0.00213449135623	0.00225291884779
AANTNTTT	43126	99373	103412	494	280	15.6044215247	0.00494657895	0.00270030474868	0.00224627420132
NTNTATTT	127385	176511	179992	679	286	37.3759460521	0.00383204469778	0.00158643872242	0.00224560597536
TTANTNTT	16865	33889	34825	127	52	7.93703750202	0.00373353715898	0.00149095392379	0.00224258323519
ANAAANAT	49949	78663	80024	651	482	6.84372525048	0.00820788259324	0.00598713139393	0.0022207511993
AATTTNNT	19892	47362	48614	207	104	8.71677555686	0.00435157350375	0.00213473459502	0.00221683890874
AANTTNTT	21669	51929	54195	226	115	9.64457249186	0.00433323746525	0.00211747376174	0.00221576370351
AANANTTT	13794	39139	40228	162	77	7.76287542229	0.00412203251826	0.00191043294877	0.00221159956949
AATNTTNT	26972	55362	56790	267	149	8.66537308087	0.00479965485628	0.00261683556086	0.00218281929542
ATANANAT	334454	160057	157973	842	484	20.8682739129	0.00523309653882	0.00305445641404	0.00217864012478
TATTNNTT	61070	101391	104799	435	220	17.7544579163	0.00427199340051	0.00209485902551	0.002177134375
NTATTNTT	173187	281964	290647	1320	724	42.7313994496	0.00465963485407	0.0024848045962	0.00217483025787
TTNTNTAT	89955	120481	122376	525	266	20.1712292322	0.00433862783664	0.00216891440127	0.00216971343537
TANNTCTT	8917	54301	54564	151	33	17.2908616213	0.00277308455153	0.00060442881477	0.00216865573676
TNGGTCNT	1281	24135	24606	75	23	6.79940831623	0.00309789343247	0.00093385845954	0.00216403497293
NTANATTT	115173	182180	184695	684	297	35.2479999915	0.00374048473182	0.00160547483134	0.00213500990048
ATNNAAAT	25774	51895	52711	268	159	7.11982730044	0.00513774131089	0.00300737658407	0.00213036472682
ANNATTTT	42921	101441	104271	486	278	14.3988036349	0.00476811835922	0.00265904025863	0.00210907810058
NTNATTTT	21218	45810	47291	206	114	7.08651683437	0.00447670375522	0.00240480961924	0.00207189413598
ATANANTT	29306	38373	38778	152	73	6.867272205	0.0039454899416	0.0018789735142	0.0020665164274
ATNTANTT	34805	41334	41703	139	54	8.97704889483	0.00335157813517	0.00129319635031	0.00205838178486
ATANTNTT	33010	54263	55172	227	117	8.76237902942	0.00416590200037	0.00211615330355	0.00204974869682
NAGNTCTT	1583	25005	25481	72	21	6.86706221681	0.00287115683694	0.000823464826288	0.00204769201065
NAGGTCNT	1463	28230	28706	83	26	7.28773381768	0.00293151555822	0.000904914381178	0.00202660117705
AATTNTNT	23451	48019	49073	220	125	6.82533470219	0.00456062522026	0.00254075368917	0.00201987153108
NTCTTNTT	13383	43488	43106	171	82	7.30828443866	0.00391671820243	0.00189867555803	0.00201804264441
ATTNTNTT	74995	133571	137779	647	407	14.3830677185	0.00482051587716	0.00294530560259	0.00187521027456
TTTTNTAN	35073	61100	62837	286	177	6.96277579534	0.00465904277848	0.00280889960961	0.00185014316887
ATTNTTNT	42025	74720	76588	397	265	7.1701945174	0.00528508859512	0.00344814125668	0.00183694733844
NTTTNTAT	42306	64930	66950	298	187	6.99056026982	0.004568590176	0.00278534936026	0.00178324081573
NNTTCTTT	13012	41439	42158	109	40	7.8471466312	0.00262347164725	0.000947912223328	0.00167555942392
NTTNTCTT	9141	32672	32650	74	21	7.00253933817	0.00225981799304	0.0006427718772	0.00161704611584
