#Sequence	Occurrence	Forward Match	Backward Match	Forward Mismatch	Backward Mismatch	Strand Bias Score	FER (Forward Error Rate)	RER (Reverse Error Rate), ERD (Error rate Difference)
AGGT	4729	397690	406723	9734	3426	9223372036854775807	0.023891572416	0.00835306193603	0.0155385104799
GGGT	1705	126890	130302	3119	1150	206.691903487	0.0239906468014	0.00874844049539	0.015242206306
NGGT	12742	1056197	1080610	23505	8802	9223372036854775807	0.0217698957675	0.00807958788778	0.0136903078798
TGGT	5576	471241	481803	9492	3715	9223372036854775807	0.0197448479717	0.00765162156707	0.0120932264047
CGGT	732	60376	61782	1160	511	58.3825030408	0.0188507540302	0.00820316889538	0.0106475851348
AAGT	9849	842669	857676	17246	8507	9223372036854775807	0.0200554705988	0.00982125024389	0.010234220355
CCGG	250	20236	20427	349	158	16.6871775558	0.016954092786	0.00767549186301	0.009278600923
GCGG	237	18819	19537	343	185	12.2629084822	0.0179000104373	0.00938038738465	0.00851962305268
AAGG	7688	646761	652021	12525	7118	9223372036854775807	0.0189978249197	0.010798936188	0.00819888873172
NAGT	22528	1938647	1968036	33148	17721	9223372036854775807	0.0168110782307	0.00892405264088	0.00788702558987
CGGG	325	26099	26769	507	304	12.8570618442	0.0190558520634	0.0112288996417	0.00782695242173
ANGT	38522	3261725	3299557	53203	27847	9223372036854775807	0.0160495190242	0.00836898675364	0.00768053227061
NAGG	15438	1291921	1305016	23426	13494	9223372036854775807	0.0178097490624	0.0102342796035	0.00757546945892
CAGG	1693	140323	141990	2480	1414	66.4486376383	0.0173665819346	0.00986025494407	0.00750632699048
GGGN	5668	446791	450578	7704	4298	214.794331589	0.0169506815256	0.00944872888436	0.00750195264129
ANGG	17407	1468006	1478599	26214	15143	9223372036854775807	0.0175436013438	0.0101376275153	0.00740597382852
TAGG	3788	316393	320724	5344	2983	151.845896628	0.0166098397138	0.00921512355309	0.00739471616071
GNGT	10368	840837	853952	13466	7332	9223372036854775807	0.0157625573128	0.00851287148026	0.00724968583255
TGGG	2019	167065	169128	3112	1890	68.3612247931	0.0182868425228	0.0110514682665	0.00723537425629
AGGG	2125	162236	163073	3041	1856	63.8786171021	0.0183994143166	0.0112533271893	0.0071460871273
NGGG	5668	446142	449479	8379	5132	173.586033639	0.0184347917918	0.0112887721591	0.00714601963274
TGGN	15040	1286802	1304377	20552	11390	9223372036854775807	0.0157203022288	0.00865654785384	0.00706375437494
NNGG	38288	3203651	3237403	55794	33184	9223372036854775807	0.0171176381255	0.0101461908826	0.00697144724295
NGGN	38288	3208267	3243050	51668	29094	9223372036854775807	0.0158493957702	0.0088914179816	0.00695797778856
CNGG	3560	292694	296300	5103	3061	116.162275048	0.017135834142	0.0102251128236	0.0069107213184
GAGT	2376	204821	206944	3158	1739	92.6888446473	0.0151842253304	0.0083332135344	0.00685101179604
AGGN	15438	1295102	1307137	20695	11756	9223372036854775807	0.0157281100352	0.00891353582133	0.00681457421388
ATGG	6742	587390	591725	9537	5475	243.618911951	0.0159768279873	0.00916778298727	0.00680904500007
GCGT	656	54649	54911	802	424	26.4170838119	0.0144632197796	0.00766241980663	0.00680079997299
GGGG	1199	90742	90509	1719	1082	31.7068867778	0.0185916224138	0.0118133877783	0.0067782346355
TNGG	11528	973982	987036	16401	9835	9223372036854775807	0.0165602600206	0.00986587030819	0.00669438971242
NNGT	91842	7791668	7892790	115925	63873	9223372036854775807	0.0146599603697	0.00802761157536	0.00663234879438
TAGT	7984	697487	707532	9964	5445	9223372036854775807	0.0140843676806	0.00763699249765	0.00644737518293
NTGG	15040	1285998	1302057	21252	12955	9223372036854775807	0.0162570281124	0.00985162112589	0.00640540698656
NCGG	2142	179590	180851	2737	1603	66.5130132791	0.0150114903443	0.00878577614084	0.00622571420344
GNGG	5793	468969	475468	8076	5145	149.340837203	0.0169292205138	0.0107050787224	0.00622414179141
TTGG	4918	421608	428077	7011	4396	138.522358551	0.0163571843525	0.010164796415	0.0061923879375
GTGG	2088	170964	175141	2937	1899	54.429310366	0.0168889195577	0.0107263895165	0.00616253004119
CGGN	2142	179572	180958	2717	1650	58.9111736136	0.0149049037517	0.00903574870761	0.00586915504412
TNGT	35582	3062114	3106890	40944	23219	9223372036854775807	0.0131947259768	0.00741795253776	0.00577677343901
GAGG	2269	188444	190281	3077	1979	54.6033012846	0.0160661232972	0.0102933527515	0.0057727705457
ACGG	852	71619	71780	1111	694	21.8527369753	0.0152756771621	0.00957584789028	0.00569982927183
ACGT	2742	231591	232560	3297	1959	75.5935760915	0.0140364769592	0.00835326775229	0.00568320920694
CTGG	1292	106036	107114	1767	1185	26.9041706253	0.0163910095266	0.0109419292884	0.00544908023828
TCGG	803	68916	69107	934	566	20.5857743222	0.0133715103794	0.00812366339902	0.00524784698036
GTGT	5631	454477	461795	6387	4019	125.341024182	0.0138587522566	0.00862790727629	0.00523084498034
AAAG	19485	1665014	1668026	31639	23027	294.784795181	0.0186478908769	0.0136169593738	0.00503093150309
ATGT	21202	1789775	1802598	22926	13955	9223372036854775807	0.0126474250304	0.00768213203799	0.0049652929924
NCGT	7582	649574	654110	8459	5217	171.478710267	0.0128549783977	0.00791261392299	0.00494236447475
ATAG	10382	904283	908950	13994	9518	189.118232126	0.0152394103304	0.0103629086697	0.00487650166078
AANG	49817	4308801	4314318	70472	50318	9223372036854775807	0.016092168723	0.0115285673307	0.00456360139228
ATNG	30883	2701699	2720902	39922	27603	9223372036854775807	0.0145614583489	0.0100429142388	0.00451854411008
TTTG	18336	1566085	1586573	27234	20221	243.200283744	0.0170926223813	0.0125846872717	0.00450793510966
CNGT	7370	626992	632391	8312	5475	132.07028643	0.0130835001826	0.00858330746583	0.00450019271676
NTGT	48990	4147250	4190034	50813	32133	9223372036854775807	0.0121039155439	0.00761054690636	0.00449336863754
TTNG	34492	2972135	3006557	47172	33934	9223372036854775807	0.0156234526665	0.0111606974005	0.00446275526594
GGGA	2312	192477	193505	2416	1551	42.6812260292	0.0123965457969	0.00795156262817	0.00444498316876
ANAG	37344	3212905	3221849	54081	39539	9223372036854775807	0.0165537899458	0.0121233658798	0.00443042406604
TGCG	726	59265	59738	877	617	11.0149630467	0.0145821555652	0.0102228481485	0.00435930741671
TCGT	3332	291570	294547	3454	2183	65.6809237659	0.0117075220999	0.00735685640144	0.00435066569845
TGGA	6245	549540	554352	6690	4321	115.433700633	0.0120273987379	0.00773439919237	0.00429299954556
TNGN	85189	7388708	7461277	93205	61435	9223372036854775807	0.0124573755402	0.00816660268265	0.00429077285754
AAGN	41844	3617005	3626840	47721	32021	9223372036854775807	0.0130217102179	0.00875163063041	0.00427007958749
ANNG	98213	8488354	8516134	129958	93112	9223372036854775807	0.015079286988	0.0108153489864	0.00426393800156
NTAG	23818	2076165	2093731	29156	20298	9223372036854775807	0.0138487195064	0.0096015712178	0.00424714828863
NTNG	85190	7369979	7442018	109607	78467	9223372036854775807	0.0146541533181	0.0104337685668	0.00422038475132
CCGA	803	68907	69251	867	580	13.4393754789	0.0124258319718	0.0083057667798	0.004120065192
TTAG	7801	682672	689861	8920	6225	110.523605444	0.0128977778806	0.00894286050862	0.00395491737198
GNGN	31681	2632056	2652610	35121	24690	9223372036854775807	0.0131678550017	0.00922197736526	0.00394587763649
ANGN	120177	10390667	10419140	130677	89273	9223372036854775807	0.0124201813	0.00849538365118	0.00392479764886
CAGT	2319	193670	195884	2780	2030	28.0243077133	0.0141511835073	0.0102569803046	0.00389420320268
CTGT	3467	301182	302633	3466	2283	54.7973473621	0.0113770646779	0.0074873079799	0.00388975669802
TTGA	11941	1059481	1066199	12042	7893	192.932293825	0.0112382095391	0.00734853252794	0.00388967701119
TTGT	18690	1601816	1623008	18034	11876	292.043628541	0.0111331296108	0.00726412393785	0.00386900567292
NAGN	85181	7378614	7409808	92678	64055	9223372036854775807	0.0124045479684	0.00857053440771	0.0038340135607
GTAG	3739	324958	330061	4138	2920	50.5259788568	0.0125738386368	0.00876926911746	0.00380456951929
GGCG	298	23785	24251	311	223	4.13740001774	0.0129067065073	0.00911171038653	0.00379499612077
GTNG	11576	987762	1002605	13372	9680	140.460021837	0.0133568533283	0.00956252438789	0.00379432894043
TAGN	23817	2081058	2097381	24976	17112	9223372036854775807	0.0118592577328	0.00809272009886	0.00376653763392
TTGN	38985	3374861	3410421	40379	27813	9223372036854775807	0.0118231808013	0.00808932725347	0.00373385354788
NGCG	1813	148988	149663	1977	1427	20.6258890803	0.0130957506707	0.00944470183334	0.00365104883734
CCGN	2142	180581	180773	2263	1592	26.3053156167	0.0123766708232	0.00872974529104	0.00364692553218
NTTG	38985	3363183	3398652	51053	38874	9223372036854775807	0.0149529792317	0.011308714465	0.00364426476667
GCGN	1813	148954	149719	2047	1506	19.2747963474	0.0135562016146	0.00995867085469	0.00359753075987
NGGA	17024	1469620	1477328	17059	11812	212.517002776	0.0114745684845	0.00793209503472	0.0035424734498
GTCG	804	67795	69442	883	653	9.46589719496	0.0128571012551	0.00931592838291	0.00354117287222
CCGT	852	71764	72092	906	651	10.071361921	0.0124673180129	0.00894931471069	0.00351800330224
NANG	120177	10365102	10391239	152932	115919	9223372036854775807	0.0145399796198	0.0110323838282	0.00350759579152
NAAG	41844	3605462	3613207	58107	45199	9223372036854775807	0.0158607630974	0.0123548343186	0.00350592877885
CGGA	866	75493	74631	877	603	11.1064544425	0.0114835668456	0.00801499322115	0.00346857362447
TNNG	95411	8141715	8205120	119997	92366	9223372036854775807	0.0145244714413	0.0111318054649	0.00339266597634
NNAG	85182	7361257	7389561	107902	82701	9223372036854775807	0.0144463386039	0.0110677329034	0.00337860570048
TCGN	7347	645987	649098	7298	5120	85.7452697581	0.0111712346066	0.00782613746488	0.00334509714176
GAGN	10323	886603	889979	10643	7674	107.245629059	0.0118618528252	0.00854896045577	0.00331289236943
AGNG	10143	848463	852574	11506	8673	89.6600239965	0.0133795520536	0.0100702818123	0.00330927024132
NCGN	18884	1627936	1630596	19554	14083	194.680744663	0.0118689643033	0.00856276513532	0.00330619916795
TCCG	866	74446	75656	901	663	9.46711118119	0.0119580076181	0.00868722074451	0.00327078687358
ATTG	11290	990030	999488	13794	10579	99.0168598327	0.0137414526849	0.0104735626449	0.00326789004008
NTGN	117372	10144551	10203711	118615	85616	9223372036854775807	0.011557349847	0.00832085519296	0.00323649465406
TNGA	30163	2681300	2695476	28543	19897	9223372036854775807	0.0105330825439	0.00732753842658	0.00320554411732
NGNG	31681	2631213	2648697	35484	27266	244.35516503	0.0133063486403	0.0101892290738	0.00311711956649
ACGN	7582	652414	651006	7946	5865	67.6894718639	0.0120328305773	0.00892869376179	0.00310413681547
GTGN	13877	1149708	1162334	14727	11212	112.08670024	0.012647335403	0.00955395016471	0.00309338523829
TGNG	13479	1119072	1127704	15541	12095	99.3103883016	0.0136971813297	0.0106115201014	0.00308566122832
CNGN	22678	1947937	1954138	23512	17450	198.458296469	0.011926253228	0.00885073352039	0.00307551970757
TNTG	51929	4402769	4441151	66778	53337	9223372036854775807	0.0149406640091	0.0118672026714	0.00307346133777
AATG	19552	1727861	1726524	22748	17367	155.512144329	0.0129943351142	0.00995876462462	0.00303557048961
AGCG	649	55479	55222	632	460	6.40661475851	0.0112633886404	0.00826119751446	0.00300219112592
ATGN	55313	4826146	4834157	54315	39631	9223372036854775807	0.0111290716184	0.00813145750287	0.00299761411557
TTCG	3437	301770	302046	4007	3092	26.5715726107	0.0131043211229	0.0101331200965	0.00297120102643
ANTG	36520	3201232	3211148	42105	32478	274.752231019	0.012981999712	0.0100128683147	0.00296913139737
GNNG	39502	3404736	3426596	42130	32032	9223372036854775807	0.012222697372	0.00926147593786	0.00296122143419
GGNG	5976	489825	494004	6158	4732	43.9363915958	0.0124157481204	0.00948798562767	0.00292776249273
TCGA	2530	229126	229186	2367	1687	25.6443988795	0.0102249312074	0.0073070475976	0.00291788360983
CGNG	2083	173853	174415	2279	1766	15.2806258244	0.0129391592669	0.0100237823602	0.00291537690673
TNCG	7494	645789	647348	8542	6650	52.7885587427	0.0130545549577	0.0101682268141	0.00288632814351
GTTG	4945	424045	427961	5414	4208	36.028157493	0.012606558484	0.00973693161703	0.00286962686702
CTAG	1896	164252	164859	2104	1635	13.9427981654	0.0126475750799	0.00982017369995	0.00282740138
NNTG	117372	10122876	10179065	137362	108715	9223372036854775807	0.0133877986066	0.0105673916044	0.00282040700221
CTGN	9197	793836	796799	9194	6960	69.5010015679	0.0114491363959	0.00865931205747	0.00278982433843
NTCG	7347	644633	647578	8146	6340	51.3605437343	0.0124789553586	0.0096954052343	0.00278355012426
TANG	38799	3292068	3308107	48377	39171	218.707910793	0.0144822022216	0.0117023444124	0.00277985780918
CANG	12718	1101600	1104116	14347	11256	82.9576249434	0.0128563453282	0.0100917003475	0.00276464498072
GNCG	2365	199937	201376	2380	1835	16.9735712834	0.0117637173347	0.00903002298104	0.00273369435364
CNNG	26600	2279028	2285590	29709	23465	162.739843801	0.0128680746226	0.0101621659077	0.00270590871492
GANG	18843	1662633	1664698	19736	15174	130.758692713	0.0117310768327	0.00903283107284	0.00269824575988
TNAG	24460	2119175	2129585	28276	22544	146.282756359	0.0131672387403	0.0104752085028	0.00269203023742
AACG	3092	269165	267747	3560	2806	19.3355524264	0.013053442112	0.0103713505302	0.00268209158181
CTNG	8239	708383	711954	9141	7250	50.1210090807	0.012739643552	0.0100805890957	0.00265905445627
AGGA	7601	652110	654840	7076	5337	55.2147916281	0.0107344512778	0.00808419560209	0.0026502556757
NNCG	18884	1626049	1627411	20736	16375	112.213616289	0.0125918076737	0.00996175901243	0.00263004866131
CAGN	9197	793948	795608	9338	7248	58.7954040709	0.0116247513339	0.00902777085804	0.00259698047586
NATG	55313	4815925	4823362	62963	50377	9223372036854775807	0.0129051947903	0.0103364172763	0.00256877751394
ANCG	6942	606211	604538	7558	5952	41.2335003338	0.0123140790754	0.0097495454471	0.00256453362825
ATCG	2469	219996	220739	2597	2031	16.2612011279	0.0116670335545	0.0091170265296	0.00255000702491
GAAG	7967	700199	703819	9090	7315	44.4114411971	0.0128156506022	0.0102863876569	0.00252926294533
GNAG	15139	1319542	1328090	16318	13018	85.7110769899	0.0122153519081	0.00970689907151	0.00250845283662
CGAG	637	55334	55199	646	504	4.37433438969	0.0115398356556	0.00904798664345	0.00249184901214
GGTG	2281	187448	190817	2113	1667	14.0263362975	0.0111468076239	0.00866046009019	0.00248634753374
CCNG	3560	295192	295105	3942	3193	17.8243391754	0.0131780406106	0.0107040610396	0.00247397957093
CTGA	3203	280526	280704	3063	2360	20.7202481342	0.0108008420637	0.0083373371393	0.00246350492439
CNGA	8641	762610	761452	7772	5885	56.742024317	0.0100885015486	0.0076693812497	0.00241912029888
TATG	22568	1908536	1919408	27845	23246	95.7755417391	0.0143799180017	0.0119661041029	0.00241381389873
CCAG	1292	106631	106684	1530	1268	6.0515987177	0.0141455792753	0.0117459611679	0.00239961810741
AGTG	3359	287764	290600	3296	2622	18.961055026	0.0113241256098	0.00894203027058	0.00238209533926
GNGA	11953	1025403	1028207	10688	8227	71.6462560792	0.0103156962082	0.00793779439887	0.00237790180928
ACNG	7370	629391	628340	8058	6518	35.530924059	0.0126410112809	0.010266862826	0.00237414845488
NACG	7582	651794	649654	8436	6849	35.4089488609	0.0127773654636	0.0104325494324	0.00234481603118
GNTG	16205	1416288	1421662	15356	12034	90.7340671956	0.0107261302391	0.00839369015468	0.0023324400844
AGAG	4010	342984	343679	4537	3735	18.041500744	0.013055326153	0.0107508620839	0.0023044640691
TCNG	8641	758440	762752	8907	7166	43.8691007272	0.0116075256696	0.00930748469318	0.00230004097644
TGAG	3478	299971	300895	3684	2988	17.0474359863	0.0121321894914	0.00983273167634	0.00229945781503
NCGA	7347	648728	646677	6992	5476	39.7933162438	0.0106630879034	0.0083968025908	0.00226628531257
NCCG	2142	180634	180516	2177	1759	10.3574716641	0.0119084737789	0.00965025373748	0.00225822004145
NCNG	22678	1947539	1951486	23771	19323	101.933795372	0.0120584788795	0.00980460308432	0.00225387579521
NGTG	13877	1149944	1161355	14246	11720	59.5292929622	0.0122368341937	0.00999083605055	0.00224599814318
CNAG	8239	709635	710037	9227	7600	35.1138066787	0.0128355651015	0.0105903123724	0.0022452527291
CATG	5630	496009	496872	5809	4696	26.847716003	0.0115759099913	0.00936263876483	0.00221327122644
TACG	2465	210308	209908	2757	2278	10.4714453332	0.0129397132331	0.0107358638176	0.00220384941546
TGTG	7256	592771	597943	7868	6600	27.3665152629	0.013099382491	0.0109173375591	0.00218204493187
ACAG	3467	300624	301194	3911	3259	13.9422675883	0.0128425304152	0.0107044437072	0.00213808670798
GATG	7563	683519	680558	6561	5068	41.0649554818	0.00950759332251	0.00739178502566	0.00211580829686
NGAG	10323	886139	888200	10882	8987	40.9522505789	0.0121312656002	0.0100168638199	0.00211440178033
NNGA	105149	9284471	9283712	89703	70023	9223372036854775807	0.00956916310706	0.00748610047216	0.0020830626349
GACG	1044	90471	90040	1008	812	5.05896049461	0.0110189223756	0.00893761282085	0.00208130955478
TCAG	3203	279701	280762	3241	2667	13.3959650913	0.0114546444148	0.00940976399733	0.00204488041742
TAAG	9978	856831	858067	12431	10664	30.6491351306	0.014300636632	0.0122753763823	0.00202526024966
CNTG	12718	1102587	1105104	13123	10866	47.9525659359	0.0117620170116	0.00973682088228	0.00202519612931
NTGA	42327	3774783	3774656	36772	29004	198.957162181	0.00964750607036	0.00762528722336	0.002022218847
GAGA	4467	389855	389561	3486	2698	22.5491181427	0.00886253912	0.00687810859662	0.00198443052338
CTTG	4414	383023	384630	4611	3866	15.7206769973	0.0118952413875	0.00995119640871	0.00194404497878
CAAG	4414	383418	383295	4947	4193	14.2578490533	0.0127380170716	0.0108209802626	0.00191703680895
NCAG	9197	793491	794423	9757	8217	29.8448147646	0.0121469334502	0.010237466361	0.00190946708918
GTGA	4492	386751	388945	4046	3323	17.1461965529	0.0103532012784	0.00847124924796	0.00188195203045
CCTG	1693	141594	141607	1734	1473	5.30723921056	0.0120981245814	0.0102949398938	0.00180318468761
CAGA	3769	337684	336866	2965	2342	16.4120815701	0.00870397388514	0.00690431829438	0.00179965559076
TTNA	124184	10610736	10662709	113201	94333	9223372036854775807	0.0105559180364	0.00876941820995	0.00178649982649
CNCG	2083	174112	174149	2256	1938	5.95752952971	0.0127914360882	0.0110059232084	0.00178551287977
TTTA	55515	4645061	4683142	55513	47445	151.788131856	0.0118098342883	0.0100294107264	0.00178042356192
ACTG	2319	195577	194536	2267	1910	6.95382545209	0.0114585228766	0.00972277368844	0.00173574918817
TAGA	9447	843153	845739	7444	5996	35.7246383593	0.00875150041677	0.00703974827851	0.00171175213825
NCTG	9197	793824	795696	9100	7744	25.2362854703	0.0113335757805	0.00963855421687	0.00169502156365
TCTG	3769	335377	337227	3831	3270	11.1048183792	0.0112939553312	0.00960360884237	0.00169034648887
GCNG	3107	264516	265289	2864	2446	8.17769089112	0.0107113471464	0.00913589930342	0.00157544784297
TTAA	38010	3250787	3254442	29811	24816	100.954730332	0.0090870627855	0.00756756558953	0.00151949719597
NAGA	38451	3391340	3385051	28880	23731	107.936563442	0.00844390126951	0.00696172415837	0.00148217711114
GGNT	12253	1025976	1035370	10075	8606	28.9427840285	0.00972442476287	0.00824348452455	0.00148094023833
ACGA	3332	294375	292044	3018	2554	8.38165464263	0.0101481877516	0.00866944106885	0.00147874668271
TTTC	22928	1975337	1989005	28544	25810	34.8075114129	0.0142443588217	0.0128101091167	0.00143424970499
GGAG	2198	187850	188427	2015	1760	4.58715829771	0.0106128038343	0.00925404996135	0.00135875387295
ANGA	54392	4815158	4798577	42700	36014	118.831777078	0.00878988228968	0.00744923407171	0.00134064821797
AAGA	20768	1820648	1812885	14985	12695	39.9382789055	0.00816339649592	0.00695395435971	0.00120944213621
ATGA	22691	2048025	2038808	17621	15428	30.3891041673	0.0085305032905	0.00751033474245	0.00102016854804
TTTN	216980	17362532	17600432	175460	159879	206.225391394	0.0100045660872	0.0090020383089	0.00100252777825
TTCA	18718	1655407	1658926	15835	14179	21.4910188199	0.00947498925948	0.00847466237923	0.00100032688026
TTNN	435764	36235342	36568802	340634	312900	9223372036854775807	0.00931305291758	0.00848388179049	0.000829171127088
AGNT	26417	2317045	2323685	23343	21475	18.9567256722	0.00997398721921	0.00915715772058	0.000816829498631
TGAA	18718	1659505	1658161	14051	12677	15.9773281416	0.00839589472955	0.00758721072899	0.000808684000558
GGNN	38287	3228458	3244258	31187	28668	26.6494987748	0.00956760628841	0.00875913479254	0.000808471495878
NGNT	91044	7946039	7978535	72069	66818	48.7276311461	0.00898828002816	0.0083051669703	0.000683113057857
TNAA	124184	10675111	10641443	89828	82289	67.4177291037	0.00834449688939	0.00767354126343	0.000670955625959
TTNC	45943	3957740	3967006	50186	47603	16.9839173318	0.0125216882747	0.0118574436514	0.00066424462326
NTTA	128870	11013088	11071343	109902	102994	57.6573073919	0.00988061663276	0.0092170121592	0.000663604473558
NTNA	342394	29651848	29656671	271693	253218	142.098712884	0.00907957383787	0.00846602941255	0.000613544425323
TNNA	413368	34418304	34435875	312464	291512	160.281965954	0.00899674893455	0.00839429698526	0.000602451949289
TCAA	11941	1066356	1064427	8511	7873	5.89106929541	0.00791818894803	0.00734216170848	0.000576027239551
NTTC	50929	4441949	4455294	54978	52843	11.4356424514	0.0122256821158	0.0117216934623	0.000503988653521
TGNT	45432	3996066	4011199	33547	31792	12.5899583753	0.008325117077	0.00786348522666	0.000461631850344
TNTA	210569	16854586	16905165	158690	151518	41.6773950537	0.00932742171467	0.00888320431352	0.000444217401142
TGNN	117372	10169555	10199767	95800	91600	24.1275851802	0.0093323611312	0.00890066402257	0.000431697108629
AAAA	120201	9328551	9189017	76541	71369	25.0907753868	0.00813825106655	0.00770691416103	0.00043133690552
NTTN	435764	36252561	36565543	331269	320931	58.2881557039	0.00905506613168	0.00870050631568	0.000354559816001
NTAA	128870	11090932	11032448	92182	88098	16.5707654408	0.00824296345365	0.00792209303392	0.000320870419729
TNTN	541934	44161560	44496026	404659	393389	56.2905143496	0.00907994909777	0.00876351362565	0.000316435472117
TNTC	46681	4085814	4103347	49727	48667	4.24159540775	0.0120243034708	0.011721299591	0.000303003879822
AGNN	85181	7404238	7407579	68797	66758	7.65098401241	0.00920603208736	0.008931628317	0.000274403770365
GTNN	91841	7838946	7885416	71514	69833	7.55583054856	0.00904043506952	0.00877822931752	0.000262205751992
NGAA	50929	4474632	4464979	35720	34486	4.86656882986	0.00791955927165	0.00766446677549	0.000255092496154
TATA	127040	9798272	9807657	82451	80254	7.70396434631	0.00834463227033	0.00811637564294	0.000228256627387
NAAA	216980	17625380	17429317	140611	135262	12.2718832316	0.00791461619	0.0077008392857	0.000213776904299
NNAA	435764	36605542	36318504	295114	285052	23.5708147144	0.00799752719843	0.00778754938455	0.000209977813886
TATN	237513	19252160	19321811	167507	164184	10.916971745	0.00862563709254	0.00842574372004	0.0001998933725
ATNN	471038	39671422	39666746	343904	338898	8.65832720414	0.00859430709124	0.00847125470596	0.000123052385277
