#Sequence	Occurrence	Forward Match	Backward Match	Forward Mismatch	Backward Mismatch	Strand Bias Score	FER (Forward Error Rate)	RER (Reverse Error Rate), ERD (Error rate Difference)
GAAA	1694	8014	8377	130	70	5.08213822812	0.0159626719057	0.00828696578667	0.00767570611903
GANA	5382	25544	26329	299	173	8.85242968167	0.0115698641799	0.00652780922195	0.00504205495791
GAAN	6154	29168	29670	359	214	9.21944300027	0.0121583635317	0.0071610226208	0.00499734091088
GAGN	5282	24903	25295	267	153	7.79457553237	0.0106078665077	0.0060122602955	0.00459560621224
CAGN	6907	32379	31792	378	240	6.83729285657	0.0115395182709	0.00749250749251	0.0040470107784
NAGG	5044	23297	23372	248	163	4.49209174411	0.010533021873	0.00692585510941	0.0036071667636
GNAA	5857	28177	28661	330	233	4.62511493074	0.0115761041148	0.00806395791514	0.00351214619964
NAAA	6382	30891	32145	277	194	4.56370950105	0.00888732032854	0.00599894863787	0.00288837169067
GANN	21945	103071	104643	1083	798	11.1178646467	0.0103980644046	0.00756821350329	0.00282985090135
NAGN	20612	97459	97751	821	552	12.4199778913	0.00835368335368	0.0056152914967	0.00273839185698
NNAA	22019	106416	108756	960	707	10.3589066048	0.00894054537327	0.0064588034313	0.00248174194197
GNAN	20624	97612	98154	919	713	6.61823093897	0.00932701383321	0.00721170865911	0.0021153051741
NANA	19097	92236	94138	726	555	6.4634227174	0.00780964264968	0.00586104569504	0.00194859695465
CANN	23818	113094	111957	987	758	6.76301818481	0.00865174744261	0.00672492569756	0.00192682174505
NGAN	21946	103308	104848	989	808	5.25013060407	0.00948253545164	0.00764745968047	0.00183507577117
GNNA	21323	100985	102055	976	799	4.92607525543	0.00957228744324	0.00776829292006	0.00180399452318
NAAN	22019	106347	108563	867	692	5.79220212075	0.00808663047736	0.00633380623312	0.00175282424424
NNAG	20613	97351	97542	850	686	4.53686588546	0.0086557163369	0.00698375208698	0.00167196424992
NCNA	21018	98292	98406	653	503	4.94359340173	0.00659962605488	0.00508548261533	0.00151414343955
NGCG	38793	116647	117361	372	272	4.14894063267	0.00317897093634	0.00231227631702	0.000866694619324
