#Sequence	Occurrence	Forward Match	Backward Match	Forward Mismatch	Backward Mismatch	Strand Bias Score	FER (Forward Error Rate)	RER (Reverse Error Rate), ERD (Error rate Difference)
ACGTTATC	29	403	288	37	1	6.85925855505	0.0840909090909	0.00346020761246	0.0806307014785
ACCTANCC	33	240	532	20	3	7.13605690688	0.0769230769231	0.00560747663551	0.0713156002876
TTCGGCGN	5	233	541	16	0	8.17022110921	0.0642570281124	0.0	0.0642570281124
TTCGGCGT	4	233	541	16	0	8.17022110921	0.0642570281124	0.0	0.0642570281124
ACGNTATC	65	655	567	45	1	10.3432553437	0.0642857142857	0.00176056338028	0.0625251509054
NTCGGCGT	6	236	556	16	1	7.16339274534	0.0634920634921	0.00179533213645	0.0616967313556
CCANGACC	19	342	478	22	1	7.0441509095	0.0604395604396	0.00208768267223	0.0583518777673
NNCGGCGT	16	468	803	29	1	11.0586988852	0.0583501006036	0.00124378109453	0.0571063195091
TNCGGCGT	11	347	588	18	0	7.61727373073	0.0493150684932	0.0	0.0493150684932
CCNANCCC	58	731	1163	50	19	7.57600720547	0.0640204865557	0.0160744500846	0.0479460364711
CAGTACAC	13	634	867	33	3	8.71459078563	0.0494752623688	0.00344827586207	0.0460269865067
CNGTACAC	34	707	1010	36	5	8.87551530349	0.0484522207268	0.00492610837438	0.0435261123524
GGTANTTA	220	1372	1113	82	17	7.7041547328	0.0563961485557	0.0150442477876	0.0413519007681
CCNNACCC	72	805	1314	42	12	8.23320189414	0.0495867768595	0.00904977375566	0.0405370031038
CCTCCACC	22	518	1501	27	14	6.96920275722	0.0495412844037	0.00924092409241	0.0403003603113
ANGNCGGC	25	1709	1147	88	12	8.74262234814	0.0489705063996	0.0103537532355	0.038616753164
GGGGTAAN	58	763	544	30	0	6.84411686153	0.0378310214376	0.0	0.0378310214376
CAGNACAC	36	905	1159	42	8	8.02516170721	0.0443505807814	0.00685518423308	0.0374953965483
TTNTGGTC	140	1416	1647	68	15	10.1392115738	0.0458221024259	0.00902527075812	0.0367968316678
NCGGNGTC	23	722	1373	34	12	6.92176006141	0.0449735449735	0.0086642599278	0.0363092850457
GTTACANC	109	1397	1687	67	20	8.32444638924	0.0457650273224	0.0117164616286	0.0340485656938
CACNNCGG	23	1009	1311	42	8	8.12213341578	0.0399619410086	0.00606520090978	0.0338967400988
TCATCAAC	101	1328	1489	56	11	8.87036449936	0.0404624277457	0.00733333333333	0.0331290944123
CAGTANAC	53	1125	1399	48	12	7.34145334855	0.0409207161125	0.00850460666194	0.0324161094506
ACGTNATC	62	1258	1143	52	9	6.82530360439	0.0396946564885	0.0078125	0.0318821564885
ACTNCGNC	66	1312	1672	63	24	6.8290306951	0.0458181818182	0.0141509433962	0.031667238422
NCTCCACC	48	806	1892	34	17	7.02118435933	0.0404761904762	0.00890518596124	0.031571004515
NNCATGGC	83	1439	1447	62	15	7.29934838002	0.0413057961359	0.0102599179207	0.0310458782153
NAGTACAC	114	2244	2425	88	21	11.3391527413	0.0377358490566	0.00858544562551	0.0291504034311
CAGTNCAC	52	3098	3926	118	32	16.8602574069	0.0366915422886	0.00808489135927	0.0286066509293
CGNNGAAA	320	3282	2928	156	50	10.4797620433	0.0453752181501	0.0167897918066	0.0285854263435
TTCGATNT	260	2159	2350	99	37	8.08639720017	0.0438441098317	0.0155006284039	0.0283434814279
ANGTTATC	267	1972	1916	81	22	7.98310759771	0.0394544568924	0.0113519091847	0.0281025477076
TTTNTAGC	278	1571	1645	59	15	7.01378638457	0.0361963190184	0.00903614457831	0.0271601744401
CAGNNCAC	89	3577	4378	129	38	16.2574211145	0.0348084187804	0.00860507246377	0.0262033463166
GTACTCTT	43	1236	1686	40	10	6.92596273344	0.0313479623824	0.00589622641509	0.0254517359674
TCGACNNC	83	1222	1820	38	9	7.5668647066	0.0301587301587	0.00492072170585	0.0252380084529
TNTCCATC	295	2544	2650	88	22	10.2929318315	0.0334346504559	0.00823353293413	0.0252011175218
CGACNGAT	27	1661	1386	53	8	6.83947087308	0.0309218203034	0.00573888091822	0.0251829393852
NCATCAAC	192	2505	2677	87	23	9.99541237908	0.0335648148148	0.00851851851852	0.0250462962963
CNGNACAC	91	1618	1744	55	14	6.86857415287	0.0328750747161	0.00796359499431	0.0249114797218
GNCGTCAN	85	1875	2512	65	22	8.60359805601	0.0335051546392	0.008681925809	0.0248232288302
NCNGATCC	161	3483	4168	118	34	14.8369363261	0.032768675368	0.00809138505474	0.0246772903132
NCTGATCC	89	2085	2722	70	22	9.4144526036	0.0324825986079	0.00801749271137	0.0244651058965
CNGTNCAC	111	3751	4481	127	38	15.1618372604	0.032748839608	0.00840894003098	0.0243398995771
CAGTACNC	62	3700	4605	135	51	13.6345744077	0.0352020860495	0.0109536082474	0.0242484778021
CAGTTCAC	35	2458	3043	85	29	9.68827016901	0.0334250884782	0.00944010416667	0.0239849843115
CAGNTCAC	38	2468	3055	85	29	9.68744405236	0.0332941637289	0.00940337224384	0.0238907914851
ACGNTNTC	193	2249	2576	75	22	8.80859860101	0.0322719449225	0.00846805234796	0.0238038925746
AGNCTACA	74	2237	2839	71	20	10.1248362527	0.0307625649913	0.00699545295558	0.0237671120358
CNGTACNC	99	3909	4925	140	55	13.7771682588	0.0345764386268	0.0110441767068	0.02353226192
AGCNGTNC	98	3175	2570	115	30	8.56270579926	0.0349544072948	0.0115384615385	0.0234159457564
ACTAAGGT	62	1599	1758	45	7	8.04295175794	0.0273722627737	0.00396600566572	0.023406257108
GTACTCNT	111	2188	2450	72	21	8.26019799445	0.0318584070796	0.00849858356941	0.0233598235102
CAGTNCNC	122	6363	7820	223	83	21.4294252279	0.033859702399	0.0105023408832	0.0233573615158
CAGTNNAC	160	4545	5496	153	54	15.3237288016	0.0325670498084	0.00972972972973	0.0228373200787
ACNGATCC	89	2225	2617	68	18	9.24581991615	0.0296554731792	0.00683111954459	0.0228243536346
CAGTTCNC	45	2551	3123	86	31	9.12239462505	0.0326128175958	0.00982878883957	0.0227840287562
TGGNAATT	347	2627	2470	98	33	6.9707071009	0.0359633027523	0.0131841789852	0.0227791237671
NGACTACA	66	2384	2776	74	21	9.2795889534	0.0301057770545	0.00750804433321	0.0225977327213
TTGNCAGN	183	2836	2765	106	38	7.40072895208	0.0360299116247	0.0135569033179	0.0224730083069
ACNGANCC	142	2683	3219	79	20	11.2278762406	0.0286024619841	0.00617474529176	0.0224277166923
AGGTNNTC	224	2645	2889	97	38	7.60668039854	0.0353756382203	0.0129825760164	0.0223930622039
CTNCAATC	100	4356	3799	175	63	9.28800387966	0.0386228205694	0.0163127912998	0.0223100292696
TCANCAAC	234	3379	4000	104	31	12.5017748634	0.029859316681	0.00769039940461	0.0221689172764
AGACTACA	35	1871	2368	58	19	7.34869385185	0.0300673924313	0.00795978215333	0.022107610278
CCTCCANC	57	1552	2512	48	20	6.98735888669	0.03	0.00789889415482	0.0221011058452
NAAGCNCC	113	2180	2498	72	25	7.29250027962	0.0319715808171	0.00990883868411	0.0220627421329
AGACTNCA	76	3127	3903	103	39	10.5078873513	0.0318885448916	0.00989345509893	0.0219950897927
TCNTCAAC	267	4058	4546	122	34	14.3558000951	0.0291866028708	0.00742358078603	0.0217630220848
CANTTCAC	111	3051	3736	96	33	10.6638924533	0.0305052430887	0.00875563810029	0.0217496049884
NAGTTCAC	88	2831	3417	93	35	9.10340737334	0.031805745554	0.0101390498262	0.0216666957278
CAGTTCAN	117	2918	3570	97	38	9.34310985987	0.0321724709784	0.0105321507761	0.0216403202024
NCANGACC	114	1993	2078	59	15	6.98956396694	0.0287524366472	0.00716674629718	0.02158569035
NAGTNCAC	274	6193	7078	206	76	17.5630834785	0.0321925300828	0.0106234274532	0.0215691026297
NCAACCNC	107	1953	2621	60	22	7.2936999407	0.0298062593145	0.00832387438517	0.0214823849293
TACAGCTA	79	3739	4630	136	64	10.1176442716	0.0350967741935	0.013634426928	0.0214623472656
GCAGCANC	45	2454	2288	75	19	7.52943058744	0.0296559905101	0.00823580407456	0.0214201864355
CGACNGNT	66	2785	2682	88	25	8.03596257568	0.0306300034807	0.0092353158478	0.0213946876329
GACAGTNC	49	2419	2942	86	39	6.82442746371	0.0343313373253	0.0130828581013	0.021248479224
ACAGCTAC	66	3469	4517	121	57	9.97742427782	0.033704735376	0.0124617402711	0.0212429951049
CNGTTCAC	56	2739	3300	88	33	8.75319840832	0.0311284046693	0.00990099009901	0.0212274145703
TANCCNTC	370	3334	4055	110	44	10.1159943824	0.0319396051103	0.0107343254452	0.0212052796651
CNGNTCAC	74	2797	3374	90	34	8.8378488021	0.0311742293038	0.0099765258216	0.0211977034822
CTACNATC	112	4521	4249	173	68	9.48311842021	0.0368555602897	0.015751679407	0.0211038808827
NAGNACAC	329	3966	4284	127	44	11.1899518715	0.0310285853897	0.0101663585952	0.0208622267945
CANTTCNC	313	4711	5581	146	52	14.018265824	0.0300597076385	0.00923131546245	0.020828392176
CAGTANNC	186	5556	6692	189	83	14.3297083486	0.0328981723238	0.0122509225092	0.0206472498145
ACACTCTA	38	2266	2870	70	27	7.39438805097	0.0299657534247	0.00931998619261	0.020645767232
NGCNGTAC	89	3329	2843	114	36	7.35281687631	0.0331106593087	0.0125043417853	0.0206063175234
NGNCTACA	203	3464	3900	108	38	10.1129317023	0.030235162374	0.00964956830879	0.0205855940652
NAGTACNC	241	5884	6672	197	80	14.6832656154	0.0323959875021	0.0118483412322	0.0205476462698
CCCAAANN	404	3963	4317	151	71	8.50490134128	0.0367039377735	0.0161804922516	0.0205234455219
ACAGNTAC	152	4158	5166	139	62	11.1362211936	0.032348149872	0.0118592195868	0.0204889302852
NCTAAGGT	98	1949	2091	53	13	6.83145191326	0.0264735264735	0.00617870722433	0.0202948192492
AGACTANA	103	2158	2557	64	22	6.85181093442	0.028802880288	0.00853043815432	0.0202724421337
CCTTCTTC	130	2314	2795	72	28	6.89864017713	0.0301760268231	0.00991852639036	0.0202575004328
CAGTTNAC	63	2972	3532	93	36	8.51003674492	0.0303425774878	0.0100896860987	0.0202528913891
CTANAATC	150	4562	3943	175	67	8.22856454131	0.036943213004	0.0167082294264	0.0202349835776
TTATCATC	638	3725	4484	115	44	10.8172968679	0.0299479166667	0.00971731448763	0.020230602179
ACTANGGT	94	2177	2390	60	16	7.39508241733	0.0268216361198	0.00665004156276	0.020171594557
NNCCCAAA	404	3977	4338	164	86	7.44687151296	0.039603960396	0.0194394213382	0.0201645390579
AGACTACN	68	2875	3773	90	39	8.58953505661	0.0303541315346	0.0102308499475	0.020123281587
CAGNTCNC	76	3793	4026	125	48	9.38482513913	0.0319040326697	0.0117820324006	0.0201220002691
NCTGANCC	251	2847	3441	84	30	8.7988544853	0.028659160696	0.00864304235091	0.0200161183451
CAGNACNC	115	4483	5401	151	69	10.9368270431	0.0325852395339	0.0126142595978	0.0199709799361
GCANCAGC	55	2401	2386	61	12	8.34031978417	0.0247766043867	0.00500417014178	0.0197724342449
CAGTACCC	41	2938	3617	99	47	7.341037134	0.0325979585117	0.012827510917	0.0197704475947
TACAGCTN	144	4604	5668	157	76	10.9029545278	0.0329762654904	0.0132311977716	0.0197450677189
ACNGCTAC	91	4459	5179	147	64	10.5928246324	0.031914893617	0.0122067518596	0.0197081417574
CGANNAAA	982	6577	6060	263	116	10.420684056	0.0384502923977	0.0187823834197	0.019667908978
ACNTAAGT	240	3690	3945	148	76	6.84081367647	0.0385617509119	0.0189007709525	0.0196609799594
GNTNAGTC	118	2130	2462	58	17	7.15413444655	0.026508226691	0.00685760387253	0.0196506228185
ACAGCNAC	93	3849	4740	127	59	9.68180353044	0.0319416498994	0.0122942279642	0.0196474219352
GNGCAGTN	87	3054	2850	98	33	6.94132522805	0.0310913705584	0.0114464099896	0.0196449605688
TNATCAAC	381	3585	4038	118	50	8.58835186417	0.0318660545504	0.0122309197652	0.0196351347852
GNCAGTTC	51	2730	3371	89	41	7.03918246074	0.031571479248	0.0120164126612	0.0195550665868
TCATCNAC	247	2873	3371	90	37	7.61017044422	0.0303746203172	0.0108568075117	0.0195178128055
CAGTNCCC	50	3044	3674	101	47	7.44100525532	0.0321144674086	0.0126310131685	0.0194834542401
NCCCAAAN	404	3991	4341	151	75	7.64641283617	0.0364558184452	0.0169836956522	0.019472122793
NNGTACAC	421	3970	4256	121	44	9.86710797363	0.0295771205084	0.0102325581395	0.0193445623689
AGNCTACN	139	3659	4577	112	48	9.78454782413	0.0297003447361	0.0103783783784	0.0193219663578
CNGTACCC	45	2993	3714	100	49	7.19957859146	0.0323310701584	0.0130215253787	0.0193095447797
AGCTGNNC	124	4020	3427	134	45	7.72357062188	0.0322580645161	0.0129608294931	0.019297235023
CANTNCAC	287	5353	6338	162	65	13.4877282834	0.0293744333636	0.0101514914884	0.0192229418752
GATNNCTC	234	3194	2976	97	31	7.32650838652	0.0294743239137	0.0103092783505	0.0191650455632
NACAGCTA	153	4736	5641	164	82	10.0206258569	0.0334693877551	0.0143281495719	0.0191412381832
TCANTAGC	121	2247	2514	54	11	8.38006589286	0.0234680573664	0.00435643564356	0.0191116217228
CAGTNCAN	247	5229	6191	173	81	11.5710843629	0.0320251758608	0.0129145408163	0.0191106350445
NCTGATCN	247	4350	4794	127	45	11.338020126	0.0283672101854	0.00929944203348	0.0190677681519
NAGTTCNC	198	3782	4245	116	46	9.31629116853	0.0297588506927	0.010720111862	0.0190387388306
GACNNTTC	301	4682	5046	163	75	9.09091479906	0.0336429308566	0.0146455770357	0.0189973538208
GNCAGTNC	91	4141	4981	130	58	10.0057922979	0.0304378365722	0.0115102202818	0.0189276162904
CNNCAATC	210	5647	5009	205	82	9.02529858697	0.035030758715	0.0161068552347	0.0189239034802
TACNGCTA	118	4283	5221	148	77	8.96980133647	0.0334010381404	0.0145337863345	0.0188672518059
TCNNGCTC	120	1910	1861	43	6	7.18364536079	0.0220174091142	0.00321371183717	0.018803697277
GNNCAGTC	88	3397	3525	103	38	7.93497691929	0.0294285714286	0.0106651698007	0.0187634016278
ACNGNTCC	173	3601	4255	103	39	9.63818591052	0.027807775378	0.00908244061481	0.0187253347632
CCNTCTTC	196	3207	3904	96	41	8.22547890538	0.0290644868302	0.0103929024081	0.018671584422
TACAGCNA	138	4585	5273	158	79	8.91494758466	0.033312249631	0.0147608370703	0.0185514125608
CNGTNCCC	77	3310	3979	110	55	7.09552731687	0.0321637426901	0.0136341100645	0.0185296326256
ACACTCNA	77	2639	3277	78	34	6.85550889743	0.0287081339713	0.0102688009665	0.0184393330048
AGNCTANA	302	3842	4083	110	39	9.14993544204	0.0278340080972	0.00946142649199	0.0183725816052
CTNCNATC	266	6447	6525	226	103	10.8264147287	0.0338678255657	0.0155401327701	0.0183276927956
NACNGCTA	237	6340	7048	210	99	11.9391853421	0.0320610687023	0.0138519658598	0.0182091028425
TTANCATC	868	6442	7286	189	76	14.2614671981	0.0285024883125	0.0103232817169	0.0181792065955
NATGCNTC	376	4237	4529	125	48	9.40683536687	0.0286565795507	0.0104872187022	0.0181693608485
ACCNTCNC	174	2796	3433	77	30	7.65382233302	0.0268012530456	0.00866300895178	0.0181382440938
ACTGATNC	137	3048	3755	84	33	8.25891166693	0.0268199233716	0.00871172122492	0.0181082021467
NCGTCGNC	65	2497	3098	66	24	7.11100756718	0.0257510729614	0.00768737988469	0.0180636930767
CCNACANC	169	3315	3627	96	37	7.71289519196	0.028144239226	0.0100982532751	0.0180459859509
ACNCTCTA	77	3461	4531	104	51	8.41867854132	0.0291725105189	0.011130510694	0.0180419998249
GGNGCANC	76	2430	2618	61	17	6.91586509398	0.0244881573665	0.00645161290323	0.0180365444633
ACAGNNAC	319	5861	6527	184	82	11.5933407646	0.0304383788255	0.012407323347	0.0180310554785
ANAGCTAC	149	4771	5958	148	73	10.3508664659	0.0300874161415	0.0121041286685	0.0179832874729
GTTACNNC	242	3910	4096	130	59	7.26381897726	0.0321782178218	0.0141997593261	0.0179784584957
GATNCTTC	305	5738	6388	172	72	11.9346953302	0.02910321489	0.0111455108359	0.0179577040541
CAGTANCC	72	3660	4476	116	58	7.72109540781	0.0307203389831	0.0127922364358	0.0179281025472
GACAGNNC	92	3740	4034	121	55	7.19572654919	0.031339031339	0.0134507214478	0.0178883098912
GCNGCANC	91	4460	4276	118	34	10.4484080725	0.0257754477938	0.00788863109049	0.0178868167033
GANCCTTC	148	3289	3777	95	39	7.67608868421	0.028073286052	0.0102201257862	0.0178531602658
GACNNATC	241	4194	3851	119	38	8.69002048872	0.0275910039416	0.00977114939573	0.0178198545458
TNCGATNT	569	5010	5236	190	100	7.4773949801	0.0365384615385	0.0187406296852	0.0177978318533
ACAGCTNC	110	4482	5464	142	72	9.02638791155	0.0307093425606	0.0130057803468	0.0177035622137
GACAGNTN	185	4449	4262	146	61	7.55106699549	0.0317736670294	0.0141105713625	0.0176630956669
CNAATNTC	513	4674	5158	146	66	8.9222802019	0.0302904564315	0.0126339969372	0.0176564594943
ANATAGGT	441	5908	5609	188	75	9.85109503078	0.0308398950131	0.0131949331457	0.0176449618675
AGNCTNCA	225	5157	5842	152	65	10.6751465347	0.0286306272368	0.0110038936855	0.0176267335513
AGCTNTNC	286	5270	4825	176	72	8.13289694553	0.0323172970988	0.0147028793139	0.0176144177849
CNGTTCNC	111	3259	3806	93	39	7.55905033026	0.0277446300716	0.0101430429129	0.0176015871587
GATNANTC	757	6574	6931	202	86	12.0586514743	0.0298110979929	0.0122559498361	0.0175551481568
TNATAATC	1083	5376	5657	163	68	10.1056560728	0.0294276945297	0.0118777292576	0.0175499652721
ACAGCTAN	153	4744	5660	149	74	9.3093992578	0.0304516656448	0.0129054761074	0.0175461895374
TNNTGACC	264	3701	4050	102	38	8.49103469091	0.0268209308441	0.00929549902153	0.0175254318225
NCNTCAAC	473	6811	7990	184	71	15.745285404	0.0263045032166	0.00880784021834	0.0174966629982
ACNNATCC	359	4956	5489	141	57	10.267019881	0.0276633313714	0.0102776776055	0.0173856537659
GACNGNTC	111	5107	5021	165	71	8.32119317436	0.0312974203338	0.0139434406913	0.0173539796426
GATCCTNC	134	3130	3741	88	38	7.2110629879	0.0273461777502	0.0100555702567	0.0172906074935
CANNTCAC	248	4658	5432	129	53	10.2382272837	0.0269479841237	0.00966271649954	0.0172852676241
NGNTTGTC	236	3163	3484	78	24	8.30195407352	0.0240666460969	0.00684150513113	0.0172251409658
CGACANNT	209	3528	3513	95	32	7.59138529805	0.0262213635109	0.00902679830748	0.0171945652034
NGACTNCA	164	4482	5145	137	65	8.49723143757	0.0296600995887	0.0124760076775	0.0171840919111
GANCCTNC	228	4624	5524	131	58	9.85534159958	0.0275499474238	0.0103905410247	0.017159406399
ANAGCNAC	302	6371	7541	189	89	12.4995466719	0.0288109756098	0.0116644823067	0.0171464933031
ACNAAGGT	161	3299	3073	82	22	7.6109125156	0.0242531795327	0.00710823909532	0.0171449404374
GATCNTTC	215	3655	4307	112	55	7.18424808728	0.0297318821343	0.0126088950023	0.017122987132
AGACTANN	251	3777	4618	113	56	7.72128346392	0.0290488431877	0.0119811724433	0.0170676707444
AGACNACN	222	4951	6086	138	62	10.7581134144	0.0271173118491	0.0100845803513	0.0170327314978
ACNGATNC	314	5591	6356	152	61	11.7422976183	0.0264670033084	0.00950599968833	0.01696100362
TCNTACAG	114	3665	4675	94	38	9.3517645023	0.025006650705	0.00806280500743	0.0169438456975
NTATCATC	1177	7030	8331	216	109	12.7019501868	0.0298095500966	0.0129146919431	0.0168948581535
ACNGCTAN	237	6563	7145	200	92	11.3350517172	0.0295726748484	0.0127124499102	0.0168602249383
CNANTTTC	837	7614	9290	245	135	13.0983233663	0.0311744496755	0.0143236074271	0.0168508422485
AGACTNNA	285	4457	5062	131	60	8.41879974785	0.0285527462947	0.0117141741507	0.016838572144
CCACNTNC	171	2848	3732	74	32	7.26730582498	0.025325119781	0.00850159404888	0.0168235257321
CNACTTNC	280	3833	5003	106	51	8.60099624763	0.026910383346	0.0100910170162	0.0168193663298
GATCNNTC	353	6581	7881	198	99	12.1730990148	0.0292078477652	0.0124060150376	0.0168018327276
CNANAATC	473	7591	7193	242	103	11.1415017101	0.0308949316992	0.0141173245614	0.0167776071378
ACANCTAC	178	4549	5691	142	78	8.35821494707	0.0302707311874	0.0135205408216	0.0167501903657
GACANNTC	335	5206	5519	155	68	9.05969379446	0.0289125163216	0.0121711115089	0.0167414048127
CNGTANCC	109	3948	4798	125	68	7.1561520137	0.0306899091579	0.0139745170571	0.0167153921007
NCAGCNGC	102	4238	3793	109	32	8.45025501594	0.0250747642052	0.0083660130719	0.0167087511333
CCTTNTTC	426	4232	5112	130	68	7.72019504447	0.0298028427327	0.0131274131274	0.0166754296053
ACNGCNAC	142	6082	6451	183	82	10.2501416163	0.029209896249	0.012551660799	0.01665823545
TCNACAAC	196	3017	3649	75	28	7.66007270854	0.02425614489	0.0076149034539	0.0166412414361
ANGNTATC	714	5263	4965	168	72	7.71363107084	0.0309335297367	0.0142942227516	0.0166393069851
TNAGCANC	272	3857	4002	93	28	9.20501783498	0.0235443037975	0.00694789081886	0.0165964129786
TCNNCAAC	552	8477	9948	216	83	18.5042765725	0.0248475785114	0.0082743495165	0.0165732289949
GNTNCAAC	263	4104	4618	116	51	7.97584008432	0.0274881516588	0.0109231098736	0.0165650417851
CAGNTCAN	230	4242	4811	127	61	7.68844862482	0.0290684367132	0.0125205254516	0.0165479112616
NANCAGTC	129	3511	3634	98	39	6.80297004038	0.0271543363813	0.0106180234141	0.0165363129672
GNCAGTTN	141	3777	4383	108	50	7.3602997947	0.0277992277992	0.0112790435371	0.0165201842621
TCTTCTAC	190	3115	4108	86	43	6.90009434638	0.0268666041862	0.0103589496507	0.0165076545355
GNTACANC	354	4267	4600	129	60	7.42797452069	0.0293448589627	0.0128755364807	0.016469322482
ANGTNATC	642	6271	6124	178	69	10.444535629	0.0276011784773	0.0111416114969	0.0164595669804
TANTAATC	799	4184	3987	122	48	7.03593838373	0.0283325592197	0.0118959107807	0.016436648439
AANCNATC	566	4660	5067	151	77	7.18807192437	0.0313864061526	0.0149688958009	0.0164175103516
NCTGATNC	333	6143	6877	168	71	11.666589161	0.0266201869751	0.0102187679908	0.0164014189843
ACCTNNTC	405	4494	5993	132	74	8.75353076449	0.0285343709468	0.0121971320257	0.0163372389211
CANGNATC	267	2992	3183	73	24	6.97718936327	0.0238172920065	0.00748362956034	0.0163336624462
AGACTNCN	159	5081	6239	150	78	9.27852805051	0.0286752055056	0.0123476333703	0.0163275721354
TNNTGGTC	323	4642	5680	137	71	8.49759356592	0.0286670851643	0.0123456790123	0.0163214061519
GNCANTTC	287	5498	6270	160	76	9.68516590816	0.028278543655	0.0119760479042	0.0163024957508
ATATCNTC	868	4781	5734	154	87	7.69969414031	0.0312056737589	0.0149458855867	0.0162597881722
TNCAGCTA	157	5157	6299	173	104	7.91910388695	0.0324577861163	0.0162423863814	0.0162153997349
CCTTCNTC	225	3593	4621	100	51	7.32058657662	0.0270782561603	0.0109160958904	0.0161621602699
AATNAATC	901	4660	4774	148	71	6.97510791041	0.0307820299501	0.0146542827657	0.0161277471843
NNCTGTAC	284	5013	4866	163	76	6.86354862509	0.0314914992272	0.0153783893161	0.0161131099111
CNTTCTTC	485	4500	5583	130	68	8.22314351865	0.0280777537797	0.0120332684481	0.0160444853316
NCTTCTTC	1038	13491	16066	396	203	22.4139364064	0.0285158781594	0.0124777183601	0.0160381597994
GCNATNTT	773	5934	5896	213	112	7.21034672325	0.0346510492923	0.0186418109188	0.0160092383736
GATNCNTC	570	9180	9994	247	103	16.2242860686	0.0262013365864	0.0102010498168	0.0160002867696
NAGTANCC	265	5850	6811	166	80	10.2704855272	0.0275930851064	0.0116093455231	0.0159837395832
CTNNAATC	402	6806	6367	222	101	8.7281067523	0.0315879339784	0.0156153370439	0.0159725969345
AGCTNNAC	226	5348	4610	156	58	7.43313090094	0.0283430232558	0.0124250214225	0.0159180018334
TCTTCNAC	367	5705	6887	153	71	10.9230482519	0.0261181290543	0.0102040816327	0.0159140474216
GNNAGTTC	233	4363	5044	125	61	7.57435499141	0.0278520499109	0.0119490695397	0.0159029803712
GNCAGNTC	86	4109	4505	121	58	6.87585879995	0.0286052009456	0.0127109357879	0.0158942651578
ACNGCTNC	189	7022	7973	206	102	11.3477698896	0.0285002767017	0.0126315789474	0.0158686977543
CGANAAAN	945	6886	6515	231	110	8.47854499165	0.032457496136	0.0166037735849	0.0158537225511
CANTNCCC	182	4490	5343	140	78	7.10001776586	0.0302375809935	0.0143884892086	0.0158490917849
ACNNTATC	760	6852	7308	212	105	9.96769285486	0.0300113250283	0.014164305949	0.0158470190793
NCATCNAC	472	5499	6067	155	71	9.2565778488	0.0274142200212	0.0115672857608	0.0158469342604
GANNAGTC	199	4784	4853	132	54	8.13278788164	0.026851098454	0.0110046871816	0.0158464112725
NCNGCTGC	96	3593	4235	92	39	7.57237971838	0.0249660786974	0.00912494150679	0.0158411371906
AGACNNCA	218	5764	6582	166	81	9.61794844446	0.0279932546374	0.0121566861774	0.01583656846
ACNGNTAC	263	6666	7506	187	87	11.2946720233	0.0272873194222	0.0114579217701	0.0158293976521
CNACNATC	236	6410	6335	198	91	8.88262745847	0.0299636803874	0.0141612200436	0.0158024603438
NAAAGTAC	342	4922	4455	144	57	7.21875666956	0.0284247927359	0.0126329787234	0.0157918140125
GGNAAANC	460	5678	5023	168	66	7.71243678491	0.0287375983579	0.0129691491452	0.0157684492126
NNTATCTC	773	4489	5174	140	76	6.88599305314	0.0302441131994	0.0144761904762	0.0157679227232
NTNAGTTC	563	5202	5312	148	64	8.16107909662	0.0276635514019	0.0119047619048	0.0157587894971
GCANCNGC	105	4382	4545	98	28	10.1910192633	0.021875	0.00612289525476	0.0157521047452
TNAGCNTC	244	3581	3598	91	33	6.80906634225	0.0247821350763	0.00908840539796	0.0156937296783
TNAAATTC	791	4527	4674	136	64	6.87020319831	0.0291657731074	0.0135078092022	0.0156579639052
CNNTACCC	156	4160	5307	126	74	6.92907433645	0.0293980401307	0.0137520906895	0.0156459494412
TCTTCTTC	657	6639	7962	201	111	10.3587077615	0.0293859649123	0.0137495354887	0.0156364294236
NNAGCTGC	125	3603	3440	83	24	7.38292119273	0.0225176342919	0.00692840646651	0.0155892278254
CANTACNC	275	5945	7171	178	98	9.42717226502	0.0290707169688	0.0134819094786	0.0155888074902
ACAGNTNC	388	7949	8994	228	112	12.5752735952	0.0278830867066	0.0122995826927	0.0155835040139
AGNANCTC	203	3824	4593	106	53	6.91916885712	0.0269720101781	0.0114076625054	0.0155643476727
TNGNCGTC	89	2652	4198	62	31	7.10876322127	0.0228445099484	0.0073303381414	0.015514171807
ACNGATCN	230	5397	5455	135	49	9.4829155253	0.0244034707158	0.00890261627907	0.0155008544368
CTNCAANC	265	6701	6059	215	96	8.03091944422	0.0310873337189	0.0155970755483	0.0154902581706
GGNAANAC	456	6743	6052	200	82	8.71779956072	0.0288059916463	0.0133681121617	0.0154378794845
TGGNGNTC	158	3709	3842	87	29	7.72152512205	0.02291886196	0.00749160423663	0.0154272577233
TCNTCNAC	761	11011	13821	288	141	20.1148404356	0.0254889813258	0.0100988397078	0.015390141618
GCNNCAGC	102	4687	4564	105	30	9.78987696939	0.0219115191987	0.00653025685677	0.0153812623419
ANAGCTNC	376	8434	9463	242	120	12.8245659181	0.0278930382665	0.0125221746843	0.0153708635821
TCTTNTAC	526	5164	6465	149	83	8.55523726877	0.0280444193488	0.0126756261454	0.0153687932034
TTNGCNTC	335	4420	4773	110	43	8.4119866386	0.0242825607064	0.00892857142857	0.0153539892778
GNGNAGTC	105	6028	5186	167	61	8.12745729698	0.0269572235674	0.011625690871	0.0153315326964
NNTGATCC	428	5811	6740	158	76	9.75496929982	0.0264700954934	0.0111502347418	0.0153198607516
ANNGATAC	966	7176	6860	215	96	9.32334594256	0.0290894330943	0.0138010350776	0.0152883980167
NGTAANTC	584	6068	6515	171	80	9.20230708664	0.0274082384998	0.0121304018196	0.0152778366802
TTATCANC	950	6315	7315	178	90	9.99459472929	0.0274141383028	0.0121539500338	0.015260188269
ANGTTANC	572	5389	4765	157	63	6.96658558989	0.0283086909484	0.0130488815244	0.015259809424
ANGTTNTC	896	6569	6868	219	119	7.97691893851	0.0322628167354	0.0170316301703	0.0152311865651
CTCTNNTC	335	3834	4719	102	51	6.99072721558	0.0259146341463	0.0106918238994	0.015222810247
TTNATNGC	539	4717	5024	125	54	7.67560959596	0.0258157786039	0.0106341079165	0.0151816706874
ACNCNCTA	157	4507	5377	129	69	7.16159878591	0.0278257118205	0.0126698494308	0.0151558623898
TNCNGCTA	269	6878	8113	227	139	8.88203285813	0.0319493314567	0.0168444013572	0.0151049300995
NATTCATC	612	4258	4813	119	59	6.8945622812	0.0271875713959	0.0121100164204	0.0150775549756
NNCAGTTC	233	4601	5378	126	63	7.52052790156	0.0266553839645	0.0115787539055	0.0150766300589
NGACTACN	196	5292	5715	157	80	7.34917415148	0.0288126261699	0.0138050043141	0.0150076218559
CCNNCTTC	306	5135	6406	141	76	8.54952124991	0.0267247915087	0.0117247763036	0.0150000152051
NCCANTTC	428	4343	5091	118	59	7.1200864372	0.0264514682807	0.0114563106796	0.014995157601
AATANATC	1503	6022	6282	189	99	7.5135676004	0.0304298824666	0.015514809591	0.0149150728756
CNNTCTTC	692	6500	8050	184	103	10.0787017568	0.0275284260922	0.0126333864835	0.0148950396087
CAGNTNAC	162	4649	5143	128	62	7.08645886379	0.0267950596609	0.011911623439	0.0148834362219
AAANNCTC	676	5435	5280	151	65	7.45888683306	0.0270318653777	0.0121608980355	0.0148709673422
AGTNANTC	369	5253	5208	152	70	6.97230430279	0.0281221091582	0.0132625994695	0.0148595096887
TTCNTGGN	407	5677	5685	174	86	7.0431888973	0.0297385062382	0.0149020966903	0.0148364095479
AAAGCNNC	322	4808	4777	118	44	8.16132400814	0.0239545269996	0.00912673719145	0.0148277898081
CGAANAAN	1089	7045	6792	248	133	7.20037381821	0.0340052104758	0.0192057761733	0.0147994343025
CCTNCANC	253	4830	6752	132	81	8.35513021014	0.0266021765417	0.011854236792	0.0147479397497
NATCCNTC	592	7636	8857	211	109	11.3390695201	0.0268892570409	0.012157037698	0.0147322193429
GNAGCNGC	89	4377	4039	100	31	7.79680152612	0.0223363859727	0.00761670761671	0.014719678356
ANCTCNAC	246	6535	7599	219	137	7.80584177511	0.0324252294936	0.0177094105481	0.0147158189455
TTATCNTC	1112	6872	8051	200	111	9.61862527129	0.0282805429864	0.0135996079392	0.0146809350472
NATNAATC	2183	12065	12403	340	160	15.7262321492	0.0274083031036	0.01273581151	0.0146724915936
NAGNTCAC	170	4384	4806	116	54	7.00245035127	0.0257777777778	0.0111111111111	0.0146666666667
GTNTCNTC	548	4909	5443	125	56	7.92931998669	0.0248311481923	0.0101836697581	0.0146474784342
NNTGCTTC	487	6278	6328	172	77	8.59768073182	0.0266666666667	0.0120218579235	0.0146448087432
TCTNCTTC	842	8436	10145	244	139	11.7980401354	0.0281105990783	0.0135161415792	0.0145944574992
TNNTAATC	2027	11387	11394	322	149	14.3826674433	0.027500213511	0.0129082560859	0.014591957425
GATCNTNC	377	5840	6365	163	81	8.18391350889	0.0271530901216	0.0125659323612	0.0145871577605
TTNTCATC	1408	8385	9532	220	106	12.7308986885	0.0255665310866	0.0109981323926	0.014568398694
NNAGCTAC	290	7476	8716	213	116	10.4729397754	0.0277019118221	0.013134057971	0.0145678538511
NACNGATC	230	5543	5696	167	85	6.83836719861	0.0292469352014	0.0147033385227	0.0145435966787
TCNNACAG	226	5125	6000	124	55	8.97553761027	0.0236235473424	0.00908340214699	0.0145401451954
TCTTCTNC	982	11786	14853	338	201	16.701648002	0.0278785879248	0.0133519330411	0.0145266548837
NCANATCC	472	5823	5888	159	72	7.885010432	0.0265797392177	0.0120805369128	0.0144992023049
TCTTCANC	580	6166	6877	146	60	10.5584423921	0.0231305449937	0.00864927201961	0.0144812729741
GCAGNANC	135	4436	4159	108	39	6.9878412954	0.0237676056338	0.00929013816103	0.0144774674728
TCNTACNG	212	4862	5948	116	53	8.84838771757	0.023302531137	0.00883186135644	0.0144706697806
TNGTANTC	644	6099	5855	172	77	7.61380587149	0.0274278424494	0.0129804450438	0.0144473974055
TCNTCTAC	340	5123	6597	127	65	9.07621697532	0.0241904761905	0.00975682978085	0.0144336464096
GATNCTNC	476	8113	8655	215	100	11.3856027238	0.0258165225744	0.011422044546	0.0143944780285
ATANCNTC	1443	9258	10612	276	157	11.6683801002	0.0289490245437	0.0145788838332	0.0143701407105
TNNTCAAC	1016	9683	11019	271	144	12.9869607999	0.027225236086	0.0128997581295	0.0143254779565
NCANCAAC	744	9462	9776	267	130	11.8332032162	0.027443724946	0.0131233595801	0.014320365366
NTATCNTC	2318	14062	16451	419	244	17.4825706176	0.0289344658518	0.0146151542378	0.014319311614
ACAGCNNC	175	5661	6361	161	86	7.60052564431	0.0276537272415	0.0133395377695	0.014314189472
CNGTTCAN	373	5211	5911	147	79	7.06978194564	0.0274356103024	0.0131886477462	0.0142469625561
TTNNCATC	2138	16009	17500	407	187	22.765574415	0.0247928849903	0.0105727370385	0.0142201479518
GTACTNTT	405	6001	7218	172	100	8.13701579299	0.0278632755548	0.0136649357748	0.01419833978
CTACNNTC	313	9069	10650	305	199	9.8420995647	0.0325368039258	0.0183427043967	0.014194099529
ACTTCNTC	309	5097	5939	136	71	7.43670642835	0.0259889164915	0.0118136439268	0.0141752725647
ATGNNATC	792	6295	6122	155	61	8.89497054458	0.0240310077519	0.00986576095746	0.0141652467945
ANNGCTAC	302	7258	8054	205	109	9.31459631376	0.0274688463085	0.0133529339704	0.0141159123381
NCNGCAGC	117	5399	4979	133	50	7.3493926277	0.0240419378163	0.00994233446013	0.0140996033562
GANNCTTC	490	8198	9003	223	113	10.8093453476	0.0264814155088	0.0123957876262	0.0140856278827
AANTTTTC	1540	7897	8396	286	179	7.41640183684	0.034950507149	0.0208746355685	0.0140758715805
CCNTNTTC	847	8597	9979	244	137	11.0638180363	0.0275986879312	0.0135429023329	0.0140557855983
ANTGANTC	692	6472	6842	198	109	7.28993931624	0.0296851574213	0.0156811969501	0.0140039604712
AANTTCNC	871	6123	6434	178	93	7.30121770065	0.0282494842089	0.014248506205	0.0140009780039
TGNTNCAC	431	6014	6054	160	73	7.74254682533	0.0259151279559	0.0119144769055	0.0140006510504
GTTNCANC	315	5077	5424	121	51	7.79256253726	0.0232781839169	0.00931506849315	0.0139631154237
GCAGCNNC	88	4541	4693	112	48	6.81590132775	0.0240704921556	0.0101244463193	0.0139460458363
TGTTNCNC	411	5511	5942	157	83	6.79809498156	0.0276993648553	0.01377593361	0.0139234312454
ACANCNAC	667	9544	11121	283	168	11.3736073711	0.028798209016	0.0148817432899	0.013916465726
ANAGATNC	844	7624	7268	209	94	8.9020589577	0.0266819864675	0.012768269492	0.0139137169755
NCTTCTNC	1560	22180	27223	607	351	29.080013908	0.0266379953482	0.0127293827519	0.0139086125964
ATTTNATC	1087	5852	6408	167	90	7.21025415402	0.0277454726699	0.0138504155125	0.0138950571574
ACANANCC	403	5637	5652	142	61	7.62557157989	0.024571725212	0.0106774024155	0.0138943227964
ANNAGATC	616	6309	5962	181	85	6.95631822439	0.0278890600924	0.0140565569704	0.0138325031221
GNTNCTTC	694	10946	11840	298	152	13.5153026717	0.0265030238349	0.0126751167445	0.0138279070904
TACAGCNN	289	6624	7498	201	119	7.61762690659	0.0294505494505	0.0156229486675	0.0138276007831
TTANCANC	1493	12572	13768	330	164	16.2035135285	0.0255774298558	0.0117714613839	0.013805968472
NGTTGTNC	464	5259	5450	137	64	6.89118061123	0.0253891771683	0.0116068190062	0.0137823581621
TNANCAAC	983	9465	10535	252	130	12.1414828558	0.0259339302254	0.0121894045945	0.0137445256309
ACNTCTTC	364	5742	6686	148	77	8.09243577764	0.0251273344652	0.0113854798166	0.0137418546485
CAANNTTC	733	6878	7746	187	100	8.7859690218	0.0264685067233	0.012745347948	0.0137231587753
CCTTNNTC	719	7174	8847	199	119	9.41305616084	0.0269903702699	0.0132723622574	0.0137180080125
AGNNAATC	554	7115	6774	195	89	8.07497615842	0.0266757865937	0.0129680897567	0.013707696837
ATNTTATC	1542	6736	7183	216	127	6.89350756257	0.0310701956272	0.0173734610123	0.0136967346148
GNAGCANC	198	5685	5611	132	51	8.12117701123	0.0226921093347	0.00900741787354	0.0136846914612
NTNTCATC	2544	17217	19538	448	231	22.2036799596	0.0253608831022	0.0116849613031	0.0136759217991
CANTANCC	314	5909	6898	170	100	7.23329322	0.0279651258431	0.0142897970849	0.0136753287582
CNACAANC	308	7212	7080	234	128	6.87913967853	0.0314262691378	0.0177580466149	0.0136682225229
NGNAAATC	795	8456	8618	225	107	10.1815813066	0.0259186729639	0.0122636103152	0.0136550626488
GNTTCNTC	672	7973	8675	200	95	10.7502285104	0.0244708185489	0.0108323831243	0.0136384354246
ANCTNATC	561	6147	6682	171	91	7.42500755456	0.0270655270655	0.0134357005758	0.0136298264897
AGNTNATC	516	6033	5858	167	79	6.84588636148	0.026935483871	0.0133063836955	0.0136291001755
NCTNCAGC	208	5145	5507	118	49	7.81456280484	0.0224206726202	0.00881929445644	0.0136013781637
GCNGCNGC	90	5107	4945	116	43	7.33184842512	0.0222094581658	0.00862068965517	0.0135887685106
ANCTANGT	490	7653	7674	255	146	7.05560987143	0.0322458270106	0.0186700767263	0.0135757502843
NTACNATC	817	10361	10613	327	184	10.0200524569	0.0305950598802	0.0170417708623	0.013553289018
TCNACNTC	464	5115	6481	123	65	8.07648797252	0.0234822451317	0.00992972807822	0.0135525170535
TACNGCTN	260	6355	7609	186	115	7.54741247275	0.0284360189573	0.014888658726	0.0135473602313
NTNCAATC	563	7756	7429	246	130	7.29059596587	0.0307423144214	0.0171980420691	0.0135442723523
ACNTTNTC	1294	9954	10847	297	170	10.6425314197	0.0289727831431	0.0154306980122	0.0135420851309
NTANCATC	1831	13893	15308	381	204	16.2459441185	0.0266918873476	0.013151108819	0.0135407785286
CANTTNAC	609	6787	7621	176	91	8.80590977247	0.0252764612954	0.0117997925311	0.0134766687643
ANACNATC	696	6090	6179	148	64	8.0632652853	0.0237255530619	0.0102514816595	0.0134740714024
NCAGCNAC	195	6625	7764	178	100	8.42825903442	0.026164927238	0.0127161749746	0.0134487522634
NACAGCTN	329	7362	8358	208	119	8.5954060288	0.0274768824306	0.0140379851363	0.0134388972944
NTNAGACC	350	8129	8182	233	120	8.59016616983	0.0278641473332	0.0144543483498	0.0134097989834
CTACNANC	355	9179	9240	285	157	8.80486151314	0.0301141166526	0.0167074598276	0.013406656825
NCAGCANC	190	6057	5446	144	54	7.51654345575	0.0232220609579	0.00981818181818	0.0134038791397
ACTTCNNC	503	8474	9922	228	129	10.4630712378	0.0262008733624	0.0128345438265	0.013366329536
TGTNGANC	350	4297	4409	91	33	7.03776352436	0.0207383773929	0.0074290859973	0.0133092913956
TNATCNAC	921	8310	9140	223	119	9.7836340253	0.0261338333529	0.0128523598661	0.0132814734868
ATTNCTTC	838	7996	9134	219	124	9.39720438535	0.0266585514303	0.0133938215597	0.0132647298706
ACNTAAGN	663	7521	7726	234	133	7.20450052559	0.0301740812379	0.016923272681	0.0132508085569
CCNTCNTC	404	6185	7746	155	88	8.6014695668	0.0244479495268	0.0112330865458	0.013214862981
NATNCTTC	1670	15571	17654	433	248	17.1438770937	0.027055736066	0.0138532007597	0.0132025353063
TAGANANC	497	5900	6734	159	89	7.1203584908	0.0262419541178	0.0130441154917	0.0131978386261
GCATNTNC	522	6403	6404	176	88	6.936871782	0.0267517859857	0.0135551447936	0.0131966411921
NACAGCNA	337	6914	7678	208	125	7.1575221247	0.0292052794159	0.0160194796873	0.0131857997286
NCTTCNTC	1899	22776	27855	625	382	26.2275496046	0.0267082603308	0.0135283493289	0.0131799110019
AACACNNC	369	6505	6477	161	72	7.87178804327	0.0241524152415	0.0109940448923	0.0131583703492
TANTCNTC	1165	8377	9424	234	134	9.33793237957	0.0271745441877	0.0140196693869	0.0131548748008
TCTTCNNC	1889	21988	27385	599	371	25.7357527583	0.0265196794616	0.0133664793198	0.0131532001419
ACNNAGGT	384	8587	8428	219	100	9.75203465133	0.0248694072223	0.0117260787992	0.0131433284231
NATGNATC	1244	9135	8836	249	120	9.4712397009	0.0265345268542	0.0133988387673	0.0131356880869
NCTGNTTC	405	6068	6830	151	77	7.87906473674	0.0242804309374	0.0111481106124	0.013132320325
TANTNATC	2524	12586	13401	363	203	12.7064978406	0.0280330527454	0.0149220817407	0.0131109710047
TNNCCATC	640	7050	7724	186	99	8.20922054675	0.0257048092869	0.0126549916912	0.0130498175957
CCTNCNTC	324	5143	6643	130	78	7.08686463373	0.0246538972122	0.0116054158607	0.0130484813515
NCTNCTTC	1430	18953	22551	512	303	21.5070754714	0.0263036218854	0.013258072985	0.0130455489004
TANNAATC	2006	10600	10662	282	139	11.3191037339	0.025914353979	0.0128691787797	0.0130451751993
NCNGCTAC	176	6602	7421	194	117	6.90571010742	0.0285462036492	0.0155213584505	0.0130248451987
TCATCANC	709	7468	7462	191	90	8.44607766297	0.0249379814597	0.0119173728814	0.0130206085784
TNAGNATC	632	5937	5845	146	65	7.04536938434	0.0240013151406	0.0109983079526	0.0130030071879
GCANCANC	228	7009	6658	155	58	9.13095936935	0.0216359575656	0.00863609291245	0.0129998646532
ANTANATC	2883	15070	15183	444	241	13.9614106274	0.0286193115895	0.015625	0.0129943115895
ATGNATAT	4415	11993	11615	497	320	7.67869284914	0.0397918334668	0.0268118977796	0.0129799356871
ACAGCNAN	337	6924	7645	193	110	7.46748482422	0.0271181677673	0.0141843971631	0.0129337706042
TANTCTNC	823	6115	7024	165	95	7.05918737335	0.0262738853503	0.0133445708667	0.0129293144836
ANCTTNTC	1014	7719	8906	247	164	7.26319344202	0.0310067788099	0.0180815876516	0.0129251911583
ATNGTNAC	693	6816	6430	186	89	6.82648491364	0.0265638389032	0.013652400675	0.0129114382282
NNATCAAC	910	8288	8605	229	122	8.56445846043	0.0268874016673	0.0139796035293	0.012907798138
TNTTCATC	1355	8986	9691	221	109	10.7976454415	0.0240034756164	0.0111224489796	0.0128810266368
AGNAANTC	621	8561	9075	223	115	9.51617522818	0.0253870673953	0.012513601741	0.0128734656542
GATNNTTC	1310	13705	14464	378	205	13.8513923879	0.0268408719733	0.013975049424	0.0128658225493
NAGTTNAC	375	6668	6979	183	98	7.02658904247	0.0267114289885	0.0138476755687	0.0128637534197
ACAGCTNN	329	7365	8369	198	113	8.28140662815	0.026180087267	0.0133223296392	0.0128577576277
NTAAGACC	258	6663	6675	183	94	6.8108349335	0.0267309377739	0.0138868370513	0.0128441007226
CNTTCNTC	853	8482	10829	213	128	10.91442869	0.0244968372628	0.0116820297527	0.0128148075101
NANTTCAC	746	7009	7940	176	94	8.46033153056	0.0244954766875	0.0117002738362	0.0127952028513
TTATNATC	2400	10980	12565	318	196	10.9840284248	0.028146574615	0.0153592978607	0.0127872767543
TNANAATC	2341	13462	14176	353	184	14.118459529	0.0255519363011	0.0128133704735	0.0127385658276
TCTNCTNC	1335	15727	19754	430	278	17.3204066613	0.0266138515814	0.0138777955272	0.0127360560542
TNATCATC	1380	10219	11039	258	133	11.5069280429	0.0246253698578	0.0119047619048	0.012720607953
TNCNTATC	1265	6990	7682	203	121	6.92209395021	0.0282218823857	0.0155068563373	0.0127150260483
ACTGNTNC	303	6069	7266	145	78	8.00174225037	0.0233344061796	0.0106209150327	0.0127134911469
TGNTNATC	1099	8957	9423	237	125	9.40122799586	0.0257776810964	0.0130917469627	0.0126859341337
CANATNTC	1072	8872	8908	256	139	8.20839429548	0.0280455740578	0.0153642091301	0.0126813649277
TCNTCANC	1537	16866	18297	400	194	19.9730243537	0.0231669176416	0.0104915905035	0.0126753271381
NANTAATC	1818	9717	9793	252	125	10.0994418244	0.0252783629251	0.0126033474491	0.012675015476
TCNTNTAC	1261	11928	13756	323	191	12.6489941059	0.026365194678	0.0136947013695	0.0126704933085
ANTGATNC	989	9568	10350	264	149	9.65124150362	0.026851098454	0.0141918277931	0.0126592706609
CNTTCTNC	713	7172	8720	188	114	8.33840493287	0.0255434782609	0.0129046864388	0.0126387918221
CTANANTC	434	8307	8438	258	151	7.01651713334	0.030122591944	0.0175806263826	0.0125419655614
AANANCTC	709	6839	6655	169	78	7.32822508308	0.0241152968037	0.0115847319174	0.0125305648862
ANCACNAC	479	9105	10446	238	137	9.92942222285	0.0254736166114	0.0129452896154	0.0125283269959
NAATCTNC	735	7867	8903	201	112	8.75673047613	0.0249132374814	0.0124237382141	0.0124894992673
NCAGCTNC	240	8180	9614	216	129	8.93147428756	0.0257265364459	0.0132402750693	0.0124862613766
NNTTCTTC	4308	35575	41434	993	617	34.045367903	0.0271548895209	0.0146726593898	0.0124822301311
TTANCNTC	1614	12648	14160	344	201	12.6494952104	0.0264778325123	0.0139962398162	0.0124815926961
NATTCNTC	1776	12638	14466	328	188	13.5040994673	0.0252969304334	0.012829261635	0.0124676687984
NATNCATC	1389	10236	11572	262	147	11.0458742331	0.0249571346923	0.0125437324004	0.0124134022919
AATNNATC	3022	16284	16792	468	265	14.1756173265	0.0279369627507	0.0155361435188	0.0124008192319
TNTTNAGC	703	5657	6086	130	62	6.93540526799	0.0224641437705	0.0100845803513	0.0123795634192
NCTTCNAC	601	9889	12177	253	155	11.1787810181	0.0249457700651	0.0125689263704	0.0123768436947
ANTNAATC	1759	10948	11111	315	176	9.58419550653	0.0279676817899	0.0155931602729	0.0123745215171
TGTTNNTC	1555	11409	12195	304	168	11.194225282	0.0259540681294	0.0135889347246	0.0123651334048
TGTTGNNC	503	6713	6788	162	77	7.34685393614	0.0235636363636	0.0112163146395	0.0123473217242
ATNTCNTC	2190	16318	18751	434	258	16.3914313278	0.0259073543457	0.0135725182808	0.0123348360649
TNATCANC	2102	17443	18724	447	240	17.5113131209	0.0249860257127	0.0126555578992	0.0123304678135
TNANCATC	2032	17399	18724	435	229	17.9545687933	0.0243916115285	0.0120825199177	0.0123090916108
ATTNNATC	2515	13879	14786	397	233	12.2551412135	0.0278089100588	0.0155136826686	0.0122952273902
TCANCNAC	506	7244	8229	184	104	7.89889275277	0.0247711362412	0.01248049922	0.0122906370213
TTTNCATC	943	6670	7150	166	87	7.19577525495	0.0242832065535	0.0120215558933	0.0122616506602
NTAAGNCC	375	7642	7533	204	105	7.16043544569	0.0260005098139	0.0137470542027	0.0122534556112
AATNGNTC	777	7888	7310	195	88	7.70317883793	0.0241247061735	0.0118951067856	0.0122295993878
NCTTNTAC	1035	9953	11725	278	178	9.61806083704	0.0271723194214	0.0149542132236	0.0122181061978
ACNTCNTC	721	10541	12198	257	143	11.7803033543	0.023800703834	0.0115873916214	0.0122133122126
NTATCANC	1909	13414	15020	370	223	12.5526602681	0.0268427161927	0.0146296660762	0.0122130501165
TNCAGCTN	377	8371	10030	242	162	7.92044658096	0.0280970625798	0.0158948194662	0.0122022431136
TGTTNANC	907	8159	8130	185	82	9.14396915349	0.022171620326	0.00998538723819	0.0121862330878
NCNACAAC	704	9194	10118	237	133	9.3040660641	0.0251298907857	0.0129743439664	0.0121555468193
TNAAANTC	1911	10946	11269	288	154	10.2870153003	0.0256364607442	0.0134815722665	0.0121548884777
ATNNCATC	1311	9378	10233	243	136	9.35077338873	0.0252572497661	0.0131160189025	0.0121412308636
TCTCNAGN	244	6531	7868	173	109	6.88486971317	0.0258054892601	0.0136642848189	0.0121412044413
TNTNCATC	2288	16967	18145	403	203	18.005137593	0.0232009211284	0.0110638761718	0.0121370449566
NCAANATC	890	8134	8329	187	87	9.043034183	0.0224732604254	0.0103374524715	0.0121358079539
ATNACNTC	775	6459	7120	160	87	6.94095893525	0.0241728357758	0.0120715970584	0.0121012387174
NCNTCTTC	1893	23544	29183	611	391	23.9673314002	0.0252949699855	0.0132210725637	0.0120738974218
ACNTCTNC	598	9771	11301	245	142	10.2896364363	0.0244608626198	0.0124093332168	0.012051529403
TCTTCNTC	1247	12497	15597	351	242	11.8594894651	0.0273194271482	0.0152787423448	0.0120406848033
NCNTCTAC	544	8121	10310	199	124	9.34976388599	0.0239182692308	0.0118842246502	0.0120340445806
TTNNGACC	390	8201	8636	228	132	7.27158278336	0.0270494720607	0.0150547445255	0.0119947275352
TNNTCATC	3185	23617	25793	570	302	23.9671406958	0.0235663786332	0.0115730982947	0.0119932803385
TNTTCTTC	2321	14763	16903	434	285	12.4206592288	0.0285582680792	0.0165813358157	0.0119769322635
NCTNCAAC	417	7175	8640	172	100	8.18876560625	0.0234109160201	0.0114416475973	0.0119692684229
TNATANTC	3053	14395	15695	412	253	12.1137561456	0.0278246775174	0.0158640581891	0.0119606193283
GANANTTC	955	8391	9323	226	135	7.88086741738	0.0262272252524	0.0142736307888	0.0119535944637
NCAACNTC	401	5726	6332	123	58	7.16915644399	0.0210292357668	0.00907668231612	0.0119525534507
GNNTCATC	523	5708	6070	119	52	7.20164809724	0.0204221726446	0.00849395622346	0.0119282164211
TCTNCANC	922	11098	12195	242	116	13.01696035	0.0213403880071	0.0094224677118	0.0119179202953
NNTGATTC	974	8873	9479	247	146	7.76908978688	0.0270833333333	0.0151688311688	0.0119145021645
ACTNCNTC	506	8556	9831	219	130	8.60006002429	0.0249572649573	0.0130508985042	0.0119063664531
TCANCANC	1093	13080	14019	298	147	14.1410589243	0.0222753774854	0.0103769589157	0.0118984185697
ANANCATC	1514	12302	12604	314	166	11.3092316157	0.0248890298034	0.0129992169146	0.0118898128888
AANACNAC	1051	10051	10009	281	156	8.24070479617	0.0271970576849	0.0153467781604	0.0118502795245
ANNTCATC	1572	12775	13927	324	182	12.1413675819	0.0247347125735	0.0128995676519	0.0118351449216
AANNGATC	845	8965	8712	238	124	7.69340480171	0.0258611322395	0.014033499321	0.0118276329185
ANNTAGGT	918	13690	13103	380	202	10.7922830468	0.0270078180526	0.0151822623074	0.0118255557452
GATTNNTC	833	7960	7881	210	111	6.99822109492	0.0257037943696	0.0138888888889	0.0118149054808
NCTTCANC	887	10958	13094	257	147	12.1313075136	0.0229157378511	0.0111018805226	0.0118138573285
NNTTCATC	2411	18594	20506	441	236	18.8149140462	0.0231678486998	0.0113778806287	0.0117899680711
NTANAATC	2208	16076	15729	466	262	12.0557358079	0.0281707169629	0.0163842161216	0.0117865008413
ATNTNATC	3475	18453	19617	502	293	15.4609724999	0.0264837773674	0.0147162230035	0.0117675543639
TNCANATC	1140	8231	8430	213	115	7.46291536899	0.0252250118427	0.0134581626682	0.0117668491745
CCTTNTNC	782	8035	9846	216	144	7.74958519969	0.0261786450127	0.0144144144144	0.0117642305983
ANATCNTC	1692	12501	13717	326	190	11.3867958732	0.0254151399392	0.0136621845114	0.0117529554278
ATATCNNC	1611	10060	11131	296	191	8.09284633343	0.0285824642719	0.0168698109875	0.0117126532845
NCATCANC	1119	13661	13969	330	168	12.8537104779	0.0235865913802	0.011883709415	0.0117028819652
ANATCANC	1362	10582	11064	281	159	9.17380026051	0.0258676240449	0.0141673349372	0.0117002891077
NAATNTCC	1166	8978	9336	251	147	7.40312336741	0.0271968794019	0.0155014236001	0.0116954558018
NCAACANC	724	8046	8572	199	108	7.76975890618	0.024135839903	0.0124423963134	0.0116934435896
TNTTCANC	2187	16704	18441	409	228	16.0245363222	0.0238999590954	0.0122127591194	0.011687199976
TCATANNC	1172	8190	8973	204	115	7.90294648864	0.024303073624	0.0126540492958	0.0116490243282
NNATATCC	1474	9057	9434	255	151	7.32829054799	0.0273840206186	0.015753781951	0.0116302386676
NNATCATC	2534	19467	20873	491	275	17.3038028323	0.0246016634933	0.0130035937204	0.0115980697729
NNAAGTAC	821	9309	8681	253	131	7.26482947546	0.0264588998118	0.0148660916931	0.0115928081186
NGTTNATC	798	7212	7328	172	87	6.93583021987	0.0232936078007	0.011732973702	0.0115606340987
ANANAGGT	1266	12101	11310	334	176	9.04679361504	0.0268596702855	0.0153230019154	0.0115366683701
ANTNTATC	3008	13633	14761	426	283	9.56864090737	0.0303008748844	0.0188114863068	0.0114893885776
TTNTCANC	2173	14843	16990	376	228	13.4651955196	0.0247059596557	0.0132419560925	0.0114640035632
NCANAATC	879	7725	7931	168	79	8.07511326786	0.0212846826302	0.00986267166042	0.0114220109698
NATGANTC	968	9562	9363	263	146	7.33233928785	0.0267684478372	0.0153538752761	0.0114145725611
NCTANAAC	621	7358	7853	176	95	7.05280985061	0.0233607645341	0.0119526925013	0.0114080720329
ACANCTNC	529	10799	12324	268	160	10.0595808185	0.0242161380681	0.0128164049984	0.0113997330697
NNTAAATC	2251	13049	13641	338	192	10.8076625931	0.0252483752895	0.0138798525266	0.0113685227629
NNAAAATC	2588	15788	15921	422	237	12.2205123794	0.0260333127699	0.0146676568882	0.0113656558817
NNATAATC	2607	13557	14350	348	199	11.3636607842	0.0250269687163	0.013677916008	0.0113490527083
GATANNTC	1044	7910	8286	199	111	6.93455256726	0.0245406338636	0.0132190067881	0.0113216270755
AGNANAGT	691	12182	10917	394	223	7.22648346356	0.0313295165394	0.0200179533214	0.0113115632181
NTANGACC	526	10986	11488	291	169	8.86315846381	0.0258047353019	0.0144977266878	0.0113070086141
ACTNATNC	573	8118	9330	212	134	7.14838079537	0.025450180072	0.0141589180051	0.011291262067
TTGTNNTC	1260	8933	9836	219	126	8.17311175605	0.0239291958042	0.012648062638	0.0112811331662
ACTTNTNC	1077	11409	12425	317	199	8.85786886012	0.0270339416681	0.0157636248416	0.0112703168265
CNAAAAAN	5717	21758	21038	902	618	10.0646637904	0.0398058252427	0.0285371259697	0.011268699273
AANNAATC	2714	15256	15471	416	240	11.3983806037	0.0265441551812	0.015275921329	0.0112682338522
ACNTNATC	870	8492	9249	214	125	7.45856195666	0.0245807489088	0.0133347557073	0.0112459932015
TATNCNTC	1371	8169	9020	217	134	6.82965354266	0.0258764607679	0.0146384094385	0.0112380513294
ANTTCTTC	1171	12143	14420	310	200	10.7381026434	0.0248935999358	0.0136798905609	0.0112137093749
NCNAAATC	690	7049	7293	160	81	6.80353406366	0.0221944791233	0.0109845402766	0.0112099388467
ATTTCNTC	998	8816	10246	230	148	7.62431396673	0.0254256024762	0.0142389840292	0.011186618447
ANTTCNTC	2096	19959	23155	499	310	17.3155002169	0.024391436113	0.0132111655657	0.0111802705473
NTTNCATC	1699	13280	14528	324	186	11.6555308126	0.0238165245516	0.0126410221558	0.0111755023958
ANNTTATC	3029	15553	16808	454	294	10.9775413508	0.0283625913663	0.0171909718162	0.0111716195501
TCTNCNTC	1654	16536	20193	438	300	13.8816659995	0.0258041710852	0.0146391450739	0.0111650260113
TCATCNNC	1387	13999	15708	342	202	12.3621048461	0.0238477093648	0.0126964173476	0.0111512920172
ANAACNAC	1428	12068	12383	356	221	8.22731922401	0.0286542176433	0.0175341161536	0.0111201014897
TTATCNNC	1826	12171	13689	325	207	9.72210222642	0.0260083226633	0.014896373057	0.0111119496063
ATANCANC	1482	10637	11501	303	194	7.80375191564	0.0276965265082	0.0165882855921	0.0111082409161
TAANANTC	2005	10223	10444	268	153	7.96380875665	0.0255457058431	0.0144380485043	0.0111076573388
NATAANTC	2829	14949	15351	392	225	11.4112937444	0.0255524411707	0.0144453004622	0.0111071407085
ANANCTAC	927	12649	14468	344	226	9.94025847727	0.0264757946587	0.0153804273853	0.0110953672733
ANTNCTTC	1823	19354	21853	492	304	15.8785021148	0.0247908898519	0.0137202689895	0.0110706208624
ATTNCNTC	1531	13483	15350	344	215	11.2523774945	0.0248788602011	0.0138130420816	0.0110658181195
TNATCNTC	2553	20119	22765	504	309	16.7066928144	0.0244387334529	0.0133916962815	0.0110470371714
TCTTNNAC	1058	10703	12547	279	183	8.92073542109	0.025405208523	0.0143754909662	0.0110297175568
GNAAAANC	1225	12219	11169	351	192	7.85822902027	0.027923627685	0.0168999207816	0.0110237069033
ATNNCTTC	1682	13703	15786	359	233	10.9861819864	0.025529796615	0.0145452275423	0.0109845690727
AAATCNNC	919	9218	9817	223	126	7.8599472544	0.0236203791971	0.0126722317208	0.0109481474763
AAATANNC	3768	15547	15794	469	295	9.80399084098	0.0292832167832	0.0183355087327	0.0109477080505
AGNANATC	805	8929	8956	221	120	7.15459126117	0.0241530054645	0.013221683561	0.0109313219034
TNAANTTC	2268	15308	15898	416	251	10.8788768719	0.0264563724243	0.0155427580655	0.0109136143588
ANAACNTC	959	9388	9181	214	106	8.00510671249	0.0222870235368	0.0114138042425	0.0108732192943
NCANCTAC	444	8992	10432	230	149	7.44804224321	0.0249403600087	0.0140818448162	0.0108585151925
TNTTAANC	1888	10129	10067	253	138	7.79297795176	0.024369100366	0.0135227829495	0.0108463174165
TNATNATC	4949	28276	30649	748	465	20.2973268149	0.0257717750827	0.0149450408176	0.0108267342651
ANTTCTNC	1763	17568	20618	450	296	13.9651681919	0.024975024975	0.0141531988142	0.0108218261608
NATTNATC	2572	14027	15197	374	234	10.2679942182	0.0259704187209	0.0151642796967	0.0108061390242
TANTAANC	2104	11886	11482	298	159	8.77932367707	0.024458305975	0.0136586203934	0.0107996855816
ACTNTTCN	1061	10601	12387	328	243	6.98194262533	0.0300118949584	0.0192399049881	0.0107719899702
NANTCTTC	1460	11955	14054	304	200	9.68331420745	0.0247981075128	0.0140311491511	0.0107669583617
TNTTGNTC	1712	12516	13110	325	194	9.17205006048	0.0253095553306	0.0145820805773	0.0107274747533
GATNCTTN	996	11246	11927	303	188	8.01397705237	0.0262360377522	0.0155179529509	0.0107180848013
TCNTNAAC	863	9342	10088	240	147	7.12924112791	0.0250469630557	0.0143624816805	0.0106844813752
ACANNATC	1031	11281	11571	259	138	9.30619351811	0.0224436741768	0.0117858057904	0.0106578683864
NCTTNTTC	2918	24369	28144	688	481	16.3797199634	0.0274573971345	0.0168034934498	0.0106539036848
TGTNNATC	1160	9137	9606	215	120	7.53054659734	0.0229897348161	0.0123380629241	0.010651671892
ANTAANTC	2208	14506	15113	409	258	9.43399475555	0.0274220583305	0.0167848545963	0.0106372037342
ACANAANC	1114	8969	8881	212	112	7.08480189407	0.0230911665396	0.0124541309908	0.0106370355488
ACANNTAC	1335	12147	13581	338	227	8.42590725762	0.0270724869844	0.0164397450753	0.0106327419091
TNTGNTTC	1568	12638	13860	336	215	9.07106870181	0.0258979497456	0.0152753108348	0.0106226389108
TCTNNTAC	949	9499	11572	268	198	6.8986303227	0.0274393365414	0.0168224299065	0.0106169066349
TTNNAATC	1957	11130	11578	309	193	7.45424404663	0.0270128507737	0.016396228018	0.0106166227557
NANAAATC	2741	15298	15836	400	239	10.6739285459	0.0254809529876	0.014867807154	0.0106131458337
TTNTANTC	2883	12111	13241	353	239	7.83622089979	0.0283215661104	0.0177299703264	0.010591595784
AATNCNTC	1230	9375	10549	231	144	7.51251682443	0.024047470331	0.0134667539512	0.0105807163799
ANNAAATC	2780	17959	18408	474	283	12.1266457541	0.0257147507188	0.0151409769408	0.010573773778
ACTTNNTC	950	10382	11627	282	188	7.33291987567	0.0264441110278	0.0159119763013	0.0105321347264
AATNAANC	2838	14950	15626	417	264	9.61484521283	0.0271360708011	0.0166142227816	0.0105218480194
NANTCATC	1245	9561	10599	235	145	7.47588365312	0.0239893834218	0.013495904691	0.0104934787308
ACTNNTCT	689	11099	13052	316	229	7.48140050793	0.0276828734122	0.0172426775092	0.010440195903
ATNTCANC	1282	9216	10180	233	147	6.89358393483	0.0246586940417	0.0142345308415	0.0104241632002
AATANANC	3810	16786	17544	492	323	9.92049683365	0.0284755179998	0.0180780209324	0.0103974970673
TTNTGNTC	1727	11623	12291	294	178	8.29116742034	0.0246706385835	0.0142754029994	0.0103952355841
TNNAAATC	2203	13345	13920	336	201	9.27670906322	0.0245596082158	0.0142341193966	0.0103254888191
CNANAAAA	6052	22205	21845	930	673	8.59550468329	0.0401988329371	0.02988720135	0.0103116315871
TNTTCNTC	4402	30107	35429	814	577	19.791214695	0.0263251511917	0.0160251069266	0.0103000442651
TCNNCTTC	1628	17976	23141	452	334	13.7906384887	0.0245278923377	0.0142279020234	0.0102999903143
NAANTTTC	2667	14580	15577	402	262	9.19325812488	0.0268321986384	0.0165414483238	0.0102907503146
ATTTCNNC	1594	13322	15629	348	241	9.40061458561	0.0254572055596	0.0151858853182	0.0102713202414
ANTAAANC	2596	13372	13525	394	253	7.62131721751	0.0286212407381	0.0183626070547	0.0102586336833
NAATANTC	2722	12875	13295	342	211	8.29170088635	0.0258757660589	0.0156226862135	0.0102530798453
TTANNATC	3706	20686	22806	567	381	12.9811421572	0.0266785865525	0.016431621167	0.0102469653855
TNNTCTTC	3774	27959	33747	757	553	18.4262923535	0.0263616102521	0.0161224489796	0.0102391612725
TCNTCTTC	1211	12526	16153	325	247	9.32582514608	0.0252898607112	0.0150609756098	0.0102288851015
TCNTCTNC	1784	21000	27133	518	381	16.1338022623	0.0240728692258	0.0138474958203	0.0102253734055
AANTCTNC	1053	11228	13134	279	187	8.34372689493	0.0242461110628	0.0140379851363	0.0102081259266
TATNNATC	3463	13880	14951	394	265	8.37424431392	0.02760263416	0.0174158780231	0.0101867561369
TCTTNTNC	2830	22594	26761	620	450	14.4424434343	0.0267080210218	0.0165374297159	0.0101705913059
ANNTCTTC	2183	20591	24129	498	329	15.1335039265	0.0236142064583	0.0134516313681	0.0101625750903
GTACNNTT	1139	11683	12835	312	207	7.62072918653	0.0260108378491	0.0158717988039	0.0101390390452
AANTTNTC	3130	16861	18013	508	351	9.29332024258	0.0292475099315	0.0191134829013	0.0101340270302
ACNTNTTC	1640	14898	16383	379	244	10.0785650981	0.0248085357073	0.0146749263247	0.0101336093826
ATTTNTTC	2755	12954	14539	376	268	7.72126500295	0.0282070517629	0.0180995475113	0.0101075042516
TTNTAANC	2130	11126	11198	292	176	7.00572818818	0.0255736556315	0.0154738878143	0.0100997678171
NTTTCTTC	2088	12957	15023	368	268	8.01279319743	0.027617260788	0.0175266496632	0.0100906111248
TNTNCTTC	3335	23656	26792	666	472	14.014278597	0.0273826165611	0.0173122065728	0.0100704099884
ACNNCTAC	551	11398	12586	310	210	7.21748575135	0.0264776221387	0.0164113785558	0.0100662435829
NCATCTNC	833	9028	10719	213	141	7.06440912142	0.0230494535223	0.0129834254144	0.010066028108
NAATAANC	2794	13024	13355	363	232	7.5996192279	0.0271158586689	0.0170751453595	0.0100407133093
NTTAATNC	2283	12619	13435	356	238	7.42660042332	0.0274373795761	0.0174065676881	0.010030811888
NATANATC	3931	16244	17303	445	293	9.66114035449	0.0266642698784	0.0166515117072	0.0100127581712
NTATNATC	4864	23506	26223	638	439	14.0430159454	0.0264247846256	0.0164653814418	0.00995940318383
NNTATATC	4564	18891	20414	581	415	9.73396880065	0.0298377156943	0.019924144222	0.00991357147233
NTNTCTTC	3379	21131	24442	581	419	12.6220065867	0.0267593957259	0.0168537066087	0.00990568911712
ACTNNTTC	1055	13259	15614	342	242	8.76950689331	0.025145209911	0.0152623612513	0.00988284865977
GTANATNT	5944	21087	20415	749	511	8.73671412645	0.0343011540575	0.0244193825863	0.00988177147126
NNATCTTC	1798	13958	16297	349	240	9.47387081461	0.0243936534564	0.0145129104432	0.0098807430131
ANAGNTAC	896	11553	12167	305	196	7.05218837005	0.0257210322145	0.0158537571787	0.00986727503586
AAANCTNC	875	10495	10878	255	153	6.96307705103	0.0237209302326	0.0138700027196	0.00985092751295
ANNACAAC	1623	13376	13214	357	217	7.65675461076	0.0259957765965	0.0161566525203	0.00983912407623
TTNAANTC	2114	11589	12433	311	206	6.97765092149	0.0261344537815	0.0162987578131	0.00983569596839
ANNTGTTC	1737	12601	12562	295	166	8.37116680417	0.0228753101737	0.0130421118793	0.00983319829438
TCTTNANC	1342	13283	14137	311	187	9.11759685563	0.0228777401795	0.0130550125663	0.00982272761317
AATNANTC	2473	13319	13364	371	235	7.32945843818	0.027100073046	0.0172806824031	0.0098193906429
ANTTNTTC	5248	30249	33629	856	606	16.5298771248	0.0275196913679	0.0177011829999	0.00981850836809
ANNTTTTC	5460	26163	28091	855	627	12.1250977779	0.0316455696203	0.0218329967268	0.00981257289346
NAANATTC	3112	15814	16448	427	276	9.00707938994	0.0262914845145	0.0165032288926	0.00978825562189
ANTTNATC	2351	15456	16404	394	251	9.48371565662	0.024858044164	0.0150705493846	0.00978749477947
NAAAGNAC	1292	11939	11685	316	190	6.83854067937	0.0257853937169	0.016	0.00978539371685
NAANAATC	2783	15834	16433	406	254	9.49932006423	0.025	0.0152214298556	0.00977857014442
ATTNCTNC	1525	14920	16390	397	269	8.90152300819	0.0259189136254	0.0161474278168	0.00977148580859
TNTATANC	4359	15417	16411	470	332	7.80067648715	0.0295839365519	0.0198291823449	0.00975475420704
TGTTNTNC	1642	11548	12484	310	208	6.86455266116	0.0261426884804	0.0163882760794	0.00975441240093
TTNTCNTC	3727	21177	24837	555	399	12.92739844	0.0255383765875	0.0158107465525	0.00972763003498
ATTTNNTC	4524	23344	25947	639	448	12.9655670762	0.0266438727432	0.0169729115363	0.00967096120692
NCTNCATC	808	8992	9591	189	106	6.90568773678	0.0205859928112	0.01093121584	0.00965477697129
AAATNNTC	3436	19185	19353	489	299	10.9366315797	0.0248551387618	0.0152147364136	0.00964040234822
TTATNANC	4241	21826	23795	578	391	12.3698935834	0.0257989644706	0.016166377243	0.0096325872276
NCATATNC	1849	11114	11980	270	172	7.06335688953	0.0237174982431	0.0141540487163	0.00956344952689
ATATGNNC	2248	10913	11406	262	161	6.85721084879	0.0234451901566	0.0139189072361	0.0095262829205
ANTNCATC	1155	10337	10802	236	140	6.88622815005	0.0223210063369	0.0127947358801	0.0095262704568
AANTNTTC	3947	22518	23771	610	408	11.8630430862	0.0263749567624	0.0168741469871	0.00950080977531
NCANCATC	1065	12249	12075	258	136	8.45495683824	0.0206284480691	0.0111374989763	0.00949094909275
NCATNTTC	2567	19405	20955	484	316	11.3621421182	0.0243350595807	0.0148559071036	0.0094791524771
AATNTANC	2954	14269	15209	433	310	6.88845564082	0.0294517752687	0.0199755138862	0.00947626138247
NTTANATC	2765	14015	15001	403	283	7.10802278856	0.0279511721459	0.018516095263	0.00943507688291
TNATAANC	2630	13313	13413	337	208	7.45365986704	0.0246886446886	0.0152705381396	0.00941810654901
NTTNCTTC	2946	20096	22899	556	408	10.6682760025	0.0269223319775	0.0175054704595	0.00941686151801
AAANTNTC	2930	15160	15226	415	267	7.72424888188	0.0266452648475	0.0172335893629	0.00941167548457
AANTATNC	3606	15341	15509	431	283	7.62325105156	0.0273269084453	0.0179204660588	0.00940644238658
AATANNTC	3511	17603	17998	495	329	8.69641175721	0.0273510885181	0.0179516560266	0.00939943249144
ACNANTTC	950	11035	13217	257	179	7.50994073708	0.022759475735	0.0133621976709	0.00939727806409
AAATTNNC	2592	14711	14968	400	260	7.5954172702	0.0264707828734	0.0170738114001	0.00939697147335
NTAAAANC	2617	15100	14595	438	280	7.0310712627	0.0281889561076	0.0188235294118	0.00936542669584
TCTNCNAC	642	12918	16015	325	247	8.05621609578	0.0245412670845	0.0151887836674	0.00935248341705
NAAAANTC	2714	13971	15141	376	260	7.46064476148	0.0262075695267	0.016882020648	0.00932554887872
NATANAAC	3865	14552	14406	397	253	7.22300996713	0.0265569603318	0.0172590217614	0.00929793857042
NCATCNTC	1423	14877	16623	332	211	9.79153501718	0.0218291800907	0.0125341570631	0.00929502302765
NTATGTNC	2058	13081	13932	335	222	7.25990628879	0.0249701848539	0.0156846121238	0.00928557273012
ATNTCTNC	1816	15976	17542	450	324	8.00156959368	0.0273955923536	0.0181350050375	0.00926058731608
ANANAATC	2925	16403	16088	415	252	8.60146477334	0.0246759424426	0.0154222766218	0.00925366582083
TCANCNTC	1265	13700	15523	305	197	9.05732818148	0.0217779364513	0.0125318066158	0.00924612983549
NAATATNC	4087	17422	17885	477	317	8.55876810117	0.0266495334935	0.0174156686078	0.00923386488565
TNATATNC	4323	18380	20067	509	362	9.1833732212	0.0269469003124	0.017719907974	0.00922699233839
NTTTCNTC	3648	24089	28402	619	457	13.3571192873	0.0250526145378	0.0158356145397	0.00921699999814
TTATNNTC	5642	25699	28692	712	519	12.6356450956	0.0269584642762	0.0177672794495	0.00919118482673
AAANANTC	3201	15230	15190	416	269	7.37575061156	0.0265882653713	0.017400866809	0.00918739856236
AANAANTC	3314	17313	17666	465	305	8.55631064675	0.026155923051	0.0169717878805	0.00918413517049
NAAANAAC	4227	17720	17460	587	409	6.93677942424	0.0320642377233	0.0228888018356	0.00917543588769
ANTTTNTC	4102	20801	22640	625	462	9.34646921612	0.0291701670867	0.0199982685482	0.00917189853854
NCANTTTC	1705	13542	14404	354	239	7.1201892395	0.0254749568221	0.0163217919825	0.00915316483959
AAATNTNC	4138	23182	24073	620	415	11.2009535613	0.0260482312411	0.0169470761189	0.00910115512216
ATNTTANC	2931	14919	15307	414	279	7.09492530656	0.0270005869693	0.0179006800975	0.00909990687176
ANTAANAC	3018	15752	16057	452	308	7.14414673262	0.0278943470748	0.0188206538344	0.00907369324039
ATTANTNC	3267	18299	19211	555	400	7.82838482121	0.0294367243025	0.0203967161287	0.00904000817383
TNTAANTC	2541	12976	13737	324	214	6.95432080447	0.0243609022556	0.0153394021934	0.00902150006225
AANANATC	3708	19966	20080	525	341	9.34393542422	0.0256210043434	0.0166984966456	0.00892250769776
TCNTCNTC	2736	30381	39144	735	584	17.4416412626	0.0236212880833	0.0146999597261	0.00892132835716
ATTNTNTC	4261	19834	21613	582	432	8.64331803862	0.0285070532915	0.0195962803357	0.00891077295586
AATAANNC	3610	17743	17484	484	315	7.84840997412	0.026554013277	0.017697623462	0.00885638981501
ATNNTATC	3418	18937	18751	535	356	8.04385138356	0.0274753492194	0.018631915005	0.00884343421442
NCNTCATC	1444	15077	15895	323	196	8.92682255118	0.020974025974	0.0121807221428	0.00879330383121
TCTNNTTC	2640	19078	21720	516	388	9.01290279079	0.0263345922221	0.0175502080695	0.00878438415263
TCATNTNC	2246	16002	17746	402	284	8.09568458238	0.0245062179956	0.0157515252357	0.00875469275989
AAAANNAC	4929	23572	22705	725	491	8.57588364006	0.0298390747829	0.0211674426625	0.00867163212037
TNANATTC	2990	16128	17139	414	285	7.63783471702	0.025027203482	0.0163567493113	0.00867045417075
TCTTNNTC	3028	23699	27335	640	491	10.7918164819	0.0262952463125	0.0176453676418	0.00864987867073
TTNTNATC	5188	25011	27537	641	458	11.6437408074	0.0249883050055	0.0163600642972	0.00862824070826
AANANAAC	4987	20380	20395	643	459	7.30008376499	0.0305855491604	0.0220101659154	0.00857538324503
TNTTCNAC	1354	14221	16758	363	278	7.05952734551	0.0248902907296	0.0163183845973	0.00857190613224
TTTNCNTC	2999	17790	20009	477	358	7.98490845279	0.0261126621777	0.0175774537242	0.00853520845354
ATTNNTTC	4799	24138	26621	673	505	10.0252916433	0.0271250654951	0.0186168251862	0.00850824030898
TTANNACC	1216	14785	15808	377	263	6.83996232217	0.0248647935629	0.0163648808413	0.00849991272159
AAATNNAC	3535	17333	18575	508	379	6.85311624129	0.0284737402612	0.019995779255	0.00847796100616
TNTTCTNC	3459	28629	34061	761	605	12.6747695759	0.0258931609391	0.0174522586973	0.00844090224181
CANANAAA	7983	27245	26920	1087	831	7.33061016124	0.0383665113652	0.0299448668516	0.0084216445136
TNTTNATC	4314	23320	24812	571	391	10.5864310617	0.0239002134695	0.015514026108	0.0083861873615
ANTATNTC	3652	18451	20366	523	399	7.39301201728	0.0275640349953	0.0192150252829	0.00834900971233
CANAANAA	7752	27057	26473	1017	760	7.4746489654	0.0362256892498	0.027907318327	0.00831837092281
ANATNATC	3834	20730	22203	519	364	9.08700488134	0.0244246788084	0.0161297469757	0.00829493183274
NANAATTC	3090	15332	16151	381	262	6.841770879	0.0242474384268	0.0159629561933	0.00828448223352
AANNTTTC	3653	20283	21176	599	441	7.40704278133	0.028684991859	0.0204006106305	0.0082843812285
NATATNTC	5261	20117	21568	586	441	7.52655929029	0.028305076559	0.0200372574856	0.00826781907338
TCATNANC	1703	15324	16258	350	232	7.45428696849	0.022329973204	0.0140691328078	0.00826084039627
TCNNCATC	1437	14788	15670	309	194	7.88773614799	0.020467642578	0.0122289460414	0.00823869653664
TTNNATTC	3858	17746	19874	475	362	7.30820953838	0.0260688216893	0.0178889108519	0.00817991083731
TCANNAAC	1020	14784	15555	349	235	6.79503451292	0.0230621819864	0.0148828372388	0.00817934474763
NAATNATC	2951	15936	16354	381	252	7.08067689893	0.0233498804927	0.0151752378658	0.00817464262691
ANAANATC	3322	18655	18445	475	313	7.46415529655	0.0248301097752	0.0166862138821	0.00814389589315
ATATNANC	4381	18979	19750	515	368	7.28090898078	0.0264183851441	0.0182920767472	0.00812630839696
NAATNTTC	3620	19774	20638	494	342	8.12996657552	0.0243733964871	0.0163012392755	0.00807215721157
AAANNATC	3383	18187	18303	463	312	7.22149763211	0.0248257372654	0.0167606768735	0.00806506039193
TCANNTTC	1986	16584	18981	386	283	7.78116215574	0.0227460223925	0.0146906146179	0.00805540777452
AAANATNC	4555	20202	20483	534	375	7.14769028118	0.0257523148148	0.0179787132036	0.00777360161125
TCNTNATC	2184	18825	20096	426	293	8.04241061164	0.0221287205859	0.0143704938938	0.00775822669218
AAANNTAC	3756	21559	21630	580	407	7.33126607516	0.0261981119292	0.0184689386033	0.00772917332592
AAANNTTC	3629	19513	19862	494	343	7.13661340745	0.0246913580247	0.0169759960406	0.00771536198411
AATNNTTC	4008	22989	24170	626	464	7.76720568019	0.0265085750582	0.0188357554599	0.00767281959829
ATNTTNTC	5453	23931	26020	716	569	7.4326761591	0.0290501886639	0.0213998269961	0.00765036166781
ANATTNTC	4482	21211	22369	581	434	7.09841067775	0.0266611600587	0.019032583432	0.00762857662673
TCATNNTC	2649	20552	22943	493	369	8.05853440744	0.0234259919221	0.0158287577213	0.00759723420073
ANTANTTC	3197	20139	21742	537	407	6.97781475798	0.0259721416135	0.0183755474288	0.00759659418469
NTTTNATC	3641	18608	20281	454	336	6.98742022673	0.0238170181513	0.0162972304409	0.0075197877104
NANTAAAT	13356	35843	34102	1373	1044	7.0742653119	0.0368927343078	0.0297046605588	0.00718807374901
ATNTNTTC	6766	29473	32537	823	671	8.05738056641	0.0271653023501	0.020205974464	0.00695932788616
TCNTNTTC	3848	27843	32904	702	594	8.51102159626	0.0245927482922	0.0177324019344	0.00686034635773
AAATNNAT	21512	48229	46379	1803	1427	7.16756469136	0.0360369363607	0.0298498096473	0.0061871267134
