#Sequence	Occurrence	Forward Match	Backward Match	Forward Mismatch	Backward Mismatch	Strand Bias Score	FER (Forward Error Rate)	RER (Reverse Error Rate), ERD (Error rate Difference)
CCCC	2228	14128	14873	152	86	5.3565610677	0.0106442577031	0.00574904739622	0.00489521030686
NCCC	11068	74705	75038	534	330	11.4415154033	0.00709738300615	0.0043785160811	0.00271886692506
TTTT	257870	595004	630027	4499	3626	33.588485579	0.00750454960192	0.00572237486448	0.00178217473744
GCNC	7314	53442	53093	203	122	4.90919105116	0.00378413645261	0.00229258667669	0.00149154977592
NTTT	468327	1302524	1352621	6270	4931	47.6206679093	0.00479066988388	0.00363227338621	0.00115839649766
CCTT	15745	89925	90938	189	99	7.02016633515	0.00209734336507	0.00108746992981	0.00100987343526
TCTT	44392	212216	214072	415	210	15.8467927604	0.00195173798741	0.000980016986961	0.000971721000444
CTTT	41606	183864	188600	437	265	10.9349808117	0.00237112115507	0.00140311862971	0.000968002525358
TNTT	503429	1347250	1391947	5797	4655	36.818559096	0.00428440401553	0.00333308988531	0.000951314130222
TTNT	498217	1316752	1356904	6618	5518	30.4122007894	0.00500086899355	0.00405014011811	0.000950728875441
TTTN	468326	1295689	1343763	8152	7252	20.5854886618	0.00625229610052	0.00536781604941	0.000884480051107
NTGG	31164	198270	202209	645	487	6.21991031141	0.00324259105648	0.00240261277973	0.000839978276752
NCTT	88814	461908	464799	821	481	20.6814957987	0.00177425663833	0.00103378610729	0.000740470531045
NTNT	1171626	3133293	3190511	11515	9501	51.2711406976	0.0036615907871	0.00296905136606	0.000692539421043
TTCT	44532	199002	200085	636	502	4.25042772406	0.00318576623689	0.00250265470843	0.000683111528458
NTCT	82691	409214	409768	1238	972	7.82281735562	0.00301618703283	0.00236646053464	0.000649726498187
NNTT	943546	3073118	3141642	9180	7380	52.6456036116	0.00297829736125	0.00234358477013	0.000634712591126
TTCN	108209	516230	516399	1667	1341	8.50824200741	0.00321878674717	0.00259010314057	0.000628683606599
CTNT	79755	373837	378789	903	681	8.2008122887	0.00240967070502	0.00179460826943	0.000615062435594
ANTG	78501	365564	367967	1425	1207	4.94540908359	0.00388295017017	0.00326946101296	0.000613489157205
ATTT	140427	395371	402777	947	723	8.25676311045	0.00238949530428	0.00179182156134	0.000597673742938
NTGT	104079	433656	438966	1179	934	7.62163919956	0.00271137327952	0.00212320982041	0.000588163459106
NCNC	64479	407974	401820	1447	1197	5.05514328664	0.00353425935651	0.00297009803557	0.000564161320939
TTAA	83520	260744	260441	611	463	5.0901212832	0.00233781638002	0.00177459908625	0.000563217293766
CNTT	105641	494495	500925	885	621	11.6618442354	0.00178650732771	0.00123817157349	0.000548335754213
TTNN	943541	3064319	3117917	13440	12001	24.5027081171	0.0043668136459	0.00383428575445	0.000532527891452
TCTN	82692	412882	410940	868	656	6.95524476259	0.00209788519637	0.00159379585807	0.0005040893383
ATNT	513524	1100784	1107928	3041	2508	12.7791164502	0.0027549656875	0.00225857230853	0.000496393378961
GTNT	80130	341920	346890	953	794	4.34012406098	0.00277945478355	0.00228368288446	0.000495771899091
NTTN	943543	3067355	3124383	12926	11637	21.2784696418	0.00419637039608	0.0037107543957	0.000485616000378
ATAA	156346	360813	358156	690	514	6.0429510275	0.00190869785313	0.00143307218334	0.000475625669786
CTTN	88814	462395	464008	1188	985	4.98415524617	0.00256264789692	0.00211831145845	0.000444336438473
TNNT	1028427	3227180	3278992	10429	9204	22.1069468825	0.00322120428996	0.00279910321647	0.000422101073481
NTCN	224399	1178403	1167987	3267	2746	9.6770412223	0.00276473127015	0.0023455390768	0.000419192193351
NNGT	195291	987565	999674	2532	2146	8.80871473458	0.00255732519137	0.0021421013755	0.000415223815874
ANTT	269116	896428	908569	1827	1497	8.9438381048	0.00203394359063	0.00164493564203	0.000389007948598
NTAA	283278	850831	844674	1630	1291	8.84567066966	0.00191211093528	0.00152606786333	0.000386043071953
NNTG	249594	1228500	1239953	4476	4043	6.468806958	0.00363024097793	0.00325001045019	0.000380230527732
NCTN	181287	1024083	1018436	2214	1820	8.72116457428	0.00215727026387	0.0017838660101	0.000373404253772
NTNG	182457	997059	1006546	3594	3252	5.17883654171	0.00359165464951	0.00322044606941	0.000371208580102
TNTN	1171625	3140958	3186522	12282	11308	12.95551077	0.00389504129086	0.00353614795033	0.000358893340534
ANNG	208521	1043025	1049284	4026	3674	4.6791046616	0.0038450849099	0.0034892179935	0.000355866916404
NNCT	181286	1014853	1016188	2754	2431	5.19505697727	0.00270634930774	0.00238656455456	0.00031978475318
ANNT	922038	2716774	2730946	7243	6596	8.15262226355	0.00265894082159	0.00240946074983	0.000249480071762
ATNN	1026459	2848429	2840427	7463	6963	4.16274118895	0.00261319405636	0.0024453973639	0.000167796692456
