#Sequence	Occurrence	Forward Match	Backward Match	Forward Mismatch	Backward Mismatch	Strand Bias Score	FER (Forward Error Rate)	RER (Reverse Error Rate), ERD (Error rate Difference)
AGGCGNGA	2	52	343	12	2	8.22614156148	0.1875	0.00579710144928	0.181702898551
AGGCGGGA	2	52	343	12	2	8.22614156148	0.1875	0.00579710144928	0.181702898551
AACCCCCC	10	56	201	11	0	6.9090876039	0.164179104478	0.0	0.164179104478
CGGGACCA	1	93	312	17	1	9.21923232318	0.154545454545	0.00319488817891	0.151350566367
CGGGNCCA	5	95	312	17	1	9.11302548531	0.151785714286	0.00319488817891	0.148590826107
CGGGACNA	3	103	320	17	1	8.84810489863	0.141666666667	0.00311526479751	0.138551401869
CGGGNCNA	9	106	328	17	1	8.83822380918	0.138211382114	0.00303951367781	0.135171868436
CGGGANCA	5	143	364	22	1	10.3683180848	0.133333333333	0.0027397260274	0.130593607306
CGNGACCA	4	142	356	18	2	7.47896014588	0.1125	0.00558659217877	0.106913407821
ANCCCCCC	39	457	900	62	15	15.2168354701	0.119460500963	0.016393442623	0.10306705834
CCCCNCCC	28	406	484	56	14	7.74820271753	0.121212121212	0.0281124497992	0.0930996714129
ANCTCTGC	13	155	517	17	4	7.20476185927	0.0988372093023	0.00767754318618	0.0911596661161
CGGGACCN	6	239	561	24	1	10.9878736204	0.0912547528517	0.0017793594306	0.0894753934211
ACCCCCCC	19	332	547	39	11	7.64463360336	0.105121293801	0.0197132616487	0.0854080321518
CCCCCCNC	33	425	575	50	13	7.95264109453	0.105263157895	0.0221088435374	0.0831543143573
NCCCCCCC	47	781	1056	88	26	12.3808264718	0.101265822785	0.0240295748614	0.0772362479234
CNCCCCCC	31	551	700	59	14	9.16374374482	0.0967213114754	0.0196078431373	0.0771134683382
GCNGGACC	10	316	663	28	5	8.87958579803	0.0813953488372	0.00748502994012	0.0739103188971
ACCCNCCC	27	489	867	48	14	9.8039846832	0.0893854748603	0.0158910329171	0.0734944419432
AANCCCCC	29	282	586	24	4	7.80020103223	0.078431372549	0.00677966101695	0.0716517115321
CTTANGGC	17	372	421	30	2	7.34119841248	0.0746268656716	0.00472813238771	0.0698987332839
ACCCCCCN	38	599	997	54	16	10.2892013403	0.0826952526799	0.0157946692991	0.0669005833808
ANCCGCNC	22	356	542	28	4	7.10926973554	0.0729166666667	0.00732600732601	0.0655906593407
CGGGANCN	17	392	715	29	3	9.65630028748	0.0688836104513	0.0041782729805	0.0647053374708
CCCCCNCC	34	648	841	64	22	7.67444450602	0.0898876404494	0.0254924681344	0.064395172315
TGCGGCNA	8	457	542	35	4	7.63297717896	0.0711382113821	0.00732600732601	0.0638122040561
NACCCCCC	38	671	1028	50	6	13.5265496817	0.0693481276006	0.00580270793037	0.0635454196702
ANNCGCCC	19	583	1001	49	15	9.33310298673	0.0775316455696	0.0147637795276	0.0627678660421
AACCNCCC	25	563	790	39	2	12.072718552	0.0647840531561	0.00252525252525	0.0622588006309
ACCNCCCC	37	918	1299	72	15	13.9543686629	0.0727272727273	0.0114155251142	0.0613117476131
CCCCCCCN	47	877	1082	83	28	9.28242109904	0.0864583333333	0.0252252252252	0.0612331081081
CGGGNCCN	17	395	712	28	4	8.47156177151	0.0661938534279	0.00558659217877	0.0606072612491
NGCNGGAC	21	440	763	31	4	9.32266907456	0.0658174097665	0.00521512385919	0.0606022859073
TGCGGNAA	21	735	775	56	9	8.99146117383	0.070796460177	0.0114795918367	0.0593168683403
NNCCCCCC	119	1985	2670	160	46	22.8000472556	0.0745920745921	0.0169366715758	0.0576554030162
CNTGCGGA	10	553	602	33	0	10.3322681288	0.0563139931741	0.0	0.0563139931741
ACNCCCCC	31	799	1049	61	16	9.30065208974	0.0709302325581	0.0150234741784	0.0559067583797
NAACCCCC	27	375	612	24	3	7.03169183305	0.0601503759398	0.00487804878049	0.0552723271594
GCGGNAAT	15	707	725	49	7	8.29283262093	0.0648148148148	0.00956284153005	0.0552519732848
CCCNNCCC	64	907	1531	77	37	9.73523843874	0.0782520325203	0.0235969387755	0.0546550937448
CNCCCCNC	72	968	1472	71	21	11.9941197707	0.0683349374398	0.0140656396517	0.0542692977881
ACCTTNGC	25	493	560	31	3	6.79537171909	0.0591603053435	0.00532859680284	0.0538317085407
ANCNCCCC	89	1508	2264	111	34	17.5625111205	0.0685608400247	0.0147954743255	0.0537653656992
AACCCCCN	27	381	613	23	2	7.32926467558	0.0569306930693	0.00325203252033	0.053678660549
ANCCNCCC	73	1444	2139	103	28	17.6016800982	0.0665804783452	0.0129210890632	0.053659389282
GCNGCGNT	21	563	585	31	0	9.19448315462	0.0521885521886	0.0	0.0521885521886
NTGCNCGG	18	490	472	28	1	6.842194589	0.0540540540541	0.00211416490486	0.0519398891492
NCCCCNCC	91	1529	1974	118	41	13.5974221259	0.0716454159077	0.0203473945409	0.0512980213668
CGGGACNN	13	448	824	26	3	8.57041505713	0.0548523206751	0.00362756952842	0.0512247511467
NNCGGGAC	13	440	827	27	6	7.23189972701	0.0578158458244	0.00720288115246	0.050612964672
GCNGGACN	21	486	772	30	6	7.08397765583	0.0581395348837	0.00771208226221	0.0504274526215
ANACCCCC	40	769	925	51	12	7.71422853621	0.0621951219512	0.0128068303095	0.0493882916417
ANNCCCCC	111	1898	2380	128	34	17.7814004487	0.0631786771964	0.0140845070423	0.0490941701542
CCNCCCCC	44	974	1581	74	35	8.90581826065	0.0706106870229	0.0216584158416	0.0489522711813
CATCCCNT	63	731	1265	48	17	8.61706407155	0.0616174582798	0.0132605304212	0.0483569278586
NCNGGACC	29	625	1209	38	11	8.83941226228	0.0573152337858	0.00901639344262	0.0482988403432
ACCCNNCC	55	846	1287	55	17	9.02774289407	0.0610432852386	0.013036809816	0.0480064754227
CTAAAAAA	317	1106	1142	74	18	8.75772455407	0.0627118644068	0.0155172413793	0.0471946230275
NCCCCCCN	119	2025	2638	155	67	13.837110755	0.0711009174312	0.0247689463956	0.0463319710356
CANCTATC	63	565	699	29	2	7.70510200675	0.0488215488215	0.00285306704708	0.0459684817745
ACNCNCCC	69	1732	2404	105	29	16.4818836635	0.0571584104518	0.0119194410193	0.0452389694325
NCNCCCCC	98	2148	3433	143	61	18.4530707159	0.0624181580096	0.0174585002862	0.0449596577234
GCNGGANC	37	874	1300	49	11	9.95793867332	0.0530877573131	0.00839054157132	0.0446972157418
ANCTGCGN	36	1233	1140	63	6	11.2270146908	0.0486111111111	0.00523560209424	0.0433755090169
CNGGACCN	29	619	1085	33	8	7.75866255496	0.0506134969325	0.00731930466606	0.0432941922665
CNNGCGTC	15	725	641	34	1	7.94034747194	0.0447957839262	0.00155763239875	0.0432381515275
ACCCCCNC	36	1119	1405	66	18	9.36657042995	0.0556962025316	0.0126493323963	0.0430468701353
NACNCCCC	80	1491	2032	81	18	14.6118329733	0.0515267175573	0.00878048780488	0.0427462297524
ANCCCNCC	85	1744	2318	100	30	13.9676226059	0.0542299349241	0.0127768313458	0.0414531035783
NCCCCCNC	99	2029	2555	120	38	14.5287571241	0.0558399255468	0.0146548399537	0.041185085593
NCGGTTNC	51	643	1011	33	8	6.95921794586	0.0488165680473	0.00785083415113	0.0409657338962
NCCNCCCC	106	2271	3435	147	70	15.3902439079	0.060794044665	0.0199714693295	0.0408225753355
CCCCNCCN	91	1721	2209	112	46	10.6049680663	0.0611020185488	0.020399113082	0.0407029054668
ACNCCCCN	80	1526	2080	88	32	10.8052867289	0.0545229244114	0.0151515151515	0.0393714092599
ANCCCCNC	89	1724	2352	95	31	12.7985791735	0.0522264980759	0.0130088124213	0.0392176856545
CNCCCNCC	64	1499	1999	91	37	9.55133540036	0.0572327044025	0.0181728880157	0.0390598163868
ACCNNCCC	88	1905	2814	101	33	15.1436498846	0.0503489531406	0.0115911485774	0.0387578045631
CCCCCCNN	119	2041	2510	136	61	10.6200469024	0.0624712907671	0.023726176585	0.0387451141821
AGTCNNCC	41	968	1005	46	7	7.56168333245	0.0453648915187	0.00691699604743	0.0384478954713
NACCCCNC	79	1424	1921	68	14	12.8272191797	0.0455764075067	0.00723514211886	0.0383412653878
CTATCATC	71	814	964	37	5	7.71002317495	0.0434782608696	0.00515995872033	0.0383183021492
ACCCNCNC	71	1715	2440	87	26	13.4001163852	0.0482796892342	0.0105433901054	0.0377362991288
CNCCCCCN	98	2250	3396	139	72	12.9769704317	0.0581833403098	0.0207612456747	0.037422094635
CNTGCGGN	21	871	1066	38	5	8.1728421271	0.041804180418	0.0046685340803	0.0371356463377
GCANACAC	60	909	990	40	5	7.69789797704	0.0421496311907	0.00502512562814	0.0371245055626
ACCTNNGC	62	1315	1642	60	11	11.1609555919	0.0436363636364	0.00665456745312	0.0369817961832
CCNCCCCN	106	2356	3472	138	67	13.5282557485	0.0553327987169	0.0189319016671	0.0364008970498
ACCNCNCC	72	1459	2051	78	30	9.54344779842	0.0507482108003	0.0144161460836	0.0363320647166
TGCGGNNA	55	1497	1466	76	18	8.53397126521	0.0483153210426	0.0121293800539	0.0361859409887
TCTGCNGC	22	1385	1236	66	12	7.98532460509	0.0454858718125	0.00961538461538	0.0358704871972
ACCCCNCN	79	1347	1876	68	25	8.72120702204	0.0480565371025	0.013150973172	0.0349055639305
CCCCCNCN	99	2087	2538	118	49	10.155790106	0.053514739229	0.0189408581368	0.0345738810922
ANCCCCCN	109	2115	2649	108	38	11.9279090322	0.0485829959514	0.0141421659844	0.034440829967
ACNCCCNC	72	1856	2222	91	28	10.7681449894	0.0467385721623	0.0124444444444	0.0342941277179
NCCCNCCC	77	2035	2329	119	50	8.88641547785	0.0552460538533	0.021017234132	0.0342288197213
NACCCNCC	82	1525	2572	69	24	11.9977637359	0.043287327478	0.00924499229584	0.0340423351822
AGNCNTCC	48	1018	1046	40	4	7.89739444249	0.0378071833648	0.00380952380952	0.0339976595553
CACCAGTN	36	1168	1470	53	14	7.88658533714	0.043407043407	0.00943396226415	0.0339730811429
NNGTACCC	113	1438	2062	69	25	9.33044975527	0.0457863304579	0.0119789171059	0.033807413352
GNAGCATC	45	1143	1517	51	14	7.85304236471	0.0427135678392	0.00914435009798	0.0335692177412
AANCNCCC	104	1536	1949	71	21	9.68199763632	0.0441817050404	0.0106598984772	0.0335218065633
TGCGGNAN	48	1442	1604	69	20	7.79247077387	0.0456651224355	0.012315270936	0.0333498514995
ACNTNCGC	57	1375	1212	49	2	10.7633953748	0.0344101123596	0.00164744645799	0.0327626659016
AACACNGC	32	1090	909	42	4	6.97367340826	0.0371024734982	0.00438116100767	0.0327213124906
NTGTCNGC	68	1384	1194	49	2	10.40634843	0.0341939986043	0.00167224080268	0.0325217578017
NGCNCCTC	49	975	1260	40	9	7.00611652268	0.0394088669951	0.00709219858156	0.0323166684135
TNGTCNGC	56	1210	1084	46	5	7.77052495736	0.0366242038217	0.00459136822773	0.0320328355939
ACCCNCCN	82	1560	2656	79	44	8.67221841476	0.0482001220256	0.0162962962963	0.0319038257293
GCGGNAAN	51	1945	1829	92	25	8.35904030015	0.0451644575356	0.0134843581446	0.031680099391
CGGAANNG	68	1616	1565	76	21	7.3570951542	0.0449172576832	0.0132408575032	0.0316764001801
GCACANAC	64	1230	1210	51	10	6.80559167977	0.03981264637	0.00819672131148	0.0316159250585
NGAGCANC	87	1404	1421	56	10	8.27552829556	0.0383561643836	0.00698812019567	0.0313680441879
TNNCAGTC	57	1286	1206	53	10	6.88861368022	0.0395817774459	0.00822368421053	0.0313580932353
TTGNCNGC	55	1311	1149	47	4	8.36710415199	0.0346097201767	0.00346921075455	0.0311405094222
CCNCNCCC	79	1803	2615	90	44	8.70611068622	0.0475435816165	0.016547574276	0.0309960073404
CATNCATC	133	1452	1823	58	14	9.06941179976	0.0384105960265	0.00762112139358	0.0307894746329
ANGCNCGT	55	980	1007	33	2	7.5361611581	0.0325765054294	0.001982160555	0.0305943448744
TNTCGTGN	149	2211	1676	96	19	8.61225541865	0.0416124837451	0.011209439528	0.0304030442171
GNGACCNC	29	1187	1399	48	12	6.91334707096	0.0388663967611	0.00850460666194	0.0303617900992
TTGGCNTC	34	1189	1322	42	5	8.58432179708	0.034118602762	0.00376789751319	0.0303507052488
CCCNCNCC	73	1638	2349	82	42	7.33641760539	0.0476744186047	0.0175658720201	0.0301085465846
TANCATCC	191	1411	2193	68	36	6.90186331857	0.0459770114943	0.0161507402423	0.029826271252
TCNGCNGC	45	2095	1726	87	18	8.50577864979	0.0398716773602	0.0103211009174	0.0295505764428
GCNTNTGC	98	1594	1750	61	13	8.71441139212	0.0368580060423	0.00737379466818	0.0294842113741
NGTCGNAC	56	1815	1857	83	27	7.25557192745	0.0437302423604	0.0143312101911	0.0293990321693
NANCCCCC	109	2152	2640	92	31	10.386387088	0.0409982174688	0.0116061400225	0.0293920774463
TTCGCNNT	125	2037	2129	97	35	7.62845559534	0.0454545454545	0.0161737523105	0.029280793144
CCCCNNCC	86	2116	2726	106	52	8.14118140943	0.047704770477	0.0187185025198	0.0289862679572
ANNGACCC	74	1384	1348	50	8	7.53674882413	0.0348675034868	0.00589970501475	0.028967798472
GAGCANCN	87	1670	1737	68	18	7.69506803362	0.0391254315305	0.0102564102564	0.0288690212741
TCGANGAA	102	1769	1546	74	18	6.94310571493	0.0401519262073	0.0115089514066	0.0286429748006
ANNTGCGG	54	1341	1640	47	9	8.32381039604	0.0338616714697	0.00545785324439	0.0284038182254
CCCCCNNC	84	2219	2786	108	52	8.02939297072	0.0464116888698	0.0183227625088	0.028088926361
AACNNCCC	103	2201	2192	90	25	8.96317439418	0.0392841553907	0.0112764997745	0.0280076556162
CCATNGNC	67	1321	1648	42	5	9.65621264239	0.030814380044	0.00302480338778	0.0277895766562
GTNGGCNT	66	1279	1239	43	6	6.94139907676	0.0325264750378	0.00481927710843	0.0277071979294
CGNCCCCN	34	1984	1970	72	15	9.19630934997	0.0350194552529	0.00755667506297	0.0274627801899
TCGNGGNA	68	1838	1821	75	22	7.08131715652	0.0392054364872	0.0119370591427	0.0272683773445
TNACCATC	180	2061	2588	83	30	9.174952839	0.0387126865672	0.0114591291062	0.027253557461
TNGTCCNC	107	2131	2210	80	20	9.40053301174	0.0361827227499	0.00896860986547	0.0272141128844
NTCGGTNT	132	1856	1909	77	25	6.95468429856	0.0398344542162	0.0129265770424	0.0269078771738
GNTTCNGC	76	2068	2679	75	22	10.5302426204	0.0349976668222	0.0081451314328	0.0268525353894
TCGGTNTN	132	1906	1940	78	25	6.93663164719	0.039314516129	0.0127226463104	0.0265918698186
NACCCCCN	110	2736	3383	113	45	10.6731895621	0.039663039663	0.0131271878646	0.0265358517984
CCNNCCCC	92	2353	3752	105	62	9.30765147371	0.0427176566314	0.0162558993183	0.0264617573131
CATCGNCA	75	1256	1485	41	8	6.96745378715	0.0316114109483	0.00535833891494	0.0262530720334
CTTANNGC	92	1864	1583	65	12	7.40320526431	0.0336962156558	0.00752351097179	0.026172704684
CNCCAGTN	73	2142	2363	82	26	8.42182257319	0.0368705035971	0.0108832147342	0.0259872888629
CNTCCCNT	196	2292	3229	103	56	8.15593868622	0.043006263048	0.0170471841705	0.0259590788775
CNNCCCCC	87	2542	3340	115	59	8.62632544919	0.0432818968762	0.0173580464843	0.0259238503919
NNACCCCC	110	2713	3438	110	46	10.0986339093	0.0389656393907	0.0132032146958	0.025762424695
TNGTAGTC	127	1756	2968	70	38	7.8279640294	0.0383351588171	0.0126413838989	0.0256937749182
TANGTTAT	791	3013	2768	140	53	7.77194191657	0.0444021566762	0.018787663949	0.0256144927272
GCNCANAC	121	1769	1779	60	13	7.72112884769	0.0328048113723	0.00725446428571	0.0255503470866
AGCTNNTC	167	2248	2368	77	19	9.43389142093	0.0331182795699	0.00795978215333	0.0251584974166
CANCNATC	168	2035	2492	67	17	9.90532056328	0.0318744053283	0.00677560781188	0.0250987975164
ANTCGNAC	135	2080	2128	76	22	7.55775823013	0.0352504638219	0.0102325581395	0.0250179056824
TCTTCCTC	98	1891	2376	65	20	8.48646150121	0.0332310838446	0.00834724540902	0.0248838384356
AACNCNGC	65	1859	1743	63	14	7.05274288468	0.0327783558793	0.00796812749004	0.0248102283893
ACGTTNNC	143	2078	2511	72	22	8.828428602	0.033488372093	0.00868535333597	0.0248030187571
TTGTCNTC	165	1849	2405	64	21	8.22296188838	0.0334553058024	0.00865622423743	0.024799081565
NACCNCCC	98	2730	3743	109	52	9.85041168943	0.038393800634	0.0137022397892	0.0246915608448
TTGGCNNC	72	1781	1966	60	16	7.42184673177	0.0325909831613	0.00807265388496	0.0245183292764
NAGTAGTC	133	1798	3222	68	39	7.98811241419	0.0364415862808	0.0119595216191	0.0244820646617
TNGNAGTC	187	3286	4476	120	49	12.9250005827	0.0352319436289	0.0108287292818	0.0244032143471
NCGTTNAC	97	1553	1712	49	11	6.90413876616	0.0305867665418	0.00638421358096	0.0242025529609
GNNGCAAC	93	2179	2417	70	17	9.19768082254	0.0311249444197	0.00698438783895	0.0241405565808
NCATCCCN	142	2178	3270	94	58	7.03444559433	0.0413732394366	0.0174278846154	0.0239453548212
GCANCCNT	94	1973	2109	69	21	7.07312146116	0.0337904015671	0.00985915492958	0.0239312466375
NCCNCGTC	55	2055	2482	72	25	7.9004358316	0.033850493653	0.00997207818109	0.0238784154719
NCATCAAC	158	2092	1910	73	19	6.89575718237	0.0337182448037	0.00984966303784	0.0238685817659
NCNGAAAC	153	2803	2693	104	33	8.24621174619	0.0357757137943	0.012105649303	0.0236700644913
ACCCCCNN	110	2656	3379	113	59	7.66767456085	0.0408089563019	0.0171611401978	0.0236478161041
NGCACCNC	68	2450	2972	88	34	8.48195060777	0.0346729708432	0.0113107119095	0.0233622589337
TAGTNGTC	121	1790	2866	65	34	7.01820082114	0.0350404312668	0.011724137931	0.0233162933358
TNGGCNTC	63	1878	2090	57	13	8.09173602097	0.0294573643411	0.00618164526866	0.0232757190724
ANGTTTTC	300	2677	2938	101	39	8.0567866056	0.0363570914327	0.0131004366812	0.0232566547515
GCNGCNAT	70	2718	2644	98	31	8.00075833229	0.0348011363636	0.0115887850467	0.0232123513169
TNGTCNCC	123	2747	3543	87	27	11.5631713956	0.030698659139	0.00756302521008	0.0231356339289
NAAACCNC	199	4001	4046	143	47	11.7404298797	0.0345077220077	0.0114830197899	0.0230247022178
TTACCNTC	163	2190	2802	81	36	7.3009053696	0.0356671070013	0.0126849894292	0.0229821175721
NCGTTANC	150	2319	2564	86	34	6.84934260195	0.0357588357588	0.0130869899923	0.0226718457665
AGCANCNC	83	2449	3230	92	45	7.60918551036	0.0362062180244	0.0137404580153	0.0224657600091
ACCNCCCN	98	2667	3699	108	62	7.6069463613	0.0389189189189	0.0164849773996	0.0224339415193
TCTNCCTC	118	2095	2622	68	24	7.77989414533	0.0314378178456	0.00907029478458	0.022367523061
NGNTGTAC	281	3579	3435	124	39	9.98362089806	0.0334863624089	0.0112262521589	0.02226011025
TTGTCNNC	332	4606	5312	150	50	14.6955126888	0.0315391084945	0.00932487877658	0.022214229718
GCANCCTN	80	1785	1917	52	12	7.0511496601	0.028307022319	0.00622083981337	0.0220861825056
TCTGCNNC	131	3473	4075	121	48	10.4046831692	0.0336672231497	0.0116420082464	0.0220252149033
NGNCGTCA	75	2592	2256	80	18	7.86920783553	0.0299401197605	0.00791556728232	0.0220245524782
NANAGAGT	342	2918	2670	98	29	7.87436899121	0.0324933687003	0.0107447202668	0.0217486484335
TCGNTTNC	208	3009	3056	106	38	8.0482433711	0.0340288924559	0.0122818358112	0.0217470566446
GCANCNCC	74	2612	2829	85	28	8.03645701632	0.0315164998146	0.0098004900245	0.0217160097901
NCGTNATC	216	3178	3438	101	32	9.99096136149	0.030802073803	0.00922190201729	0.0215801717857
CTNAAAAA	888	4142	4148	185	90	7.88172869726	0.0427547954703	0.0212364322794	0.0215183631909
NCGTTNTC	259	3466	4056	123	53	9.49272971868	0.0342713847868	0.0128985154539	0.021372869333
TCCTNCTC	126	2158	3459	64	26	9.24997048381	0.028802880288	0.00746054519369	0.0213423350943
NNCGTTAT	427	3280	3383	126	54	7.44585081071	0.0369935408103	0.0157113762002	0.0212821646102
GCANANAC	251	4468	4037	148	44	11.3576592017	0.0320623916811	0.010781671159	0.0212807205221
GCTNNTGC	103	2852	3064	92	31	8.36763348862	0.03125	0.0100161550889	0.0212338449111
TNATCGTC	133	2007	2435	59	18	7.37588744976	0.0285575992256	0.00733795352629	0.0212196456993
NNCTGGTT	171	2728	3033	92	35	7.6350950114	0.0326241134752	0.011408083442	0.0212160300332
NNCCCACC	81	2328	2476	75	25	6.86485832383	0.0312109862672	0.00999600159936	0.0212149846678
NTTTTGTC	413	3782	4067	145	65	8.74189820147	0.0369238604533	0.0157308809293	0.0211929795239
ACNNCCCC	92	3032	3052	113	46	6.92289573742	0.0359300476948	0.0148482892189	0.0210817584759
TTGTNNGC	236	4353	4158	144	46	11.2057483394	0.032021347565	0.0109419600381	0.021079387527
ACCCCNNC	96	2577	2880	89	36	7.01897877449	0.0333833458365	0.0123456790123	0.0210376668241
CNNCTATC	206	3242	3810	105	40	9.67955378597	0.0313713773529	0.0103896103896	0.0209817669632
NCATCGNC	124	2281	2588	59	11	9.63318902264	0.0252136752137	0.0042323970758	0.0209812781379
NTATCATC	880	5895	7391	214	107	14.4829336587	0.0350302831887	0.0142704721259	0.0207598110628
NCGNTTTC	220	3237	4102	117	59	8.29263025943	0.0348837209302	0.014179283826	0.0207044371042
NGAGATNC	161	2776	2598	92	30	6.93431080063	0.0320781032078	0.0114155251142	0.0206625780937
GANTAANC	292	2557	2530	77	22	7.44444015112	0.0292331055429	0.00862068965517	0.0206124158877
NGNGTCAC	64	2688	2691	75	18	8.78107955283	0.0271444082519	0.00664451827243	0.0204998899795
TAGTANTC	214	2765	4060	100	60	7.46677350801	0.0349040139616	0.0145631067961	0.0203409071655
GCAANNAC	172	3189	2762	91	21	8.68448182815	0.027743902439	0.00754581386992	0.0201980885691
TCNTCCTC	227	3985	5859	114	45	14.4112473639	0.0278116613808	0.00762195121951	0.0201897101613
ATNTGTTC	588	3565	3791	132	60	7.5504849349	0.0357046253719	0.0155803687354	0.0201242566365
NAGTNGTC	228	4111	4869	137	60	10.4328086911	0.0322504708098	0.0121728545344	0.0200776162754
GTCNCCAC	27	1483	1921	36	7	7.04017701507	0.0236998025016	0.00363070539419	0.0200690971075
TNANCGTC	213	3144	3612	94	33	9.13935659573	0.029030265596	0.00905349794239	0.0199767676537
ATTNGNTC	577	4506	4743	170	79	8.99485752401	0.0363558597092	0.0163832434674	0.0199726162417
TTTTCATC	400	3148	3286	105	41	7.48885259597	0.0322778973255	0.0123234144875	0.019954482838
TNATCGNC	205	3015	3483	89	31	8.85624434802	0.0286726804124	0.0088218554354	0.019850824977
GNTTCTNC	388	5798	5841	181	62	13.353675757	0.0302726208396	0.0105031339997	0.0197694868399
NCTTCCTC	146	2531	3432	79	37	7.40747999405	0.0302681992337	0.0106658979533	0.0196023012804
GANTNACC	158	2916	3053	95	37	6.88099082365	0.0315509797409	0.0119741100324	0.0195768697086
TCNNCGTC	249	7426	8930	200	60	23.0665323121	0.0262260687123	0.00667408231368	0.0195519863986
TCNTCGTC	187	6724	7828	175	46	21.4570321217	0.0253659950717	0.00584201168402	0.0195239833877
ATNTGNTC	1030	7180	7716	245	106	14.7236902509	0.0329966329966	0.01355152135	0.0194451116466
ANTTAGNC	205	3035	2722	88	24	7.57848041425	0.0281780339417	0.00873998543336	0.0194380485084
TNGCNTCC	96	2704	3088	80	29	7.53213432748	0.0287356321839	0.0093038177735	0.0194318144104
NNGTCACC	112	3162	3332	86	24	9.34258511985	0.0264778325123	0.00715137067938	0.0193264618329
TCTNCGNC	150	4490	5535	138	59	11.5367866252	0.0298184961106	0.0105470146586	0.0192714814521
TAGNANTC	391	4598	5973	153	79	10.8255682223	0.0322037465797	0.0130535360212	0.0191502105585
TCGNNGTC	79	3978	4744	102	28	13.3414857682	0.025	0.00586756077117	0.0191324392288
ANTTTATC	723	4368	4401	151	64	8.55514784809	0.0334144722284	0.0143337066069	0.0190807656214
NTGGCNTC	88	2256	2842	62	22	7.05277486109	0.0267471958585	0.00768156424581	0.0190656316127
TTANCATC	642	5152	6151	175	86	11.0306201904	0.0328515111695	0.0137886804553	0.0190628307142
ATNNGTTC	864	5716	5809	198	85	10.7111676466	0.033479878255	0.0144214455378	0.0190584327172
TCATNGNC	211	2900	3298	86	33	7.38868892851	0.0288010716678	0.0099069348544	0.0188941368134
TCNTCGNC	244	7739	9106	201	59	22.8214711073	0.025314861461	0.00643753409711	0.0188773273638
TCGTNNCC	101	2561	3435	74	32	7.55411485789	0.0280834914611	0.00922988174214	0.018853609719
TTGTNCNC	335	4821	4915	167	73	9.11933249476	0.0334803528468	0.0146351242983	0.0188452285485
NCGTTTNC	235	4009	4435	121	47	9.67618004793	0.0292978208232	0.0104863900045	0.0188114308188
TCTTCGNC	97	2949	2976	77	20	8.43870967319	0.0254461335096	0.00667556742323	0.0187705660864
TCTTTANC	337	3465	3951	119	58	7.1687219306	0.033203125	0.0144674482415	0.0187356767585
TNACCNTC	412	5689	6749	183	85	12.4195830894	0.0311648501362	0.0124378109453	0.018727039191
NNGTCGTC	120	5187	6036	130	35	15.7867973115	0.0244498777506	0.00576511283149	0.0186847649191
TNGTNGTC	288	7621	9938	219	93	20.2421354944	0.0279336734694	0.0092712590968	0.0186624143726
TCCTNNTC	769	9709	12320	275	111	25.5058469264	0.0275440705128	0.00892928967903	0.0186147808338
TCACCANC	103	2491	3080	69	26	7.23373601115	0.026953125	0.00837089504185	0.0185822299581
TNNTCGTC	402	10012	11806	272	94	26.2887757525	0.0264488525865	0.00789915966387	0.0185496929227
ANCGTCNT	227	3834	4117	135	65	7.22378724752	0.0340136054422	0.0155428024868	0.0184708029553
TGTNCTTC	215	2819	3374	86	38	6.86414749252	0.029604130809	0.0111371629543	0.0184669678547
NAGTANTC	417	4502	6365	144	81	10.7533852425	0.0309944037882	0.0125659323612	0.0184284714271
TCTTNCTC	230	2901	3559	90	42	6.92014967876	0.0300902708124	0.0116634268259	0.0184268439866
NTNCGTTA	437	5112	5372	168	73	9.71381580302	0.0318181818182	0.013406795225	0.0184113865932
CNNTCATC	411	5197	5630	153	58	11.5496181451	0.0285981308411	0.0101969057665	0.0184012250746
GNAGCANC	142	4247	4620	132	55	9.14160194019	0.0301438684631	0.0117647058824	0.0183791625808
GTCGNNTT	156	3882	4131	138	67	7.07241428878	0.034328358209	0.0159599809433	0.0183683772656
TNGTANTC	555	5982	7391	200	105	12.1357129754	0.0323519896474	0.014007470651	0.0183445189963
TNGTCGNC	90	4174	5258	106	34	12.6910033864	0.0247663551402	0.00642479213908	0.0183415630011
NTCGNCTT	196	4713	5525	162	84	8.95846236625	0.0332307692308	0.0149759315386	0.0182548376922
NCGTCANC	134	2657	2639	69	19	6.92721252792	0.025311812179	0.0071482317532	0.0181635804258
TNGTCGTC	61	3455	4536	86	28	11.2535399605	0.0242869245976	0.00613496932515	0.0181519552724
NGTACCNT	316	4324	4952	156	84	7.72243861206	0.0348214285714	0.0166799046863	0.0181415238852
NAGNAATC	429	4679	4582	133	44	10.3275230001	0.0276392352452	0.00951145698227	0.0181277782629
ANGACANC	237	3755	3434	109	35	7.82620199643	0.0282091097308	0.0100893629288	0.0181197468021
NNGTAGTC	216	3359	5001	103	59	8.50747576589	0.0297515886771	0.0116600790514	0.0180915096257
TGCNGNAA	211	4740	4123	172	71	7.16644426193	0.035016286645	0.0169289461135	0.0180873405315
TCANCNCC	191	3881	4894	128	69	7.99111913182	0.0319281616363	0.0139028813218	0.0180252803145
TNATNGAC	321	3732	3903	127	59	6.81672730477	0.0329100803317	0.0148914689551	0.0180186113766
NCNTCCTC	344	5805	8663	157	73	16.9281269568	0.0263334451526	0.00835622710623	0.0179772180464
TNCTCCTC	122	2255	3787	56	24	8.14424612772	0.0242319342276	0.00629755969562	0.017934374532
TNNTCCTC	678	8800	11896	247	113	22.210107066	0.0273018680225	0.00940960945957	0.017892258563
NTGTANCC	300	3705	3954	117	51	7.31735747056	0.030612244898	0.012734082397	0.017878162501
TCCTCNTC	248	5120	7178	132	53	15.0889331193	0.025133282559	0.00732955331213	0.0178037292469
TCGTCTNC	68	2538	3165	65	23	7.27668804053	0.0249711870918	0.00721455457967	0.0177566325121
TNTGCNGC	104	3506	3486	105	40	7.08623596495	0.029077817779	0.0113442994895	0.0177335182895
GCTNCTNC	167	3823	3950	117	48	7.61212951166	0.0296954314721	0.0120060030015	0.0176894284706
AGTNNGTC	135	3436	3154	98	32	6.99069400736	0.0277306168647	0.0100439422473	0.0176866746174
TNTTCCTC	363	4463	5743	127	58	10.6502164952	0.0276688453159	0.00999827615928	0.0176705691566
GAATNANC	601	5586	5814	158	58	11.4790038331	0.0275069637883	0.00987738419619	0.0176295795921
TTNTCGNC	224	4012	5123	145	90	7.05917080808	0.0348809237431	0.0172645309802	0.0176163927628
GTCNNCAC	94	3464	3444	91	28	8.09700724696	0.0255977496484	0.00806451612903	0.0175332335194
CNNGAATT	425	4319	4164	148	66	6.96472742077	0.0331318558317	0.0156028368794	0.0175290189522
TCGTCNNC	225	7397	8989	178	54	20.7805775816	0.023498349835	0.00597146964503	0.01752688019
AGTANNTC	378	4855	4430	141	48	9.24893270034	0.0282225780624	0.0107190710138	0.0175035070486
NCNTCGTC	268	8517	10419	210	69	22.9371131271	0.0240632519766	0.00657894736842	0.0174843046082
NGTANGTC	197	4191	4012	120	42	8.40505729569	0.0278357689631	0.0103601381352	0.0174756308279
TNGTCNTC	422	9774	11835	248	87	24.8132383818	0.0247455597685	0.00729743331656	0.017448126452
AACNGNTT	372	4904	5068	164	77	7.98508312977	0.0323599052881	0.0149659863946	0.0173939188935
NCATCCNC	221	3331	4631	102	58	7.3992943429	0.0297116224876	0.0123693751333	0.0173422473543
CNATCNTC	297	3357	4160	104	54	6.79593855804	0.0300491187518	0.0128144280968	0.017234690655
NNTTGGTC	217	3960	4002	101	31	9.24193077682	0.0248707214972	0.00768658566824	0.0171841358289
NCTTNAGC	169	2822	3079	70	22	7.16396774038	0.0242047026279	0.00709448564979	0.0171102169781
NCTGCNGC	74	3620	4029	103	43	7.66926258873	0.0276658608649	0.0105599214145	0.0171059394504
NNAGCAAC	197	3394	3393	93	33	6.95905687511	0.0266704903929	0.00963222416813	0.0170382662248
NCCTTANC	299	3801	4574	113	55	7.73752815741	0.0288707204905	0.0118816158998	0.0169891045908
TTNTCATC	1023	7182	8150	227	113	12.2919524436	0.0306384127413	0.0136754205494	0.0169629921918
GCNATTNT	468	4448	4931	154	83	6.97307971891	0.0334637114298	0.0165536497806	0.0169100616492
CANNCATC	269	3604	4273	103	47	7.53358158215	0.0277852711087	0.0108796296296	0.0169056414791
NCANCGTC	138	2603	3151	61	19	7.60473695494	0.0228978978979	0.00599369085174	0.0169042070462
ACCTCNNC	132	3106	3975	72	23	9.34283504135	0.0226557583386	0.00575287643822	0.0169028819004
TANNAGTC	337	3736	4674	118	65	6.99321528339	0.030617540218	0.0137159738341	0.0169015663838
ATTNNGTC	412	4604	4609	137	56	8.23924451072	0.0288968572031	0.0120042872454	0.0168925699577
NNAGTACC	243	4404	4703	128	54	8.49125032278	0.0282436010591	0.011351692243	0.0168919088161
CNTCGNCA	177	3784	4217	104	42	8.119521851	0.0267489711934	0.0098614698286	0.0168875013648
ANNGAATC	538	4918	4502	141	50	8.74527020547	0.0278711207749	0.0109841827768	0.0168869379981
ACCNCCNC	159	6135	6905	189	91	10.7421822435	0.0298861480076	0.0130074328188	0.0168787151888
TCCTNTTC	380	3904	4598	115	55	7.65741887761	0.0286140831053	0.0118203309693	0.016793752136
NCCNTATC	344	3261	3913	85	34	7.83040818742	0.0254034668261	0.00861413731948	0.0167893295066
TTGNCNTC	283	4557	5540	133	65	8.96053724597	0.0283582089552	0.0115967885816	0.0167614203736
TNGTCANC	332	5222	5860	124	38	12.7521453319	0.0231949120838	0.00644286198711	0.0167520500967
ANGTTNTC	676	6030	6704	192	96	9.89112775882	0.0308582449373	0.0141176470588	0.0167405978785
NCTNCGTC	145	3948	4659	109	48	8.27008285221	0.0268671432093	0.0101975780752	0.0166695651341
TNNGCTTC	254	3735	4214	110	51	7.02099281552	0.0286085825748	0.0119577960141	0.0166507865607
TCGTNNTC	374	9114	10160	235	87	19.0395508847	0.0251363782223	0.00849028984093	0.0166460883813
TCGTNGTC	53	3239	3983	75	24	9.18350054432	0.0226312613156	0.0059895183429	0.0166417429727
ANTTNGTC	451	6383	6341	195	84	9.97746224689	0.0296442687747	0.0130739299611	0.0165703388136
TCGTCNTC	154	5848	6928	133	40	15.1695252585	0.0222370840996	0.00574052812859	0.0164965559711
GTNNCCAC	133	3866	4777	99	41	9.02840850741	0.0249684741488	0.0085097550851	0.0164587190637
TCGTNTTC	156	3576	3869	99	41	7.08476788038	0.0269387755102	0.0104859335038	0.0164528420064
NGCANCAC	132	4719	5285	146	73	7.78525035308	0.0300102774923	0.0136244867488	0.0163857907435
NCGTNTTC	305	5743	6655	167	80	10.3153409514	0.0282571912014	0.0118782479584	0.0163789432429
TCGTCGTC	40	2839	3608	65	22	7.9471312285	0.0223829201102	0.00606060606061	0.0163223140496
NTANCATC	1370	12696	14097	399	204	19.0065477207	0.0304696449026	0.0142647367317	0.0162049081709
TCNTNCTC	532	7124	9266	196	99	14.2853722576	0.0267759562842	0.0105712760278	0.0162046802564
NGATGNAC	388	5289	5291	150	61	8.70537786227	0.0275785990072	0.0113976083707	0.0161809906365
NCGTCNTC	212	7024	8214	165	56	16.2945247031	0.0229517318125	0.00677146311971	0.0161802686928
TTGTANNC	648	5153	5376	158	74	7.94268342948	0.029749576351	0.0135779816514	0.0161715946996
TNGTNATC	727	7842	9201	238	124	12.8534120306	0.0294554455446	0.0132975871314	0.0161578584132
ACCTNCNC	162	3820	4236	100	40	7.78757559	0.0255102040816	0.00935453695042	0.0161556671312
TCCNTNCC	208	3594	3906	97	40	7.03222319274	0.0262801408832	0.0101368474404	0.0161432934428
TCGTCGNC	46	2873	3655	65	22	7.95115644414	0.0221238938053	0.00598313842807	0.0161407553772
NNATCGTC	262	3565	4304	90	37	8.06529605765	0.0246238030096	0.00852338170928	0.0161004213003
TNCGTTAN	437	5103	5361	161	79	7.53551235008	0.030585106383	0.0145220588235	0.0160630475594
TNGTCTNC	239	4560	5735	117	52	9.77922102089	0.0250160359205	0.00898565750821	0.0160303784123
NANGAATC	650	5591	5780	158	67	9.21324525576	0.0274830405288	0.0114588677955	0.0160241727333
CCNTCNTC	302	4415	5206	120	55	8.40589165642	0.0264608599779	0.0104542862574	0.0160065737206
NCTTCGTC	104	3131	3483	76	27	7.11527570499	0.0236981602744	0.00769230769231	0.0160058525821
GCNNCACC	80	3199	3836	77	29	7.49666152928	0.0235042735043	0.00750323415265	0.0160010393516
NCCTNCTC	206	3676	5345	88	40	9.53200635261	0.0233793836344	0.00742804085422	0.0159513427802
GTTTNCNC	197	3708	4538	98	45	7.66150354967	0.0257488176563	0.0098188959197	0.0159299217366
TNACCANC	362	6170	7735	174	90	11.3107883474	0.0274274905422	0.0115015974441	0.0159258930982
TTNTCNGC	226	4641	4980	127	54	8.34959941982	0.0266359060403	0.0107270560191	0.0159088500212
TCGTNTNC	272	5146	5797	140	62	9.2844891963	0.0264850548619	0.010582010582	0.0159030442799
AGTNANTC	285	3992	3734	102	34	7.32704378213	0.0249145090376	0.00902335456476	0.0158911544729
NNGAAATC	440	4963	4518	139	52	7.91680179142	0.0272442179537	0.0113785557987	0.0158656621551
NCTNTATC	742	7568	8093	233	115	11.0494359968	0.0298679656454	0.0140107212476	0.0158572443979
CNNTATTC	614	5341	5932	151	70	8.9905752713	0.0274945375091	0.0116627790736	0.0158317584355
NCANCAAC	511	7743	6845	235	95	10.0238470167	0.029456004011	0.0136887608069	0.0157672432041
NNGTAATC	357	3988	4207	99	36	8.03560930672	0.0242231465623	0.00848456280933	0.0157385837529
CNATNATC	540	5667	6268	168	83	8.81425867907	0.0287917737789	0.0130688080617	0.0157229657172
TCACCNNC	205	4900	5591	136	64	8.45154956437	0.0270055599682	0.011317418214	0.0156881417543
TTGTNNTC	957	8846	10403	295	176	11.9796358382	0.0322721802866	0.0166367331506	0.015635447136
TCCNNATC	438	5371	5952	130	48	10.7061966008	0.0236320668969	0.008	0.0156320668969
TTTTCANC	630	5687	5972	157	68	9.17556583794	0.0268651608487	0.0112582781457	0.015606882703
TCCTNCNC	229	3860	5908	105	65	8.16247201672	0.0264817150063	0.0108823037	0.0155994113063
NCCTCNTC	367	7542	10337	179	79	17.5109621885	0.0231835254501	0.00758448540707	0.015599040043
GTCNNCTT	274	4957	6166	154	91	7.73991909588	0.0301310898063	0.0145437110436	0.0155873787627
ACNACANC	494	7379	6587	200	72	10.7202152217	0.026388705634	0.0108124342994	0.0155762713345
GNTGNAAC	228	4956	4964	135	55	8.15993846515	0.0265173836181	0.0109583582387	0.0155590253795
NATTTATC	778	4678	4884	143	70	6.81491695804	0.0296618958722	0.0141299959629	0.0155318999094
TCGNCGTC	46	2919	3656	65	23	7.50191847419	0.0217828418231	0.0062516988312	0.0155311429919
GTNNCATC	286	4089	4788	111	53	7.30029548672	0.0264285714286	0.0109481512084	0.0154804202201
TNCTCNTC	637	8949	11484	225	105	17.8368634661	0.0245258338784	0.00906031581672	0.0154655180616
TCTTCNTC	917	13523	14719	347	142	23.1694030381	0.0250180245133	0.00955521162775	0.0154628128856
CCNNCATC	208	3886	4245	95	36	7.80847705638	0.0238633509169	0.00840925017519	0.0154541007417
GANNAATC	556	5712	5858	158	68	8.83872510882	0.0269165247019	0.0114748565643	0.0154416681376
TNGNAATC	356	4360	4531	120	52	7.13651270919	0.0267857142857	0.0113462797294	0.0154394345563
NCGTCGTC	51	3005	3777	66	23	7.73565667297	0.021491370889	0.00605263157895	0.01543873931
ACNTCCNC	154	3853	4698	100	47	7.46408909654	0.0252972426006	0.00990516332982	0.0153920792707
GTCGNCNT	101	4403	5456	132	76	6.99125541944	0.0291069459757	0.0137382501808	0.015368695795
TCGTNANC	225	4025	4563	99	40	8.03311190927	0.0240058195926	0.00868998479253	0.0153158348001
NCAANAGC	192	3358	3355	78	25	6.8428751447	0.022700814901	0.00739644970414	0.0153043651969
NTTTNGTC	683	7571	8241	235	124	10.2034013724	0.0301050473994	0.0148236700538	0.0152813773456
CCNTCANC	236	4460	4816	115	48	7.92566736838	0.0251366120219	0.00986842105263	0.0152681909692
NCGTCGNC	64	3504	4158	76	25	8.42404771868	0.0212290502793	0.00597657183839	0.0152524784409
NCTTTANC	617	7283	8203	219	116	10.3770639963	0.0291922154092	0.0139439836519	0.0152482317573
TCNCCNTC	304	4631	5763	133	74	7.59519395774	0.0279177162049	0.0126777454172	0.0152399707877
NCNTTATC	982	8648	9557	283	160	10.8912880765	0.0316873810324	0.0164659874447	0.0152213935877
TNNCATCC	477	5713	7449	180	116	8.46560878741	0.0305447140675	0.015333773959	0.0152109401085
GNATAANC	500	4816	4826	133	57	7.39420936497	0.026874115983	0.011673151751	0.0152009642321
NCTTCGNC	147	4376	4856	112	48	7.8620486356	0.0249554367201	0.00978792822186	0.0151675084983
TNTTCGNC	278	5839	6590	173	91	8.46981904105	0.0287757817698	0.0136207154618	0.015155066308
NTNTTGTC	866	8065	8656	268	150	9.71616563705	0.0321612864515	0.0170338405633	0.0151274458882
TTNNCATC	1558	14594	16076	439	231	19.2655737545	0.0292024213397	0.0141656957135	0.0150367256262
TCNTCNTC	2131	33429	38390	820	345	57.9083367268	0.0239423048848	0.00890667355105	0.0150356313338
TNGNCGTC	82	3945	5019	91	38	8.52695104166	0.0225470763132	0.00751433656318	0.01503273975
TANTNGTC	506	5604	7163	166	100	8.58120904834	0.0287694974003	0.0137684152554	0.0150010821449
TNTNCCTC	588	7157	8791	187	93	12.3509075774	0.025462962963	0.0104682575416	0.0149947054213
NTTNTGTC	840	8447	9571	262	147	11.0730937929	0.0300838213343	0.0151265692529	0.0149572520813
TANNAATC	1377	8333	8548	232	105	11.6746692882	0.0270869819031	0.0121345198197	0.0149524620834
TCNNCTCC	197	4108	5344	113	64	7.02594084941	0.0267709073679	0.0118343195266	0.0149365878413
ANTTGNTC	702	6534	6873	194	97	8.68860095014	0.0288347205707	0.0139167862267	0.0149179343441
ATNNTCGT	608	6772	7322	233	137	7.71310639901	0.0332619557459	0.0183670733342	0.0148948824117
CANAGNTC	209	4514	4482	118	48	7.15656916693	0.0254749568221	0.0105960264901	0.014878930332
CNTNCATC	374	5047	5563	136	64	7.81651194019	0.0262396295582	0.0113737337835	0.0148658957746
NCGTNGTC	76	3745	4525	82	30	8.38107634099	0.0214267049909	0.00658616904501	0.0148405359458
NANTAATC	1237	7939	8421	206	89	12.2073069081	0.0252915899325	0.0104582843713	0.0148333055611
CCNCCNCC	168	6285	8361	193	127	9.13132146239	0.0297931460327	0.0149622997172	0.0148308463155
GTANCANC	314	4910	5355	120	49	8.44567943197	0.0238568588469	0.00906735751295	0.014789501334
TCGTNGNC	90	4164	5454	90	35	9.63503607253	0.0211565585331	0.00637638914192	0.0147801693912
ANTGAANC	536	5824	5789	162	72	7.95654572374	0.0270631473438	0.0122845930729	0.0147785542709
TCGNCGNC	56	3128	3873	66	23	7.45920758473	0.020663744521	0.00590349075975	0.0147602537612
ACTTNNTC	577	6519	7006	180	86	9.33077582013	0.0268696820421	0.0121263395375	0.0147433425046
TNTANGTC	712	10648	10704	314	151	13.1524171056	0.0286444079548	0.0139106402579	0.0147337676968
TCNTCNCC	311	5151	7092	151	99	8.02201112299	0.0284798189363	0.0137672090113	0.014712609925
TCNNTATC	1117	9677	10902	287	156	12.7342298419	0.0288036932959	0.0141074335323	0.0146962597636
TCNNCCTC	316	5872	8394	138	70	12.3713216035	0.0229617304493	0.00827032136106	0.0146914090882
TATANGTC	374	6622	6083	196	87	7.79331081901	0.0287474332649	0.0141004862237	0.0146469470412
ANTNTGTC	586	6265	6461	190	97	7.73730951667	0.0294345468629	0.014791094846	0.0146434520169
NCNTCAAC	324	4690	4436	123	49	6.92529282923	0.0255557864118	0.0109253065775	0.0146304798343
NATNGGTC	329	8828	8364	268	126	10.0850240182	0.0294635004398	0.0148409893993	0.0146225110405
NCGNCGTC	69	3401	4308	74	29	7.71082868513	0.0212949640288	0.0066866497579	0.0146083142709
TCTNCTTC	587	7703	8933	202	99	11.9439724357	0.0255534471853	0.0109610274579	0.0145924197274
CAATNTNC	509	5591	5816	153	71	7.79758653454	0.0266364902507	0.0120604722269	0.0145760180238
ANTTTANC	1371	9130	9782	272	143	11.3196228882	0.0289300148904	0.0144080604534	0.014521954437
TCTNCNTC	1215	17456	19696	446	207	26.3433968337	0.0249134174953	0.0104004421444	0.0145129753509
TNCCATNC	384	5265	6101	153	85	7.25341176575	0.0282392026578	0.0137407048173	0.0144984978405
TANTANTC	1789	10872	12565	320	180	14.0870753132	0.0285918513224	0.014123185563	0.0144686657594
TCTNNAGC	181	3690	3519	79	23	7.15134629497	0.0209604669674	0.00649350649351	0.0144669604739
AANACCNC	253	5786	5821	176	89	6.86710771048	0.029520295203	0.0150592216582	0.0144610735447
NGANTATC	475	4355	5124	112	55	7.0515335837	0.0250727557645	0.0106198107743	0.0144529449902
TCNCNTTC	551	7050	8174	217	128	8.84778897629	0.0298610155497	0.0154179715731	0.0144430439766
TNACNATC	600	6792	8042	203	119	8.94402984931	0.0290207290922	0.0145815463791	0.0144391827131
NCCTTNTC	665	6398	7535	175	93	9.3597717567	0.0266240681576	0.0121919244887	0.0144321436689
TCTTNTTC	1140	9348	10342	266	139	12.2487661408	0.0276679841897	0.0132620933117	0.014405890878
ATGNNATC	635	6103	6293	168	79	8.13131285958	0.0267899856482	0.0123979912116	0.0143919944367
ANNTCCTC	354	4492	5326	109	50	7.77252671145	0.0236905020648	0.0093005952381	0.0143899068267
TANNGGTC	266	6725	6217	200	92	7.5035256728	0.028880866426	0.0145823426851	0.0142985237409
TNATCGTN	502	5607	6032	155	77	7.56266654186	0.0269003818119	0.0126043542315	0.0142960275804
CANNTATC	649	5317	6051	154	85	7.0517295415	0.0281484189362	0.013852672751	0.0142957461852
TCNTCCNC	373	6781	10374	173	111	12.3474708475	0.024877768191	0.0105865522175	0.0142912159735
TCACNNTC	360	6212	6546	172	84	8.17393966269	0.0269423558897	0.0126696832579	0.0142726726318
NAGAANTC	466	5465	4843	143	55	6.92199720034	0.0254992867332	0.0112290730911	0.0142702136422
NCTTCNTC	1307	19438	21381	496	230	27.5547431755	0.0248821109662	0.0106427282402	0.0142393827259
TTACCNNC	348	5595	6953	166	103	7.47866965815	0.0288144419372	0.0145975056689	0.0142169362682
TNCTNCTC	432	6132	8086	168	102	9.26926714005	0.0266666666667	0.0124572545188	0.0142094121479
TNTTTATC	1265	7488	8127	251	151	7.88943190819	0.0324331308955	0.0182411210437	0.0141920098517
NTNTCATC	1872	15258	17431	430	234	19.4581676001	0.0274094849567	0.0132465326918	0.0141629522649
TCGNNTTC	263	5535	6027	153	78	7.33064715767	0.0268987341772	0.0127764127764	0.0141223214008
NNTTCCTC	629	8503	10835	217	118	13.3434656748	0.0248853211009	0.0107733041176	0.0141120169833
ANGNAATC	536	5499	5525	138	58	7.73135699102	0.0244811069718	0.0103886799212	0.0140924270506
NCATCNAC	384	6134	6878	171	91	8.06106316574	0.027121332276	0.0130578275219	0.0140635047541
NAATCANC	672	7142	7922	187	92	9.91853351268	0.025515077091	0.0114799101572	0.0140351669338
TTTNCATC	640	6062	6113	174	86	7.18680386883	0.0279025016036	0.0138732053557	0.0140292962479
TTANCNTC	1217	11187	13232	327	193	13.8074084431	0.0284002084419	0.0143761638734	0.0140240445685
ACTNTNTC	519	5976	6701	185	109	6.93381660927	0.0300275929232	0.0160058737151	0.0140217192081
TCTTNNTC	2098	21791	23790	607	316	26.3496518244	0.0271006339852	0.0131087696009	0.0139918643842
GNTNTATC	711	6683	7362	204	117	7.68405161758	0.0296210251198	0.0156438026474	0.0139772224724
TCNTNGTC	383	9628	11316	230	107	15.1948050071	0.0233313045242	0.00936706644489	0.0139642380794
ANNTAGTC	272	4372	4333	98	35	7.22978534178	0.0219239373602	0.00801282051282	0.0139111168474
NNACCATC	400	5816	6512	161	86	7.5343803097	0.0269365902627	0.0130342528039	0.0139023374588
TNTTCATC	1035	9248	9598	241	112	11.888288608	0.0253978290652	0.0115345005149	0.0138633285503
NCTTNATC	918	10334	10718	290	146	12.0776602453	0.027296686747	0.0134388807069	0.0138578060401
TGNTNGTC	215	5671	5617	143	61	7.54908144525	0.0245958032336	0.0107432194435	0.0138525837901
AGNTANTC	367	4817	4274	114	40	6.88636043662	0.0231190427905	0.00927213722763	0.0138469055629
TGNNCTTC	405	5641	6992	158	95	7.59474662661	0.0272460769098	0.0134048257373	0.0138412511725
NNATCAAC	703	6922	6674	193	90	7.9164797432	0.0271257905833	0.0133057362507	0.0138200543325
NCTTNCTC	410	4960	6437	132	79	7.30358783938	0.0259230164965	0.0121240024555	0.013799014041
TGTNCTNC	408	5811	6531	157	83	7.5893441963	0.0263069705094	0.0125491381917	0.0137578323177
NTGNAATC	423	4961	5305	124	57	6.9613214906	0.0243854473943	0.0106303618053	0.013755085589
NCCTCTNC	220	3959	5302	92	48	7.0802134771	0.0227104418662	0.00897196261682	0.0137384792494
ATGTNANC	681	6171	6641	149	66	8.92287535704	0.0235759493671	0.00984046518563	0.0137354841815
TAGTNNTC	455	6235	7723	169	99	8.52401351082	0.0263897564022	0.0126566095628	0.0137331468395
ACANCNTC	439	6937	6599	169	67	9.08253619162	0.0237827188292	0.0100510051005	0.0137317137286
NGTTANTC	396	5307	5159	131	54	7.05127124685	0.0240897388746	0.0103587185881	0.0137310202864
NCCTNTTC	647	6765	8183	180	101	9.27125045201	0.0259179265659	0.0121921776919	0.0137257488739
TCTTNATC	581	6208	6482	172	87	7.44601804307	0.0269592476489	0.0132440249657	0.0137152226832
NATAGGTC	230	7262	6789	223	111	7.17111231248	0.0297929191717	0.0160869565217	0.0137059626499
NNACTATC	507	6267	7348	180	106	7.70478918002	0.0279199627734	0.0142205527234	0.01369941005
TCNTCTTC	809	12599	14393	300	139	18.5341175424	0.0232576168695	0.00956509771539	0.0136925191541
CATNNATC	660	5319	6300	145	82	7.05598315434	0.0265373352855	0.012848636791	0.0136886984945
TCGNCNTC	197	7276	8619	157	65	12.6597591424	0.0211220234091	0.00748502994012	0.013636993469
NANAGGTC	347	9100	8409	267	127	9.12736750342	0.0285043236895	0.014878163074	0.0136261606155
NAANAATC	1908	12404	12797	366	196	12.9170696746	0.0286609240407	0.0150850457939	0.0135758782468
ATGNANTC	616	5414	5677	141	68	6.87257643483	0.0253825382538	0.0118363794604	0.0135461587934
NNTTTATC	2522	16553	17616	542	326	15.3073667389	0.0317051769523	0.0181696577862	0.0135355191661
NTATCNTC	1687	12293	14987	371	240	13.6864464447	0.0292956411876	0.0157614763249	0.0135341648627
TCNTNACC	344	5636	6477	139	69	8.04083232405	0.0240692640693	0.0105407882676	0.0135284758016
NATTTANC	1546	9934	10361	284	150	10.8313198874	0.0277940888628	0.0142707639616	0.0135233249012
ANATCANC	949	8949	9313	247	126	10.18619532	0.0268595041322	0.0133488717025	0.0135106324297
ACNTTNTC	880	8909	9152	261	139	9.38477203583	0.0284623773173	0.0149607146701	0.0135016626472
NTATCANC	1403	10698	12971	321	206	11.964940036	0.0291315001361	0.0156333004477	0.0134981996884
ATCNNTTC	706	5778	7003	168	105	6.93557776247	0.0282542885974	0.0147720877884	0.013482200809
TCTNNTTC	1814	16216	17778	466	261	17.5482675697	0.0279343004436	0.0144686512556	0.013465649188
NTNTAATC	1329	8284	9432	241	142	9.29889832077	0.0282697947214	0.0148318362231	0.0134379584983
TCTTCTTC	433	5458	6105	134	65	7.58788448137	0.0239628040057	0.0105348460292	0.0134279579765
ANNTGTTC	1179	9089	9174	260	134	9.58495965072	0.0278104610119	0.0143962183068	0.013414242705
ANGTNTTC	741	6736	7187	176	88	8.2473583594	0.025462962963	0.0120962199313	0.0133667430317
NNGTCATC	347	5530	6097	128	57	8.09583169798	0.022622834924	0.00926226844329	0.0133605664807
TNGTAANC	439	5570	5439	133	55	7.19172266738	0.0233210590917	0.0100109210047	0.013310138087
ACNTCNTC	445	6702	7785	161	80	9.45748947648	0.0234591286609	0.0101716465353	0.0132874821257
TCNTTANC	972	9853	11460	287	175	10.7625412966	0.0283037475345	0.0150408250967	0.0132629224378
ACATCNNC	402	5681	5837	146	70	6.82256374821	0.0250557748413	0.0118503470459	0.0132054277954
NCAACANC	547	8965	7857	223	88	9.79156312257	0.0242707879843	0.0110761485211	0.0131946394632
TCANCANC	874	11672	12462	297	147	13.8400791654	0.0248141030997	0.0116583392815	0.0131557638182
TNANCAAC	697	7436	7567	199	99	8.24827054767	0.026064178127	0.0129141664493	0.0131500116778
GNATNATC	746	7232	7357	178	81	8.83503573173	0.0240215924426	0.0108900242001	0.0131315682426
NTATANTC	2334	10944	12205	325	195	11.0704855135	0.0288401810276	0.0157258064516	0.013114374576
TNCNCCTC	240	5154	7964	115	70	9.36136659179	0.0218257733915	0.00871296987802	0.0131128035135
NCNTCTTC	1187	17977	20279	425	205	23.5518083676	0.0230953157266	0.0100078109744	0.0130875047521
ANTNTATC	1969	10123	10622	325	195	9.05347792076	0.031106431853	0.0180271794398	0.0130792524132
NNATCATC	1986	17305	19308	466	258	18.9866272405	0.0262224973271	0.0131861392211	0.013036358106
TAGTANNC	457	6879	8107	190	114	7.89106919066	0.0268779176687	0.0138669261647	0.013010991504
NCTTCTTC	614	8026	8712	204	104	9.54112711996	0.024787363305	0.0117967332123	0.0129906300926
TNANCATC	1635	14921	16534	415	236	15.6469866296	0.0270605112154	0.0140727489565	0.012987762259
NNCTCCTC	203	4114	6174	89	51	7.57819374027	0.0211753509398	0.00819277108434	0.0129825798555
TCCNCNTC	385	7749	10683	174	97	12.4407756427	0.0219613782658	0.00899814471243	0.0129632335534
TCCTCNNC	355	6997	10082	161	97	11.2134298961	0.0224923162895	0.00952942332253	0.0129628929669
GGTATNNC	298	6323	6542	163	81	7.17509754107	0.0251310514955	0.0122301072022	0.0129009442934
NANAAATC	1959	13178	13101	387	208	12.0450922331	0.0285293033542	0.0156285220527	0.0129007813015
TCNTNTTC	2568	24723	27317	672	376	25.6615577854	0.0264619019492	0.0135774383418	0.0128844636074
NTCGTCNT	408	9652	11288	275	170	10.167854271	0.0277022262516	0.0148367952522	0.0128654309994
TNTTNATC	2992	20673	21905	591	332	19.742001063	0.0277934537246	0.0149300715025	0.0128633822222
CAANANAC	563	6651	7085	183	100	7.05944089163	0.0267778753292	0.0139178844816	0.0128599908477
NTACNATC	639	7452	9049	234	162	7.29810828802	0.0304449648712	0.01758766692	0.0128572979512
ACANCANC	608	9947	8311	256	103	9.50194210659	0.0250906596099	0.0122415022581	0.0128491573518
TTNNCCTC	473	5856	7639	143	85	8.09167728232	0.0238373062177	0.0110046607975	0.0128326454202
NTTTTGNC	832	8048	9062	264	175	7.12670725085	0.0317613089509	0.0189455450904	0.0128157638605
TCATCNNC	1154	13806	15361	358	194	15.3386432036	0.0252753459475	0.0124718739955	0.012803471952
TTNTCNTC	2525	18175	21544	537	348	17.7563885587	0.0286981616075	0.0158962177965	0.0128019438111
ACNNCATC	421	7153	6455	178	75	7.55313975844	0.0242804528714	0.0114854517611	0.0127950011103
TCTTNANC	958	10737	11323	286	151	11.2774378288	0.0259457497959	0.0131601882517	0.0127855615442
NNGTTTTC	838	9873	10721	294	176	9.3080385873	0.0289170846857	0.0161512342847	0.0127658504011
TNTTCNTC	3017	29156	32477	753	409	31.4140426337	0.0251763683172	0.0124369032415	0.0127394650757
NNTATGTC	728	6707	7583	179	102	7.45653780468	0.0259947720012	0.0132726089785	0.0127221630226
TTNTCANC	1615	13616	15735	361	209	14.8620212552	0.0258281462403	0.0131083793276	0.0127197669126
ACNTTCNC	317	5649	6612	140	77	7.01180093062	0.0241837968561	0.0115114366871	0.012672360169
TCGTCNTN	408	9659	11281	259	154	10.5107589849	0.0261141359145	0.0134674245737	0.0126467113408
NTCGTNTT	740	9373	10047	345	235	6.89918403357	0.0355011319201	0.0228554755884	0.0126456563317
NATAGGNC	346	8958	8302	253	125	8.011904567	0.0274671588318	0.0148332740002	0.0126338848316
NTGTNATC	746	7186	9020	190	120	8.40880125867	0.0257592190889	0.0131291028446	0.0126301162443
NCATCANC	954	11700	11736	300	147	12.0714647822	0.025	0.0123706134814	0.0126293865186
GNTTCNTC	459	6859	7070	170	83	7.65935722191	0.0241855171433	0.0116035229973	0.0125819941459
TNNTCATC	2596	23231	25346	590	313	24.6213095374	0.0247680617942	0.0121984488873	0.0125696129069
ATNTAANC	1882	9196	9918	259	150	8.81708010634	0.0273929138022	0.0148986889154	0.0124942248868
NCTTTNTC	1486	11945	12775	386	245	9.63225984249	0.031303219528	0.0188172043011	0.0124860152269
TTNTCCNC	634	7488	9495	203	134	8.31335463253	0.0263944870628	0.0139162945269	0.0124781925359
TANAAANC	1739	10713	10888	331	194	8.83116765226	0.0299710249909	0.0175058653673	0.0124651596237
NATNCATC	977	8287	9365	227	135	8.41979886122	0.0266619685224	0.0142105263158	0.0124514422066
ATNNAATC	1499	10347	10457	306	173	8.91028274842	0.0287243030132	0.0162746942615	0.0124496087517
TNGTCGTN	200	6358	7277	158	87	7.38903386503	0.024248004911	0.011814231396	0.012433773515
TANTCNTC	902	7364	8662	191	113	8.14996511345	0.0252812706817	0.0128774928775	0.0124037778042
TATANGNC	781	9130	8642	262	136	7.81243991788	0.0278960817717	0.0154932786512	0.0124028031205
TCCNTNTC	769	7085	8472	184	111	7.89169925796	0.0253129728986	0.0129325410696	0.0123804318291
NTGTCNTC	366	5173	6174	118	62	6.83705677025	0.022302022302	0.00994227068634	0.0123597516157
TCNTCTNC	1153	17473	21109	440	262	19.163361333	0.0245631664155	0.0122596041364	0.012303562279
TCCTTNNC	679	7162	8484	191	118	7.52626312186	0.0259757921937	0.0137177400605	0.0122580521332
NATAGNTC	590	10615	10149	286	144	9.44591778059	0.0262361251261	0.0139900903527	0.0122460347735
NCTTNTTC	1869	17291	18341	482	277	15.3739143861	0.0271197884431	0.0148780749812	0.0122417134619
TATNNGTC	699	10054	9828	285	153	8.58798576848	0.0275655285811	0.0153291253381	0.012236403243
TCNTTNTC	2107	15483	17299	477	311	12.7133260318	0.0298872180451	0.0176604202158	0.0122267978293
NNTTTGTC	862	9572	10177	287	175	8.0657509446	0.02911045745	0.0169049459042	0.0122055115459
TCTTCNNC	1276	18619	21847	457	260	20.2545133124	0.0239568043615	0.0117609806849	0.0121958236767
NGTTCNTC	490	6993	7727	165	85	8.02562679623	0.023051131601	0.0108806963646	0.0121704352364
TNNTAATC	1421	9737	10236	247	131	9.64192296522	0.0247395833333	0.0126362496383	0.0121033336951
TCNNCTTC	1109	17986	20954	427	235	19.9671755637	0.0231901374029	0.0110906602482	0.0120994771547
TNTTCCNC	747	10157	13169	267	181	10.7864703228	0.0256139677667	0.0135580524345	0.0120559153322
TTNACNTC	574	7003	7756	163	84	7.97750056003	0.0227463019816	0.0107142857143	0.0120320162673
NCATCNTC	1178	13847	15172	321	163	15.18650025	0.022656691135	0.0106292794261	0.0120274117088
NNATAATC	1832	12391	13367	314	172	12.114544784	0.0247146792601	0.0127040401802	0.0120106390799
TCANNACC	297	5524	6726	126	70	6.89275875805	0.0223008849558	0.0103001765745	0.0120007083813
ANATGNAC	1697	12156	12047	347	194	9.69224516754	0.0277533391986	0.0158483784005	0.0119049607981
ACTTTNNC	559	7662	8422	206	122	7.1460632654	0.0261820030503	0.0142790262172	0.0119029768331
NTATNATC	3402	18657	22379	597	436	14.2879276666	0.0310065440947	0.0191102344948	0.0118963095999
NTACCANC	379	7035	8662	177	111	7.57923272679	0.0245424292845	0.0126524564003	0.0118899728842
NATNAATC	1389	8287	8628	200	102	8.38528168267	0.0235654530458	0.0116838487973	0.0118816042486
ATNTNATC	2431	13897	15827	391	249	12.0655717824	0.0273656215006	0.0154889275939	0.0118766939066
TCNTNATC	1778	17991	19462	444	241	17.3688721958	0.0240846216436	0.0122316398518	0.0118529817918
NGNTTTTC	896	9803	9869	279	159	7.90163855473	0.0276730807379	0.0158556043079	0.01181747643
NCNTCATC	1265	15552	15743	369	181	15.0667395067	0.0231769361221	0.0113664908314	0.0118104452907
ANTTNATC	1627	12047	12646	330	191	10.1855080982	0.0266623575988	0.0148788657786	0.0117834918202
TCANCNTC	1067	12965	13671	313	164	12.5121844123	0.023572827233	0.0118539934948	0.0117188337383
ATATGNNC	1613	10426	10254	269	141	8.82210196613	0.025151940159	0.0135642135642	0.0115877265947
NATTNATC	1709	11475	12420	298	173	10.1265850617	0.0253121549308	0.0137377908362	0.0115743640946
AANNAATC	1897	12083	12268	332	189	9.60012537407	0.0267418445429	0.0151721923417	0.0115696522012
NCTTCANC	638	8938	10133	203	109	9.6097175472	0.022207635926	0.010642452646	0.0115651832801
TCTNCTNC	871	12572	14981	312	192	12.2880730442	0.0242160819621	0.0126540565478	0.0115620254143
NCANCATC	959	13055	12928	318	160	11.6214037249	0.0237792567113	0.0122249388753	0.011554317836
TANANGTC	585	9179	8512	255	134	6.90487589241	0.0270298918804	0.0154984964145	0.0115313954659
TTANCANC	1111	10699	12887	276	178	10.0685821925	0.0251480637813	0.0136241867585	0.0115238770228
TCNTCANC	1240	14826	15690	340	173	14.5735495388	0.0224185678491	0.0109058816113	0.0115126862378
NTATAANC	1993	10511	11121	300	184	8.13634980757	0.0277495143835	0.0162759840778	0.0114735303057
TCTNNATC	1032	10648	11538	268	153	9.58872520605	0.0245511176255	0.0130869899923	0.0114641276332
TANTNATC	1794	11420	12561	285	164	10.4289235605	0.0243485689876	0.0128880157171	0.0114605532705
TNTNGGTC	355	8894	8545	234	123	7.15095927282	0.0256354075372	0.0141901245962	0.011445282941
ANNAAATC	1957	13539	13359	363	199	10.5260751778	0.0261113508848	0.0146776810739	0.0114336698109
TCCNNTTC	695	7650	8760	200	125	6.89182328844	0.0254777070064	0.0140686550366	0.0114090519698
ANATCNTC	1174	10420	11913	258	154	9.76283859554	0.0241618280577	0.0127620783956	0.0113997496621
TCATCNTC	812	8938	9565	208	110	8.68854864563	0.0227421823748	0.0113695090439	0.0113726733309
TGNTNATC	862	8658	9212	212	117	7.90458312716	0.023900789177	0.0125415371422	0.0113592520348
AAATGNNC	1183	9881	9305	245	121	8.18521036257	0.0241951412206	0.0128368342881	0.0113583069325
NTTAATNC	1542	9719	10438	283	180	7.29064402434	0.0282943411318	0.0169523450744	0.0113419960574
TCTTCTNC	600	7645	9152	191	121	7.31994153185	0.0243746809597	0.0130486358244	0.0113260451352
TATNGNTC	702	9977	9565	258	135	7.87154978169	0.0252076209086	0.0139175257732	0.0112900951355
TCNTCATC	908	10121	10310	231	115	9.52773878528	0.0223145285935	0.01103117506	0.0112833535336
CNAANAAA	4273	18307	18488	760	544	8.77103539047	0.0398594430167	0.0285834384195	0.0112760045972
NNATATTC	3022	15473	15724	419	241	11.6592535571	0.0263654669016	0.0150955214532	0.0112699454484
NATANGTC	777	12314	12355	334	190	9.2992373998	0.0264073371284	0.0151454762854	0.011261860843
TGTNNTTC	1042	9209	10075	246	151	7.56614560855	0.0260179799048	0.0147662820262	0.0112516978786
TGNAATNT	2378	12494	12443	422	273	7.37930963388	0.0326726540725	0.0214690154137	0.0112036386588
TNATCNTC	2083	18552	21444	481	306	15.5056872315	0.0252718961803	0.0140689655172	0.0112029306631
NCTTCTNC	928	13103	15676	332	215	11.6184024008	0.0247115742464	0.0135296708829	0.0111819033635
TNATCATC	1167	9268	10526	244	155	7.73693157937	0.0256518082422	0.0145117498362	0.0111400584061
ANTTTNTC	2724	15885	16684	531	362	9.44201226886	0.0323464912281	0.0212366537604	0.0111098374677
TNNTTACC	827	9133	9829	246	151	7.16286520511	0.0262288090415	0.015130260521	0.0110985485204
TTTTCNTC	1287	8906	10129	251	168	6.86867883248	0.0274107240363	0.0163154316791	0.0110952923571
TCTNTNTC	1560	10696	12150	337	241	7.22864809257	0.030544729448	0.0194496005165	0.0110951289315
ATGTANNC	900	7032	7254	149	71	7.12742771315	0.0207491992759	0.00969283276451	0.0110563665114
TNTTNCTC	1293	10876	12910	289	195	8.88180928836	0.0258844603672	0.0148798168638	0.0110046435034
NCTNCTTC	936	13671	15396	333	200	11.694177975	0.0237789203085	0.0128238009746	0.0109551193339
ATNTANTC	2121	9270	10080	254	161	6.97119376288	0.0266694666107	0.0157211209843	0.0109483456264
TNTTCANC	1571	15021	15690	363	201	12.318456595	0.0235959438378	0.012648669058	0.0109472747798
TNTNCTTC	2188	19173	22088	521	349	14.261069544	0.0264547577943	0.0155546641708	0.0109000936235
TCNNCATC	1190	14162	14391	325	168	12.0357127302	0.0224339062608	0.0115392540696	0.0108946521911
ATNTGTNC	1607	11095	11279	330	207	7.15194225279	0.0288840262582	0.0180219397527	0.0108620865055
TNATCANC	1719	15491	17591	388	244	12.3061044423	0.0244347880849	0.0136809643959	0.010753823689
NTCCTCNT	729	10150	13219	286	224	7.79492832295	0.0274051360675	0.0166629472588	0.0107421888087
TTATCNNC	1313	9580	11697	271	200	7.05299482509	0.0275098974723	0.0168109607464	0.0106989367259
TCNNTTTC	1952	14626	15733	456	314	8.75645802041	0.0302347168811	0.0195675204088	0.0106671964723
TTNTNATC	3622	20856	24032	646	475	12.7683256015	0.0300437168635	0.0193822173257	0.0106614995379
NNAAAATC	1725	12679	12735	345	205	8.47668275516	0.0264895577396	0.0158423493045	0.0106472084351
NTANAATC	1515	10819	11379	300	189	7.35257773693	0.026980843601	0.0163381742739	0.0106426693272
NTNTATTC	2884	12097	13115	324	206	8.57758817119	0.0260848562918	0.0154643044816	0.0106205518101
ATTTNANC	1654	10547	11288	287	183	7.24877195285	0.0264906774968	0.0159532734722	0.0105374040245
NCNTTTTC	2195	17375	19088	515	355	10.6866191577	0.0287870318614	0.0182584992028	0.0105285326586
ANANCATC	1056	11641	11195	281	148	8.47676963556	0.023569870827	0.0130476946134	0.0105221762136
TCNTCGTN	447	10901	12154	255	152	8.98871671436	0.0228576550735	0.0123516983585	0.010505956715
NNTTCATC	1788	17633	18458	415	234	13.4634037041	0.0229942375887	0.0125187245881	0.0104755130006
NAATAANC	1932	10899	11534	284	175	7.64654616613	0.0253956898864	0.0149457682125	0.0104499216739
TGTTNNTC	1102	12470	13169	294	168	9.65370690267	0.0230335318082	0.0125965359526	0.0104369958556
TATNAANC	1673	10065	10393	259	155	7.01742232089	0.0250871755134	0.0146947288586	0.0103924466548
TNNTCTTC	2483	24388	28192	598	387	18.2467901127	0.0239334027055	0.0135414115259	0.0103919911796
NANTTATC	1759	11343	11895	296	182	7.74487717627	0.0254317381218	0.0150699677072	0.0103617704146
TATNNATC	2454	11875	13162	346	241	7.36890692907	0.0283119221013	0.0179810490189	0.0103308730824
ACAANANC	963	11882	10252	314	161	7.00343039179	0.0257461462775	0.0154614424277	0.0102847038497
TNTNATTC	2541	12707	13502	346	223	8.11796095723	0.0265073163257	0.016247723133	0.0102595931928
NNTAGGTC	481	14175	13923	390	235	8.36218172887	0.0267765190525	0.0165983896031	0.0101781294495
TNNTTATC	3304	18919	22003	600	462	10.3584622576	0.0307392796762	0.0205653238371	0.0101739558391
TNNTATTC	2613	13760	14859	366	238	8.83996192644	0.0259096701119	0.0157647214678	0.010144948644
ANANAATC	2015	12912	12869	349	212	7.77092143167	0.0263177739235	0.0162067120251	0.0101110618985
AATTTNNC	1824	12904	13996	397	282	7.09862496985	0.0298473798962	0.0197506653593	0.010096714537
TNTTNGTC	776	10673	11251	282	179	6.84584788488	0.0257416704701	0.0156605424322	0.0100811280379
ANATANTC	2428	11728	12106	308	191	7.39429026595	0.0255898969757	0.0155322436367	0.0100576533391
ATATNNTC	3703	17704	19808	514	367	10.1396332111	0.0282138544297	0.0181908302354	0.0100230241942
ATGNANGT	1601	14328	13072	448	271	6.86933860375	0.0303194369247	0.0203102750506	0.0100091618742
TCNTTTNC	1972	15337	16905	437	305	8.8915289821	0.0277038164067	0.0177222545032	0.00998156190355
AAATNANC	2205	13603	13411	318	175	9.19599827621	0.0228431865527	0.0128809068158	0.00996227973685
TCCTCNTN	729	10180	13218	248	186	7.73070141696	0.0237821250479	0.0138764547896	0.00990567025833
TNGTNTTC	845	10625	11945	265	176	7.11165958964	0.024334251607	0.0145202541044	0.00981399750253
NAATNAAC	1833	11719	12269	307	196	7.08669370999	0.0255280226177	0.0157240272764	0.00980399534129
NAATANTC	1913	10774	10775	249	140	7.24206313519	0.0225891318153	0.0128263857077	0.00976274610755
TTTNCANC	1164	11327	12117	280	177	7.27419702315	0.0241233738261	0.0143972669595	0.00972610686665
TNTTTANC	2304	14824	16272	439	316	7.80819914023	0.0287623665072	0.0190499156016	0.0097124509056
TCANNATC	1281	13009	13613	304	182	8.53195442754	0.0228348231052	0.0131931859369	0.0096416371683
ATANAANC	2525	13222	13428	378	249	6.80171944787	0.0277941176471	0.0182057468743	0.00958837077274
NTTTNATC	2559	15840	17004	443	305	8.47504451945	0.0272062887674	0.017620890866	0.0095853979014
TTANNATC	2593	17751	20422	526	400	9.17936962073	0.0287793401543	0.0192104504851	0.00956888966923
TCTTNTNC	1881	16360	18800	427	304	9.62654936761	0.0254363495562	0.0159128978224	0.00952345173376
TNANCTTC	1002	11406	12970	274	184	7.39430349414	0.0234589041096	0.0139881404896	0.00947076362
NAATNATC	2090	14443	14464	317	176	9.43540378133	0.0214769647696	0.0120218579235	0.00945510684615
ATNTNGGT	930	13795	13108	373	225	7.00659615433	0.0263269339356	0.0168754218855	0.00945151205008
TTTTCNNC	2091	18137	20996	495	366	9.95096487019	0.0265671962216	0.0171332272259	0.00943396899564
TTTNCNTC	1961	15967	17644	429	302	8.57227332372	0.0261649182727	0.0168282625655	0.00933665570728
TNTTCTTC	1446	11853	13357	287	194	7.31952282409	0.0236408566722	0.0143162866209	0.00932457005124
ATNTANGT	5121	23825	22915	881	620	8.34539259958	0.0356593540031	0.026343743361	0.00931561064212
ATTTNNTC	3028	16481	17571	495	356	7.65915371721	0.0291588124411	0.0198583142746	0.00930049816654
ANNTAGGT	897	18761	18007	513	318	8.89734844186	0.0266161668569	0.0173533424284	0.00926282442853
TTTTNANC	2601	17102	18486	478	338	8.47156819906	0.0271899886234	0.017955801105	0.00923418751846
NTTTCANC	1181	12165	12713	279	170	7.45507084252	0.0224204435873	0.013195684235	0.00922475935223
TNTNCATC	1683	16257	17044	393	249	9.20304340013	0.0236036036036	0.0143988897242	0.00920471387944
TATTNNTC	2865	14032	15763	396	293	7.07049152957	0.0274466315498	0.0182486297957	0.00919800175405
ATNTNTTC	4305	20949	22341	626	452	9.38437350662	0.0290150637312	0.0198306497609	0.00918441397028
ATNAAANC	2048	13988	14054	379	246	6.88749605893	0.0263798983782	0.0172027972028	0.00917710117543
TCNTCTTN	2223	23509	26520	615	441	12.2660635871	0.0254932846957	0.0163569600534	0.00913632464233
TGNAANAT	3220	17344	16703	547	366	6.97923491439	0.030574031636	0.0214423809245	0.00913165071154
NNTTCTTC	2627	23419	25014	579	384	12.2347445768	0.0241270105842	0.0151193007323	0.00900770985187
TNTNTATC	3395	19674	21418	584	436	8.41077518619	0.028828117287	0.0199505811293	0.00887753615769
TTATNNTC	3885	20730	23533	621	493	8.32147652655	0.0290852887453	0.0205194372763	0.00856585146897
TTNNATTC	2410	14422	15230	352	237	6.9523598108	0.0238256396372	0.0153229456262	0.00850269401103
TNATNATC	3627	24495	27773	620	460	11.1016962882	0.0246864423651	0.0162929904721	0.00839345189298
TNTTCTNC	2136	17927	20799	463	356	8.12431736731	0.0251767264818	0.0168281730087	0.00834855347304
NTATNTTC	4206	21161	22817	594	442	8.27595056918	0.0273040680303	0.0190033965347	0.00830067149566
TCATNANC	1348	13430	14714	296	198	7.02087864256	0.0215649133032	0.0132778969957	0.00828701630751
ANNTTTTC	3503	21553	22255	656	487	7.27357804836	0.029537574857	0.0214141236479	0.00812345120916
ATCNTCNT	2237	20202	22874	569	451	7.63751710828	0.0273939627365	0.0193354769561	0.00805848578045
NCATNTTC	1776	16783	17827	402	281	7.00488485614	0.0233924934536	0.0155180030926	0.00787449036104
TNTTTNTC	6247	26672	29229	972	827	6.83010141939	0.035161336999	0.0275153047644	0.00764603223455
NTTTCNTC	2300	18035	19975	431	319	7.18404959423	0.0233401927867	0.015718931704	0.00762126108279
TCATNNTC	2020	18852	21091	425	309	7.96814687667	0.0220469990144	0.0144392523364	0.00760774667792
TNATNTTC	3666	22658	24273	599	450	7.72804281244	0.02575568646	0.0182016745541	0.00755401190593
NTCNTCTT	2223	23484	26485	646	520	7.80529597603	0.0267716535433	0.0192556933901	0.00751596015319
TNTTNTTC	7209	33324	37530	1046	890	8.86952614302	0.0304335176026	0.0231650182197	0.00726849938288
