GAGTACCCAG	2	8.55014544683	0.351851851852
GCCCGGGACT	23	26.5709869509	0.109677419355
CCTGTCCCCC	16	9.61766431342	0.104227679411
GGGTGGTCCC	18	16.4308891416	0.093625498008
NCCCGGGACT	28	23.8459121597	0.0855421776126
GNCCGGGACT	29	23.057474046	0.0826476369159
GCCCGNGACT	30	23.8040389196	0.0806377744629
CGCGTGGCCT	278	161.679848599	0.0801675296592
NCTGTCCCCC	21	10.1004162685	0.0758299308482
CGNGTGGCCT	301	158.013008285	0.0738744195069
GGGNGGTCCC	23	16.6767633184	0.0737951807229
CNCGTGGCCT	297	153.836431198	0.0731334928755
CCTNTCCCCC	25	11.4826548381	0.0716906946265
CGCGTGGNCT	309	153.523973255	0.0699499731182
GCNCGGGACT	34	24.5682333855	0.069416498994
CGCGTNGCCT	317	154.677483404	0.0680575581284
GNGTGGTCCC	26	16.3920245978	0.067842605156
GGGTGNTCCC	25	16.1429276938	0.0662068965517
TGNNCCCCCC	27	11.0595307083	0.0657535524645
CGCGTGNCCT	332	148.383735734	0.0640548420064
CNTGTCCCCC	25	9.97776845729	0.0640310453553
GCCCGGGANT	39	23.2910906467	0.0632677761799
GGGTNGTCCC	27	16.2643006031	0.0610687022901
NGGTGGTCCC	26	15.8475782653	0.0590452261307
CCNGTCCCCC	46	13.9012811493	0.0586730196645
CGNGTGGNCT	364	146.634804296	0.058351520101
ANAAAAAACG	14	8.22208958418	0.0580769230769
CCCCAGCCCC	21	11.7584911115	0.0580431177446
CNCGTGGNCT	359	141.863386591	0.0578149607721
CGCGTGGCNT	354	142.689894984	0.0577348332871
CGNGTNGCCT	381	147.300440017	0.0560390674566
CCCCACCAAG	243	82.2920033778	0.0556710754258
CNCGTNGCCT	382	146.214803888	0.055402214915
CGNGTGNCCT	384	143.574325725	0.0552000324131
CGCGTNGNCT	386	144.842021278	0.0543297980922
CCCCACNAAG	251	81.2976178868	0.0534246702956
CNCGTGNCCT	391	137.794711473	0.0528755154133
CCNCACCAAG	260	82.6660862904	0.0519882659947
CCCCACCNAG	263	82.636861221	0.0514622450358
CCCNACCAAG	254	77.0126761488	0.0510583721076
CCCCNCCAAG	258	78.7667798999	0.0510488690964
CGCNTGGCCT	416	139.064907034	0.0505285844473
CCCCACCAAN	258	79.6249476146	0.0503512357559
CGCGTNNCCT	407	137.421791303	0.0501073769301
