#Sequence	Occurrence	Forward Match	Backward Match	Forward Mismatch	Backward Mismatch	Strand Bias Score	FER (Forward Error Rate)	RER (Reverse Error Rate), ERD (Error rate Difference)
NTTTTTTTTC	1623	3308	3953	161	79	10.3683739753	0.0464110694725	0.0195932539683	0.0268178155042
TTTNTTTTTC	1674	3459	4070	132	56	10.451630937	0.0367585630744	0.0135724672807	0.0231860957937
TNTTTTTTTC	1695	3543	4126	152	77	8.82147384885	0.0411366711773	0.0183202474423	0.022816423735
TTTTTTTTNC	1735	3233	4060	115	52	9.40004690978	0.034348864994	0.0126459143969	0.0217029505971
NTTTTTTTNC	2358	5271	6143	185	86	12.0326480147	0.0339076246334	0.0138063894686	0.0201012351648
NTNTTTTTTC	2362	5503	6381	219	125	9.54171401859	0.0382733310031	0.0192130341223	0.0190602968808
TNTNTTTTTC	2523	6237	6846	218	105	11.5490517469	0.0337722695585	0.0151057401813	0.0186665293772
NTTNTTTTTC	2366	5907	6564	205	105	10.0237671394	0.0335405759162	0.0157444894287	0.0177960864875
TNTTTTTTNC	2503	5733	6628	177	87	10.374860874	0.0299492385787	0.0129560685034	0.0169931700753
NTTTTTTNTC	2176	5257	5898	170	87	8.63434791767	0.0313248571955	0.0145363408521	0.0167885163434
TTTNTTTTNC	2476	5646	6527	156	69	10.8884912568	0.0268872802482	0.0104608853851	0.0164263948631
TTNNTTTTTC	2459	6078	6834	190	98	9.50614853754	0.0303126994257	0.0141373341027	0.0161753653229
TTNTTTTTNC	2474	5569	6501	162	81	9.48881786304	0.0282673180946	0.0123062898815	0.0159610282131
TTTTTTTTTT	22655	18189	24287	713	550	21.1309684506	0.0377208760978	0.0221443813665	0.0155764947313
TTTNTTTNTC	2290	5572	6177	143	61	9.68553651873	0.025021872266	0.00977877524848	0.0152430970175
NTTTTTTTTT	26681	24637	31200	916	668	26.452335305	0.0358470629672	0.0209614660474	0.0148855969197
NTTTTTNTTC	2383	6124	6675	176	89	8.50602458711	0.0279365079365	0.0131578947368	0.0147786131997
TTTTTTTNNC	2478	5348	6267	133	63	8.70566095788	0.0242656449553	0.00995260663507	0.0143130383202
TTTTTTTTTN	26680	24640	32157	920	715	24.2906852258	0.0359937402191	0.0217510343149	0.0142427059042
TNTTTTTTTT	25786	23706	30099	845	638	22.1730459407	0.0344181499735	0.020756742688	0.0136614072856
NTTTTTTTTN	32048	34546	42717	1256	945	29.6963252733	0.0350818390034	0.0216435344235	0.0134383045799
TTNTTTTTTT	25250	23616	29980	817	639	19.0617028724	0.0334383825155	0.0208693948202	0.0125689876952
NNTTTTTTTT	32049	35048	42034	1129	810	27.9655423307	0.0312076733836	0.018905797778	0.0123018756057
TNTTTTTTTN	31335	34056	41968	1167	907	24.3171385092	0.0331317604974	0.0211545189504	0.011977241547
TTTNTTTTTT	25280	23974	30307	791	618	18.2587149248	0.0319402382395	0.0199838318513	0.0119564063882
NTNTTTTTTT	31336	34236	41154	1091	801	25.2609693451	0.0308828941037	0.0190918841616	0.0117910099421
TTNTTTTTTN	30714	34022	42023	1120	868	23.8744715564	0.0318706960332	0.0202373458301	0.0116333502031
NAAAAAANTT	2294	5009	5594	77	20	9.26940650284	0.0151395988989	0.00356252226576	0.0115770766332
TTTTTTTNTT	25226	23691	30049	745	583	17.3948538829	0.030487804878	0.0190323844346	0.0114554204435
NTTNTTTTTT	30715	34173	41231	1038	763	24.3595509358	0.0294794240436	0.0181692622756	0.0113101617681
TTTTTNTTTT	25435	24599	30832	758	588	17.389851704	0.0298931261585	0.0187141947804	0.0111789313781
TTTNTTTTTN	30979	35003	42965	1074	816	24.0404007525	0.0297696593397	0.0186382220598	0.0111314372799
NAAAAANTTT	1407	3743	4134	50	9	8.38282293976	0.0131821776958	0.00217233888487	0.0110098388109
TTTTTTNTTT	25149	23678	29953	737	587	15.9901569906	0.0301863608437	0.0192206941716	0.0109656666722
TTTTTTTTNT	25679	23695	30419	800	675	14.7274904711	0.0326597264748	0.0217083681739	0.0109513583009
TTTTNTTTTT	25434	24759	31007	763	601	16.5079342453	0.0298957761931	0.0190141736269	0.0108816025662
TNNTTTTTTT	30124	33425	40249	1024	778	21.1938539104	0.0297251008738	0.0189631218466	0.0107619790272
TNTNTTTTTT	30499	33615	40373	988	742	21.1528691436	0.0285524376499	0.0180469415055	0.0105054961444
NTTTTNTTTT	31495	36121	43237	989	718	23.5563376578	0.0266504985179	0.0163348879536	0.0103156105643
NTTTTTTNTT	30648	34039	40886	959	711	21.5507612131	0.0274015658038	0.0170925787917	0.010308987012
TTTTTTTTNN	32047	35131	43882	1082	883	19.9067513329	0.0298787728164	0.0197252317659	0.0101535410505
ATNNTTTTTT	5988	11016	11707	226	118	9.48954158	0.0201031844867	0.00997885835095	0.0101243261358
TTTTTTTNTN	31050	34119	42263	967	759	20.0796824725	0.0275608504817	0.0176421365813	0.00991871390039
NTTTTTTTNT	31051	33801	40963	1048	848	17.3562111952	0.0300725989268	0.0202817440387	0.00979085488815
TTTTTNTTTN	30957	35338	42952	993	767	20.1738907427	0.0273320304974	0.0175438596491	0.00978817084825
NTTTNTTTTT	30980	35121	42016	994	764	19.1982766692	0.0275231898103	0.0178588125292	0.00966437728111
TTNNTTTTTT	29373	33379	40152	949	736	18.1675495586	0.027645071079	0.0180003913129	0.00964467976615
NTTTTTNTTT	30958	35312	42021	951	710	20.0810675827	0.0262250779031	0.0166155718331	0.00960950607
TTTTNTTTTN	31494	36122	44148	1021	805	19.6137262899	0.027488355814	0.0179075923743	0.00958076343976
TNTTTNTTTT	30212	34074	40717	922	702	18.4437243238	0.0263458680992	0.0169487433304	0.00939712476886
TTTTTTNTTN	30647	34163	41889	959	769	17.5252341566	0.0273048231877	0.0180270992545	0.00927772393321
TNTTTTTTNT	30304	33085	40168	987	808	15.7365339828	0.0289680676215	0.0197188598204	0.00924920780112
TTNTNTTTTT	29371	33821	40451	922	714	17.3426810675	0.0265377198285	0.0173448317746	0.00919288805389
TNTTNTTTTT	30155	34509	41303	933	723	17.5532674129	0.0263246995091	0.0172036358445	0.00912106366458
ATNTTNTTTT	6459	11820	12506	211	107	9.35674787002	0.0175380267642	0.00848331086974	0.00905471589445
TNTTTTNTTT	30335	34036	40810	883	685	16.7281599476	0.0252870929866	0.0165080130136	0.00877907997301
ATTNTNTTTT	5617	10643	11396	175	85	8.80385609248	0.0161767424663	0.00740353627733	0.00877320618893
TNTTTTTNTT	30200	34455	41054	892	689	16.7063515339	0.0252355221094	0.016505761445	0.00872976066434
TTNTTNTTTT	29683	34570	41247	893	693	16.5195935392	0.0251811747455	0.0165236051502	0.00865756959529
TTTNTNTTTT	29473	34506	41047	858	664	15.8715664992	0.0242619613166	0.0159190621179	0.00834289919869
TNNATATTTT	3697	7996	8025	90	23	9.26343840481	0.0111303487509	0.0028578528827	0.00827249586822
TTNTTTTNTT	29937	34156	40960	862	681	15.2165012225	0.0246159118168	0.0163540741097	0.00826183770713
TTTNNTTTTT	29555	34793	41160	880	687	15.2989432417	0.0246685168054	0.0164169474514	0.008251569354
TTNTTTNTTT	30397	34002	40563	866	691	14.3037619552	0.0248365263279	0.0167498909197	0.0080866354082
TTTNTTNTTT	29198	33589	40119	837	670	13.7461679166	0.0243130192297	0.0164259972051	0.00788702202452
TTTTTNTNTT	29335	33893	40340	797	626	13.9866167418	0.0229749207264	0.0152809647024	0.007693956024
TTTNTTTNTT	30640	34836	41443	834	665	13.6763904725	0.0233809924306	0.015792723473	0.00758826895764
TTTNTTTTNT	30410	34383	41465	905	768	11.8868740918	0.0256461119927	0.0181848317666	0.00746128022612
TTTTTTNNTT	29056	32638	39334	772	626	12.5892135192	0.0231068542353	0.0156656656657	0.00744118856959
TTTTTTTNNT	29918	33143	40388	876	754	11.374665638	0.0257503159999	0.0183267706966	0.00742354530327
TTTTNNTTTT	29677	35570	41951	826	651	13.6692877992	0.0226948016266	0.0152809727243	0.00741382890227
TTTTNTNTTT	29281	34248	40648	804	646	12.6398640014	0.0229373502225	0.0156439192134	0.00729343100908
TTNTTTTTNT	30045	34176	41148	935	812	10.7893517023	0.0266298311071	0.0193517635844	0.00727806752269
TTTTTNNTTT	29290	33989	40422	788	634	12.4537934401	0.0226586537079	0.0154423226812	0.00721633102669
TTTTNTTNTT	29614	34856	41360	807	648	12.7084755744	0.0226284945181	0.0154256332127	0.00720286130541
TTTTTTNTNT	29773	33053	39993	838	721	10.5220235568	0.0247263285238	0.0177088962028	0.00701743232102
TTTTTNTTNT	30052	34705	41494	859	725	11.1067437192	0.0241536385109	0.017172363154	0.00698127535682
TTTTNTTTNT	30048	34768	41534	868	742	10.4669690255	0.024357391402	0.0175513293594	0.00680606204251
ATATANATNT	43773	23166	22127	178	78	8.19277224003	0.00762508567512	0.00351272235983	0.00411236331529
ATATATNTNT	46160	25963	24876	205	94	8.63945217154	0.00783399571996	0.00376451742091	0.00406947829906
