#Sequence	Occurrence	Forward Match	Backward Match	Forward Mismatch	Backward Mismatch	Strand Bias Score	FER (Forward Error Rate)	RER (Reverse Error Rate), ERD (Error rate Difference)
TGGCAGGT	631	14983	22117	5195	308	9223372036854775807	0.257458618297	0.013734671126	0.243723947171
TGGCNGGT	3186	67555	99379	21520	1355	9223372036854775807	0.241594162223	0.0134512676951	0.228142894528
NGGNGGGT	4573	94021	133527	28246	1615	9223372036854775807	0.231018999403	0.01195039292	0.219068606483
NGGCAGGT	2856	60262	83643	17994	1256	9223372036854775807	0.229937640564	0.0147940493999	0.215143591164
TGGCTGGT	1026	24749	34667	7027	496	9223372036854775807	0.221141742195	0.0141057361431	0.207036006052
NGGCNGGT	12079	237560	325643	66343	4945	9223372036854775807	0.21830320859	0.0149581956998	0.20334501289
NTGGCGGT	5709	120515	168607	28937	2573	9223372036854775807	0.19362069427	0.0150309615609	0.178589732709
NGGCTGGT	3739	83515	110350	19862	1702	9223372036854775807	0.192131712083	0.015189376361	0.176942335722
NNGGCGGT	17613	364890	493891	85590	7358	9223372036854775807	0.189997336175	0.0146793310311	0.175318005144
TGGCTNGT	1640	40646	53800	8368	730	9223372036854775807	0.170726731138	0.0133871263525	0.157339604786
GNGGNGGT	10286	206962	265849	42067	4271	9223372036854775807	0.168924101209	0.0158114911891	0.15311261002
NGGNAGGT	6532	159380	193785	31479	2818	9223372036854775807	0.16493327535	0.0143334537113	0.150599821639
TGNCAGGT	1625	49576	60432	9035	813	9223372036854775807	0.154151950999	0.0132745530247	0.140877397974
CNGCNGGT	17611	392939	464755	72238	7559	9223372036854775807	0.155291426704	0.0160041836575	0.139287243047
GNGGCNGT	10797	221932	279757	40549	4754	9223372036854775807	0.15448356262	0.0167093715181	0.137774191102
NGNGGGGT	3257	75392	89749	13269	1087	9223372036854775807	0.149659940673	0.0119666211634	0.137693319509
TGGNNGGT	9008	219352	275354	38838	3649	9223372036854775807	0.150424106278	0.0130787124153	0.137345393863
NGNAGGGT	3733	105532	122620	18611	1635	9223372036854775807	0.149915822882	0.0131584242083	0.136757398673
GNNGCGGT	15998	350030	425011	62234	6470	9223372036854775807	0.150956668542	0.0149948665179	0.135961802025
TGNNGGGT	5103	144337	175797	24792	2155	9223372036854775807	0.146586333509	0.012110007193	0.134476326316
NGGCTNGT	6224	141330	177747	24913	2812	9223372036854775807	0.149858941429	0.0155738567449	0.134285084684
TGNCNGGT	8395	237027	287370	40945	3818	9223372036854775807	0.147299008533	0.0131118040579	0.134187204475
NGNCAGGT	11219	271106	320247	46265	4963	9223372036854775807	0.145775764011	0.0152609083362	0.130514855675
GTGGNGGT	3393	69853	89148	12042	1531	9223372036854775807	0.147041943953	0.0168837327275	0.130158211225
CNGGNGGT	12206	285795	344808	48722	5638	9223372036854775807	0.145648801107	0.01608807063	0.129560730477
TGGNTGGT	2621	67867	85047	11382	1220	9223372036854775807	0.143623263385	0.0141421400999	0.129481123285
CNGNAGGT	8612	221847	256159	36927	4268	9223372036854775807	0.142699807554	0.0163884697055	0.126311337849
GCNNCGGT	15056	350343	410073	56289	5867	9223372036854775807	0.138427374137	0.0141053998173	0.12432197432
AGNNGGGT	4041	113666	130220	17915	1568	9223372036854775807	0.136151876031	0.0118978966218	0.124253979409
TGGCANGT	1345	42588	51475	6786	694	9223372036854775807	0.137440758294	0.0133029193582	0.124137838936
NNGCAGGT	13072	324362	378246	52477	5951	9223372036854775807	0.139255756437	0.0154894494231	0.123766307014
TGGCNNGT	8324	217679	269498	34473	3883	9223372036854775807	0.136715155938	0.0142036205881	0.12251153535
NNGGGGGT	2397	58002	67281	8998	822	9223372036854775807	0.134298507463	0.0120699528655	0.122228554597
NTNGCGGT	12401	315516	385243	49521	5497	9223372036854775807	0.135660220745	0.0140681783283	0.121592042416
TGNCTGGT	2239	67523	80366	10565	1142	9223372036854775807	0.135296076222	0.0140108946361	0.121285181586
NTGGNGGT	13445	304442	377009	48033	5785	9223372036854775807	0.136273494574	0.0151125670726	0.121160927501
TNGCNGGT	11688	316164	374708	48515	4727	9223372036854775807	0.133034805953	0.0124579967583	0.120576809194
NGGNTGGT	9049	228475	274433	35434	4072	9223372036854775807	0.134265978045	0.0146209224251	0.11964505562
TNGGNGGT	6110	154041	188738	23046	2580	9223372036854775807	0.130139422995	0.0134854012691	0.116654021726
NTGNCGGT	16334	403160	484211	59885	6885	9223372036854775807	0.129328682957	0.0140196621435	0.115309020814
CNNCAGGT	12350	307938	354075	46562	5854	9223372036854775807	0.131345557123	0.0162643187962	0.115081238327
CTNGNGGT	6848	161019	194148	24132	3085	9223372036854775807	0.130336860184	0.0156413987517	0.114695461433
CCNGNGGT	7326	188358	214305	27201	3224	9223372036854775807	0.126188189776	0.0148210123708	0.111367177406
NTGGCNGT	12577	312622	381544	45383	6084	9223372036854775807	0.126766385944	0.0156954605962	0.111070925348
NGGCANGT	7168	182881	214535	26343	3284	9223372036854775807	0.125908117616	0.0150767380256	0.11083137959
GNGNAGGT	7389	186534	210468	26654	3465	9223372036854775807	0.125025798825	0.0161966597019	0.108829139124
NGGGNGGT	5322	127216	146996	17806	2101	9223372036854775807	0.122781371102	0.0140914974815	0.108689873621
ACNNGGGT	3319	95875	107308	13394	1515	9223372036854775807	0.122578224382	0.0139216893488	0.108656535033
NNAAGGGT	3105	97360	108901	13061	1325	9223372036854775807	0.118283659811	0.0120207573531	0.106262902458
TGNNAGGT	4386	132821	151897	17969	1987	9223372036854775807	0.11916572717	0.0129123235684	0.106253403602
NNGGAGGT	3152	85738	95638	11765	1400	9223372036854775807	0.12066295396	0.014427337744	0.106235616216
GNGGTGGT	3401	79415	94627	11120	1709	9223372036854775807	0.122825426631	0.0177399933566	0.105085433274
NAGGNGGT	6803	168203	193833	23000	3033	9223372036854775807	0.120290999618	0.0154064185791	0.104884581039
NTGNGGGT	5337	146135	165187	19560	2217	9223372036854775807	0.118048221129	0.0132434111491	0.10480480998
NGNCTGGT	11695	312017	359278	42225	5554	9223372036854775807	0.119198175259	0.0152234453118	0.103974729947
TNGCTGGT	3533	104348	121925	13918	1716	9223372036854775807	0.117683865185	0.0138788913063	0.103804973879
CNCCNGGT	10629	253558	283216	33789	4608	9223372036854775807	0.117589534605	0.0160097837567	0.101579750848
CNCNAGGT	6103	139686	155098	18973	2844	9223372036854775807	0.119583509287	0.0180066100214	0.101576899266
CTGNNGGT	13569	351397	404661	46460	6376	9223372036854775807	0.116775625413	0.015511985539	0.101263639874
ANGCNGGT	11820	335982	374132	43221	5151	9223372036854775807	0.113978528651	0.0135808881495	0.100397640501
NGNAAGGT	6315	184834	205107	23839	2998	9223372036854775807	0.114240941569	0.0144061891833	0.0998347523855
NNCTGGGT	7174	208487	234064	26377	3011	9223372036854775807	0.112307548198	0.012700622166	0.0996069260321
GTNGNGGT	9724	224254	262324	28777	3773	9223372036854775807	0.113729147812	0.0141790399741	0.0995501078378
NCNAAGGT	4549	135603	149106	17656	2382	9223372036854775807	0.115203674825	0.015724017744	0.099479657081
TNGNAGGT	6032	154313	174725	19161	2289	9223372036854775807	0.110454592619	0.0129311805846	0.0975234120345
AANNGGGT	4743	153109	168159	18772	2115	9223372036854775807	0.109215096491	0.012421156489	0.0967939400022
NCAGNGGT	5897	190067	212881	23349	2724	9223372036854775807	0.109406042658	0.0126342153475	0.096771827311
NAANGGGT	4161	135220	148575	16530	1845	9223372036854775807	0.108929159802	0.0122656561627	0.0966635036396
NNGAAGGT	8825	239586	262376	29734	3722	9223372036854775807	0.110403980395	0.0139873279769	0.0964166524182
NNGCTGGT	19487	508244	581557	63897	9251	9223372036854775807	0.111680512321	0.0156582172212	0.0960222951001
GNAGNGGT	6687	192488	215995	23494	2913	9223372036854775807	0.108777583317	0.0133069600015	0.0954706233157
AAANGGGT	1253	43497	47528	5215	574	9223372036854775807	0.107057809164	0.0119329757598	0.0951248334042
CNAGNGGT	3588	105848	117157	12863	1612	9223372036854775807	0.108355586256	0.0135725652317	0.094783021024
AGNNAGGT	4320	133507	146469	16199	2000	9223372036854775807	0.108205415949	0.0134708255595	0.094734590389
CNNAAGGT	5604	156166	172205	19237	2652	9223372036854775807	0.109673152683	0.0151666790577	0.0945064736249
GTGNNGGT	11642	279631	323493	34338	5327	9223372036854775807	0.109367485325	0.0162003527766	0.0931671325484
GTCNNGGT	7656	190049	214773	22669	3003	9223372036854775807	0.106568320499	0.0137893982808	0.0927789222186
GNNAAGGT	7396	192712	213553	23191	3194	9223372036854775807	0.107413977573	0.0147360747784	0.0926779027948
CNGNTGGT	14133	378935	429531	45974	6838	9223372036854775807	0.108197284595	0.0156702240535	0.0925270605416
GANGNGGT	8898	237451	266281	28306	3875	9223372036854775807	0.106510835086	0.0143435644591	0.0921672706271
NAGNAGGT	6408	173850	190677	20751	2821	9223372036854775807	0.106633573312	0.0145789620565	0.0920546112551
TNNGGGGT	2706	74936	84273	8588	919	9223372036854775807	0.102820746133	0.0107873978777	0.0920333482551
NNTGGGGT	3962	109452	121958	12513	1509	9223372036854775807	0.102595006764	0.0122218892498	0.0903731175145
ANANGGGT	3835	118979	130396	13383	1478	9223372036854775807	0.101109079645	0.0112076679254	0.0899014117198
NGAANGGT	5091	177890	194588	20258	2545	9223372036854775807	0.102236711953	0.0129100657931	0.0893266461595
NNAGAGGT	2955	103682	113647	11708	1446	9223372036854775807	0.101464598319	0.0125637527912	0.0889008455275
CNANAGGT	3992	124209	135421	14177	1918	9223372036854775807	0.102445334066	0.0139654431735	0.0884798908921
NNCAAGGT	5034	128446	141041	15112	2436	9223372036854775807	0.105267557364	0.0169783310217	0.0882892263419
ATNNGGGT	4378	135420	149082	15066	1796	9223372036854775807	0.100115625374	0.0119036572595	0.0882119681143
GTGGTGGT	1291	31510	37871	3764	720	9223372036854775807	0.106707489936	0.0186571998653	0.0880502900707
TNNCAGGT	6612	213446	236027	23815	3150	9223372036854775807	0.100374692849	0.0131701626829	0.0872045301659
CNNCTGGT	12526	334232	375942	38152	6030	9223372036854775807	0.102453381456	0.0157864974396	0.0866668840161
CNAANGGT	4373	150238	163804	16823	2336	9223372036854775807	0.100699744405	0.0140604309618	0.0866393134429
ACNANGGT	4831	150568	164533	16804	2315	9223372036854775807	0.100399110962	0.0138749041043	0.0865242068581
GNGNTGGT	14658	377665	427833	42840	6976	9223372036854775807	0.101877504429	0.0160438261398	0.0858336782894
GANNAGGT	7381	199066	217990	22253	3269	9223372036854775807	0.100547173989	0.0147745402447	0.085772633744
NNGGTGGT	12773	321869	362702	36315	6004	9223372036854775807	0.101386438255	0.0162839769356	0.0851024613196
CTNCNGGT	9405	249893	277839	27507	4037	9223372036854775807	0.0991600576784	0.0143219004101	0.0848381572683
GNNGTGGT	11902	300560	342363	33153	5056	9223372036854775807	0.0993458450825	0.0145530325054	0.084792812577
TGNCTNGT	4175	121112	138609	13087	1811	9223372036854775807	0.0975193555839	0.0128970232161	0.0846223323678
NANCAGGT	11616	335302	366183	37184	5744	9223372036854775807	0.0998265706631	0.0154438908711	0.084382679792
ANNCAGGT	7618	247689	272758	27122	3988	9223372036854775807	0.0986932837477	0.0144103257138	0.0842829580339
ANCANGGT	7687	225118	246049	24576	3560	9223372036854775807	0.0984244715532	0.014262306247	0.0841621653062
NTGCNGGT	16102	431411	479064	47264	7168	9223372036854775807	0.0987392280775	0.0147419338916	0.0839972941859
NACNAGGT	5201	133058	145928	14890	2477	9223372036854775807	0.100643469327	0.0166908123042	0.0839526570229
GAANAGGT	2351	67571	74168	7307	1035	9223372036854775807	0.0975854055931	0.0137627488265	0.0838226567666
ATGNNGGT	10449	288551	323846	30966	4380	9223372036854775807	0.0969150311251	0.0133444638755	0.0835705672496
CNTNAGGT	4032	129005	143581	13726	1852	9223372036854775807	0.0961669153863	0.012734386281	0.0834325291053
ANGNAGGT	7473	189996	206278	19987	2459	9223372036854775807	0.0951838958392	0.0117803743467	0.0834035214925
AAGNNGGT	6925	206736	224148	22036	2940	9223372036854775807	0.096322976588	0.0129465229338	0.0833764536542
CACNNGGT	5594	141026	154238	15525	2495	9223372036854775807	0.0991689609137	0.0159187918307	0.083250169083
TGNANGGT	6197	182858	201240	19314	2514	9223372036854775807	0.0955325168668	0.0123384080803	0.0831941087865
CANNAGGT	7782	207045	225041	22355	3394	9223372036854775807	0.0974498692241	0.0148576181408	0.0825922510832
NAGANGGT	5864	170643	185544	17997	2427	9223372036854775807	0.0954039440204	0.0129115661458	0.0824923778745
GNAANGGT	7727	241724	263830	25528	3542	9223372036854775807	0.0955203328694	0.0132474604671	0.0822728724023
CTNNAGGT	4690	121891	134096	13016	1968	9223372036854775807	0.0964812796964	0.0144637817498	0.0820174979466
NCANAGGT	4971	147463	160578	15491	2140	9223372036854775807	0.095063637591	0.0131515874089	0.0819120501821
NACANGGT	4618	139859	152936	14959	2321	9223372036854775807	0.0966231316772	0.014949406468	0.0816737252092
NANGAGGT	4062	123609	134538	12935	1798	9223372036854775807	0.0947313686431	0.0131880061026	0.0815433625405
ANGANGGT	7388	213814	230978	22156	2944	9223372036854775807	0.0938932915201	0.0125853917118	0.0813078998083
TNGANGGT	7003	197307	217837	20324	2723	9223372036854775807	0.0933874310186	0.0123458469351	0.0810415840835
GANANGGT	6291	188344	206080	19672	2827	9223372036854775807	0.0945696484886	0.0135323373559	0.0810373111327
GNANAGGT	7990	201304	219296	20815	2873	9223372036854775807	0.0937110287729	0.0129315971175	0.0807794316554
CNTCNGGT	8133	248437	276209	25747	3694	9223372036854775807	0.0939040936014	0.0131974291094	0.080706664492
GTNNAGGT	6316	171605	188390	18208	2982	9223372036854775807	0.0959259903168	0.0155822168342	0.0803437734826
AAGANGGT	1742	53662	57936	5451	701	9223372036854775807	0.0922132187505	0.0119549090165	0.080258309734
TNGCTNGT	5292	161145	182981	16634	2506	9223372036854775807	0.0935656067365	0.0135103807814	0.0800552259551
CNNGTGGT	8187	214652	237329	22604	3727	9223372036854775807	0.0952726169201	0.015461137661	0.0798114792592
TNGCANGT	3780	126709	140696	12960	1858	9223372036854775807	0.092790812564	0.013033657421	0.0797571551429
NTNGAGGT	4019	112238	122188	11715	1836	9223372036854775807	0.0945116294079	0.0148035864026	0.0797080430053
TNCTGGGT	1758	53160	59057	5322	723	9223372036854775807	0.0910023597004	0.0120943459351	0.0789080137653
ANNTGGGT	4579	142654	154737	14255	1882	9223372036854775807	0.0908488359495	0.0120164220178	0.0788324139317
NAAGAGGT	1577	50301	54553	5002	658	9223372036854775807	0.0904471728478	0.0119179149083	0.0785292579395
GTGGNNGT	9125	211420	244290	22347	4268	9223372036854775807	0.0955951866602	0.0171710425736	0.0784241440867
GTNANGGT	7444	229580	251422	23211	3433	9223372036854775807	0.0918189334272	0.01347040474	0.0783485286873
TGGCAGGN	3135	88407	105941	8993	1506	9223372036854775807	0.0923305954825	0.0140162126444	0.0783143828382
NTGGTGGT	4393	118765	136595	12485	2362	9223372036854775807	0.0951238095238	0.0169980641493	0.0781257453745
AANCNGGT	9373	309960	333757	31589	4867	9223372036854775807	0.0924874615355	0.0143728737479	0.0781145877877
NNTCAGGT	8170	267465	292558	26809	3895	9223372036854775807	0.0911021700864	0.0131386762826	0.0779634938038
NTCCNGGT	8890	244928	268646	25154	4201	9223372036854775807	0.0931346776164	0.0153969074243	0.0777377701921
GAANNGGT	9890	275961	300471	27895	4332	9223372036854775807	0.0918033542204	0.0142124585388	0.0775908956816
NANTGGGT	4121	135896	148684	13422	1861	9223372036854775807	0.0898886939284	0.0123617523	0.0775269416284
NGATAGGT	679	21745	23830	2147	306	9223372036854775807	0.0898627155533	0.0126781571097	0.0771845584436
NTCANGGT	7123	215294	236582	21183	3045	9223372036854775807	0.0895774219057	0.0127072491831	0.0768701727226
NAAGNGGT	6940	215704	235189	21147	3050	9223372036854775807	0.0892839802239	0.0128022699894	0.0764817102345
GNGGNAGT	4927	146807	165249	14745	2556	9223372036854775807	0.0912709220561	0.0152319656744	0.0760389563816
NGGCNAGT	5600	152781	167424	14971	2424	9223372036854775807	0.0892448376174	0.0142715840045	0.0749732536129
GNTANGGT	4614	154642	170077	14842	2182	9223372036854775807	0.087571688183	0.0126669724078	0.0749047157751
TNGNTGGT	11287	306430	342871	29490	4551	9223372036854775807	0.0877887592284	0.0130993431619	0.0746894160665
CANANGGT	6191	172159	186458	16555	2512	9223372036854775807	0.0877253409922	0.0132931153093	0.0744322256829
ANAGNGGT	5118	178814	195492	16881	2361	9223372036854775807	0.0862617849204	0.0119331018483	0.0743286830721
NNATGGGT	4802	142720	153895	13436	1825	9223372036854775807	0.0860421629652	0.0117197534035	0.0743224095617
ATCANGGT	2066	62774	68436	5992	903	9223372036854775807	0.087136084693	0.0130229740838	0.0741131106092
TGNNTGGT	8999	242108	270325	23020	3482	9223372036854775807	0.0868259859389	0.0127169867827	0.0741089991562
TTNGNGGT	6156	177832	199042	16774	2505	9223372036854775807	0.0861946702568	0.0124288627467	0.0737658075102
NGTANGGT	3681	121416	133681	11409	1671	9223372036854775807	0.0858949745906	0.0123455878007	0.0735493867899
TGGNTNGT	6495	174620	199528	16410	2645	9223372036854775807	0.0859027377899	0.0130828547828	0.0728198830071
TTNNGGGT	6566	181403	199664	16717	2399	9223372036854775807	0.0843781546537	0.0118725348035	0.0725056198502
NTGNAGGT	9479	224524	244042	21120	3342	9223372036854775807	0.0859780821026	0.0135093619636	0.072468720139
TNNTGGGT	5648	166214	181774	15070	2050	9223372036854775807	0.0831292336886	0.011151971451	0.0719772622376
NTTNGGGT	3742	109095	119966	10002	1464	9223372036854775807	0.0839819642812	0.0120563287491	0.0719256355321
GTNGTGGT	3103	79246	90228	7463	1310	9223372036854775807	0.0860694968227	0.014310996526	0.0717585002967
TTGNNGGT	10482	300296	333136	27457	4088	9223372036854775807	0.083773451349	0.0121225061087	0.0716509452403
NGGCAGNT	9383	263187	296851	25844	5454	9223372036854775807	0.0894160141992	0.0180413820479	0.0713746321512
NTGANGGT	11125	304759	330702	28119	4394	9223372036854775807	0.0844723892838	0.0131126602526	0.0713597290312
NNGATGGT	11697	331018	361804	30678	4962	9223372036854775807	0.08481708396	0.0135290621268	0.0712880218332
NGNATGGT	7852	231227	253107	21216	3355	9223372036854775807	0.0840427343994	0.0130818600806	0.0709608743188
GATNNGGT	7553	231883	251220	21426	3521	9223372036854775807	0.0845844403476	0.0138218818329	0.0707625585146
GTGNTGGT	4193	112026	126832	10840	2262	9223372036854775807	0.0882261976462	0.0175221156677	0.0707040819786
TGGCNGNT	13073	352594	415234	33801	7201	9223372036854775807	0.0874778400342	0.0170464095068	0.0704314305274
ATGGNNGT	7475	217860	242682	20433	3901	9223372036854775807	0.0857473782276	0.0158202309162	0.0699271473115
TNTNGGGT	3751	105795	118387	9363	1365	9223372036854775807	0.0813056843641	0.0113985570178	0.0699071273463
GNGGTNGT	7695	195744	221426	18753	3954	9223372036854775807	0.087427796193	0.0175437039666	0.0698840922263
ACNNAGGT	6130	152594	163644	13400	1806	9223372036854775807	0.0807258093666	0.0109156844968	0.0698101248698
TANGNGGT	3103	93828	103124	8421	1333	9223372036854775807	0.0823577736702	0.0127612318945	0.0695965417757
TNNAAGGT	7532	181449	195035	16104	2403	9223372036854775807	0.0815173649603	0.0121709093488	0.0693464556115
ANGNTGGT	9920	300616	326555	27328	4691	9223372036854775807	0.0833313004659	0.0141616804429	0.069169620023
GTANNGGT	7295	220061	239000	19569	3153	9223372036854775807	0.0816633977382	0.0130206935285	0.0686427042097
TGGCTGNT	3441	101435	117771	9442	2045	9223372036854775807	0.0851574266981	0.0170678373506	0.0680895893474
TTGANGGT	2113	69467	74982	6101	980	9223372036854775807	0.0807352318442	0.0129011874358	0.0678340444083
NTNTGGGT	5357	150161	161734	12799	1784	9223372036854775807	0.0785407461954	0.0109101138713	0.0676306323241
TNNCTGGT	9465	309723	339124	27480	4801	9223372036854775807	0.0814939368867	0.0139594388311	0.0675344980555
TGGCNGGN	19488	437673	511372	39550	7994	9223372036854775807	0.0828753014838	0.0153918431318	0.067483458352
TGGCTGGN	5726	149704	175692	13538	2859	9223372036854775807	0.0829320885556	0.0160122317993	0.0669198567563
NGGCAGGN	13103	315896	359240	27499	5067	9223372036854775807	0.0800797914938	0.0139085990662	0.0661711924276
GNGGANGT	5537	155210	170035	14015	2919	9223372036854775807	0.0828187324568	0.016877319981	0.0659414124758
GGNGGGGN	5573	121986	137104	10927	2308	9223372036854775807	0.0822116722969	0.0165552463203	0.0656564259767
GNGAANGT	6204	206876	221668	18471	3742	9223372036854775807	0.0819669221245	0.0166008606539	0.0653660614706
ANGATGGT	2394	72958	78482	6209	1071	9223372036854775807	0.0784291434562	0.0134627229646	0.0649664204917
NTAGNGGT	4186	121717	132234	10026	1538	9223372036854775807	0.0761027151348	0.0114971742966	0.0646055408382
TNAANGGT	8697	248753	267500	20371	3118	9223372036854775807	0.0756937322572	0.0115217760829	0.0641719561744
NATNAGGT	6597	186571	198627	15404	2468	9223372036854775807	0.076266864711	0.012272806385	0.0639940583259
TGNATGGT	2394	62849	68630	5069	768	9223372036854775807	0.0746341176124	0.011066601343	0.0635675162694
NNTTGGGT	3957	111182	120167	8946	1330	9223372036854775807	0.074470564731	0.0109467723483	0.0635237923827
TANAAGGT	1176	27911	30067	2247	341	9223372036854775807	0.0745075933417	0.01121415417	0.0632934391718
NANGTGGT	7495	214105	231738	17933	3337	9223372036854775807	0.0772847550832	0.014195469531	0.0630892855522
NGANTGGT	5071	174315	188167	14281	2450	9223372036854775807	0.0757227088591	0.0128529984209	0.0628697104382
ANCNTGGT	7986	237413	256276	19781	3685	9223372036854775807	0.0769108144047	0.0141752032036	0.0627356112011
NNTAAGGT	4325	127832	136266	10321	1653	9223372036854775807	0.0747070277156	0.0119852957171	0.0627217319986
GTNTNGGT	4853	150072	163901	12178	2115	9223372036854775807	0.0750570107858	0.0127397359291	0.0623172748568
CTNTNGGT	3724	121836	132624	9742	1586	9223372036854775807	0.0740397330861	0.0118173012443	0.0622224318418
ACTNNGGT	3058	108248	115371	8748	1480	9223372036854775807	0.0747717870696	0.0126657024758	0.0621060845938
CTNNTGGT	7772	229021	250450	18928	3653	9223372036854775807	0.0763382792429	0.0143760601016	0.0619622191413
NTGTNGGT	7106	198195	217886	16055	2879	9223372036854775807	0.0749358226371	0.0130410164655	0.0618948061716
TNANAGGT	5901	157544	167742	12520	1993	9223372036854775807	0.073619343306	0.0117418328571	0.0618775104489
GNGAAAGT	1696	58220	62251	5152	1233	9223372036854775807	0.081297734015	0.0194222166215	0.0618755173935
TGGANNGT	4710	154416	169768	12805	2534	9223372036854775807	0.0765753105172	0.0147067358475	0.0618685746697
NTTGNGGT	5656	178900	193777	14361	2448	9223372036854775807	0.074308836237	0.0124754745827	0.0618333616543
NTNGTGGT	10830	283950	315020	23114	4350	9223372036854775807	0.0752742099367	0.0136205654883	0.0616536444484
TANNAGGT	3583	101465	107838	7983	1284	9223372036854775807	0.0729387471676	0.0117666465057	0.0611721006619
NGTTNGGT	4430	150957	164789	11992	2073	9223372036854775807	0.0735935783589	0.0124234397286	0.0611701386302
TNNGTGGT	6029	182447	200838	14670	2699	9223372036854775807	0.0744228047302	0.013260488265	0.0611623164652
ACNTNGGT	4511	135346	145804	10695	1814	9223372036854775807	0.0732328592655	0.0122884743053	0.0609443849602
CGAANNGT	5217	173736	185559	14273	2871	9223372036854775807	0.0759165784617	0.0152364273205	0.0606801511412
CNTCTGGT	2511	79179	85950	6358	1210	9223372036854775807	0.0743304067246	0.0138825149151	0.0604478918095
CNANTGGT	5280	168375	183221	13561	2648	9223372036854775807	0.0745371998945	0.0142465930306	0.0602906068639
NGTNTGGT	5982	203858	222230	16199	3001	9223372036854775807	0.0736127457886	0.0133240983701	0.0602886474185
NTGNTGGT	18335	487887	533196	39042	7850	9223372036854775807	0.0740934736938	0.014508932697	0.0595845409968
NNGGAAGT	6014	188544	203061	16061	3981	9223372036854775807	0.0784975929229	0.0192279827281	0.0592696101948
TNTTGGGT	879	29811	31985	2261	366	9223372036854775807	0.0704976303318	0.0113134060771	0.0591842242547
TCNTNGGT	5603	175137	189407	13407	2362	9223372036854775807	0.0711080702648	0.0123169021062	0.0587911681586
ATANAGGT	1844	53720	56576	4228	823	9223372036854775807	0.0729619659005	0.014338228889	0.0586237370115
NTNAAGGT	13162	274148	290179	20827	3567	9223372036854775807	0.0706059835579	0.0121431440769	0.0584628394811
GTGGTNGT	2645	67073	76337	5536	1399	9223372036854775807	0.0762439917917	0.0179968097149	0.0582471820767
AAGNTGGT	2059	61881	64472	4831	938	9223372036854775807	0.072415757285	0.0143403149366	0.0580754423485
NTTCNGGT	9486	317902	342246	24384	4567	9223372036854775807	0.071238671754	0.0131684798436	0.0580701919104
NNAAAGGT	21040	365418	388457	26937	4222	9223372036854775807	0.0686546622319	0.0107517845365	0.0579028776954
CTTCNGGT	2189	65017	71338	4798	831	9223372036854775807	0.0687244861419	0.0115146392495	0.0572098468924
GTNNTGGT	11965	328770	359995	25075	5060	9223372036854775807	0.0708643615142	0.0138609250661	0.0570034364481
NNAGTGGT	5487	173877	188371	12852	2277	9223372036854775807	0.0688270166926	0.0119434769838	0.0568835397089
NGGANAGT	3510	124696	133003	9744	2151	9223372036854775807	0.072478429039	0.0159151782411	0.0565632507979
NCNAAAGT	4154	146562	155035	11866	2951	9223372036854775807	0.0748983765496	0.0186788702796	0.05621950627
TTNCGNGT	5812	189539	201656	14190	2808	9223372036854775807	0.0696513505686	0.0137334689725	0.0559178815961
NTCNTGGT	7236	204640	222509	15092	2915	9223372036854775807	0.068683669197	0.0129311874512	0.0557524817458
CANNTGGT	8388	224199	241020	17026	3632	9223372036854775807	0.0705814073997	0.0148455765741	0.0557358308257
NCNTAGGT	3066	77731	82775	5526	892	9223372036854775807	0.0663727974825	0.0106613121063	0.0557114853762
NTGGCGGN	24891	593250	688191	45571	11247	9223372036854775807	0.0713361019754	0.0160800528424	0.0552560491329
CNAAANGT	5192	177864	187604	13705	3131	9223372036854775807	0.0715408025307	0.0164154455134	0.0551253570173
AAATNGGT	1832	56697	61354	4097	767	9223372036854775807	0.0673915188999	0.0123468714283	0.0550446474715
CNTTNGGT	4454	144413	156320	10346	1878	9223372036854775807	0.0668523316899	0.0118711993831	0.0549811323069
ATNANGGT	12436	295078	313541	20982	3668	9223372036854775807	0.066386129216	0.0115633541293	0.0548227750867
NTNCTGGT	12638	389786	421759	29188	6364	9223372036854775807	0.069665420766	0.0148648869601	0.0548005338059
AAANAGGT	6892	115315	122536	8069	1316	9223372036854775807	0.0653974583414	0.0106255853761	0.0547718729653
NTCATGGT	2087	63998	69265	4521	795	9223372036854775807	0.065981698507	0.0113474165001	0.0546342820068
NGGCTGGN	20148	477730	537769	36368	8948	9223372036854775807	0.0707413761579	0.0163667857411	0.0543745904168
TTANNGGT	7035	245370	261562	17408	3167	9223372036854775807	0.0662460327729	0.0119631774381	0.0542828553349
AANNAGGT	16897	309184	326976	21489	3539	9223372036854775807	0.0649856504765	0.0107075321846	0.0542781182918
CTTNNGGT	5458	155303	167831	10913	1942	9223372036854775807	0.06565553256	0.0114388035789	0.0542167289811
AANAAGGT	6821	107680	113959	7418	1182	9223372036854775807	0.0644494257068	0.0102656742603	0.0541837514465
GNNGAAGT	9287	269413	287836	21070	5424	9223372036854775807	0.072534365178	0.0184955329742	0.0540388322038
ANAAAGGT	7392	118152	124848	8149	1365	9223372036854775807	0.0645204709385	0.0108150507475	0.0537054201909
NTAANGGT	11486	275705	291977	19092	3272	9223372036854775807	0.0647632099377	0.0110821713198	0.0536810386179
NGNAAAGT	5693	205047	217789	15955	4112	9223372036854775807	0.0721939167971	0.0185307862515	0.0536631305456
NTTNAGGT	7503	199755	211069	14048	2580	9223372036854775807	0.0657053455751	0.0120758814691	0.053629464106
NAANAGGT	19280	339604	359038	23195	3741	9223372036854775807	0.0639334728045	0.0103120632672	0.0536214095373
NAATNGGT	5599	164345	173725	11465	2086	9223372036854775807	0.0652124452534	0.0118650141345	0.0533474311189
AATANGGT	1717	53265	55840	3705	676	9223372036854775807	0.0650342285413	0.0119612145233	0.053073014018
AAANNGGT	23982	471419	502115	32156	5488	9223372036854775807	0.0638554336494	0.0108115988282	0.0530438348212
NATANGGT	7116	175594	185120	12086	2127	9223372036854775807	0.0643968456948	0.0113593275193	0.0530375181755
GNNAAAGT	8519	271489	287024	20874	5441	9223372036854775807	0.0713975434648	0.0186039355137	0.0527936079512
TGGCTNGN	8657	228300	262882	16498	3953	9223372036854775807	0.067394341457	0.014814398411	0.052579943046
NANAAGGT	18973	302035	320558	20201	3274	9223372036854775807	0.0626900780794	0.0101101805875	0.052579897492
NNTCTGGT	9541	326709	350701	23259	4978	9223372036854775807	0.0664603620902	0.013995765845	0.0524645962452
TNCNTGGT	6646	190487	203690	13424	2764	9223372036854775807	0.0658326426725	0.0133879702016	0.0524446724709
TGGNAGGN	6876	199182	222074	14034	3024	9223372036854775807	0.065820576317	0.0134341486819	0.0523864276351
AANCANGT	5208	178597	188423	12647	2715	9223372036854775807	0.0661301792475	0.0142043968232	0.0519257824242
GNAGNAGT	5180	167262	178129	11958	2738	9223372036854775807	0.0667224640107	0.0151381954696	0.0515842685411
ANTANGGT	5233	154673	161928	10481	1963	9223372036854775807	0.063461980939	0.0119774728326	0.0514845081064
AATNNGGT	8392	229803	242588	15521	2899	9223372036854775807	0.0632673525623	0.0118091793048	0.0514581732575
ANNAAGGT	21077	361979	379134	23775	3909	9223372036854775807	0.0616325430196	0.0102051205739	0.0514274224457
GAAGNNGT	9785	294121	308450	21099	4897	9223372036854775807	0.0669342046824	0.0156280417556	0.0513061629268
TTNNAGGT	10850	236733	249123	15793	2843	9223372036854775807	0.0625400948813	0.0112832683775	0.0512568265038
NAACANGT	6287	179967	189419	12437	2647	9223372036854775807	0.0646400282738	0.0137817208668	0.0508583074071
TTNANGGT	11739	303446	328038	20199	3853	9223372036854775807	0.062410974988	0.0116092331518	0.0508017418362
TANANGGT	7025	142135	149661	9303	1612	9223372036854775807	0.0614310807063	0.010656230788	0.0507748499183
TNNTAGGT	2970	77788	83424	5221	1028	9223372036854775807	0.0628967943235	0.0121725950836	0.0507241992399
ATNNAGGT	11871	260759	275067	17349	3255	9223372036854775807	0.0623822399931	0.0116950869856	0.0506871530075
NAAAAGGT	8149	118512	126284	7513	1185	9223372036854775807	0.0596151557231	0.00929637794287	0.0503187777802
NCAAANGT	8129	213564	224887	14974	3482	9223372036854775807	0.0655208324217	0.0152472533487	0.050273579073
NTGGANGT	6430	186141	200740	13474	3532	9223372036854775807	0.0674999373795	0.0172906712618	0.0502092661176
AGNAANGT	5455	189770	197266	13305	3082	9223372036854775807	0.065517665887	0.0153832331743	0.0501344327127
