#Sequence	Occurrence	Forward Match	Backward Match	Forward Mismatch	Backward Mismatch	Strand Bias Score	FER (Forward Error Rate)	RER (Reverse Error Rate), ERD (Error rate Difference)
CCCC	1199	176995	185932	1895	1232	38.8385102694	0.0105931019062	0.00658246243936	0.00401063946684
TTTT	120201	7235876	7635328	59856	40534	9223372036854775807	0.00820424873063	0.0052807098408	0.00292353888983
ACCC	1705	279845	278315	2061	1349	32.3395317796	0.00731094762084	0.00482364551748	0.00248730210336
GCCC	452	78339	81479	572	392	9.6865923745	0.00724867255516	0.00478802017809	0.00246065237707
NCCC	5668	881320	890914	6643	4498	95.5326963745	0.00748116757117	0.0050233858827	0.00245778168847
CCGC	237	46565	45224	195	98	7.05631551783	0.00417023096664	0.0021623052822	0.00200792568444
NTTT	216980	15551564	16120673	83417	55591	9223372036854775807	0.00533527990856	0.00343657843369	0.00189870147487
GGGT	1705	276648	281409	1491	989	24.8898668688	0.005360629038	0.00350214944865	0.00185847958935
TCGC	682	118424	117174	499	288	12.620642931	0.00419599236481	0.0024518567707	0.00174413559411
TCCC	2312	346141	345188	2115	1525	21.3252264868	0.00607311862538	0.0043984505917	0.00167466803368
TNTT	232755	16120249	16629569	76778	53382	9223372036854775807	0.00474025264019	0.00319979360966	0.00154045903054
TTNT	231145	15967197	16469128	86976	64718	9223372036854775807	0.00541765682979	0.00391427378724	0.00150338304255
CCCT	2125	318177	319142	1999	1539	14.1571376269	0.00624344110739	0.00479916178383	0.00144427932356
ACGG	852	144032	147127	422	226	14.6327366389	0.00292134520332	0.00153373192266	0.00138761328066
TTGG	4918	743904	765781	3414	2461	40.8414026963	0.00456833637086	0.00320341767308	0.00136491869779
GGCG	298	54886	55007	140	65	6.65198643324	0.00254425180824	0.00118027309704	0.0013639787112
CTTT	19485	2180576	2225712	6022	3280	188.980303406	0.00275404989852	0.00147151717009	0.00128253272843
ACCT	4729	759857	758808	2873	1897	44.0968560495	0.00376673265769	0.0024937393602	0.00127299329749
CCTG	1693	322538	319445	1389	967	16.4400262652	0.00428800316121	0.00301798933873	0.00127001382248
TTTN	216980	15455716	16001435	110466	94097	9223372036854775807	0.00709653786651	0.00584615656072	0.0012503813058
ATTT	63826	4650637	4739632	13334	8188	289.699315235	0.00285893715891	0.00172458096558	0.00113435619333
NTNT	541934	37073373	37754791	146882	109861	9223372036854775807	0.00394629214657	0.00290141317026	0.00104487897632
NNTT	435764	36142874	36952624	120247	84349	9223372036854775807	0.00331595838097	0.00227742693767	0.0010385314433
CCCN	5668	891396	896948	5423	4528	19.632402994	0.00604692808694	0.00502287359841	0.00102405448853
NCGC	1813	308098	306731	1042	723	13.0797759745	0.00337064113347	0.00235157129197	0.0010190698415
ACCG	732	131615	129099	587	445	4.32994039954	0.00444017488389	0.00343512628914	0.00100504859475
GCCT	983	155269	159497	581	440	5.80633046511	0.00372794353545	0.00275108323903	0.000976860296425
TTCG	3437	521059	522716	1788	1307	17.4919927534	0.00341973847034	0.00249416533244	0.000925573137899
CTGT	3467	534864	534306	1289	792	26.6456911166	0.0024041644829	0.00148010271016	0.000924061772742
CCNC	5793	1006308	997081	4226	3286	24.6757761207	0.00418194736644	0.00328479448043	0.000897152886016
CCTT	7688	1033829	1052740	2138	1233	57.4797082942	0.00206377230163	0.00116985918994	0.000893913111686
NCCT	15438	2317753	2321394	8994	6952	58.5378760082	0.00386548258148	0.00298581052816	0.000879672053315
AAAT	63826	4628083	4654126	24982	21069	78.0013753381	0.00536893424012	0.00450654999417	0.000862384245948
ATCT	10847	1321923	1318791	4081	2945	40.3558215207	0.00307766794067	0.00222813027715	0.000849537663519
CTNT	37344	4396971	4429808	11905	8273	148.988477226	0.00270023470835	0.00186409396313	0.000836140745213
NCGG	2142	392306	397666	1102	793	12.741754033	0.00280116316903	0.00199016711883	0.0008109960502
ACCN	12742	2044823	2019254	7861	6166	41.0119987139	0.00382962014611	0.00304430685981	0.000785313286299
NTGG	15040	2295032	2334137	8130	6426	50.8652363282	0.0035299297227	0.00274549328516	0.00078443643754
CCTN	15438	2342478	2335818	6798	4945	63.4565948268	0.00289365745021	0.00211255902456	0.000781098425653
TTCC	7998	1077053	1079332	4479	3649	19.7424208851	0.0041413476439	0.00336940352601	0.000771944117889
TCTT	20768	2484913	2490145	4652	2753	107.792525516	0.00186859953446	0.00110433720112	0.000764262333336
ATNT	236147	12876035	12971539	38063	28389	9223372036854775807	0.00294739903631	0.00218378132556	0.000763617710751
CNTT	49817	5810134	5896373	11539	7198	233.648537666	0.00198207628632	0.00121926203649	0.000762814249832
TTTC	22928	2460189	2504632	18023	16418	24.0126786491	0.0072725820067	0.0065123658793	0.000760216127409
TNNT	474446	38214082	38857136	135852	109457	9223372036854775807	0.00354243112909	0.00280899590067	0.000733435228418
ANTT	122402	10333533	10470141	24311	16924	9223372036854775807	0.00234711007426	0.00161379756872	0.00073331250554
TTCT	20776	2400428	2404379	8447	6721	44.3305719688	0.003506616159	0.00278752436647	0.000719091792524
CTCA	3478	509351	495662	1163	774	15.6526729901	0.00227809619325	0.00155911336003	0.000718982833218
ATGG	6742	934591	945823	2892	2255	19.7748445532	0.00308485593872	0.00237849628406	0.00070635965466
GNGT	10368	1378665	1405475	4098	3186	29.7864620817	0.00296363151169	0.00226172230224	0.000701909209448
TTNN	435764	36004600	36665652	174591	152223	9223372036854775807	0.00482572979589	0.0041344863059	0.000691243489988
NTCT	38451	4744077	4735193	15056	11773	87.0060330163	0.00316360143749	0.00248011045371	0.00068349098378
NTTN	435764	36051069	36739034	169705	147646	9223372036854775807	0.00468529468752	0.00400269148647	0.000682603201052
TTAA	38010	2985152	2980737	7701	5647	69.1037724772	0.0025731300535	0.00189091556879	0.000682214484703
TCTC	4467	629214	617977	2027	1572	11.6456487483	0.00321113489143	0.00253732957361	0.000673805317819
ATCC	5295	776241	758368	2139	1583	16.2652823967	0.0027480151083	0.0020830290374	0.000664986070903
NCTT	41844	5313113	5329146	9185	5703	180.327664492	0.00172575830966	0.00106900870109	0.000656749608573
ANCC	12253	1909179	1879181	6606	5285	28.5087478634	0.00344819486529	0.00280450801447	0.000643686850818
CNCC	5976	1045715	1035169	3640	2939	15.6414573233	0.00346879749942	0.00283111198449	0.000637685514921
TGCT	4094	648862	652536	1517	1108	15.2592728608	0.00233248613501	0.00169511232414	0.000637373810868
ANCT	26417	3641778	3637241	10758	8475	59.3383483863	0.00294535084664	0.00232464624233	0.000620704604315
TTCN	50929	6146409	6138463	21173	17332	83.2127168336	0.00343294989836	0.00281555834787	0.00061739155049
AANT	122402	10282857	10368576	38945	32910	122.228112928	0.00377308148325	0.00316397099414	0.000609110489108
GCAC	1666	281687	278751	832	659	4.66320811408	0.00294493467696	0.00235854121184	0.000586393465121
TNGG	11528	1787255	1821421	7038	6099	19.6589107848	0.00392243630221	0.00333730957801	0.000585126724202
TTNG	34492	4385320	4481713	22267	20122	35.79808938	0.0050519706134	0.00446973289781	0.000582237715592
TTGT	18690	2021192	2060590	6168	5107	27.3834949613	0.00304238023834	0.00247228901431	0.000570091224026
NGGT	12742	2008466	2041617	6406	5355	25.3159506073	0.00317935829174	0.00261605923286	0.000563299058885
NTGT	48990	5136914	5210826	14049	11350	72.0693473869	0.00272745115816	0.00217342349243	0.000554027665733
CCTC	2269	404975	394376	1147	898	5.97133266464	0.0028242744791	0.002271841811	0.0005524326681
NTCC	17024	2520575	2493138	7816	6359	30.1902130893	0.00309129402849	0.00254411187531	0.000547182153185
CNGT	7370	1182087	1185816	2674	2032	20.4393948225	0.00225699529272	0.00171065658232	0.000546338710398
TGGT	5576	851397	864742	2235	1796	12.8133446464	0.00261822424651	0.00207261539598	0.000545608850536
NCNC	31681	4801177	4720791	17953	15070	45.6660536282	0.00372536121665	0.0031821035288	0.000543257687852
ANNT	423488	31096864	31282420	93645	77177	9223372036854775807	0.00300235562042	0.00246103290167	0.000541322718756
ACNC	10368	1411296	1383164	5511	4661	12.831588176	0.00388973233475	0.00335849260534	0.000531239729414
TTTG	18336	2042815	2094747	13644	12868	10.9266897383	0.00663470557886	0.00610547941631	0.000529226162554
AATG	19552	2127462	2130956	9016	7908	17.0946127082	0.00422002941289	0.00369728977626	0.000522739636638
CTTN	41844	5311837	5321829	14744	12033	61.8374916073	0.00276800446666	0.00225596387758	0.000512040589074
GCNC	3567	624919	622848	1983	1658	6.84536552014	0.0031631738294	0.00265489843172	0.000508275397682
ATAT	140272	4982526	4971569	15658	13124	48.3350808926	0.00313273781037	0.00263286023833	0.000499877572039
NNCT	85181	11501774	11494273	33938	28158	117.11990167	0.00294199439098	0.0024437551416	0.000498239249382
TNCT	42049	5286645	5295780	16039	13444	51.6784884384	0.00302469466406	0.00253219679561	0.000492497868446
ACTG	2319	375912	375345	1000	816	4.68353457672	0.00265313919429	0.00216928389705	0.00048385529724
CTCN	10323	1610077	1585534	3721	2895	20.7134588524	0.0023057408672	0.00182255549351	0.000483185373687
NCCN	38288	5949533	5906197	23033	20004	42.6706970745	0.00385646638313	0.00337551831266	0.000480948070466
AACT	7765	1015528	1012230	2888	2393	10.5947838822	0.00283577634287	0.00235851148653	0.000477264856337
AGTT	7765	1012327	1030055	1668	1205	18.9583333065	0.00164497852554	0.00116847351783	0.000476505007703
GTGT	5631	659909	674383	1602	1319	8.17313736606	0.00242172843687	0.00195204394837	0.000469684488499
GTTT	13468	1484475	1520001	4205	3589	14.9058863384	0.00282465002553	0.00235562060659	0.000469029418932
ATGT	21202	1920949	1941547	4990	4132	20.5581385832	0.00259094394994	0.00212368021652	0.000467263733417
NNCC	38287	5965750	5909313	20081	17113	46.5719376076	0.00335475558866	0.00288757507476	0.000467180513898
NCTC	10323	1609632	1577320	4639	3826	14.4942300718	0.00287374300845	0.00241976389277	0.000453979115683
TNCC	16312	2305984	2292993	8284	7197	16.2129062522	0.00357953357174	0.00312887196275	0.000450661608988
CTCT	4010	590494	585025	1579	1300	6.07492223949	0.00266690087202	0.00221720035816	0.000449700513858
CNGG	3560	677257	684499	1903	1616	6.53819731795	0.00280199069439	0.0023552902939	0.000446700400486
TNTN	541934	37153012	37670078	160275	145594	200.995909789	0.00429538678809	0.00385009685931	0.000445289928777
NTCG	7347	1179884	1175350	3303	2765	10.7854607373	0.00279161282198	0.00234696952335	0.000444643298631
ACNG	7370	1184873	1185633	3542	3015	10.1319710096	0.00298044033439	0.00253649524502	0.000443945089377
GCTT	3539	558454	559802	800	555	10.5887771977	0.00143047702833	0.000990440023057	0.00044003700527
ANTG	36520	4234754	4266252	16102	14348	25.8677739111	0.00378794294608	0.00335186656076	0.000436076385317
TGTT	18968	2106219	2139813	3577	2702	30.6312271882	0.00169542458133	0.00126113469451	0.000434289886828
CTTG	4414	714727	719034	2239	1940	5.79292630597	0.00312288169871	0.00269080438407	0.000432077314644
NCTG	9197	1573014	1564776	4274	3574	13.690895024	0.00270971439585	0.00227882806771	0.000430886328135
ANAT	236147	12881295	12877668	47132	41538	77.3747715947	0.00364560978687	0.00321521307114	0.000430396715723
NNGT	91842	11187661	11347253	29765	25308	93.7869059253	0.00265346078503	0.00222535627639	0.00042810450864
TCCT	7601	1084450	1083947	3541	3076	7.86187345409	0.00325462251066	0.00282974693268	0.000424875577987
TNGT	35582	4386651	4458592	11549	9850	36.6861644793	0.00262584693738	0.00220434773462	0.000421499202759
NTTG	38985	4757298	4835948	23531	21868	20.7818302327	0.0049219497288	0.00450161142373	0.000420338305068
AATT	40962	3434652	3473995	7714	6369	32.3922787732	0.00224090058988	0.00182998100199	0.000410919587898
GTNT	37298	3833170	3884316	9938	8481	30.4563171145	0.00258592784798	0.00217863916356	0.000407288684419
TCTN	38451	4792044	4748248	10001	7985	46.2591063608	0.00208265436913	0.00167884962743	0.000403804741702
TTNC	45943	5346655	5389827	28333	26375	19.7865964077	0.00527126758236	0.00486964851016	0.00040161907221
CTTC	7967	1267624	1243295	4397	3817	7.42445940437	0.00345670393806	0.00306067137515	0.000396032562919
CNCT	10143	1527035	1512381	4671	4032	9.7519259301	0.00304954083878	0.00265890624784	0.000390634590941
NTCN	105149	13668202	13529671	38368	32728	86.2233796182	0.00279924153162	0.00241314239465	0.00038609913697
CNNT	98213	12193026	12245476	28117	23588	91.5961790313	0.00230068496866	0.0019225590477	0.000378125920965
NAAT	142807	11033864	11045547	41926	37822	47.8844810702	0.00378537332326	0.00341250029662	0.000372873026642
NTNG	85190	11287740	11435628	44228	40533	47.2722966272	0.00390294077781	0.00353193023346	0.000371010544343
TCNC	11953	1758654	1717698	6233	5465	8.19888772012	0.00353167086618	0.00317149335263	0.000360177513549
CNTC	18843	3065542	2988544	9439	8122	15.7423609011	0.00306961246265	0.00271034543056	0.000359267032091
TTCA	18718	2147869	2132036	6459	5655	11.2195975343	0.00299815069943	0.0026453776528	0.000352773046625
NCTN	85181	11617002	11518890	24473	20233	80.8766075953	0.00210222501874	0.00175342614859	0.000348798870147
ACTT	9849	1235917	1226459	1595	1162	14.9804277166	0.00128887639069	0.000946546206036	0.000342330184658
ATTG	11290	1236799	1252150	4791	4419	5.06527053054	0.00385876174905	0.00351671893863	0.000342042810414
GTAT	15381	1257554	1262934	3182	2766	7.51699377623	0.00252392253414	0.00218535197914	0.000338570554997
TATT	72818	4293241	4364283	8693	7393	28.7468547784	0.00202071905334	0.0016911134311	0.000329605622241
NGTT	34133	4242447	4310557	6791	5483	36.0664416591	0.00159816889522	0.00127037747565	0.000327791419574
CNCN	31681	4811407	4734879	13878	12131	20.7650599499	0.00287609954645	0.00255550335896	0.000320596187495
TNCG	7494	1115062	1118534	3183	2834	5.37556678324	0.0028464245313	0.00252727026275	0.000319154268546
NATT	142807	11035750	11192248	20854	17572	72.5166162982	0.00188611258936	0.00156755416233	0.00031855842703
ATTN	142807	11042900	11132660	32456	29157	45.4830127678	0.00293047013568	0.00261220910538	0.000318261030296
NANT	330670	27958582	28168559	76798	68378	121.299367995	0.00273932438226	0.0024215799327	0.000317744449567
CATT	19552	2143737	2162437	2860	2201	20.8982529665	0.00133234137568	0.00101679818981	0.000315543185862
ANGT	38522	4240258	4297370	11444	10240	19.2170493215	0.00269162796452	0.00237718827842	0.0003144396861
CCNT	17407	2447681	2458268	6873	6131	10.7858106807	0.00280010136261	0.00248782766102	0.000312273701586
CTNN	85182	11604322	11537794	28928	25231	51.4180602507	0.00248666537726	0.00218204146406	0.000304623913196
NTAA	128870	9785153	9671284	19408	16259	53.7944176324	0.00197948689391	0.00167834093743	0.000301145956477
CATC	7563	1203522	1164710	3414	2954	5.04333764099	0.00282865040068	0.00252983735047	0.000298813050213
TAGT	7984	1004753	1023230	2232	1969	5.43306062638	0.00221651762439	0.00192060273176	0.000295914892631
CNTG	12718	1997787	1999387	5996	5410	7.45115190441	0.00299233998891	0.0026985275816	0.000293812407315
ACAA	18690	2082223	2044668	2984	2331	15.890662367	0.00143103298617	0.00113874017525	0.000292292810922
ATNG	30883	3640975	3666452	12118	11127	11.634645073	0.00331718902311	0.00302563180832	0.000291557214793
CCNN	38288	5980665	5941096	18014	16161	20.2265672878	0.00300299449262	0.00271282571828	0.000290168774341
NTAT	237513	11640818	11688099	34360	31147	38.1973489547	0.00294299581557	0.00265776484255	0.000285230973017
GGNT	12253	1873943	1909146	4530	4070	8.19417309028	0.00241153319744	0.00212730815548	0.00028422504196
AAGT	9849	1204594	1228225	3361	3079	4.71978700316	0.00278238841679	0.00250060098887	0.000281787427917
NAGT	22528	2925074	2976898	7094	6408	11.3077059812	0.00241937024072	0.00214795264046	0.000271417600263
ATAN	237513	11731358	11639499	32195	28786	36.8609265165	0.00273684319695	0.00246702921638	0.000269813980573
CTNG	8239	1391150	1396819	4044	3699	4.35126417276	0.00289852163928	0.00264116562586	0.000257356013423
CNTN	120177	14855167	14806141	35356	31475	47.3289133361	0.00237439611758	0.00212129765321	0.000253098464376
GNTT	30790	3878958	3956541	7619	6845	13.5672767232	0.00196033682081	0.00172705863118	0.000233278189626
TANT	143477	10037677	10115922	23494	21315	27.8948695481	0.00233511586276	0.00210264394529	0.000232471917468
ATCN	35405	4539648	4454568	10958	9720	12.3290864884	0.00240803093039	0.00217727888523	0.000230752045153
TNCN	114307	14118068	14046774	40192	36753	30.7722116958	0.00283876691062	0.0026096445869	0.000229122323724
CGNT	6942	1074491	1089633	1988	1766	4.25771887876	0.00184676152531	0.0016181066686	0.000228654856709
GNNT	87678	10525479	10667288	24055	22140	24.2983520541	0.00228019550437	0.00207120530678	0.000208990197594
TGCN	11015	1706886	1703786	3759	3406	4.34128875532	0.00219741676385	0.00199508901166	0.000202327752189
TCNT	54392	6600564	6586520	14193	12839	15.0673612421	0.00214565705135	0.00194549197884	0.000200165072505
TNTC	46681	5313915	5303110	26354	25231	5.57941325539	0.00493495739634	0.00473524498526	0.000199712411082
ATAA	71478	4398558	4328745	8316	7323	11.3638729559	0.00188705191027	0.00168885727807	0.000198194632197
NNGG	38288	5878386	5948472	20925	20016	7.86264090214	0.0035470243898	0.0033536131764	0.000193411213395
TTAN	128870	9650120	9724364	27572	25904	15.2019691057	0.0028490264001	0.00265674748633	0.000192278913771
NTTC	50929	6109955	6115212	30432	29289	5.72713075651	0.00495603941576	0.00476670115279	0.00018933826297
ATNN	471038	33322613	33227576	90306	83810	49.8073436537	0.00270272704998	0.00251595655612	0.000186770493862
NCAA	38985	4883845	4795993	6387	5412	14.8219983742	0.00130607300431	0.00112717006793	0.000178902936379
ANNG	98213	12102764	12168392	50415	48516	11.1950295675	0.00414829733027	0.0039712175945	0.00017707973577
NNTG	117372	14289082	14433522	53162	51236	13.4245461815	0.00370667240078	0.00353723548574	0.000169436915033
NTAN	425540	28220973	28156918	74961	70045	34.9005972245	0.00264917920716	0.00248149260691	0.000167686600252
TAAT	53097	3586778	3573491	10035	9414	4.53774312511	0.00278996989835	0.00262747686584	0.000162493032512
NGNT	91044	12183173	12354249	25729	24128	17.5318188417	0.00210739671758	0.00194920545723	0.000158191260349
NCNT	120177	14814323	14774721	32260	29995	17.5966246005	0.0021728905567	0.00202604359314	0.000146846963566
TGNT	45432	5608644	5685566	11189	10585	6.43840545095	0.00199098442961	0.00185827236673	0.000132712062882
ACNN	91842	11405114	11246175	25469	23936	7.00096349448	0.00222814531857	0.0021238477598	0.000104297558776
ANCN	91044	12335196	12171064	32607	30936	6.08577775565	0.00263644238188	0.00253532207835	0.000101120303537
ANTN	330670	28035704	28067838	76265	73503	12.6906816084	0.00271290139798	0.00261192243824	0.00010097895974
NNAT	471038	33197142	33258170	97719	94547	13.6072442125	0.00293495743983	0.00283476155781	0.000100195882022
