#Sequence	Occurrence	Forward Match	Backward Match	Forward Mismatch	Backward Mismatch	Strand Bias Score	FER (Forward Error Rate)	RER (Reverse Error Rate), ERD (Error rate Difference)
GGGT	2770	21466	22698	137	68	6.5570827517	0.00634171179929	0.00298691030484	0.00335480149445
TTTT	101701	266194	281908	1935	1221	45.4513649534	0.00721667555542	0.004312521854	0.00290415370143
NCCC	6777	53542	51784	387	246	6.53743081921	0.00717610191177	0.00472804151451	0.00244806039726
NTTT	185273	577816	599057	2959	1870	63.1903205043	0.00509491627567	0.00311185884475	0.00198305743091
GNGT	11404	72274	74395	287	160	9.40410580672	0.00395529278814	0.0021460666622	0.00180922612594
TTNT	197537	574655	592524	2869	1931	47.2759139818	0.00496775891565	0.00324835353391	0.00171940538174
ATCT	9237	48912	48547	180	98	5.77496775844	0.003666585187	0.00201459553911	0.00165198964789
TNTT	199509	586017	603681	2477	1610	46.7389248185	0.00420904886031	0.00265987764563	0.00154917121468
GTTT	12859	65915	68819	364	274	4.3073949734	0.00549193560555	0.00396566946	0.00152626614554
TTCT	17059	83229	83111	292	169	7.81720818991	0.00349612672262	0.0020292987512	0.00146682797142
NTCT	33079	179082	177167	601	338	16.2555383182	0.00334477941708	0.00190417171347	0.00144060770361
CTTT	16245	82553	82800	215	98	10.3181682189	0.00259762226948	0.00118217568578	0.00141544658369
GNCT	6834	49887	49756	146	75	5.55043273577	0.00291807407111	0.00150508719472	0.00141298687639
NTNT	468748	1376299	1401307	5425	3595	88.9670065335	0.00392625444734	0.00255889734658	0.00136735710077
ATGT	19907	78749	80229	243	149	5.96461366463	0.00307626088718	0.00185374107343	0.00122251981375
GTNT	35675	168016	172137	651	462	8.78483027432	0.00385967616665	0.00267672466237	0.00118295150428
AAAT	54468	161892	163479	810	631	5.93786244246	0.00497842681713	0.00384498202425	0.00113344479287
ATNT	202894	460147	463746	1448	935	25.8275938788	0.00313694905707	0.00201213305472	0.00112481600235
CTNT	32642	173481	172900	457	267	11.5041290051	0.00262737297198	0.001541864212	0.00108550875998
NTGT	45755	209080	212670	612	397	11.589320575	0.00291856627816	0.00186326366824	0.00105530260992
ATTT	54468	163154	165530	445	277	9.81535494175	0.00272006552607	0.00167061704271	0.00104944848337
NNTT	376993	1352676	1379412	4276	2916	62.856778707	0.00315117999752	0.002109484869	0.00104169512852
ATAT	119282	169332	169440	580	411	7.02897794524	0.00341353171053	0.00241976791423	0.000993763796302
GGNT	13627	96184	99826	303	217	4.47116357847	0.00314031942127	0.00216906730106	0.000971252120209
GNNT	82139	447635	458419	1363	964	17.9178831705	0.00303564826569	0.00209846685663	0.000937181409062
TNCT	36516	201890	200350	596	404	8.46982638178	0.00294341337179	0.00201241320223	0.000931000169561
TTTN	185273	574867	594669	3697	3270	10.0907068466	0.00638995858712	0.00546878527743	0.000921173309695
TTCN	43332	232161	229708	826	613	7.12502306662	0.00354526218201	0.00266150285905	0.000883759322957
TNNT	413282	1422468	1443880	4637	3472	41.2784990285	0.00324923534008	0.00239886357983	0.000850371760243
NNCT	78755	483544	477291	1441	1015	15.7744786372	0.0029712259142	0.0021220724808	0.000849153433407
GNTT	29156	166841	172587	526	415	4.38386190422	0.0031427939797	0.00239881619866	0.000743977781041
NNGT	91044	510013	520639	1415	1082	12.0642071636	0.00276676286789	0.00207390540155	0.000692857466345
CNTT	43026	228897	228209	445	286	8.17440944349	0.00194033365018	0.00125166852666	0.000688665123518
NAAT	122252	382979	386310	1375	1134	6.24183886908	0.00357743122226	0.00292687459349	0.000650556628769
NTAT	204641	410321	412413	1253	990	7.78140606171	0.00304440999674	0.00239475765778	0.000649652338962
ANAT	202894	460019	461162	1623	1328	7.3483540749	0.00351571130876	0.00287141343597	0.000644297872797
TNGT	35063	198060	201868	495	378	4.5791126902	0.00249301201179	0.0018690110064	0.000624001005387
ANTT	105302	370921	374935	828	605	8.87259993167	0.00222730928664	0.00161101347393	0.000616295812711
ANNT	369824	1166290	1174305	3377	2686	19.1094330781	0.00288714651264	0.00228209051726	0.00060505599538
TTNN	376991	1348236	1368978	6054	5316	13.8994412984	0.00447023901823	0.0038681679466	0.000602071071634
AANT	105302	368672	372428	1254	1060	4.6686741266	0.00338986716262	0.00283810992589	0.000551757236734
NTTN	376992	1349596	1371256	6056	5419	10.9076869212	0.00446722315166	0.00393629578513	0.00053092736653
NCTT	36376	206971	204932	338	227	5.1820663963	0.00163041643151	0.00110645889286	0.000523957538652
NTCN	94004	551923	541664	1582	1272	6.87977917362	0.00285814942954	0.00234281756966	0.000515331859886
CNNT	89873	518494	513298	1224	966	6.81915863086	0.00235512335536	0.00187841264409	0.000476710711269
NANT	288992	1035777	1043807	2637	2249	8.17732874254	0.00253944958369	0.00214998049818	0.000389469085516
CTNN	78755	487566	478598	1161	958	4.11924964504	0.00237555936136	0.00199768118843	0.000377878172929
NNAT	408326	1208654	1212560	3469	3075	6.20090753273	0.00286192077867	0.00252954217343	0.000332378605235
TNTN	468748	1380343	1396411	5432	5053	4.72066873422	0.00391982825495	0.00360551537535	0.000314312879597
