#Sequence	Occurrence	Forward Match	Backward Match	Forward Mismatch	Backward Mismatch	Strand Bias Score	FER (Forward Error Rate)	RER (Reverse Error Rate), ERD (Error rate Difference)
CGGT	803	111347	116186	4612	695	9223372036854775807	0.0397726782742	0.00594621880374	0.0338264594705
AGGT	5246	720180	765904	29764	5725	9223372036854775807	0.0396882967262	0.00741936863441	0.0322689280917
NGGT	14691	2324111	2461046	80906	18428	9223372036854775807	0.0336405106492	0.0074322215115	0.0262082891377
GAGT	2311	338619	351266	10030	1910	9223372036854775807	0.0287681880631	0.00540806849843	0.0233601195646
GGGT	2770	630124	670465	21910	7002	9223372036854775807	0.0336025421987	0.01033555878	0.0232669834187
TGGT	5872	862460	908491	24620	5006	9223372036854775807	0.027753979348	0.00548003989066	0.0222739394573
GGGA	2139	314172	328553	7855	1644	9223372036854775807	0.0243923646154	0.00497884596165	0.0194135186537
CGGN	2488	340508	356153	8672	2580	9223372036854775807	0.0248353284839	0.00719197843522	0.0176433500487
CGGA	926	134154	139257	2885	625	9223372036854775807	0.0210524011413	0.00446805164353	0.0165843494978
GGGN	6777	1191140	1258473	32334	13655	9223372036854775807	0.0264280238076	0.0107339827439	0.0156940410637
GNGT	11404	1922270	1960606	42238	13031	9223372036854775807	0.0215005487379	0.00660253126588	0.014898017472
AAGT	9137	1333870	1355582	25733	7640	9223372036854775807	0.0189268484992	0.00560436964779	0.0133224788514
NGGN	40099	6294868	6597441	137310	54778	9223372036854775807	0.0213473569917	0.00823454549527	0.0131128114964
AGGN	15688	2494791	2619109	54010	22801	9223372036854775807	0.0211903557791	0.00863049838942	0.0125598573896
NAGT	22244	3271918	3310848	57939	17172	9223372036854775807	0.0173998462997	0.00515982476067	0.012240021539
GCGT	722	104252	103999	1836	560	146.504808302	0.0173063871503	0.00535582781014	0.0119505593402
TGGN	15146	2268429	2363706	42294	15742	9223372036854775807	0.0183033621944	0.0066158201398	0.0116875420546
CNGT	7065	1052888	1049829	17752	5267	9223372036854775807	0.0165807367556	0.00499196281665	0.0115887739389
CTAG	2090	313780	320643	6027	2381	9223372036854775807	0.0188457413377	0.00737096933974	0.011474771998
NGGA	15492	2353849	2462822	33643	9977	9223372036854775807	0.0140913561176	0.00403469914053	0.0100566569771
ANGT	37512	5629176	5673807	81613	26220	9223372036854775807	0.0142910200324	0.00459997821063	0.0096910418218
CAGT	2198	322077	319467	5096	1946	298.665563041	0.015575857421	0.00605451552986	0.00952134189113
TGGA	5910	925505	962167	12546	3734	9223372036854775807	0.0133745393374	0.00386582061723	0.00950871872019
CCGT	949	139233	137547	2078	731	136.652974086	0.0147051538804	0.00528645193017	0.00941870195028
NNGT	91044	14115091	14169621	199209	67666	9223372036854775807	0.0139167825182	0.00475273133147	0.00916405118671
CCGA	823	123216	123275	1878	741	107.433124776	0.0150127104417	0.00597503547929	0.00903767496245
CTTG	3886	589796	591336	10730	5273	9223372036854775807	0.0178676693432	0.0088382843705	0.00902938497271
TAGT	8598	1277352	1284533	17080	5676	9223372036854775807	0.0131949766384	0.00439928724726	0.00879568939114
GCGA	838	123167	123695	1822	730	102.681047326	0.0145772828009	0.00586698814547	0.00871029465542
ACGT	3222	466648	469287	6445	2418	9223372036854775807	0.0136231142714	0.00512608515916	0.00849702911224
CTGT	3115	480231	476629	5966	1895	9223372036854775807	0.0122707462202	0.00396009395558	0.00831065226457
GNGA	11808	1802913	1835149	21605	7630	9223372036854775807	0.0118414836138	0.00414048564695	0.0077009979668
CTNG	7924	1184180	1199166	20000	10881	9223372036854775807	0.016608812636	0.00899221269918	0.00761659993681
GNGN	34114	5262537	5380030	77983	42210	9223372036854775807	0.0146021361216	0.00778460562424	0.00681753049733
CCNG	3856	636242	618347	23206	18174	101.642423104	0.0351900377285	0.0285520823351	0.00663795539346
AGGA	6517	980018	1032845	10357	3974	9223372036854775807	0.0104576549287	0.00383287729102	0.00662477763767
CTCG	687	101628	104102	1606	953	40.3018018279	0.0155568901718	0.00907143877017	0.00648545140167
NCGT	8354	1257555	1251765	14606	6398	9223372036854775807	0.0114812511938	0.00508519166436	0.00639605952948
CGGC	405	47979	53017	794	530	18.6216083669	0.0162794989031	0.00989784675145	0.00638165215163
GAGN	9942	1490745	1533136	19514	10148	9223372036854775807	0.0129209625634	0.00657558816135	0.00634537440203
TNGT	35063	5510757	5485379	57606	23148	9223372036854775807	0.0103452307258	0.00420221231556	0.00614301841024
CNGA	8081	1333692	1339915	13042	4930	9223372036854775807	0.00968416925688	0.00366584996784	0.00601831928904
GGGC	479	61576	65538	1211	885	16.5705671604	0.0192874321117	0.0133236981166	0.00596373399513
AACC	5234	1096125	1042486	15984	9155	9223372036854775807	0.0143726918854	0.00870544225644	0.00566724962898
CCGN	2488	354724	350819	4659	2579	124.939559932	0.0129638853257	0.00729772098314	0.00566616434254
AGGC	977	130921	134697	2352	1639	32.8632732504	0.0176479857135	0.0120217697453	0.0056262159682
GTGT	5601	849275	834876	8462	3559	9223372036854775807	0.00986549490112	0.00424481325326	0.00562068164785
CNGN	22542	3487631	3524415	42149	22873	9223372036854775807	0.0119409708254	0.00644802451901	0.00549294630636
TTTG	16745	2737179	2677752	47880	31864	9223372036854775807	0.0171917363331	0.0117595998843	0.00543213644879
AGNT	24116	3649803	3683535	44175	24346	9223372036854775807	0.0119586527045	0.00656601438935	0.00539263831513
CCAA	4672	730239	726831	8121	4107	281.232181325	0.0109986998212	0.00561880761433	0.0053798922069
TAGC	2287	326827	332745	5259	3524	81.5653581576	0.0158362592822	0.010479705236	0.00535655404625
CTGA	3058	557782	557270	5057	2047	276.057966398	0.00898480737831	0.00365982081718	0.00532498656113
CTGN	8783	1403270	1403397	15133	7838	9223372036854775807	0.0106690411681	0.00555400057397	0.00511504059417
GCGN	2292	324332	326437	4399	2740	86.4224241521	0.0133817619878	0.00832378932915	0.00505797265862
GAGA	4101	641536	653398	4960	1833	9223372036854775807	0.0076721279018	0.0027974866879	0.0048746412139
GTGA	4730	724038	729503	6968	3423	268.029436641	0.00953206950422	0.00467032142399	0.00486174808023
CCNA	12197	1981876	1967827	45199	35032	260.61351673	0.0222976456224	0.0174909966203	0.00480664900206
AAGC	2950	431441	422870	6290	4089	92.2223443288	0.0143695557317	0.00957703198668	0.00479252374504
CAGC	1366	186676	186637	2588	1692	41.3724810515	0.0136740214727	0.00898427751435	0.0046897439583
NAGC	7744	1112322	1110074	16093	10765	225.98905597	0.0142615970188	0.00960441240892	0.00465718460991
TCGA	2388	385989	386874	3535	1737	134.486608129	0.00907517893634	0.00446976539522	0.00460541354113
NCGA	7510	1172637	1181136	11048	5738	9223372036854775807	0.00933356425062	0.00483454857045	0.00449901568018
TNGA	26826	4295730	4339623	35088	15760	9223372036854775807	0.00810193363009	0.00361851070273	0.00448342292736
CTGC	1349	186281	186413	2473	1622	39.2466709035	0.0131017091029	0.00862605366022	0.00447565544263
AAAC	12859	2179454	2231131	36722	27600	9223372036854775807	0.0165699836114	0.0122192505438	0.00435073306763
TCAA	10375	1655699	1676610	14183	7194	9223372036854775807	0.00849341450474	0.00427246876715	0.00422094573759
ANGN	110472	17200528	17503723	170237	101935	9223372036854775807	0.00980020166066	0.00578990004236	0.0040103016183
CNTG	12921	2061956	2050106	38403	29825	221.478954677	0.0182840171609	0.0143394179903	0.00394459917057
NAGN	78755	12182372	12386898	122584	75118	9223372036854775807	0.0099621648383	0.00602775666473	0.00393440817357
ACGN	8354	1245392	1259075	12426	7576	266.42571898	0.00987901270295	0.00598112660867	0.00389788609428
AAGN	36376	5562173	5660804	54016	32784	9223372036854775807	0.00961790993857	0.00575805625556	0.00385985368301
AANC	29156	5019158	5013780	71675	51902	9223372036854775807	0.0140792282913	0.0102458069812	0.00383342131015
CCCG	354	47540	47623	723	537	6.71924571181	0.0149804197833	0.0111503322259	0.00383008755736
TNGN	81865	12911200	12966758	126076	76445	9223372036854775807	0.00967042501823	0.00586090701801	0.00380951800022
CTAA	8154	1395770	1385814	11703	6288	9223372036854775807	0.00831490195549	0.00451691039881	0.00379799155668
NNGA	94004	14957659	15204079	107154	51972	9223372036854775807	0.0071128662533	0.00340664828664	0.00370621796666
NCAA	35555	5656615	5764621	46714	26332	9223372036854775807	0.0081906549666	0.0045470926806	0.003643562286
CNGC	3540	475650	478229	6154	4422	64.2033969478	0.0127728287851	0.00916189959204	0.0036109291931
TTGA	10375	1663735	1658144	13114	7049	9223372036854775807	0.0078206206999	0.00423314294499	0.0035874777549
GGNT	13627	2550745	2667196	30575	22210	9223372036854775807	0.011844715107	0.00825832916265	0.00358638594435
NTTG	35555	5676470	5625444	80732	59575	9223372036854775807	0.0140227839843	0.0104792965512	0.00354348743314
NGGC	3139	413431	430470	6704	5429	41.9586499342	0.0159567757983	0.0124547200154	0.00350205578284
TAGN	23654	3740325	3778912	35369	22310	9223372036854775807	0.00936754938297	0.0058691652316	0.00349838415137
NCGN	20644	3103193	3109778	31039	20109	9223372036854775807	0.009903223501	0.0064248325898	0.0034783909112
NACC	14691	2455092	2384722	32694	23384	277.873642644	0.0131418056055	0.009710535998	0.00343126960747
CNAG	7924	1187450	1202969	13719	9701	161.125009265	0.0114213736785	0.00799970313441	0.00342167054407
CGNA	7555	1154530	1175098	10129	6241	215.699312505	0.00869696623647	0.00528298820237	0.0034139780341
GCCA	1278	178988	176261	2315	1675	21.0040024093	0.0127686800549	0.00941349698768	0.00335518306725
GGNA	15190	2291519	2364634	19773	12511	9223372036854775807	0.00855495541022	0.00526303612106	0.00329191928916
CAGA	3274	518540	520113	3222	1517	135.053763324	0.00617522931911	0.00290819163008	0.00326703768903
NCTG	8783	1387747	1385587	28880	24141	90.0522693403	0.0203864531736	0.0171245800608	0.0032618731128
TACC	4739	713517	702742	10142	7643	68.6624683547	0.0140148882277	0.0107589546514	0.00325593357639
CTNA	23803	3804090	3796226	30824	18597	9223372036854775807	0.00803772913812	0.00487493128777	0.00316279785036
CTCA	3322	503505	506365	4903	3336	67.3764441104	0.00964382936539	0.00654501364525	0.00309881572014
ACAA	17132	2749974	2832464	19820	11560	9223372036854775807	0.00715576681876	0.00406466330805	0.00309110351071
CGCA	904	135155	136652	1346	944	17.1247110606	0.009860733621	0.0068606645542	0.0030000690668
TTAA	31912	4982198	4997938	37055	22183	9223372036854775807	0.00738257266569	0.00441881779344	0.00296375487226
GAGC	1141	167378	167822	1956	1460	16.7345323267	0.0115511356255	0.00862466180693	0.00292647381852
ATGT	19907	3108478	3083034	19671	10437	9223372036854775807	0.00628838332189	0.00337388002021	0.00291450330168
CTAC	3832	563120	569287	5791	4184	60.8051974231	0.0101790965546	0.00729592254883	0.00288317400582
TTTC	19285	3154369	3068788	50027	39661	200.64659504	0.015611990528	0.0127590962567	0.00285289427133
CNAA	32817	5342724	5430507	38406	23461	9223372036854775807	0.00713716264056	0.00430163873349	0.00283552390707
CAGN	8783	1389129	1414046	13685	9876	149.032611849	0.00975539166276	0.00693577316735	0.00281961849541
TCGT	3461	547422	540932	4247	2689	72.8238040003	0.00769845686453	0.00494646086152	0.00275199600301
CGAA	3246	513107	523259	3634	2251	77.4196153421	0.00703253660925	0.00428345797416	0.00274907863509
TCNA	26826	4330708	4327877	35711	23708	9223372036854775807	0.00817855547074	0.00544812981936	0.00273042565138
CNCG	2455	348372	349384	4373	3412	27.1644254873	0.0123970573644	0.00967131146612	0.00272574589827
CCCA	2086	317637	313427	3788	2876	25.3388529812	0.0117850198336	0.00909254733594	0.00269247249761
NTGT	45755	7261507	7145962	45758	25668	9223372036854775807	0.00626198721409	0.00357910265867	0.00268288455542
TTNG	32817	5339672	5305621	73266	58281	9223372036854775807	0.0135353480864	0.0108654110385	0.00266993704792
GTGN	15103	2256320	2261984	21736	15667	216.896263773	0.00954146869085	0.00687857797354	0.00266289071731
NTGA	37923	6157213	6218253	38472	22237	9223372036854775807	0.00620948289011	0.00356334198116	0.00264614090895
NCNA	81865	12963049	13022050	128909	96047	9223372036854775807	0.00984642633287	0.00732171747167	0.00252470886119
CNNG	27156	4223179	4258901	61696	51192	230.405238938	0.01439855305	0.0118772379157	0.00252131513422
NGNT	86906	14075681	14198607	123938	89110	9223372036854775807	0.0087282623569	0.00623682565941	0.00249143669749
GCNA	7779	1160498	1161968	11214	8316	94.7429065427	0.00957061120821	0.00710596744038	0.00246464376783
ACGA	3461	540265	547292	3813	2530	60.8920190279	0.00700818632623	0.00460148920923	0.00240669711699
ANGC	8704	1260707	1260632	15769	12767	69.0727195732	0.0123535420956	0.0100259227469	0.00232761934867
ANAC	35675	5613885	5704126	76023	64180	258.598193714	0.0133610244665	0.0111263168077	0.00223470765873
GCAA	3376	520703	528716	4590	3471	38.4127555664	0.00873798051754	0.00652214353225	0.00221583698529
CCAG	1261	181806	180971	1936	1529	10.769078581	0.0105365131543	0.00837808219178	0.00215843096253
CNNA	91351	14450791	14572677	120675	90114	9223372036854775807	0.00828159637472	0.00614576038082	0.00213583599391
NNGC	23846	3428492	3434748	41955	34537	158.893381777	0.0120892207834	0.0099550771989	0.00213414358447
TNAA	105917	16819290	17069031	102431	69152	9223372036854775807	0.00605322591006	0.004034966834	0.00201825907606
TAGA	8153	1320501	1332438	5893	3240	173.400211699	0.00444287293218	0.00242573434615	0.00201713858602
NAAC	33091	5397825	5422514	69641	58818	207.978752003	0.0127373448687	0.0107306034373	0.00200674143145
CTAN	23654	3784757	3783462	26854	19268	270.311689647	0.00704531496	0.0050668861581	0.0019784288019
TCCA	5910	957960	940203	9284	7226	48.4707702114	0.00959840536617	0.00762695674293	0.00197144862324
TCGN	7510	1178745	1173447	9555	7214	69.497066583	0.00804089876294	0.00611013660992	0.00193076215302
ANCC	13627	2661142	2553530	32549	26236	96.4300243439	0.0120834201102	0.0101699146357	0.00191350547451
NAGA	33079	5273960	5341868	23991	14020	9223372036854775807	0.0045283544525	0.00261767983199	0.00191067462051
ACCG	803	114926	115523	1350	1132	5.08762506522	0.0116103065121	0.00970382752561	0.00190647898648
CGNT	7191	1122326	1109028	8865	6626	65.4286366634	0.00783687281812	0.00593911732491	0.00189775549321
ANGA	47289	7525324	7689392	37419	23652	9223372036854775807	0.00494780795804	0.00306649359189	0.00188131436614
TTNA	105917	16983344	16802012	150851	117417	9223372036854775807	0.00880409030013	0.00693977320393	0.0018643170962
TTNC	40720	6480673	6338785	83745	69967	205.174122117	0.0127574142902	0.0109174141861	0.00184000010409
AGNN	78755	12206814	12376567	101696	80021	9223372036854775807	0.00826225107669	0.00642399026122	0.00183826081548
NTGN	109495	17281463	17280809	125512	93458	9223372036854775807	0.00721044294026	0.0053791046264	0.00183133831386
GGCA	1373	192819	194161	1875	1534	8.70277534968	0.00963049708774	0.00783872863384	0.00179176845389
NANC	86905	14086526	14003317	159926	133408	9223372036854775807	0.0112256721884	0.00943698063024	0.00178869155818
ATAC	14136	2157636	2182470	28038	24444	63.2952372786	0.0128280795764	0.0110760999296	0.00175197964678
NGNA	102993	16079198	16303865	105371	78173	9223372036854775807	0.00651058424849	0.00477187270595	0.00173871154254
GNGC	3823	544909	547871	6603	5669	17.3788299411	0.011972540942	0.0102413556383	0.00173118530374
AGCT	2480	353996	354590	2907	2292	16.8891702463	0.00814507022917	0.00642229084123	0.00172277938794
CAAA	16745	2703608	2794603	14948	10815	175.913983605	0.00549850729578	0.00385504049664	0.00164346679915
CTTA	9269	1347033	1346777	9161	6926	68.218622822	0.00675493329125	0.00511633644898	0.00163859684227
ATAG	9578	1484872	1487961	17153	14714	42.4076012416	0.0114199164461	0.00979187116309	0.00162804528304
GGNN	40099	6382463	6624038	61119	52782	208.095348191	0.00948525214702	0.00790526028858	0.00157999185844
TGNA	43732	6965892	6994948	46712	35832	9223372036854775807	0.0066611489826	0.00509644733586	0.00156470164675
ANNC	82139	13363133	13326314	159081	137732	9223372036854775807	0.0117644196431	0.0102296144859	0.00153480515725
TANC	30453	4772985	4730499	50739	42978	125.127961651	0.0105186366384	0.00900349996449	0.00151513667392
TNGC	7779	1147226	1148016	13429	11679	27.5727256074	0.0115701909698	0.0100707513613	0.0014994396084
GNNA	93176	14509192	14729102	87024	66121	9223372036854775807	0.00596209318908	0.00446907762053	0.00149301556856
ACNA	35063	5489967	5564378	36785	28991	224.207903695	0.00665580796822	0.00518310163338	0.00147270633484
GTNA	29595	4500983	4512189	29948	23300	184.266614004	0.00660967911451	0.00513726303823	0.00147241607628
NTNG	81865	12873342	12904732	153481	134890	268.810949079	0.0117819210409	0.0103446250206	0.00143729602034
CNCA	13596	2063976	2090488	15935	13093	69.3825350759	0.00766138551121	0.00622414825006	0.00143723726115
TGAA	16088	2666154	2710027	15077	11422	123.622951344	0.00562316339025	0.0041970288622	0.00142613452805
ATGN	50054	7898172	7964735	49785	38774	9223372036854775807	0.00626387384834	0.00484462502635	0.00141924882199
NTAC	33498	5064786	5083699	56304	49243	108.66987141	0.0109945343667	0.00959352355822	0.00140101080848
NNAA	376991	60811926	61805700	354097	273378	9223372036854775807	0.00578911269088	0.00440370586689	0.00138540682399
NTAG	23654	3735807	3765228	38080	33202	81.623692558	0.0100903922137	0.00874097982588	0.00134941238778
ACTG	2198	317486	325738	2796	2422	8.88269390143	0.00872980685771	0.00738054607509	0.00134926078262
AAAA	101701	17097875	17346416	97754	75781	9223372036854775807	0.00568481676361	0.00434968104195	0.00133513572166
TNTG	47796	7523731	7425080	94614	83314	125.118766786	0.0124192327861	0.0110961145619	0.00132311822421
AAAN	185273	30248829	30899074	266770	231009	9223372036854775807	0.0087420863015	0.0074207640243	0.0013213222772
NAAA	185273	30421762	31029456	161246	125030	9223372036854775807	0.00527240485959	0.00401322621725	0.00125917864234
TTGN	35555	5723701	5650693	38858	31179	162.551204914	0.00674318475525	0.00548745202285	0.00125573273239
AATC	8113	1312138	1317293	12679	11058	26.3136128236	0.00957037839943	0.00832460697511	0.00124577142432
TAAC	10185	1546158	1531464	16707	14634	26.4819175915	0.01068998282	0.00946511799381	0.0012248648262
TTCA	16088	2704664	2676995	19030	15518	70.7475978347	0.00698683479128	0.00576338907184	0.00122344571944
TTAC	11120	1693642	1681768	16273	14142	30.1217692737	0.00951684732867	0.00833888590786	0.00117796142081
ATGA	19760	3211658	3273336	13333	9718	139.439596852	0.0041342751034	0.00296004878385	0.00117422631956
NTGC	10671	1575979	1570519	16936	15057	23.4248588728	0.01063208018	0.00949623354541	0.00113584663464
TAAA	47542	7515239	7684456	36116	28353	242.821237349	0.00478271780363	0.00367609258832	0.00110662521531
NCCA	15146	2366248	2318091	22746	19724	35.0438888627	0.0095211624642	0.00843693790997	0.00108422455423
CGNN	20644	3111418	3116634	24647	21265	56.1982499133	0.00785921210179	0.00677682742497	0.00108238467682
CNAN	81865	12988091	13049452	86324	72826	262.604435669	0.00660251338205	0.00554979859442	0.00105271478763
NCTA	23654	3767549	3758202	48401	44253	38.8555849217	0.0126838664029	0.0116380075504	0.00104585885248
NGAA	43332	7003602	7147856	36090	29293	185.680110398	0.00512664474525	0.00408142564687	0.00104521909838
CTNC	14386	2192941	2172075	20365	17909	30.1978373078	0.00920116784575	0.00817768531642	0.00102348252933
TNTC	40612	6621687	6483557	77772	69420	68.8040363296	0.0116086985531	0.0105936584243	0.00101504012887
NTAA	112831	17729947	17863767	110047	92723	9223372036854775807	0.00616855588629	0.00516375973255	0.00100479615373
GNAA	40720	6397279	6559030	32931	27221	151.49157388	0.0051212946389	0.00413300373763	0.000988290901265
GTAA	11120	1695199	1706213	10019	8384	34.8579737581	0.00587549509799	0.00488977876434	0.000985716333648
AGNA	36516	5667257	5769185	28757	23589	132.552086784	0.00504861820915	0.00407214229314	0.000976475916015
CTNN	78755	12417457	12326850	86024	73367	198.862144607	0.00688000405647	0.00591659000806	0.000963414048408
CTTC	6976	1105145	1091865	9731	8556	14.3176253185	0.00872832494376	0.00777520603478	0.000953118908979
TTTA	47542	7632747	7468935	81652	72667	75.808493112	0.0105843630852	0.00963548593522	0.00094887714997
TNNA	357306	54547347	54535832	335417	283552	9223372036854775807	0.00611151799862	0.00517247694721	0.000939041051414
AAGA	17551	2793383	2835919	9916	7430	86.8123398769	0.00353726092008	0.00261311573078	0.000924145189299
CCAN	15146	2370671	2327302	17548	15051	33.0614921572	0.00734773486016	0.00642558999433	0.000922144865827
ANAA	197537	32252633	32747132	180329	153544	9223372036854775807	0.00556005338026	0.00466689499024	0.000893158390019
NNAC	91043	14062691	14126582	153006	140898	120.768639785	0.010763172569	0.00987546504358	0.000887707525445
TNCA	43732	6995219	6994165	43297	37060	105.722065559	0.00615143874078	0.00527077429609	0.000880664444694
TTGC	3376	523769	515183	5173	4627	5.51133704468	0.00977990025371	0.00890132933187	0.000878570921843
AANT	105302	16324807	16654437	152519	140823	158.521978799	0.00925629559068	0.00838468710815	0.000871608482532
CGAN	7510	1174559	1182803	7415	6448	17.064245351	0.00627340364509	0.00542190000261	0.000851503642482
GAAA	19285	3105040	3203981	12428	10081	71.3952936316	0.00398656858707	0.00313652941356	0.000850039173513
AAAT	54468	8429977	8724626	94173	90029	63.6164612174	0.011047787756	0.010213559124	0.000834228631982
NTNA	301509	47922094	47964274	317809	277643	9223372036854775807	0.00658809367838	0.00575522320143	0.000832870476948
TCTA	8153	1331060	1324190	8709	7551	17.5436881297	0.00650037431826	0.00567002142308	0.000830352895175
CCNN	40099	6610842	6432077	92967	84969	38.4191579076	0.013867787701	0.0130379622915	0.000829825409488
CNTA	36857	5710399	5711767	53292	48630	47.3801683466	0.00924615840787	0.00844212647149	0.000804031936376
TGCA	4724	707489	707330	5356	4783	7.79230151156	0.00751355484011	0.0067166306471	0.00079692419301
GTTA	10185	1552293	1556827	9422	8201	20.0866889615	0.00603311103498	0.00524016183736	0.000792949197624
CCTN	15688	2615643	2529142	56353	52402	9.71473884583	0.021090226183	0.0202987049611	0.000791521221911
NGCA	10671	1584655	1588095	11711	10518	15.3605979107	0.00733603697398	0.00657945356381	0.000756583410169
GANT	24133	3823007	3851358	25027	22281	40.1181005938	0.00650384066253	0.00575195571916	0.000751884943373
GGAA	6939	1076337	1120120	5894	5285	14.3447559204	0.00544615705889	0.00469608718639	0.0007500698725
AANN	376993	60596320	61549633	438424	399389	9223372036854775807	0.00718318733343	0.0064470590028	0.000736128330627
NTNC	102993	16147867	15963704	197117	183070	80.8576020836	0.0120597854363	0.0113378684807	0.000721916955589
TNNC	93176	14593099	14381107	159088	146324	79.3718299477	0.010784028158	0.0100722557209	0.000711772437076
GANA	40612	6556192	6690311	26089	21994	95.8502134976	0.00396351963704	0.00327666874494	0.000686850892098
GNCA	10195	1518517	1523927	10502	9479	13.0527665664	0.00686845618007	0.00618166356464	0.000686792615434
TGNT	41972	6752807	6738848	40323	35928	54.0208165498	0.00593584989541	0.00530320116857	0.000632648726839
CANA	47796	7510295	7633526	34523	30244	78.4586492165	0.00457572336404	0.0039463606032	0.000629362760834
NTTC	43332	7063324	6939297	98698	92648	22.3242762084	0.0137807451583	0.013175302139	0.000605443019257
NCNG	22542	3478526	3494894	47167	45230	11.7038852168	0.0133780791464	0.0127763886237	0.000601690522751
TATC	13242	2186483	2163548	18631	17177	10.5433984175	0.00844899628772	0.00787673824072	0.000572258046998
TTGT	17132	2823523	2751423	11659	9777	27.100264281	0.00411225804904	0.00354085180356	0.000571406245479
NAAN	376992	60622122	61583903	433961	405807	9223372036854775807	0.00710758009157	0.00654636067825	0.000561219413321
ACAN	45755	7141580	7266889	44592	41458	39.014312834	0.00620525086235	0.00567269178653	0.000532559075822
CAAN	35555	5658104	5755885	34507	32059	30.6955830865	0.00606171754929	0.00553892712162	0.000522790427676
ATNC	34745	5412307	5399969	60347	57339	16.0875766012	0.0110270081025	0.0105068286415	0.000520179460947
AAAG	16245	2541523	2596901	38121	37599	5.85116191977	0.0147776204779	0.0142717783261	0.000505842151806
ANAN	468748	72597992	73509219	485959	455041	9223372036854775807	0.006649325787	0.00615217403649	0.000497151750511
TTAG	8154	1370602	1391286	11879	11378	4.97017931643	0.00859252315222	0.00811170743671	0.000480815715511
AGAA	17059	2748004	2794450	11485	10335	18.6420211655	0.0041620024577	0.0036847744123	0.000477228045402
NNTG	109495	17193168	17186483	191066	182674	41.0022060792	0.0109907632398	0.0105171482991	0.000473614940704
ANAG	32642	5070715	5151161	62915	61415	11.5423986637	0.012255460561	0.0117820824099	0.00047337815112
AANA	199509	32528091	32992846	137834	125711	162.189568219	0.00421950396323	0.00379578735873	0.000423716604497
TNAC	29595	4481524	4462128	41312	39526	7.75958875825	0.00913409197238	0.00878032829711	0.000353763675272
NTCA	37923	6216714	6179025	36875	34575	14.0905550244	0.00589661392842	0.00556440710699	0.000332206821427
TATT	62780	9984030	9786530	54777	50653	20.38554584	0.00545652486396	0.00514913669899	0.000307388164968
NANA	468748	72861981	73727678	300589	284544	142.054995419	0.00410850794334	0.0038445542143	0.000263953729035
AACN	33092	5463900	5461827	33156	31727	7.52264484079	0.00603159218316	0.0057753141227	0.000256278060464
ANNA	413282	66318992	67180256	309562	296620	102.705755981	0.00464608612097	0.0043958762999	0.00025020982107
TGNN	109495	17297890	17288148	114269	109982	18.2083790196	0.00656259800982	0.00632148397558	0.000241114034239
NANT	288992	45446974	45463719	310730	300791	36.8383779414	0.00679076904733	0.00657258211658	0.000218186930749
NTTA	112832	17818220	17703229	132415	128108	10.8578508038	0.00737661926723	0.00718443042157	0.000192188845663
NNCA	109495	17333934	17363985	97639	94479	13.4142211558	0.00560127304633	0.00541164446082	0.00018962858551
NCAN	109495	17321402	17363430	100432	98586	5.50615543282	0.00576472029294	0.00564573987333	0.000118980419604
