############################### insertion #########################
#Sequence	Occurrence	Forward Match	Backward Match	Forward Mismatch	Backward Mismatch	Strand Bias Score	FER (Forward Error Rate)	RER (Reverse Error Rate), ERD (Error rate Difference)
TCANTGTTGG	1	0	10	40	0	10.0116667714	1.0	0.0	1.0
ACTAANGNGC	1	0	15	40	0	13.0755360318	1.0	0.0	1.0
ACNAAAGGGC	1	0	15	40	0	13.0755360318	1.0	0.0	1.0
ACTAAAGNGC	1	0	15	40	0	13.0755360318	1.0	0.0	1.0
ACTAAAGGGC	1	0	15	40	0	13.0755360318	1.0	0.0	1.0
ACTANNGGGC	1	0	15	40	0	13.0755360318	1.0	0.0	1.0
ACTANAGNGC	1	0	15	40	0	13.0755360318	1.0	0.0	1.0
ACTAAAGGNC	1	0	15	40	0	13.0755360318	1.0	0.0	1.0
ACTANAGGGC	1	0	15	40	0	13.0755360318	1.0	0.0	1.0
TCATTGTTGG	1	0	10	40	0	10.0116667714	1.0	0.0	1.0
ACTAANGGGC	1	0	15	40	0	13.0755360318	1.0	0.0	1.0
############################### deletions #########################
#Sequence	Occurrence	Forward Match	Backward Match	Forward Mismatch	Backward Mismatch	Strand Bias Score	FER (Forward Error Rate)	RER (Reverse Error Rate), ERD (Error rate Difference)
GTCTATAAGG	1	0	10	30	0	8.92822196035	1.0	0.0	1.0
GTCTANAAGG	1	0	10	30	0	8.92822196035	1.0	0.0	1.0
TGCGAATTAA	1	0	10	30	0	8.92822196035	1.0	0.0	1.0
GTCNATAAGG	1	0	10	30	0	8.92822196035	1.0	0.0	1.0
GNCTATAAGG	1	0	10	30	0	8.92822196035	1.0	0.0	1.0
GTCTNTAAGG	1	0	10	30	0	8.92822196035	1.0	0.0	1.0
CGATTCGGAN	1	10	20	60	0	12.2296337123	0.857142857143	0.0	0.857142857143
CGATTCGGAA	1	10	20	60	0	12.2296337123	0.857142857143	0.0	0.857142857143
TCGNTTCGGA	1	10	20	60	0	12.2296337123	0.857142857143	0.0	0.857142857143
TCNATTCGGA	1	10	20	60	0	12.2296337123	0.857142857143	0.0	0.857142857143
NCGATTCGGA	1	10	20	60	0	12.2296337123	0.857142857143	0.0	0.857142857143
NCGATTCGGN	1	10	20	60	0	12.2296337123	0.857142857143	0.0	0.857142857143
CGANTCGGAA	1	10	20	60	0	12.2296337123	0.857142857143	0.0	0.857142857143
CGATTCGGNN	1	10	20	60	0	12.2296337123	0.857142857143	0.0	0.857142857143
CGATTCGGNA	1	10	20	60	0	12.2296337123	0.857142857143	0.0	0.857142857143
CGANTCGGNA	1	10	20	60	0	12.2296337123	0.857142857143	0.0	0.857142857143
GATTCGGNAA	1	10	20	60	0	12.2296337123	0.857142857143	0.0	0.857142857143
TCGATTCGGN	1	10	20	60	0	12.2296337123	0.857142857143	0.0	0.857142857143
TCGATTCGGA	1	10	20	60	0	12.2296337123	0.857142857143	0.0	0.857142857143
CGATTCGNAA	1	10	20	60	0	12.2296337123	0.857142857143	0.0	0.857142857143
GATTCGGAAA	1	10	20	60	0	12.2296337123	0.857142857143	0.0	0.857142857143
CGATTCGNNA	1	10	20	60	0	12.2296337123	0.857142857143	0.0	0.857142857143
