#Sequence	Occurrence	Forward Match	Backward Match	Forward Mismatch	Backward Mismatch	Strand Bias Score	FER (Forward Error Rate)	RER (Reverse Error Rate), ERD (Error rate Difference)
GGGT	1080	225952	230165	4430	897	9223372036854775807	0.0192289328159	0.00388207494092	0.015346857875
AGGT	1258	271014	270198	4338	1253	9223372036854775807	0.0157543798483	0.00461593436753	0.0111384454808
NGGT	5433	1144110	1156082	16349	4999	9223372036854775807	0.0140883908867	0.0043054705055	0.00978292038121
CGGT	1424	285002	291260	3813	1334	270.13612944	0.0132022228762	0.00455921857591	0.00864300430033
CGGG	1030	195936	202822	2451	1119	118.40788563	0.012354640173	0.0054868810097	0.00686775916329
GNGT	4193	892520	896818	10057	3935	9223372036854775807	0.0111425396393	0.00436856718768	0.0067739724516
GGGN	4474	929422	938547	10409	4507	9223372036854775807	0.01107539547	0.00477915368579	0.00629624178425
TGGT	1671	362142	364459	3768	1515	211.647208614	0.0102976141674	0.00413963833496	0.00615797583245
GGGG	1010	211622	214138	2343	1118	97.8036781581	0.0109503890823	0.00519381573568	0.00575657334664
ANGT	4210	916241	912484	9373	4387	9223372036854775807	0.0101262513315	0.00478475161718	0.00534149971436
AAGG	1588	336696	337886	3238	1569	127.544295565	0.00952537845582	0.00462211486059	0.00490326359523
NNGT	18221	3921908	3927891	37316	17872	9223372036854775807	0.00942507925796	0.0045294154768	0.00489566378115
GAGT	944	208281	206093	1966	939	77.1944898808	0.00935090631495	0.00453553073921	0.00481537557574
CGGN	5558	1071950	1094591	10363	6018	269.88396799	0.00957486420287	0.00546788187267	0.0041069823302
ACGT	824	174357	174831	1473	755	51.4888693579	0.00837740999829	0.00429988723475	0.00407752276355
CNGT	5141	1096949	1096056	9717	5199	295.896931725	0.00878042697616	0.0047209774303	0.00405944954587
NGGG	4474	935757	940872	8826	5026	230.683509707	0.00934380567933	0.00531346931699	0.00403033636234
NGGN	21756	4489934	4528814	40835	23139	9223372036854775807	0.00901281879522	0.00508331259132	0.0039295062039
TAGT	508	119880	117290	940	460	34.3537165018	0.00778016884622	0.00390658174098	0.00387358710524
GGGA	1114	239793	240027	2004	1078	61.4144422159	0.00828794401916	0.00447108106427	0.00381686295489
GCGT	1276	260196	260889	2228	1239	62.6266878344	0.00849007712709	0.00472669840689	0.00376337872021
TNGT	4677	1016198	1022533	8169	4351	257.930958506	0.00797468094931	0.00423709007054	0.00373759087876
AGGN	5044	1073594	1074278	9481	5443	237.664906281	0.00875377974748	0.0050411171034	0.00371266264408
NAGT	3798	843856	839125	7165	4011	189.650948795	0.00841929870121	0.00475723963868	0.00366205906252
GNGG	5112	1039896	1044051	9326	5507	216.784251102	0.00888849071026	0.00524697062954	0.00364152008072
AAGT	1092	234577	236016	2173	1324	46.7082659642	0.00917845828933	0.0055784949861	0.00359996330324
GCGG	1561	287299	295000	2593	1589	59.0600739448	0.00894471044389	0.00535758237831	0.00358712806558
CCGT	1184	245233	241665	2136	1251	48.2707316535	0.00863487340774	0.0051499283703	0.00348494503744
GGNT	5674	1190442	1204955	9383	5257	263.397582348	0.00782030712812	0.00434386702495	0.00347644010317
NCGT	4447	922182	922816	7556	4317	192.580033111	0.00812702073057	0.00465628987427	0.0034707308563
GTGG	1300	273648	273189	2211	1276	54.9383308091	0.00801496416648	0.00464904450476	0.00336591966171
CNGG	6456	1315456	1321832	10881	6843	204.151496732	0.00820379737578	0.0051502436638	0.00305355371198
NAGG	5044	1078873	1077995	8878	5541	167.440747778	0.00816179438125	0.00511381255445	0.0030479818268
GTGT	893	198091	199671	1433	860	32.9790245339	0.00718209338225	0.00428861373055	0.0028934796517
ANGG	5389	1149065	1149228	9050	5702	165.485856896	0.00781442257461	0.00493709575472	0.00287732681989
NNGG	21756	4515060	4530243	36125	23093	9223372036854775807	0.00793749320232	0.00507166613665	0.00286582706567
CTGG	2229	470482	468605	3559	2209	68.2768075729	0.00750778941062	0.00469187407341	0.00281591533721
CAGT	1254	281118	279726	2086	1288	41.0193606692	0.00736571517351	0.00458340153871	0.0027823136348
AGGG	1096	237617	237664	1929	1274	29.9930566681	0.00805273308676	0.0053319271108	0.00272080597596
TCGT	1163	242396	245431	1719	1072	35.2410895333	0.00704176310346	0.00434883145438	0.00269293164907
CAGG	1671	353354	354083	2818	1859	44.0045481202	0.00791190772997	0.00522276101163	0.00268914671835
CGNT	5872	1192765	1209905	8689	5572	158.256198797	0.00723207047461	0.00458420850415	0.00264786197046
GNGN	20520	4211421	4224858	32671	21687	9223372036854775807	0.00769799523667	0.00510697519984	0.00259102003683
NTGG	6680	1421348	1420769	10272	6642	169.299103591	0.00717508836144	0.00465317977793	0.0025219085835
TTTC	1694	350827	358916	2074	1223	52.9384732692	0.0058770023321	0.00339591102324	0.00248109130886
TGGN	6680	1414968	1421398	10582	7171	146.211635795	0.0074230998562	0.0050197085335	0.00240339132269
AGNT	5261	1137622	1135323	8128	5396	119.323011022	0.00709404320314	0.00473034989336	0.00236369330979
NGNT	23587	4997428	5027562	34450	22817	9223372036854775807	0.00684635040834	0.00451787875722	0.00232847165112
GAGG	1241	267327	261724	2179	1524	23.1174697302	0.00808516322457	0.00578921777183	0.00229594545273
TTGG	1630	345596	350479	2324	1578	34.2061403704	0.00667969648195	0.00448222873001	0.00219746775194
NCGG	5558	1079082	1090607	8149	5884	85.4744110764	0.0074951873153	0.00536620911617	0.00212897819913
ATTC	1038	224610	227751	1198	743	25.4710047581	0.0053053921916	0.00325172652236	0.00205366566924
CGGA	1187	237866	241123	1917	1448	16.471222967	0.00799472856708	0.00596938628278	0.0020253422843
TGGG	1338	290582	286248	2103	1515	19.763591341	0.00718519910484	0.00526474911646	0.00192044998838
AAAG	1805	391531	390062	2687	1928	27.4070863333	0.00681602565078	0.00491849281869	0.00189753283209
NGGA	5076	1079550	1086481	7769	5813	64.7874926891	0.00714509725297	0.00532182727361	0.00182326997936
TNGG	4799	1010643	1015132	6868	5041	63.5288982436	0.00674980417902	0.00494131877633	0.0018084854027
ACGG	1184	243130	245182	1705	1280	14.7846768456	0.00696387362918	0.0051934983892	0.00177037523997
AANG	6047	1297281	1291530	8642	6299	78.4030638497	0.00661754176931	0.00485348994359	0.00176405182572
ATGG	1521	331622	328496	2178	1579	20.4251090014	0.00652486518874	0.00478376126638	0.00174110392236
TCGG	1287	252969	254103	1798	1359	14.541936973	0.00705742894488	0.00531977358668	0.0017376553582
CTNG	5368	1118342	1119570	7328	5382	66.0650823394	0.00650990077021	0.00478420412604	0.00172569664417
ANGN	21116	4501789	4498368	30648	22969	237.696957545	0.00676192520712	0.00508013448234	0.00168179072478
GCGN	6036	1145098	1158181	8371	6494	57.0883989149	0.00725723881613	0.00557580440896	0.00168143440717
CTCG	1226	240983	245773	1552	1165	14.5421641325	0.00639907642196	0.00471778341122	0.00168129301074
NTGT	4543	1011760	1009868	6246	4545	58.4711187134	0.00613552375919	0.00448042365388	0.00165510010532
AAGN	5968	1274984	1276743	8598	6508	64.3154469557	0.0066984423278	0.00507149419716	0.00162694813064
NTTC	6154	1292144	1310619	6871	4840	83.8173386895	0.00528939234728	0.00367932409904	0.00161006824824
CNGN	24930	5093664	5109439	35115	27108	229.311761185	0.00684665882464	0.00527747531562	0.00156918350903
TTGT	1335	291780	295353	1742	1304	15.7370024359	0.00593481919584	0.00439564884698	0.00153917034885
GGCT	1660	337959	342377	2194	1691	16.4787737514	0.00645003865907	0.00491472615878	0.00153531250029
TNGN	21018	4430393	4466486	28378	21893	193.694599126	0.0063645340835	0.0048777075198	0.0014868265637
GTGN	4728	1010847	1008990	6379	4855	45.2378300074	0.00627097616459	0.00478870044238	0.00148227572221
TTNC	5857	1236006	1259877	6325	4598	67.6662104636	0.00509123574957	0.00363629174163	0.00145494400794
CGNG	4592	882072	887466	6367	5104	32.8202282581	0.0071665021459	0.00571831901139	0.0014481831345
GAGN	5282	1126054	1119140	7512	5831	44.7059919454	0.0066268748357	0.00518324472364	0.00144363011205
CGCT	1631	323938	328938	2127	1692	13.1104045321	0.00652323923144	0.00511750294892	0.00140573628253
ATCC	1386	299282	296526	1457	1027	16.2014066944	0.00484473247567	0.00345148595376	0.00139324652191
TGTC	1299	276931	280509	1391	1016	14.6278053052	0.00499780829399	0.00360891572684	0.00138889256715
CCGG	1526	295684	296322	2053	1656	10.2323449371	0.00689534723598	0.00555745726195	0.00133788997404
GTTC	1595	337188	340666	1774	1335	15.3414668171	0.00523362500811	0.00390349735819	0.00133012764992
GAAG	1827	380742	379645	2411	1897	13.8641060941	0.00629252544023	0.00497192969581	0.00132059574442
ATGT	1036	236293	231439	1389	1055	9.26729782437	0.00584394274703	0.00453775151187	0.00130619123516
TTCC	1461	309532	312582	1500	1104	14.8140202528	0.00482265490368	0.00351944300989	0.00130321189379
TGGA	1569	342202	346573	2286	1862	11.4547362232	0.00663593506886	0.00534389484409	0.00129204022477
GTCC	902	189192	190485	995	757	8.15576778001	0.00523169301792	0.00395833551207	0.00127335750585
NAGN	20612	4420357	4416349	28023	22402	135.637009594	0.00629959670712	0.00504691522458	0.00125268148254
NAAG	5968	1280408	1276617	8003	6375	39.9464163284	0.00621152722229	0.00496885405365	0.00124267316864
CCCG	1030	201672	196737	1345	1066	6.32878063239	0.00662506095549	0.00538920036602	0.00123586058947
NCGN	21398	4223132	4242684	28369	23327	112.631638054	0.00667270218212	0.00546810591909	0.00120459626303
TNTC	5382	1156831	1168382	5587	4226	44.983870741	0.00480636053468	0.00360393243096	0.00120242810372
CTGT	1279	285596	283405	1682	1326	9.37298289037	0.00585495582676	0.00465702715897	0.00119792866779
TAAG	661	154938	152119	841	649	5.33823509603	0.00539867376219	0.0042482718894	0.00115040187279
TGNT	6780	1476599	1477379	8250	6592	41.3925872558	0.00555612052135	0.00444213532475	0.0011139851966
GAAC	1595	337758	339804	1689	1318	11.2766842332	0.00497573995351	0.00386372031121	0.0011120196423
NTCC	5076	1081631	1083266	5178	3973	35.8499796928	0.00476440662527	0.00365421034382	0.00111019628145
GGNN	21756	4493144	4516070	28473	23611	104.800555802	0.00629708354334	0.00520102623951	0.00109605730383
ATNC	4656	1009856	1008782	4880	3768	31.7813375819	0.00480913262169	0.00372129771369	0.00108783490799
NTNG	21018	4446476	4455175	26110	21267	110.391310357	0.00583778601462	0.00475087133934	0.00108691467529
GTNG	5140	1080879	1078729	6323	5133	27.2883665709	0.00581584654922	0.00473584275489	0.00108000379433
TTGN	6526	1391856	1412626	7940	6528	35.6165719598	0.00567225510003	0.00459992361646	0.00107233148356
ATAC	792	185335	184700	783	582	7.03174750903	0.004207008457	0.0031411578027	0.0010658506543
TCGN	5357	1071451	1080641	6764	5680	23.5040797654	0.00627333138567	0.00522865709123	0.00104467429444
TACC	987	222096	215678	1047	791	6.95725168122	0.00469205845579	0.00365410289695	0.00103795555884
ACGN	4447	921629	924009	5850	4898	19.7699315475	0.00630742043755	0.00527286369895	0.0010345567386
TAGN	2455	552118	551821	3092	2514	13.7533389507	0.00556906395778	0.00453516375477	0.00103390020301
TTAC	903	203642	207045	872	674	6.99857496615	0.00426376678369	0.00324476817239	0.00101899861131
CGNN	21397	4220976	4252728	27030	22924	80.9956952501	0.00636298536302	0.00536152147088	0.00100146389214
CCGN	5558	1084954	1079853	7384	6255	20.0739272902	0.00675981243901	0.00575909578053	0.00100071665848
NANG	21116	4514827	4502596	27228	22606	91.2554706166	0.00599464339379	0.00499557809795	0.000999065295844
CNNG	22232	4551208	4545726	28172	23614	86.7979933789	0.00615192449633	0.00516792359509	0.000984000901237
GTNC	4413	944258	948853	4701	3803	22.5048575545	0.00495384942869	0.00399199711123	0.000961852317455
NTGN	23818	5103844	5111304	29585	24789	94.2678519741	0.00576320428314	0.0048264312971	0.000936772986044
CGAT	1438	294837	296860	1614	1348	6.33784335951	0.00544440733882	0.00452033479987	0.000924072538947
GGGC	1270	252055	254217	1632	1414	4.48765458644	0.00643312428307	0.00553141050968	0.000901713773393
ANTC	4034	877020	880421	4059	3292	18.9686874227	0.00460685137201	0.00372519132343	0.000881660048584
GGNG	5817	1180598	1185517	7747	6724	17.5524686128	0.00651915058337	0.00563979933587	0.000879351247502
CAGN	6907	1467201	1468645	8821	7549	22.6815602295	0.00597619818675	0.00511382650248	0.000862371684269
NTNC	20624	4386274	4417796	21086	17415	82.8097310368	0.00478426994845	0.00392653246937	0.000857737479081
TTGC	1799	372005	381334	1879	1597	7.3808962678	0.00502562292048	0.00417046413061	0.000855158789864
CTGN	6907	1469559	1466350	8547	7286	22.1617928957	0.00578239990907	0.00494423317563	0.000838166733445
TTNG	5384	1137846	1153372	6340	5455	18.0692531635	0.00554105713582	0.00470734630795	0.000833710827868
GNNT	19919	4242461	4259611	23629	20146	64.2387347977	0.00553879547783	0.00470727660472	0.000831518873103
GANG	6437	1345989	1342976	8166	7027	18.9195790784	0.00603032887668	0.00520517361813	0.000825155258547
TCAC	1401	301170	304620	1232	998	6.68517635713	0.00407404712932	0.00326551446577	0.000808532663547
CTTC	1827	379519	383286	1825	1539	6.67429615745	0.00478570529496	0.00399922042487	0.000786484870088
GNNG	24927	5079325	5085117	30761	26828	60.2559046943	0.00601966385693	0.00524810028277	0.00077156357416
TNAC	4486	975090	987573	4244	3533	17.0796697516	0.00433355729506	0.00356470448166	0.0007688528134
CANG	5816	1229548	1227501	7267	6302	15.4608740016	0.00587557557112	0.00510778463012	0.000767790941001
TGAC	1419	298664	305278	1395	1190	5.29026200587	0.00464908567982	0.00388295025908	0.000766135420735
TNNC	21323	4492904	4540272	21631	18371	66.36737644	0.00479141262611	0.00402992732706	0.000761485299049
TANC	3637	810109	804701	3647	3007	13.3440976882	0.00448168738541	0.00372288005071	0.000758807334697
AATC	1142	246651	248545	1104	923	4.50037257089	0.00445601501483	0.00369987333045	0.000756141684386
CATC	2098	448707	446581	1961	1614	7.75311080984	0.00435131848722	0.00360111112351	0.000750207363717
TATC	1092	246790	246212	1053	865	4.59337617764	0.00424865741619	0.00350093290756	0.000747724508632
CNCG	4592	886034	884520	5430	4753	10.3675660881	0.0060911040715	0.00534481537166	0.000746288699847
GNGA	5305	1114760	1111929	6831	5981	12.6562407597	0.0060904554334	0.00535016235654	0.000740293076857
GGAT	1386	296574	299106	1592	1382	4.2981547822	0.005339307634	0.0045991853252	0.000740122308798
ATNG	5126	1109409	1103504	6119	5297	12.8000373418	0.00548529485589	0.00477723234377	0.000708062512123
ANNG	21327	4584346	4542688	26455	22974	47.5425552195	0.00573761478754	0.00503190993989	0.000705704847644
NAAC	5527	1188506	1191407	5633	4811	15.4041067124	0.00471720628838	0.00402184217258	0.0006953641158
ANAG	5256	1171420	1155990	6368	5511	11.9457461781	0.00540674552636	0.00474472256158	0.000662022964778
NNTC	21945	4652315	4671149	21650	18636	52.6765159375	0.00463204153219	0.00397374293278	0.000658298599411
NATC	5856	1264352	1262319	5610	4788	14.7395031856	0.00441745501046	0.00377868640928	0.000638768601188
NGNG	20520	4229759	4221250	26054	23373	31.3894283264	0.00612197951367	0.00550649610107	0.0006154834126
NTCG	5357	1072157	1074439	6054	5404	9.13919709075	0.0056148564613	0.00500443119972	0.000610425261584
ANAC	4182	919752	917292	4046	3474	9.96628352355	0.00437974535559	0.00377294556923	0.000606799786354
TNCC	5266	1110386	1113743	5269	4620	10.537571763	0.00472278616597	0.00413103795458	0.000591748211392
TGNC	6524	1334364	1354017	6910	6211	11.327508829	0.00515181834584	0.00456614626371	0.000585672082127
GNAC	4413	943803	948768	4513	3981	8.6777364601	0.00475896220247	0.0041784352437	0.000580526958773
NGAC	4653	961246	974035	4549	4068	8.10484160345	0.0047101092882	0.00415907118166	0.000551038106538
NGTC	4653	969996	966248	4604	4073	7.4132456765	0.00472398932896	0.00419757997611	0.000526409352844
NNAC	18221	3917253	3937852	17420	15502	27.5044893719	0.00442730564903	0.00392122739325	0.000506078255787
NTAC	3313	756451	758469	3170	2793	6.1568509576	0.00417313370747	0.00366890768224	0.000504226025224
TNGC	6189	1250597	1270574	6531	5992	7.87151676359	0.00519517503389	0.00469384269987	0.000501332334019
NGGC	6773	1330517	1345379	7891	7301	7.29253855863	0.00589581054507	0.00539743324363	0.000498377301431
CNTC	6437	1345551	1350152	6083	5441	9.08673093439	0.00450047867988	0.00401374158763	0.000486737092249
ANNC	19919	4246102	4244401	19948	17900	24.8783837457	0.00467598832644	0.00419960955362	0.000476378772819
ATGN	5657	1231582	1223338	6719	6120	5.98383482438	0.00542598285877	0.00497780322711	0.000448179631659
GANC	6092	1264745	1273457	6337	5808	6.60047858371	0.00498551627668	0.00454010701457	0.000445409262109
NANC	23587	5003738	5005475	23441	21243	24.636544264	0.00466285366007	0.00422601785101	0.000436835809063
GCNG	7533	1471859	1477895	8525	7944	5.73209139442	0.00575864100125	0.00534647428153	0.00041216671972
NGCT	6771	1399280	1408634	7821	7292	5.56745413811	0.00555823640236	0.00514998665184	0.000408249750517
ANCC	5674	1201426	1192704	5649	5131	5.35515552095	0.00467990804217	0.00428356159237	0.000396346449795
TTTN	6382	1361489	1387653	6530	6133	5.33184350468	0.00477332551668	0.00440024508784	0.000373080428838
TNNG	19098	4086674	4085929	21533	20021	12.7844181275	0.00524145935198	0.0048760944483	0.000365364903675
NTTG	6526	1398113	1407206	7218	6750	4.8140757367	0.00513615653536	0.00477384020436	0.000362316331001
CANC	7832	1646859	1641273	7532	6925	5.85418309401	0.00455273269741	0.00420155830792	0.000351174389488
AANC	6026	1282025	1286044	5925	5503	4.37704728595	0.00460033386389	0.00426078183759	0.000339552026297
TGNN	23818	5098176	5111208	26930	25402	11.4351058142	0.00525452546738	0.00494528492527	0.000309240542104
NGNC	22852	4597176	4627569	23861	22622	9.91211595489	0.00516355960794	0.00486474641579	0.000298813192148
NNAG	20613	4439691	4406854	23221	21777	8.70460844666	0.00520310505786	0.00491732095088	0.000285784106987
NNCC	21756	4505834	4506391	21805	20544	9.03187884139	0.004815975832	0.00453816986548	0.000277805966513
AGNN	20612	4420479	4404400	24042	22722	7.89694316423	0.00540935682383	0.00513245399607	0.000276902827756
ANNT	17834	3894862	3886045	20232	19286	5.20255596421	0.00516769201455	0.00493837782252	0.000229314192027
NCNG	24930	5110491	5080439	27529	26191	6.40414172317	0.00535790051421	0.00512882272653	0.000229077787672
GNNC	21414	4386936	4408899	22130	21226	5.89692558743	0.00501920361365	0.00479128692757	0.000227916686075
CNNT	21327	4581639	4581318	23716	22740	5.17722359615	0.00514965730112	0.00493912109708	0.000210536204036
