#Sequence	Occurrence	Forward Match	Backward Match	Forward Mismatch	Backward Mismatch	Strand Bias Score	FER (Forward Error Rate)	RER (Reverse Error Rate), ERD (Error rate Difference)
CCCC	19894	3102964	3201803	34268	20756	9223372036854775807	0.0109230047379	0.00644084406213	0.00448216067581
TTTT	2065233	122278808	128724892	1011732	702438	9223372036854775807	0.00820607972031	0.0054272772219	0.00277880249841
GGGT	31718	5476322	5724855	31375	18567	9223372036854775807	0.00569657335906	0.00323274173481	0.00246383162426
NCCC	96970	15779285	15668682	117721	79719	9223372036854775807	0.00740523089694	0.00506203772688	0.00234319317006
ACCC	29519	5283460	5106509	38393	26116	9223372036854775807	0.00721421655202	0.00508823457782	0.00212598197419
CCCG	716	136716	135965	801	510	14.5218007895	0.00582473439647	0.003736948159	0.00208778623747
GGGC	564	97496	99512	621	441	8.20608709037	0.00632917842983	0.00441207367463	0.00191710475521
GCGC	156	26609	26657	87	36	5.19423296221	0.00325891519329	0.00134866819016	0.00191024700313
GCCC	4765	814380	828080	5268	3811	57.1140675658	0.00642714921527	0.0045811290181	0.00184602019717
CCGC	505	96132	93442	386	203	12.0438907965	0.00399925402516	0.00216776122591	0.00183149279925
NTTT	3733385	263533942	272473162	1433179	978819	9223372036854775807	0.00540889373214	0.0035794913477	0.00182940238444
TCCC	37443	5591913	5551369	33632	23330	9223372036854775807	0.00597844297752	0.00418497931458	0.00179346366295
CCTG	21369	4076092	4002038	25521	18827	194.03920762	0.00622218624722	0.00468232581795	0.00153986042926
TTGG	85676	12947429	13254409	59822	41250	9223372036854775807	0.00459912705613	0.00310251639276	0.00149661066338
GCGG	1090	233432	241442	759	422	24.356916796	0.00324094435738	0.00174478219164	0.00149616216574
CTGC	966	203864	200619	780	468	16.7490031055	0.00381149703876	0.00232735084814	0.00148414619062
TTNT	3973980	268470267	276086920	1467713	1101487	9223372036854775807	0.00543722302434	0.0039737845169	0.00146343850744
CCGG	1744	382969	387009	1172	619	39.3464576564	0.00305096305784	0.0015968918654	0.00145407119244
TNTT	4015192	274344454	282261748	1293959	923390	9223372036854775807	0.00469440737928	0.0032607290288	0.00143367835048
ACCG	1279	232914	229298	1100	764	12.8880624024	0.00470057346996	0.00332084394641	0.00137972952355
CGGC	438	95484	96641	318	188	8.34099206868	0.00331934615144	0.0019415670925	0.00137777905893
CTTT	329966	36481206	37039222	103205	53615	9223372036854775807	0.00282101029315	0.00144542732064	0.00137558297251
GCCT	13056	2146604	2170152	8466	5607	133.959375875	0.00392841067808	0.00257703173927	0.00135137893881
TCGG	10020	1808081	1831259	6149	3741	135.085691537	0.0033893166798	0.00203869209809	0.00135062458171
GCCG	297	61756	61988	191	109	5.59151372542	0.00308328086913	0.00175531829235	0.00132796257678
GGCG	540	99992	100354	257	125	10.7744445258	0.00256361659468	0.0012440410434	0.00131957555128
TCGC	1673	282299	276546	911	572	16.2390432848	0.00321669432577	0.00206410265663	0.00115259166914
TTTN	3733387	262009754	270511040	1873467	1622654	9223372036854775807	0.00709960638232	0.00596270890293	0.0011368974794
CGGT	547	99212	101540	248	139	7.95421786545	0.00249346470943	0.00136704727623	0.0011264174332
ATTT	1106291	79086578	80292281	228266	144430	9223372036854775807	0.00287797325807	0.00179557316808	0.00108240008999
TTCG	58136	8821801	8838201	32038	22533	9223372036854775807	0.00361854332341	0.00254301731662	0.00107552600679
CCCN	94018	15377650	15224574	95827	78333	9223372036854775807	0.00619298429177	0.00511883134361	0.00107415294815
CCCT	31363	5068443	4922731	32334	26127	107.298101184	0.00633903422949	0.00527939981305	0.00105963441644
NTNT	9348673	635695683	646421929	2547437	1907385	9223372036854775807	0.00399132700404	0.00294200024403	0.00104932676001
GNGT	181162	24526670	25091457	79249	55118	9223372036854775807	0.00322072912619	0.00219186907163	0.00102886005456
NCGC	1813	308098	306731	1042	723	13.0797759745	0.00337064113347	0.00235157129197	0.0010190698415
ATGG	116234	16075353	16401661	54183	38655	9223372036854775807	0.00335924108418	0.00235123217826	0.00100800890592
GGCA	917	170068	168077	533	358	7.78471013129	0.00312424897861	0.00212544898626	0.000998799992355
ACGG	7641	1310459	1335906	3613	2347	64.8998818975	0.00274946882667	0.00175377899396	0.000995689832713
NTGG	261884	40252093	41042966	140912	102958	9223372036854775807	0.0034885248077	0.0025022648659	0.000986259941803
TTCC	131169	17659035	17450458	72662	54804	9223372036854775807	0.00409785933067	0.00313071578135	0.00096714354932
NNTT	7515556	618163832	630462599	2060070	1489203	9223372036854775807	0.00332149404974	0.00235651357475	0.000964980474992
AAAT	1106291	78384447	79143028	431019	358553	9223372036854775807	0.00546871092534	0.00451001093928	0.000958699986061
CCGT	4648	813830	809745	2246	1474	34.9813688417	0.00275219464854	0.00181701858561	0.000935176062928
GGCT	9108	1541990	1557576	4227	2826	64.629359626	0.00273376893411	0.00181107176228	0.000922697171838
CCTA	8546	1337768	1274507	8813	7223	20.4917826553	0.00654472326581	0.00563535221927	0.000909371046546
CCTT	127964	17662146	17774171	38436	22488	9223372036854775807	0.00217145402338	0.00126360796147	0.000907846061904
ACCT	88435	16039970	15972313	51209	36525	9223372036854775807	0.00318242684392	0.00228155222759	0.000900874616337
NCGG	30811	5593988	5692992	16355	11587	196.331029209	0.00291515153352	0.00203117530671	0.000883976226802
CTNT	637920	74953345	75461637	202870	137350	9223372036854775807	0.00269931102837	0.00181682328627	0.0008824877421
GTGT	92516	10675501	10813734	28800	19603	9223372036854775807	0.00269050730169	0.00180950707986	0.000881000221832
AAAC	57492	6704142	6656208	46756	40651	84.1457509247	0.00692589341448	0.00607015915969	0.000855734254786
CGAT	2104	335737	344429	999	732	11.335314228	0.00296671576547	0.00212074944736	0.000845966318107
GCGT	3359	533416	539441	1272	829	22.3405026188	0.00237895744808	0.0015344179762	0.000844539471885
ATCT	187329	22675172	22630905	67808	48512	9223372036854775807	0.00298149143164	0.00213903205713	0.000842459374513
NCCT	267647	42663826	42308320	163236	126650	9223372036854775807	0.00381151525173	0.00298456673823	0.0008269485135
TCTT	354218	42372059	42355185	80615	45958	9223372036854775807	0.00189893809752	0.00108388587544	0.00081505222208
GGGN	52630	8566093	8725227	48722	42488	119.93377988	0.00565560606931	0.00484596043553	0.000809645633782
TGCG	2822	480859	484400	1411	1029	14.5001026461	0.0029257469882	0.00211977446753	0.000805972520669
GTGC	5649	991907	996462	3275	2490	24.9916632468	0.00329085534103	0.00249261225765	0.000798243083387
CTCG	1853	373619	366356	939	632	12.6179315362	0.00250695486413	0.00172212715402	0.000784827710112
ATNT	4085153	223902379	225403712	671602	498571	9223372036854775807	0.00299056015755	0.00220702063467	0.000783539522876
CTGG	16619	3267702	3286770	8267	5776	100.260840818	0.00252352815304	0.00175426554405	0.000769262608994
TTCT	351320	39433794	39413517	137731	107808	9223372036854775807	0.0034805583055	0.00272784376536	0.000752714540139
NTCT	658823	81101273	80916632	258074	197395	9223372036854775807	0.00317202644215	0.00243354950186	0.000738476940286
GGGA	1790	261154	265030	1217	1038	4.36414168611	0.00463846995285	0.00390125832494	0.000737211627914
CCNC	101184	18230024	17925129	73828	59329	292.345463372	0.00403346792795	0.00329890397587	0.000734563952087
CGTG	3222	519078	521563	1433	1059	13.468398844	0.00275306381613	0.00202632112693	0.000726742689201
TTCN	861418	103041143	102524436	359296	282869	9223372036854775807	0.0034748014948	0.00275144845009	0.00072335304471
CTCT	67738	9947463	9849453	28634	21265	221.720880066	0.00287026078435	0.00215435189213	0.000715908892221
NTGT	847765	87715729	88909533	246861	186443	9223372036854775807	0.00280643168874	0.00209260853711	0.000713823151631
TTGT	319598	33496473	33990153	102014	79450	9223372036854775807	0.00303626767479	0.00233199077782	0.000704276896971
CNTT	845588	98782318	99443008	195447	127850	9223372036854775807	0.00197465562089	0.00128401022717	0.000690645393717
TNNT	8195557	652796301	662226128	2301088	1874083	9223372036854775807	0.00351258917932	0.00282198826165	0.000690600917669
ATGT	372535	34158293	34657276	93774	71118	9223372036854775807	0.00273776178238	0.00204783440317	0.000689927379208
AGAG	51881	7419718	7565959	27195	22491	118.711323908	0.00365184875934	0.00296384637179	0.000688002387556
NCTT	713721	91770508	91813207	164363	101206	9223372036854775807	0.00178781998835	0.00110108955382	0.000686730434526
ANTT	2126378	179017694	181120344	421424	301735	9223372036854775807	0.00234856259157	0.00166316581567	0.000685396775908
TTNN	7515539	616102207	625655711	2987593	2606670	9223372036854775807	0.0048257829478	0.00414901493203	0.000676768015778
TCCT	120765	17100480	16972774	60818	48826	266.371045661	0.00354390442961	0.00286847299901	0.000675431430594
TTAA	656958	51954827	51841880	133532	98243	9223372036854775807	0.00256356703424	0.00189146644878	0.000672100585459
CTGT	58952	8856189	8910013	21081	15219	214.434707441	0.00237471655137	0.00170516575928	0.000669550792096
GTTG	69364	10554927	10692184	37839	31221	157.888447409	0.00357215480829	0.00291148194067	0.00066067286762
CTCC	5194	950683	919683	2201	1522	23.2215896384	0.00230982994782	0.00165218382445	0.000657646123374
GAGC	848	162838	162500	403	295	4.23172958592	0.00246874253404	0.00181209496606	0.000656647567983
TNGG	199290	31861534	32540129	121982	103290	9223372036854775807	0.00381390213634	0.00316419061373	0.000649711522604
GCTG	1050	219935	220582	543	402	5.36242718221	0.00246283075862	0.00181913622706	0.000643694531567
TTTC	391110	41521111	41973438	300888	276842	277.313600847	0.00719449110981	0.00655242994839	0.000642061161417
ACTG	28660	4599280	4585289	13155	10169	82.1709660533	0.00285207271214	0.00221283711003	0.000639235602102
GGAG	19897	3418172	3519285	10292	8340	58.7389530475	0.00300192739373	0.00236419687467	0.000637730519057
NTTN	7515547	616706944	626848959	2905902	2554298	9223372036854775807	0.00468986725947	0.00405828532279	0.000631581936675
ACTC	6625	1080526	1055564	3340	2609	16.9170212869	0.00308156174287	0.0024655703746	0.000615991368274
AANT	2126378	177891234	179631821	671019	566418	9223372036854775807	0.0037578994929	0.00314330485771	0.000614594635188
GTCT	34084	5551256	5538041	15036	11589	96.2653154889	0.00270125965364	0.0020882473246	0.000613012329047
CCNG	41988	8141450	8077922	39875	34617	72.8968370315	0.00487390489927	0.00426709813044	0.00060680676883
TNCC	275187	39747797	39231124	143118	117643	9223372036854775807	0.00358773419963	0.00298975060642	0.000597983593212
CNCC	102167	18412437	18072043	63990	51985	224.269884281	0.00346333195266	0.0028682917506	0.000595040202058
AGAC	7210	1288730	1296719	4300	3555	17.3084447649	0.003325522223	0.00273403913329	0.000591483089705
GTTT	206862	22794045	23428481	78895	67158	281.531127132	0.00344927237163	0.00285831766482	0.000590954706809
CCTN	251957	40281544	39798328	131688	106627	9223372036854775807	0.00325853670897	0.00267202406318	0.00058651264579
GCAC	1666	281687	278751	832	659	4.66320811408	0.00294493467696	0.00235854121184	0.000586393465121
CCTC	10272	1882443	1818851	5418	4163	27.9834394788	0.00286991468122	0.00228358092697	0.000586333754248
GGAC	1856	372007	375766	1335	1127	4.99358579258	0.00357580984727	0.00299023860884	0.000585571238435
TTGC	19601	2900922	2893690	11208	9481	31.4041813824	0.00384872928063	0.00326573942768	0.000582989852949
GAAG	5537	932199	955771	3348	2873	11.5403692233	0.00357865505421	0.00299694151322	0.000581713540988
NGGT	230605	38689687	39538025	123504	103154	9223372036854775807	0.00318201098178	0.0026021930377	0.000579817944082
GGNT	214359	32874990	33814069	91580	74638	9223372036854775807	0.00277796567856	0.00220244460787	0.00057552107069
ATCC	76554	11009111	10802062	30273	23526	158.082166104	0.00274227257608	0.00217318449584	0.000569088080234
ACCN	230605	39610709	38922567	136920	112331	9223372036854775807	0.00344473377267	0.00287770702001	0.000567026752663
GNCT	112118	19048041	19124980	52051	41577	264.630194168	0.0027251701196	0.00216924719448	0.000555922925124
ANCT	462592	66733630	66601287	184813	147252	9223372036854775807	0.0027617647948	0.00220607075759	0.000555694037203
GTNT	651620	68369692	69469660	205252	169977	9223372036854775807	0.00299310488682	0.00244080824258	0.000552296644241
GAGA	4101	618775	627466	1761	1443	8.67133402549	0.00283786919695	0.00229444959446	0.000543419602496
TGGT	98289	15236402	15542717	39935	32296	211.068466864	0.00261417380358	0.0020735777235	0.000540596080078
GACT	17961	3237104	3267258	7722	6023	50.2062912997	0.00237978862349	0.00184004978491	0.000539738838579
NTCC	286100	42498541	41732862	131987	106995	9223372036854775807	0.00309606768183	0.00255725061393	0.000538817067896
ACNC	169330	23473444	22938604	91105	76710	201.780105671	0.00386618899432	0.00333299819416	0.000533190800165
ANNT	7361410	549319755	552603003	1648734	1363256	9223372036854775807	0.00299242884651	0.00246090078205	0.000531528064461
NNCT	1478169	204021951	203481354	599360	489234	9223372036854775807	0.00292911816991	0.00239855169707	0.000530566472834
ATAT	2418998	87982336	87823250	281754	234511	9223372036854775807	0.00319217022461	0.00266314970239	0.00052902052222
TNCT	718884	89386476	89307291	270936	223737	9223372036854775807	0.0030219029744	0.0024989883954	0.000522914579005
CTTN	713724	91825856	91698257	250581	202068	9223372036854775807	0.00272144544429	0.00219877350815	0.000522671936143
GTGG	2628	510163	517562	1301	1051	7.36457037919	0.00254367853847	0.00202655930337	0.000517119235097
CAAC	2433	411853	407113	1273	1050	4.80873560767	0.00308138437184	0.00257250167213	0.000508882699712
GCNC	3567	624919	622848	1983	1658	6.84536552014	0.0031631738294	0.00265489843172	0.000508275397682
GNGC	2687	486845	488392	1465	1221	5.72239965093	0.00300014335156	0.00249380633276	0.000506337018803
TCTC	16224	2213947	2169673	7177	5931	21.5375594448	0.00323124688221	0.00272613949965	0.000505107382558
CNCT	166964	26104751	25718021	84322	70028	243.86386854	0.00321973977468	0.00271552144173	0.000504218332942
GGNC	3427	993168	986445	3209	2690	10.0199281816	0.00322066848191	0.0027195478878	0.000501120594109
GTAT	252456	20993063	21223128	57731	47679	233.616997469	0.00274246187578	0.00224152285336	0.000500939022421
CACT	2729	451597	444331	1044	805	6.65606449979	0.00230646362128	0.00180843607347	0.000498027547811
TGCT	55950	8698028	8769538	20347	16152	113.460017721	0.00233380647196	0.00183844410627	0.000495362365695
TTCA	320793	37126513	36822260	116865	97724	9223372036854775807	0.00313787326166	0.00264691338978	0.000490959871879
GGTG	23833	4415357	4528697	12416	10504	47.0668481151	0.00280411845865	0.00231406364248	0.000490054816169
NCCN	663738	106703395	105123607	405008	348387	9223372036854775807	0.00378129062386	0.00330312329167	0.000478167332188
NGCG	2205	427679	428631	1331	1128	4.42659635494	0.00310249178341	0.00262472688181	0.000477764901598
GCTT	54011	8151543	8206972	12179	8331	163.732671764	0.00149184403879	0.00101408310807	0.000477760930712
ACNG	15366	2443036	2443421	7097	5934	23.5897334869	0.0028965774511	0.00242267862356	0.000473898827546
TTNG	589091	75359052	76882687	380303	351289	9223372036854775807	0.00502120727065	0.00454837389182	0.000472833378824
GTAG	15333	2571124	2599895	7659	6511	24.0796451049	0.00297000561893	0.00249807589455	0.000471929724384
ANCC	214359	33825015	32964333	117978	99382	250.067814268	0.00347576891643	0.00300577233986	0.00046999657657
NNGT	1619167	201830313	204775251	534942	447119	9223372036854775807	0.00264344785868	0.00217870498231	0.000464742876367
TTAG	8520	1143119	1180946	4423	4018	8.39403346115	0.0038543251576	0.00339082031184	0.000463504845757
GAGT	17386	2532639	2580238	6591	5519	26.2014794583	0.00259566876573	0.00213438463088	0.000461284134844
AGTG	30296	4364684	4441775	11789	9942	42.5723236073	0.00269372163384	0.00223329560257	0.000460426031263
GGTC	5105	1405340	1388884	3696	3011	14.4169293549	0.00262306995705	0.00216323788792	0.000459832069133
CGNG	2684	477213	483164	1478	1274	4.55205680749	0.0030875867731	0.00262985149802	0.000457735275071
ANAT	4085153	223790841	223968148	828951	726789	9223372036854775807	0.00369046286001	0.00323455886325	0.000455903996767
TGTG	16552	2132998	2149484	5673	4748	20.3994759588	0.00265258190718	0.00220403373453	0.000448548172647
CNGT	114517	17999776	18135813	40613	32854	191.989384346	0.00225122640094	0.00180827795457	0.00044294844637
GCCN	19552	3403876	3397259	11519	9992	23.9074162131	0.00337266992544	0.00293256939392	0.000440100531522
GGAT	68270	9350629	9527006	23846	20170	83.577980883	0.00254371578142	0.00211266661471	0.000431049166703
GCGN	2292	473599	479033	1031	836	5.65236046854	0.00217221835956	0.00174214212629	0.000430076233276
AATT	710456	57968790	58651671	131753	107991	9223372036854775807	0.0022676724381	0.00183784243007	0.000429830008037
NNCC	663736	107023046	105173282	359600	308191	9223372036854775807	0.00334877201666	0.00292175479954	0.000427017217126
NTCN	1800810	234612462	231856405	669834	563107	9223372036854775807	0.00284693753584	0.00242280432978	0.000424133206051
GGNG	23799	3815693	3886001	14856	13474	21.6224634084	0.00387829525219	0.00345533693638	0.000422958315812
CCNT	287615	41220398	40894048	120588	102257	297.392451243	0.00291691156084	0.00249429796173	0.000422613599111
NAAT	2474597	187325811	188229383	716285	639970	9223372036854775807	0.00380917366503	0.00338842691964	0.00042074674539
CTCA	32275	4887717	4776748	10980	8714	47.0101019512	0.00224141235925	0.0018209318139	0.000420480545348
GAAC	5235	830684	832911	3671	3329	4.53324773265	0.00439980583804	0.00398091456998	0.000418891268063
NTCG	109832	17512778	17423854	49654	42124	127.076349847	0.00282728496828	0.00241177447951	0.000415510488773
CTTG	8796	1387015	1387139	4176	3599	10.1737467725	0.00300174454838	0.00258783466045	0.00041390988793
CNGG	12648	2561266	2594226	6030	5038	23.1767239056	0.00234877474199	0.00193824097898	0.000410533763001
TNGT	624317	77570927	78662618	197504	167930	9223372036854775807	0.00253964233893	0.00213026554122	0.000409376797712
CTTC	125234	20121100	19736589	67902	58489	116.423869435	0.0033633163244	0.00295472440169	0.000408591922711
AACT	71622	10169947	10132131	27998	23780	72.3824134038	0.00274545508924	0.00234149354007	0.000403961549169
AGCT	3436	604469	608476	1367	1131	5.934706666	0.00225638621673	0.0018552936564	0.000401092560327
CTCN	169774	26657023	26151333	64939	53255	205.679593819	0.00243017335329	0.00203227770648	0.000397895646805
CCAC	3948	771555	752759	1922	1577	6.42459682022	0.00248488319627	0.00209058032495	0.00039430287132
NCTC	37531	5991247	5838389	18236	15483	35.6602377799	0.00303453724721	0.00264491604873	0.000389621198486
CAGT	10064	1640631	1651914	3178	2554	16.6506474786	0.00193331463692	0.00154369863908	0.00038961599784
GAGG	10588	1776501	1824421	3797	3186	16.3663595481	0.00213278900499	0.00174326318514	0.000389525819849
AAAG	62762	6580564	6644283	47443	45286	16.7879974881	0.00715795864428	0.00676964390382	0.000388314740465
TTNC	791012	92026313	92171869	481045	445666	9223372036854775807	0.00520007284177	0.00481189658092	0.00038817626085
TAGG	4553	803847	820073	2121	1848	6.10970139609	0.00263161812876	0.00224839126875	0.000383226860012
ACGT	6338	948362	953049	1873	1517	9.34542061905	0.00197109136161	0.00158920388952	0.000381887472094
AATG	240678	25497860	25785033	105374	96658	105.236484208	0.00411565195241	0.00373460914899	0.000381042803413
CNNT	1688239	211013494	211042054	487919	407627	9223372036854775807	0.00230693021422	0.00192777306673	0.000379157147492
ACAA	311031	33375576	32910149	48638	35599	9223372036854775807	0.00145517258835	0.00108053397361	0.000374638614741
TNTN	9348670	637219421	645063929	2719487	2509588	9223372036854775807	0.00424960408877	0.00387537157422	0.000374232514549
NCTG	136065	23567023	23373855	78078	68716	114.541116007	0.00330207936096	0.00293124845393	0.000370830907029
ACTT	173679	22946386	22835326	32336	23714	280.237019532	0.00140721490081	0.00103740139568	0.000369813505127
ANGT	687287	79777590	80913224	213546	187480	9223372036854775807	0.00266962079398	0.00231169386643	0.000357926927553
GNNT	1513692	182259424	185336407	457335	398604	9223372036854775807	0.00250297237376	0.00214608973211	0.000356882641653
TTTG	152693	16899622	17270764	112386	108616	38.3788813581	0.00660627481482	0.00624970511031	0.000356569704516
GACA	4904	675200	672458	1552	1311	4.90940720032	0.00229330685391	0.00194577073151	0.000347536122402
GTNG	176470	28680409	29023657	84072	74991	138.357808959	0.00292277131647	0.00257713004398	0.000345641272492
TNCG	110466	16369954	16364187	46919	41219	80.7496042819	0.00285797423176	0.00251252544436	0.000345448787399
GGCN	6957	1271890	1276329	3279	2852	7.59451048466	0.00257142386617	0.00222955156463	0.000341872301536
NNGG	529359	81882313	83356366	290495	267119	9223372036854775807	0.00353517187827	0.00319430600148	0.000340865876791
NTNG	1491637	199242693	201639654	766270	706850	9223372036854775807	0.00383117830574	0.00349326519622	0.000337913109524
ANAC	161657	17829694	17647373	83196	76435	49.0482209353	0.0046444766869	0.00431256082214	0.000331915864756
CGTT	5429	811601	818571	859	595	11.7696311694	0.00105728282008	0.000726348505675	0.000330934314402
NCNC	549378	84794811	83199246	302487	269109	297.422993447	0.0035546016984	0.00322408414542	0.000330517552977
CGNT	33720	5466619	5534794	10570	8878	37.7912054756	0.00192982203097	0.00160146559897	0.000328356431998
TTGN	633664	75874665	76442290	248313	224997	289.320764712	0.00326199797386	0.00293471973255	0.000327278241307
NTAT	4108700	203344739	204122602	609323	544728	9223372036854775807	0.00298755020628	0.00266152883316	0.000326021373126
CTAT	57521	6668967	6671181	17729	15557	32.0045275408	0.00265138418137	0.00232654546955	0.000324838711811
ANTG	494223	56715808	57284193	211079	194681	182.498590622	0.00370789641106	0.00338700093533	0.000320895475723
CNTC	82697	13790135	13423324	42912	37452	52.8820773464	0.00310213649964	0.00278230616125	0.000319830338395
NTGC	61155	9123987	9100625	31490	28482	32.1631729318	0.00343947125857	0.00311991085218	0.000319560406392
CTGN	8783	1673455	1662560	3506	2953	10.3847350667	0.00209068666475	0.00177302728949	0.000317659375257
CNTG	123342	18698053	18633483	63727	57574	64.3359540894	0.00339663933806	0.00308029663598	0.000316342702079
CATT	19552	2143737	2162437	2860	2201	20.8982529665	0.00133234137568	0.00101679818981	0.000315543185862
ANGG	195615	27118318	27611659	101397	94522	83.8388379325	0.00372513084726	0.00341158530654	0.000313545540713
AANC	61453	8490051	8353069	39270	36005	21.2834401416	0.00460411795968	0.00429189204911	0.000312225910572
NTAA	2248085	172423437	170692056	340181	283463	9223372036854775807	0.0019690546189	0.00165791571599	0.000311138902903
TATT	1187708	69336851	70239256	140185	120271	9223372036854775807	0.00201771704826	0.00170937760852	0.000308339439741
TATG	10938	1172500	1187266	3663	3341	4.87168806456	0.00311436425053	0.00280613166225	0.00030823258828
ATNG	503124	59731301	60140789	195836	178607	199.592520207	0.00326790181884	0.00296102102879	0.000306880790046
ATAN	4108700	204796110	203372146	562489	495927	9223372036854775807	0.0027390574475	0.00243258786284	0.000306469584666
NCNG	11338	2247726	2245594	7429	6733	8.11260378456	0.00329423033007	0.00298935278936	0.000304877540706
AAGT	77639	10761304	10938914	28842	26002	43.9432207641	0.00267299441546	0.00237138159563	0.000301612819833
ATTG	53423	5598838	5655994	21120	19629	16.3178794354	0.0037580352024	0.00345847495508	0.000299560247314
TCTN	658824	81868916	81100153	169974	144043	9223372036854775807	0.0020718710358	0.00177296357268	0.000298907463114
CATC	7563	1203522	1164710	3414	2954	5.04333764099	0.00282865040068	0.00252983735047	0.000298813050213
GAAT	174384	18192982	18443205	44936	40064	77.1214024762	0.0024638777299	0.00216758193586	0.000296295794045
CTAA	83354	12739609	12377723	20989	16720	81.1686143884	0.00164482887087	0.00134899164085	0.000295837230022
CTAN	23654	3532007	3459582	8542	7344	15.5560170488	0.00241262018969	0.0021183030731	0.000294317116597
TAGT	16582	2265969	2306303	4828	4233	11.8196980668	0.00212612576113	0.00183204243518	0.000294083325956
CCNN	623640	99733650	98408160	317529	284236	9223372036854775807	0.00317366574961	0.00288001924687	0.000293646502733
NGTG	129057	18013604	18268947	47932	43237	68.9865617346	0.00265381637531	0.00236110558959	0.000292710785717
CTNN	1478176	205804957	204197798	504357	440550	9223372036854775807	0.00244466422878	0.00215282230484	0.00029184192394
NANT	5757576	486237563	489858038	1316245	1182459	9223372036854775807	0.00269969176407	0.00240806818831	0.000291623575758
CNCN	514570	79685037	78305609	234927	207957	262.606427718	0.00293952835114	0.00264867602626	0.000290852324884
TAAG	9269	1189728	1197318	3747	3423	4.34205606071	0.00313957141959	0.00285073966825	0.000288831751339
TCNC	25865	3794814	3712863	12851	11501	11.37701916	0.0033750343058	0.00308804402577	0.00028699028003
TNCN	1966500	242810423	240777427	697154	623441	9223372036854775807	0.00286296635443	0.00258259634758	0.000280370006849
GNTT	457503	56641864	57976152	126419	113127	235.534047093	0.0022269301328	0.0019474677935	0.000279462339302
CTNG	44119	7737092	7728187	22335	20142	25.0752865145	0.00287843419366	0.00259952823376	0.000278905959894
ATTN	2474597	188198219	189056553	548536	498583	9223372036854775807	0.00290620095694	0.00263027956151	0.000275921395429
AGTT	91642	12716006	12931538	20120	16894	74.6168803185	0.00157975824046	0.00130471396073	0.000275044279724
GNGG	11734	1780923	1819470	6375	6011	5.05764456167	0.00356683664392	0.00329283076625	0.00027400587767
GCAA	21203	3066059	3041256	3667	2808	24.2900116732	0.00119456915699	0.000922451039137	0.000272118117849
TCCN	224747	33175988	32613129	110037	99355	83.0838785508	0.00330580175915	0.0030372196743	0.000268582084847
TACT	5569	953032	956111	2115	1868	4.19001842072	0.00221431884307	0.00194993835982	0.00026438048325
NTTG	538949	64264168	65150710	312381	299431	105.224129294	0.00483737525212	0.00457494812731	0.000262427124813
NGCT	97923	16370918	16484101	35261	31168	62.2296327752	0.0021492512059	0.00188722327199	0.000262027933911
GTGN	183307	25915249	26129986	63447	57142	84.5025960415	0.00244227038955	0.00218206440966	0.000260205979893
GNAG	41925	6623477	6752186	19743	18367	18.2906876029	0.00297190217997	0.0027127769327	0.00025912524727
GNGN	359947	53573388	54224941	161534	149407	138.091740193	0.00300612700247	0.00274774789024	0.000258379112237
NCTN	1478168	205935742	203777207	463471	406002	9223372036854775807	0.00224550759309	0.00198842011539	0.000257087477706
AANG	364582	40941260	41412030	206145	197955	60.2620042515	0.00500991496305	0.00475739176546	0.000252523197584
NATT	2474601	188080020	190049572	349990	306144	9223372036854775807	0.00185740052765	0.00160827321834	0.000249127309319
TACC	10963	1396442	1367276	3352	2942	4.79390548991	0.00239463806817	0.00214710359957	0.0002475344686
TGTT	225761	24373176	24722023	36734	31141	119.350542003	0.00150488059972	0.00125806139369	0.000246819206037
GNTG	105542	17273536	17595891	53066	49727	39.9621514707	0.00306268938364	0.00281809342127	0.000244595962375
NATG	26208	3395305	3445013	11758	11083	7.54114379394	0.00345106621157	0.00320679749637	0.000244268715207
NGAG	68918	10214749	10416278	31640	29778	22.4493602407	0.0030879171189	0.00285064525788	0.000237271861014
ATAA	1237829	74440620	73562580	138975	119845	260.887354697	0.0018634453566	0.0016265072709	0.000236938085702
CTNC	77980	12922903	12681036	36918	33246	29.0881152701	0.0028486504559	0.00261485469647	0.000233795759423
NTTC	838976	99309993	99077188	501049	476519	122.317029332	0.00501997564558	0.00478655204673	0.000233423598854
TCNT	923733	112052125	111228641	245590	217812	9223372036854775807	0.00218695456092	0.00195440944182	0.000232545119104
GGAN	57435	7693062	7783507	16586	14982	23.0385259385	0.00215133038499	0.00192114139034	0.000230188994654
ATCN	553230	69929790	68679453	169512	150955	167.451497751	0.00241816958463	0.00219314405342	0.000225025531202
NAAC	33091	4658085	4607722	21947	20671	6.33768008304	0.00468949784959	0.00446612895664	0.000223368892949
GANT	292905	34004138	34566369	70675	64097	96.3229698473	0.00207411262976	0.00185088470943	0.000223227920325
GAGN	34123	4745820	4812532	11507	10606	11.8477979023	0.00241879526045	0.0021989833175	0.000219811942948
GNNG	49129	8942048	9125333	26443	24975	17.7010425141	0.00294843357706	0.00272941632129	0.000219017255778
CCAA	5848	924464	910122	1199	982	4.68487700982	0.00129528780993	0.00107781329025	0.000217474519676
ATNN	8146006	573513918	572016350	1566060	1437540	9223372036854775807	0.00272320383235	0.00250681009418	0.000216393738172
NCGT	24742	3589055	3594997	7402	6642	10.0845592551	0.00205813666061	0.00184416039475	0.000213976265854
GNAT	573032	59687089	60394176	146548	135645	122.653539175	0.00244925776449	0.00224096152539	0.000208296239097
AGAT	18695	2285467	2299092	5261	4812	5.70620078062	0.00229664979867	0.00208862869286	0.000208021105804
NTAG	14371	2742634	2777670	8025	7550	5.34038108136	0.00291748268324	0.00271073739238	0.000206745290862
ANAG	257349	28696268	28943145	147971	143289	27.2137489829	0.0051300018697	0.00492631719653	0.000203684673165
GCNT	20438	3277405	3282410	6247	5591	8.96783321142	0.00190245494955	0.00170042527359	0.000202029675957
AGNT	30987	4873611	4926120	10503	9622	11.4566370408	0.00215044120592	0.00194945359786	0.00020098760806
NCAA	672649	82650504	81355259	111226	93289	284.143619724	0.00134393034075	0.00114537339573	0.000198556945021
NTAN	7414472	501501761	500432924	1335569	1233190	9223372036854775807	0.00265606573004	0.0024581887546	0.000197876975442
GTTN	217930	27219358	27501307	82844	78237	40.9505433362	0.0030343340072	0.00283677641661	0.00019755759059
ANNG	1315005	160300359	161786830	658092	632308	170.382269068	0.00408858308409	0.0038930633901	0.000195519693987
TNTC	296676	33538338	33378172	164225	156894	30.1375612227	0.00487277480944	0.00467850577661	0.000194269032831
NACT	233804	33146421	33032892	76309	69673	61.8231291618	0.00229689131507	0.00210476136819	0.000192129946882
TTAN	2248085	170424290	171376555	491137	461260	242.213739809	0.00287356740477	0.00268427528597	0.0001892921188
NCNT	2072177	259739692	257869486	578250	525297	9223372036854775807	0.00222132210925	0.00203292417092	0.000188397938335
ACTN	147525	22522246	22244082	42330	37626	49.2366561408	0.00187594927554	0.00168864972111	0.000187299554429
TTAT	337360	19598681	19777417	58768	55595	26.9338613913	0.00298960460231	0.00280315465951	0.000186449942792
CNNC	46830	7626623	7476442	22487	20664	10.6699089941	0.00293981914236	0.00275626355023	0.000183555592129
TGCN	27300	4070773	4061640	8828	8067	7.90909209624	0.00216393711052	0.00198220658146	0.00018173052906
NAGT	251970	34143493	34739800	78708	73901	54.5981944313	0.00229991051715	0.00212275621026	0.000177154306889
TANT	2447655	170662545	171872354	389022	361220	269.440691004	0.00227429661606	0.00209726821322	0.000177028402838
NGTT	531996	66637380	67843588	100989	91683	138.506992136	0.00151320749238	0.00134956405782	0.000163643434558
TCAA	77317	8913034	8760507	11052	9434	23.0667368425	0.00123844615572	0.00107571989367	0.00016272626205
CNTN	1944806	244026342	241892181	601802	557196	293.514288744	0.0024600685357	0.00229819522283	0.000161873312864
TAAT	386802	25869293	25838119	71762	67473	28.6426338603	0.00276634855444	0.00260457278876	0.000161775765681
GTAN	135813	15246072	15322067	34477	32162	21.0773330462	0.0022562671014	0.00209466720862	0.000161599892774
NTCA	355414	44406189	43600294	110031	101088	51.6911487976	0.00247170581869	0.00231315339181	0.00015855242688
GGNN	216805	34531080	35054206	93118	89076	36.0059349069	0.00268939081275	0.00253465228433	0.000154738528423
NGNT	1475894	200039626	203137516	424325	399871	250.837995344	0.0021167147404	0.00196460712154	0.000152107618857
NTNC	1306187	161167991	159860350	640838	611422	103.55160864	0.00396046373959	0.00381015297818	0.000150310761408
NNAT	8146006	571372878	572488388	1700704	1618014	9223372036854775807	0.00296768871122	0.00281831729164	0.000149371419577
ANNC	373786	47360863	46672612	181791	172189	31.2061256796	0.00382374530458	0.00367573340743	0.000148011897157
TGNT	318961	38598165	39133074	76039	71571	45.3946103042	0.00196614259986	0.00182557449506	0.000140568104795
ACNT	275375	35125248	34813575	71269	65726	39.6985995952	0.00202488786035	0.00188438409359	0.000140503766761
NNTG	1377326	167358772	169113942	625776	608529	99.756805967	0.00372519977254	0.00358543566102	0.00013976411152
ACAN	61078	7215587	7115661	14859	13659	8.48375111704	0.00205505995066	0.00191589099662	0.000139168954042
TNTG	63984	7495376	7549168	31903	31133	4.1113010061	0.00423831772411	0.00410709284499	0.000131224879113
NTGN	1708814	203917614	204896247	558516	534400	143.101288384	0.00273144840916	0.0026013645374	0.000130083871766
ATNC	127440	13252165	13087136	45549	43275	8.04876825489	0.00342532558604	0.00329578411521	0.000129541470825
ANCN	1041247	146647438	144472607	382511	359236	93.2389274894	0.00260158561301	0.00248036614434	0.000121219468667
TNNG	103907	12531490	12683893	48388	47461	5.91519612393	0.0038464601962	0.00372788314581	0.000118577050381
GTNN	1015746	125497834	126126546	329331	317201	64.6175653805	0.00261732830109	0.00250863334507	0.000108694956015
ACNN	860376	113678625	112159039	252005	236419	68.4482835039	0.00221191614582	0.00210345688524	0.000108459260574
TNGN	412136	56715903	57087582	153784	149609	20.1165039129	0.00270414711444	0.00261384245778	9.03046566549e-05
TCNN	131315	19977386	19732617	45481	43448	6.17509384922	0.00227145293429	0.00219699925137	7.44536829198e-05
ANTN	1726171	136925877	137109280	368666	361018	20.7244020469	0.00268521961576	0.00262615274174	5.90668740208e-05
