#Sequence	Occurrence	Forward Match	Backward Match	Forward Mismatch	Backward Mismatch	Strand Bias Score	FER (Forward Error Rate)	RER (Reverse Error Rate), ERD (Error rate Difference)
TATTTTTT	4817	6374	6782	106	39	8.23922915802	0.0163580246914	0.00571763671016	0.0106403879812
TTNAGGGT	452	3810	4836	56	19	6.91992838077	0.0144852560786	0.00391349124614	0.0105717648325
TTNAGNGT	728	4924	6120	62	20	7.46224065987	0.012434817489	0.00325732899023	0.00917748849874
TTTTTTTT	32049	24462	28116	649	490	11.4875632588	0.0258452471029	0.017129273579	0.00871597352389
TNTTTTTT	39493	37146	41520	817	568	17.3579538443	0.0215209546137	0.0134955331686	0.0080254214451
TATNTTTT	9967	13825	14672	172	63	13.102360644	0.012288347503	0.00427553444181	0.00801281306123
TTTTTTNT	39024	37234	41331	797	562	15.6497207089	0.0209565880466	0.0134151290192	0.00754145902743
TTNANGGT	1006	6523	7585	66	22	6.90419937604	0.0100166944908	0.00289207309057	0.00712462140024
TTTTTTTN	40007	38130	42544	973	771	11.6886764541	0.0248830013042	0.0177998383932	0.00708316291108
TANTTTTT	7497	12150	12461	150	71	7.20073516278	0.0121951219512	0.0056654963294	0.00652962562182
NNTTTTTC	6713	20991	21569	346	219	7.63499607225	0.0162159628814	0.0100514044428	0.00616455843857
NTTTTTTT	40008	38113	42196	827	646	10.3514446688	0.0212378017463	0.0150786611269	0.00615914061934
NTTTTTNC	6270	18536	19247	300	191	6.83431824196	0.0159269483967	0.00982611379772	0.00610083459897
TTTNTTTT	39667	38417	42508	715	527	11.7208308621	0.0182714913626	0.0122458464041	0.00602564495848
TNTNTTTT	54019	63862	69371	981	639	23.1802827663	0.0151288496831	0.00912726753321	0.00600158214987
TNTTTTNT	53145	63731	68989	1020	686	21.278729772	0.0157526524687	0.00984571223538	0.00590694023331
TNTTTTTN	53562	66421	71513	1307	974	17.2806885463	0.0192977793527	0.0134368921324	0.00586088722032
TTNTTTTT	39022	38337	42214	757	578	10.3341398071	0.0193635852049	0.013507197607	0.00585638759786
TTTTTTNN	53138	66582	71873	1298	967	17.4292062878	0.0191219799646	0.0132756727073	0.00584630725734
NTTTTTCN	6713	21346	21575	237	112	10.7096176628	0.0109808645693	0.0051643841933	0.00581648037604
TATTTNTT	10273	13623	14194	123	48	8.46497064287	0.00894805761676	0.00337031315826	0.0055777444585
NNTTTTTT	53140	66096	71197	1153	841	16.9719498689	0.0171452363604	0.0116743940698	0.0054708422906
TTTTTNTT	39154	39031	42743	691	522	9.70380823735	0.0173959015155	0.0120651797065	0.00533072180907
TTTTNTTT	39622	39063	42915	687	523	9.47042253664	0.0172830188679	0.0120401491781	0.00524286968979
NTNTTTTT	53563	66214	71222	1104	807	16.0225150736	0.016399774206	0.0112038206833	0.00519595352267
TATNTNTT	24945	30627	31793	251	94	17.5651637848	0.00812876481637	0.0029479098065	0.00518085500987
TNNTTTTT	51801	66149	70771	1041	740	16.6554317556	0.0154933769906	0.0103480583407	0.00514531864995
NTTTTTNT	53116	67180	71607	1078	774	16.2071171162	0.0157930205983	0.0106934140175	0.00509960658083
NATNTTTT	18324	36014	37311	349	176	14.5002977066	0.00959766795919	0.00469496091979	0.0049027070394
NTTTTTTN	53139	66004	71278	1360	1109	11.2312016863	0.0201888248916	0.015320430464	0.0048683944276
CNNTTTTT	6019	19229	19811	196	104	7.39836486163	0.0100900900901	0.00522219432589	0.00486789576421
TNTTTNTT	54016	65458	70135	887	612	16.2408510218	0.0133695078755	0.00865054348594	0.00471896438956
TATNTTTN	20256	30968	31780	304	160	11.2594295455	0.00972115630596	0.00500939261115	0.00471176369481
NCTNTTTT	4824	14933	15476	126	57	6.82416889043	0.00836708944817	0.00366960664392	0.00469748280425
TTTTNTNT	52572	65062	69549	895	628	15.1706280484	0.0135694467608	0.00894880088918	0.00462064587159
TTNTTTNT	53041	65323	69750	944	678	14.4024482499	0.0142454011801	0.00962685295621	0.00461854822386
TTTNTTNT	52427	65743	70098	916	646	15.0132860765	0.0137415802817	0.00913151645369	0.00461006382804
TANNTTTT	15270	27147	27919	251	128	10.1453421929	0.00916125264618	0.00456376796092	0.00459748468526
TNTTNTTT	52713	65353	69988	895	634	14.7200564172	0.0135098418065	0.00897737249016	0.00453246931639
NTTTTNCT	5414	17922	17967	142	61	7.71028764549	0.00786093888397	0.00338362547149	0.00447731341248
TTTTTNNT	51191	65747	70128	895	640	13.8869827719	0.0134299690886	0.00904363554149	0.00438633354708
TTNTTTTN	53001	66585	71603	1182	961	9.77305881883	0.017442117845	0.0132434816162	0.00419863622874
TTTNTTTN	54441	66125	71130	1103	887	9.81865167109	0.0164068542869	0.0123165363734	0.00409031791355
NTTNTTTT	53002	66683	71455	967	737	11.3890741306	0.0142941611234	0.0102088874113	0.00408527371208
NNTTTTCT	5831	19604	19569	143	63	7.36304020388	0.00724160631995	0.00320904645477	0.00403255986518
TATNNTTT	17132	29399	30464	214	98	11.0035361854	0.0072265559045	0.00320659642694	0.00401995947757
TTNNTTTT	51428	67036	71567	884	654	11.8573453711	0.0130153121319	0.00905553786295	0.00395977426897
NANTTTTT	14392	30498	31562	305	189	7.50309268529	0.00990163295783	0.00595256842304	0.00394906453479
TATNTTNT	20891	29658	30578	226	114	9.48149598664	0.00756257529113	0.00371432295061	0.00384825234052
TTTTNTTN	53173	68351	72891	1079	865	9.27068726762	0.0155408324932	0.0117278594284	0.00381297306477
NTTTNTTT	54442	66146	71009	906	700	10.1002595626	0.013511901211	0.00976167566135	0.00375022554965
TTTTTNTN	53115	67758	72154	1074	875	8.2662550044	0.0156032078103	0.0119815415794	0.00362166623095
TTNTNTTT	51931	65263	69629	835	636	9.72891644154	0.0126327574208	0.00905144808938	0.00358130933142
TANTTNTT	15419	25992	26488	179	87	7.97023812686	0.00683963165336	0.00327375352775	0.00356587812561
TTTNTNTT	52180	66191	70436	782	577	10.529319856	0.0116763471847	0.00812527283737	0.00355107434732
TTTNNTTT	51794	66517	71050	774	588	9.25118109134	0.0115022811372	0.00820793433653	0.00329434680063
NTTTTNTT	53174	68121	72681	892	715	7.8171259766	0.0129251010679	0.00974167529566	0.00318342577226
NTATTTNT	19765	30071	30716	207	114	6.96239117178	0.00683664707048	0.00369769704833	0.00313895002215
TTTTNNTT	51382	67657	71708	751	570	8.65853353873	0.0109782481581	0.00788621710617	0.00309203105194
TNTATNTT	22392	28806	29370	162	76	7.7888013039	0.00559237779619	0.00258099572098	0.00301138207521
NATATNTT	20530	28726	28990	162	78	7.21746426041	0.00560786485738	0.00268336314848	0.0029245017089
ATATNTNT	69335	38989	38880	260	146	7.58185855963	0.00662437259548	0.0037410956798	0.00288327691568
TTNTTNTT	55301	74010	77389	831	642	7.99353656771	0.0111035395037	0.00822749932719	0.00287604017656
