#Sequence	Occurrence	Forward Match	Backward Match	Forward Mismatch	Backward Mismatch	Strand Bias Score	FER (Forward Error Rate)	RER (Reverse Error Rate), ERD (Error rate Difference)
NNAGGAAA	93	327	395	63	12	10.2716918239	0.161538461538	0.029484029484	0.132054432054
CNAGCANA	101	372	394	62	12	8.50865685058	0.142857142857	0.0295566502463	0.113300492611
GCCCNANA	77	267	316	41	7	7.04286356049	0.133116883117	0.0216718266254	0.111445056491
NACGNTCC	67	278	304	42	7	6.82959958833	0.13125	0.0225080385852	0.108741961415
NNAGCACA	72	277	309	40	6	6.92470166449	0.1261829653	0.0190476190476	0.107135346252
GCCGNNCG	93	416	444	63	12	8.99706025688	0.131524008351	0.0263157894737	0.105208218877
NTCCCNGT	79	315	393	44	8	7.96554761242	0.122562674095	0.0199501246883	0.102612549406
ANAGCGCN	110	412	431	62	13	7.98805613279	0.130801687764	0.0292792792793	0.101522408484
CCANNGAG	104	418	423	61	13	7.42870475185	0.127348643006	0.0298165137615	0.0975321292448
GCGNCGNC	129	594	605	84	18	10.3341773733	0.12389380531	0.0288924558587	0.095001349451
NAGNGCCG	105	475	510	63	14	8.27694206102	0.117100371747	0.0267175572519	0.0903828144953
GCGCNNGC	141	632	613	84	17	10.1195161391	0.117318435754	0.0269841269841	0.0903343087701
GTGNGCNG	85	389	375	45	6	7.23102603913	0.103686635945	0.0157480314961	0.0879386044486
AGCANGAN	114	473	465	62	14	7.13125434214	0.115887850467	0.0292275574113	0.086660293056
CNAGNACA	108	391	416	42	6	7.28873845331	0.0969976905312	0.0142180094787	0.0827796810525
NGANGAGG	109	371	452	42	9	6.82582955525	0.101694915254	0.0195227765727	0.0821721386816
ANAGGAAN	90	384	459	43	9	6.97744214526	0.100702576112	0.0192307692308	0.0814718068816
CCANGATN	125	524	533	59	11	8.08674813148	0.101200686106	0.0202205882353	0.0809800978711
NCATGATN	136	577	625	62	11	9.5020935851	0.0970266040689	0.0172955974843	0.0797310065846
GCNCCGNC	131	529	532	62	14	7.39663725583	0.104906937394	0.025641025641	0.0792659117532
CCNTCAGN	140	507	532	57	12	7.49659179337	0.101063829787	0.0220588235294	0.0790050062578
NCATGANG	146	567	585	60	10	9.12346653941	0.0956937799043	0.0168067226891	0.0788870572152
GCGCNGNC	157	695	661	84	20	8.59515311153	0.10783055199	0.0293685756241	0.0784619763656
AAGNNAGC	112	412	457	42	7	7.09401650379	0.0925110132159	0.0150862068966	0.0774248063193
AGCAGNAN	138	543	583	63	16	7.42912356529	0.10396039604	0.0267111853088	0.0772492107308
CCGNCAGN	154	577	642	62	13	8.85413614888	0.0970266040689	0.0198473282443	0.0771792758246
AANCNAGC	109	427	468	44	8	6.99812600128	0.0934182590234	0.0168067226891	0.0766115363343
ACAGNGCN	115	465	479	46	7	7.33303027442	0.0900195694716	0.0144032921811	0.0756162772906
CGAGCANN	115	435	444	42	6	6.88997395436	0.0880503144654	0.0133333333333	0.0747169811321
AAAGGANN	96	445	514	45	9	7.14543636521	0.0918367346939	0.0172084130019	0.074628321692
NCAGCGCN	200	780	809	85	20	10.1438045911	0.0982658959538	0.0241254523522	0.0741404436015
NCAGNGCC	155	614	620	67	16	7.64922743738	0.0983847283407	0.0251572327044	0.0732274956363
CNGCNGCG	164	600	656	58	12	8.32810027163	0.0881458966565	0.0179640718563	0.0701818248002
GCNCNGGC	156	656	646	65	15	7.31226124194	0.0901525658807	0.0226928895613	0.0674596763195
GCAGCNNC	162	642	647	61	14	7.14373497361	0.0867709815078	0.0211800302572	0.0655909512506
NCNTCAGG	124	492	558	42	8	6.8472790657	0.0786516853933	0.0141342756184	0.0645174097749
NCANCGCC	192	723	755	67	18	7.36030034118	0.0848101265823	0.0232858990944	0.0615242274878
NAAGGNAA	125	521	598	42	8	6.89842822814	0.0746003552398	0.013201320132	0.0613990351078
NGAAGANC	147	611	676	47	8	7.74648384902	0.0714285714286	0.0116959064327	0.0597326649958
CNAGCNGG	158	705	733	48	9	7.025469406	0.0637450199203	0.0121293800539	0.0516156398664
