#Sequence	Occurrence	Forward Match	Backward Match	Forward Mismatch	Backward Mismatch	Strand Bias Score	FER (Forward Error Rate)	RER (Reverse Error Rate), ERD (Error rate Difference)
TTTT	120201	274554	291039	2072	1222	59.8888408087	0.00749025760413	0.00418119420655	0.00330906339758
NTTT	216980	591715	614544	2888	1721	75.1021443359	0.00485702224846	0.002792629794	0.00206439245446
TTNT	231145	602933	623134	3042	1995	56.0379997585	0.00502000907628	0.00319134130715	0.00182866776913
TNTT	232755	607792	627825	2670	1638	62.2096947003	0.0043737366126	0.00260221808113	0.00177151853147
NTNT	541934	1394212	1421575	5235	3555	78.0474688797	0.0037407633158	0.00249450927284	0.00124625404296
CTTT	19485	85138	86963	217	117	7.68284971943	0.00254232323824	0.00134359209922	0.00119873113902
NCTG	9197	63602	63637	202	126	4.46059118879	0.00316594570873	0.00197606762543	0.00118987808331
AAAT	63826	173365	174778	904	713	5.96724131685	0.00518738272441	0.00406288641583	0.00112449630858
NNTT	435764	1379965	1410931	4200	2738	75.2218256825	0.00303432033031	0.00193680415996	0.00109751617035
ATTT	63826	174438	177331	440	252	12.5990090495	0.00251603975343	0.00141905475186	0.00109698500157
TCTT	20768	96955	96934	190	84	9.63006131009	0.00195583920943	0.000865818714053	0.00109002049538
CCTN	15438	93581	92957	285	182	5.46173593049	0.00303624315514	0.00195406865008	0.00108217450505
TTTN	216980	588990	610021	3748	3287	11.3948358446	0.00632319844518	0.00535946049946	0.000963737945726
TNNT	474446	1451023	1475443	4818	3527	49.2411710674	0.00330942733444	0.00238476777757	0.000924659556866
CTNT	37344	172153	172996	459	309	7.26890868492	0.00265914304915	0.00178298375696	0.00087615929219
ATNT	236147	472017	476184	1332	956	15.0475888454	0.00281399136789	0.002003604812	0.000810386555886
CNTT	49817	227563	230325	434	259	10.8704619172	0.00190353381843	0.00112323491656	0.000780298901868
NCTT	41844	208998	208938	371	211	10.3352594253	0.00177199107795	0.00100885014989	0.00076314092806
NTCT	38451	186498	185723	565	421	5.13243378994	0.00302037281558	0.00226168987451	0.00075868294107
ATAT	140272	173646	173599	557	425	4.51656490382	0.003197419103	0.00244219188158	0.000755227221421
GTNT	37298	147109	149261	402	295	4.57709938053	0.00272522049203	0.0019725052823	0.000752715209729
NCNC	31681	192688	189948	736	582	4.10277474349	0.00380511208537	0.00305463706503	0.000750475020338
NCCN	38288	238750	238093	938	757	4.78246493128	0.00391342078035	0.00316935315051	0.000744067629835
TCTN	38451	188144	185846	450	311	5.86064046784	0.00238607803005	0.00167063285291	0.00071544517714
CNCN	31681	193276	190775	569	427	4.68312567921	0.00293533493255	0.00223324023807	0.000702094694476
AANT	122402	390687	393825	1409	1145	7.17004962992	0.0035935077124	0.00289895435096	0.000694553361434
CCNN	38288	239994	239430	756	591	5.00373229109	0.00314018691589	0.0024622845501	0.000677902365786
NAAT	142807	413006	414725	1544	1273	6.67355401546	0.00372452056447	0.00306011086592	0.00066440969855
NTGT	48990	198306	201014	542	419	4.46069002827	0.00272570003219	0.00208009611136	0.000645603920823
ANAT	236147	472487	472716	1725	1420	7.23766054666	0.00363761355681	0.00299492128841	0.000642692268399
ANTT	122402	392285	397401	815	580	10.0992712526	0.00207326380056	0.00145735600443	0.000615907796127
NNCT	85181	456007	454926	1321	1037	8.08235613412	0.00288851765035	0.00227430734511	0.000614210305238
NTAT	237513	417693	420294	1240	994	6.99133080018	0.00295990050915	0.00235943107803	0.000600469431123
ANNT	423488	1172083	1179936	3388	2707	18.4851992971	0.00288224890278	0.00228894095682	0.000593307945957
CNNT	98213	479531	481758	1122	867	8.15921523965	0.00233432434625	0.00179642579643	0.000537898549828
NCTN	85181	460045	455145	1028	775	7.9262038887	0.00222958186665	0.0016998596245	0.00052972224215
TTNN	435764	1376284	1400187	6050	5409	11.2420800538	0.00437665571418	0.00384818966474	0.000528466049436
NTTN	435764	1377665	1402621	5862	5266	10.3109273136	0.00423699718184	0.00374035700308	0.000496640178757
NNGT	91842	437976	444381	1136	950	4.9196042691	0.00258703929749	0.00213324471011	0.000453794587377
NANT	330670	1058551	1066890	2809	2384	9.13546669097	0.00264660435667	0.00222955014337	0.000417054213306
TNTN	541934	1397777	1416901	5610	5141	6.71971977457	0.00399747183065	0.00361522374163	0.000382248089016
NNAT	471038	1239998	1243823	3634	3210	6.77850831433	0.00292208627633	0.00257410990728	0.00034797636905
