#Sequence	Occurrence	Forward Match	Backward Match	Forward Mismatch	Backward Mismatch	Strand Bias Score	FER (Forward Error Rate)	RER (Reverse Error Rate), ERD (Error rate Difference)
TTTTTTTT	45860	38610	46090	824	688	11.1908256652	0.020895673784	0.0147077686092	0.00618790517487
TCANTTTT	2522	8304	8603	65	15	7.72744642941	0.00776675827458	0.00174054304943	0.00602621522515
TNTTTTTT	56734	57039	65872	1025	803	15.6197183141	0.0176529346928	0.0120434945632	0.00560944012957
NTTTTTTT	57334	58114	67328	1059	842	15.3151780174	0.0178966758488	0.0123514742555	0.00554520159324
NCATTTTT	3497	11853	12547	102	40	7.28183112558	0.00853199498118	0.00317788194169	0.00535411303949
ATNTTTTT	14744	22929	24979	242	130	10.268799954	0.0104440895948	0.00517742642081	0.00526666317395
TATNTTTT	14572	19299	20410	177	80	9.85925311639	0.00908810844116	0.00390434358224	0.00518376485892
ANATTTTT	8923	16486	17377	142	60	8.85624556075	0.00853981236469	0.00344095888054	0.00509885348414
TCATTTNT	3253	9879	10191	68	18	7.21595514626	0.00683623202976	0.00176315016162	0.00507308186814
ATANTTTT	9033	14976	15799	118	45	8.6153769639	0.00781767589771	0.00284019187074	0.00497748402697
TTTTTTNT	55963	57256	65854	963	773	12.9005296948	0.0165409917724	0.0116019031324	0.00493908864008
NTATTTTT	12816	20037	21434	173	81	9.33215081294	0.00856011875309	0.00376481524518	0.00479530350791
NTNTTTTT	77431	99311	110587	1366	984	24.6927215121	0.0135681436674	0.00881949610562	0.00474864756175
TTNTTTTT	56246	59934	68193	955	758	12.7627311026	0.0156842779484	0.0109933140926	0.00469096385578
NNTTTTTT	76364	98536	110914	1434	1087	22.0137871366	0.014344303291	0.00970527048866	0.00463903280233
CTNNTTTT	6877	21559	22530	167	73	9.60492937846	0.00768664273221	0.00322965977968	0.00445698295253
ANNTTTTT	24121	47858	51586	433	235	16.9754394703	0.0089664740842	0.00453484108759	0.00443163299661
NCANTTTT	5695	21304	21998	145	54	10.3602292696	0.00676022192177	0.00244875748231	0.00431146443945
TNTNTTTT	78011	96797	106716	1240	899	20.9528115553	0.0126482858513	0.00835385401663	0.00429443183463
TNNTTTTT	74885	100153	110737	1300	956	20.9502982899	0.0128138152642	0.0085591755974	0.00425463966681
ANANTTTT	16255	35975	37897	254	107	15.477505471	0.00701095807226	0.00281549310599	0.00419546496627
TTTNTTTT	56988	60708	68772	914	740	10.8472287825	0.0148323650644	0.0106456439176	0.00418672114683
TCANTTNT	4800	16556	16716	95	26	9.3120979998	0.00570536304126	0.00155298052801	0.00415238251325
NTTTTTNT	76721	100972	111706	1345	1015	19.3815090011	0.0131454206046	0.00900453331677	0.00414088728782
ATATNTTT	15408	17850	18448	126	55	7.20394303861	0.00700934579439	0.00297249094741	0.00403685484698
TNTTTTNT	76724	96268	106344	1243	936	18.0158739425	0.0127472797941	0.00872483221477	0.00402244757931
NNATTTTT	23499	50054	52690	392	199	16.7194551573	0.00777068548547	0.0037625971374	0.00400808834807
TATTTTNT	13551	19690	20591	148	72	7.11433065645	0.00746042947878	0.00348448918356	0.00397594029521
NTTNTTTT	76609	101121	111532	1256	938	18.7424662072	0.0122683805933	0.00834000177825	0.00392837881505
NCNTTTTT	9859	31582	33179	268	150	9.27064151193	0.00841444270016	0.00450058507606	0.0039138576241
NTANTTTT	20580	38987	41140	269	124	14.1382650165	0.00685245567557	0.00300504071345	0.00384741496211
TTTTTNTT	56200	60593	68548	871	720	9.22178581378	0.0141708967851	0.0103944101172	0.00377648666788
TCANNTTT	5191	18839	19285	96	26	9.71221575591	0.00506997623449	0.00134638289058	0.00372359334391
NNAAAAAT	23499	50222	51196	576	394	8.9243054652	0.0113390290956	0.00763713898042	0.00370189011521
TCNNTTTT	8278	26863	27500	194	96	8.38664431976	0.00717004841631	0.00347876503841	0.00369128337789
CTNTTTNT	7235	23482	23824	173	88	6.93960633082	0.00731346438385	0.00368016058883	0.00363330379503
ATNNTTTT	25999	50570	53511	372	198	14.5605698771	0.00730242236269	0.0036865329833	0.00361588937939
TTNTTTNT	76715	98940	108501	1156	878	15.5772295404	0.0115489130435	0.00802713500763	0.00352177803584
NNCTTTTT	8192	26886	28032	176	84	8.61613403228	0.00650358436184	0.00298762270593	0.0035159616559
NATNTTTT	26903	51053	54320	375	208	13.5474832802	0.00729174768609	0.00381455399061	0.00347719369548
NCATTTNT	6926	23007	23537	143	65	7.39807832669	0.00617710583153	0.00275400389797	0.00342310193356
ATNTNTTT	33683	49806	52239	341	179	13.4827289733	0.00680000797655	0.0034148574917	0.00338515048485
TATNTTNT	31124	42192	43459	260	120	12.8754092061	0.0061245642137	0.00275361986278	0.00337094435092
TCATNTNT	7149	21833	22072	106	33	9.14140382745	0.00483157846757	0.00149287491518	0.00333870355239
TTTTNTTT	56840	60910	68693	866	743	7.23869888876	0.0140183890184	0.0107005011809	0.00331788783745
NTATNTTT	29907	43945	45427	266	123	13.2316279219	0.00601660220307	0.00270032930845	0.00331627289462
TTNNTTTT	74507	103029	112643	1125	855	14.9031414227	0.0108013134397	0.0075331723907	0.00326814104901
ANTNTTTT	22372	43687	46377	326	193	9.97526439912	0.00740690250608	0.00414429890487	0.0032626036012
ANNAAAAT	24600	50474	51288	500	339	8.00264590233	0.00980892219563	0.00656633157069	0.00324259062494
NANTTTTT	21051	45308	48483	353	220	9.55012590111	0.00773088631436	0.00451717553333	0.00321371078103
TTTTTNNT	73614	99161	108986	1107	863	13.334521515	0.0110404116967	0.00785623901902	0.00318417267764
TANNTTTT	22520	39280	40990	264	145	9.3884485969	0.00667610762695	0.00352497872858	0.00315112889837
TNTTTNTT	78055	101052	110078	1108	857	13.215438096	0.0108457321848	0.00772524451255	0.00312048767226
AANNTTTT	14356	36779	38530	214	104	10.1373683718	0.0057848782202	0.00269192938862	0.00309294883158
TTTNTTNT	75690	99899	108536	1117	873	12.4339246827	0.011057654233	0.00797923388387	0.00307842034913
ATANNTTT	22667	34863	35999	195	90	9.86161503111	0.00556221119288	0.00249383468647	0.00306837650641
TCANTNTT	5300	17504	17954	78	25	6.80595189018	0.00443635536344	0.0013905111519	0.00304584421154
TATNTNTT	36511	45120	45677	273	136	11.0810334875	0.00601414314982	0.00296858970161	0.00304555344821
NCATNTTT	7283	24807	25532	133	59	7.31656288954	0.00533279871692	0.00230549802665	0.00302730069027
NTATTTNT	29380	44545	45701	248	115	12.0872947042	0.00553657937624	0.00251004016064	0.0030265392156
NNTATTTT	24546	43040	44755	238	112	11.6971735209	0.00549932991358	0.00249626674393	0.00300306316965
TNANTTTT	17655	39820	41168	241	125	9.57064520374	0.00601582586556	0.00302714745841	0.00298867840715
NTTTTNTT	76872	103421	113106	1138	901	12.2803115957	0.0108838072285	0.00790302349856	0.0029807837299
NANAAAAT	24658	49660	50548	473	330	6.79687532425	0.0094349031576	0.00648610401352	0.00294879914408
NTTTNTTT	78284	100969	110692	1145	925	11.212384833	0.0112129580665	0.00828726806848	0.00292568999799
NNTCTTTT	8400	27784	28516	137	57	8.29026825609	0.00490670104939	0.00199489028103	0.00291181076835
TNTTNTTT	76280	99685	108725	1122	901	11.0258565723	0.0111301794518	0.00821885319176	0.00291132626006
ATNTTTNT	30663	51666	53904	351	210	9.79999859663	0.00674779399043	0.00388069630779	0.00286709768263
TATNNTTT	25407	40948	42133	237	123	9.28438100236	0.00575452227753	0.00291082923135	0.00284369304618
TTTTNTNT	75673	97513	106741	1072	865	10.5145575738	0.0108738651925	0.008038585209	0.00283527998347
NTNCTTTT	9393	31919	32813	152	63	9.23176399719	0.00473948426928	0.00191629151965	0.00282319274963
ANATNTTT	24403	41149	42578	224	111	9.86369790779	0.00541415899258	0.00260020145705	0.00281395753553
ANATTTNT	20608	36607	37625	204	103	8.53330767746	0.00554182173807	0.00273006785411	0.00281175388395
TTANNTTT	17275	33986	35262	172	80	8.74415469263	0.00503542361965	0.0022635957218	0.00277182789785
TTNTNTTT	75005	99546	108311	1049	837	10.577568304	0.0104279536756	0.00766848682523	0.0027594668504
ATATNTNT	102700	51442	51333	302	159	10.3155363361	0.00583642547928	0.00308785830809	0.0027485671712
TANTTTNT	21191	37522	38642	230	132	7.09295373199	0.00609239245603	0.00340434311652	0.00268804933951
TNATTTNT	23200	45160	46251	243	125	9.56963445521	0.00535206924653	0.00269535966879	0.00265670957773
NANATTTT	18125	39550	40649	192	89	9.53684318833	0.00483116098838	0.00218469242476	0.00264646856361
ATNTATNT	100283	46268	45676	261	136	8.92541963362	0.00560940488727	0.002968654501	0.00264075038627
ANTTNTTT	23569	43817	46047	274	166	7.69183517072	0.00621442017645	0.00359206283946	0.00262235733699
NTATNTAT	99727	39687	38535	231	123	7.17177424485	0.00578686306929	0.00318174763309	0.0026051154362
NTATATNT	102089	44832	44126	256	137	8.13247679515	0.00567778566359	0.00309513589228	0.00258264977131
TTANTTNT	18968	32993	33930	154	71	7.83869016974	0.00464597097777	0.00208817387724	0.00255779710053
NTCNTTTT	10150	33709	34731	161	78	7.48376205597	0.00475346914674	0.00224079979316	0.00251266935358
NTNTATAT	98207	42454	41788	249	140	6.95446542371	0.00583097206285	0.00333905743179	0.00249191463106
TTTNTNTT	75311	100724	109315	987	795	9.33000234972	0.00970396515618	0.0072200526746	0.00248391248158
NNAATTTT	12166	32175	32785	148	69	7.23500503764	0.00457878291	0.00210020088878	0.00247858202122
TNATNTTT	21887	44882	46060	226	117	8.86646640261	0.00501019774763	0.00253372891266	0.00247646883497
NNATATAT	105366	44596	44383	269	157	6.97356757687	0.005995765073	0.00352492141895	0.00247084365405
TNTATTNT	28239	37905	38484	181	89	7.80110481278	0.0047524024576	0.00230731340575	0.00244508905185
ANNATTTT	15879	38577	40022	189	98	7.70488401248	0.00487540628386	0.00244267198405	0.00243273429981
TTNTTNTT	79921	111722	120204	1043	834	9.70527192741	0.00924932381501	0.00689039805681	0.0023589257582
ATTNNTTT	24148	44377	46366	243	144	7.18172777459	0.00544598834603	0.00309610836379	0.00234987998224
ATTTNTNT	29290	48852	50451	285	177	6.96540458874	0.00580010989682	0.00349608912064	0.00230402077617
TNTANTTT	20762	34805	35604	150	71	7.19355145929	0.00429123158346	0.00199018920813	0.00230104237534
TTTNNTTT	74808	103073	111680	994	819	8.10833266783	0.00955153891243	0.00728006471169	0.00227147420075
TNNATTTT	22920	45605	46438	209	111	7.60552077243	0.00456192430261	0.00238458398677	0.00217734031585
NTANATTT	19310	30261	30144	106	41	6.81454340622	0.00349063127737	0.00135829054166	0.00213234073571
TANNTCTT	4398	17935	17749	43	5	6.93800235829	0.00239181221493	0.000281626675679	0.00211018553925
ATNTTNTT	28619	52471	54309	278	173	6.82288381225	0.0052702420899	0.00317536066958	0.00209488142032
NTNATTTT	21218	45810	47291	206	114	7.08651683437	0.00447670375522	0.00240480961924	0.00207189413598
NTATTNTT	29465	46879	48758	217	124	7.02246575252	0.00460760998811	0.00253672108343	0.00207088890468
TTTTNNTT	74057	103061	111861	942	792	6.85566152936	0.00905743103564	0.0070304386035	0.00202699243214
