#Sequence	Occurrence	Forward Match	Backward Match	Forward Mismatch	Backward Mismatch	Strand Bias Score	FER (Forward Error Rate)	RER (Reverse Error Rate), ERD (Error rate Difference)
AGGT	4153	331505	334757	8379	2932	9223372036854775807	0.0246525285097	0.00868254518211	0.0159699833276
GGGT	1444	95937	98505	2423	903	158.327919799	0.02463399756	0.00908377595365	0.0155502216063
NGGT	10288	812098	825910	18852	6952	9223372036854775807	0.0226872856369	0.00834712113171	0.0143401645052
TGGT	4198	345113	352195	7219	2752	9223372036854775807	0.0204891976885	0.00775327020654	0.012735927482
CGGT	493	39543	40453	831	365	42.2131998547	0.0205825531283	0.00894213337253	0.0116404197557
AAGT	7548	614702	624991	12805	5962	9223372036854775807	0.0204061468637	0.00944919827626	0.0109569485874
TAGG	3506	270542	271816	5610	2802	204.701472938	0.0203148990411	0.0102032641706	0.0101116348705
CGGG	219	16597	17227	325	164	13.5040375715	0.0192057676398	0.00943016502789	0.00977560261187
CAGG	1212	93338	95175	1827	945	64.9835312275	0.0191982346451	0.00983146067416	0.00936677397093
GAGT	1683	138422	141008	2411	1173	97.9335522146	0.0171195671469	0.0082500474747	0.00886951967221
NAGT	17677	1434585	1456439	26137	13301	9223372036854775807	0.0178932062364	0.00904989998231	0.00884330625406
CGCG	100	7568	7593	160	93	4.45962390278	0.0207039337474	0.012099921936	0.00860401181142
NAGG	11664	936735	940225	18147	9990	9223372036854775807	0.0190044424337	0.010513410123	0.00849103231075
TNGG	8989	718772	725380	13240	7203	9223372036854775807	0.0180871351836	0.00983233299162	0.00825480219196
AAGG	5291	438293	439338	8525	4814	224.210787438	0.0190793566956	0.0108386318197	0.00824072487583
CCGG	218	16436	16529	269	131	11.1751139937	0.0161029631847	0.0078631452581	0.00823981792657
ANGT	29759	2446812	2470638	41574	21264	9223372036854775807	0.0167072150382	0.00853324087384	0.00817397416434
AGGG	1637	113535	113840	2135	1208	56.7257854707	0.0184576813348	0.0104999652319	0.00795771610293
CNGG	2580	203096	205791	3603	2006	103.27109011	0.0174311438372	0.00965365236264	0.00777749147453
TGGG	1520	121139	122808	2083	1145	62.3926713542	0.0169044488809	0.0092373722298	0.00766707665108
TAGT	6755	541688	550293	8915	4833	275.412721445	0.0161913393134	0.00870613158094	0.00748520773251
NGGG	4309	318527	320604	5630	3251	141.202922508	0.0173681271729	0.0100384431304	0.00732968404253
NNGG	28393	2279795	2295700	40529	23673	9223372036854775807	0.0174669572008	0.0102066377422	0.00726031945862
GNGT	7775	603605	614807	9894	5504	287.517201862	0.0161271656515	0.00887296855932	0.00725419709213
CGGN	1538	122924	125135	2034	1145	57.9372510024	0.0162774692297	0.00906715235984	0.00721031686983
AGGN	11664	939345	941516	15777	8941	9223372036854775807	0.0165183086559	0.00940705365945	0.00711125499641
ANGG	12418	1012935	1018247	17964	10645	9223372036854775807	0.0174255673931	0.010346081027	0.00707948636615
NNGT	68846	5650599	5721901	87961	47644	9223372036854775807	0.0153280613952	0.00825784355612	0.00707021783907
NGGN	28393	2283135	2299226	37429	21069	9223372036854775807	0.0161292685744	0.00908031090874	0.00704895766562
TTGG	3442	284070	287230	4857	2843	119.04159027	0.0168104746182	0.00980098113234	0.00700949348582
TGGN	10882	902105	911684	14259	7873	9223372036854775807	0.0155604104919	0.00856173135542	0.00699867913648
GGGN	4309	318761	320891	5359	3110	132.596284438	0.0165339997532	0.00959873580637	0.00693526394681
ACGT	2356	195283	196399	3016	1706	80.8462192234	0.0152093555691	0.00861159486131	0.0065977607078
TCGG	521	43021	43526	690	413	16.5361967969	0.0157855002173	0.00939939461526	0.00638610560207
TNGT	26133	2167166	2201472	30737	17149	9223372036854775807	0.013984693592	0.00772957616465	0.00625511742737
NTGG	10882	901619	910096	14641	9037	297.206222214	0.0159790889049	0.00983209176474	0.00614699714016
GCGT	484	38201	38200	622	384	12.9402597066	0.0160214305953	0.0099523118391	0.00606911875616
NCGG	1538	122914	124775	2111	1395	34.7589397005	0.0168846230754	0.0110565110565	0.00582811201887
ATGG	4881	411532	414882	6495	4069	125.080747231	0.0155372739081	0.00971235299594	0.00582492091221
GTGG	1628	129292	131124	2107	1359	38.0039057777	0.0160351296433	0.0102579198841	0.00577720975924
CCGT	609	50116	49947	731	439	16.351933866	0.0143764627215	0.00871273766522	0.00566372505627
CGGA	634	51944	52680	733	449	16.4450874628	0.0139149913625	0.00845112838563	0.00546386297683
GAGG	1655	134562	133896	2185	1429	34.1885755868	0.0159784126891	0.0105597635322	0.00541864915689
GNGG	4406	344992	346282	5722	3819	84.1296542719	0.0163152882406	0.0109082807533	0.00540700748729
NCGT	5807	483198	486129	6769	4132	141.821557567	0.0138152161268	0.00842816377399	0.00538705235281
CTGG	931	76725	76860	1182	766	20.1886079887	0.0151719357696	0.00986782778966	0.00530410797991
ACGG	609	49575	50187	809	554	11.7725247388	0.0160566846618	0.0109181923888	0.005138492273
ATGT	15702	1305322	1314491	17374	10664	9223372036854775807	0.0131352933705	0.00804736049745	0.00508793287306
GGGG	933	67256	66729	1087	734	14.9983326474	0.0159050670881	0.0108800379467	0.00502502914134
TTNG	25068	2078672	2100196	34425	24459	9223372036854775807	0.0162912540219	0.011511986652	0.00477926736999
TAGN	18654	1539545	1549027	21263	13829	9223372036854775807	0.0136230721524	0.00884854394775	0.00477452820463
CAGT	1691	139773	140147	2006	1333	30.5746287458	0.0141487808491	0.00942182640656	0.00472695444251
TTTG	12642	1057607	1069493	19036	14106	170.283571092	0.017680884007	0.0130177307288	0.00466315327825
CNGT	5179	433016	434984	5756	3727	96.5637835228	0.0131184305288	0.0084953420361	0.00462308849274
CCCG	219	17163	16785	237	153	4.12536229584	0.0136206896552	0.00903294367694	0.00458774597823
TNGN	61348	5135099	5180440	67716	44046	9223372036854775807	0.0130152619303	0.00843068581292	0.0045845761174
NTGT	35074	2920718	2953423	36203	23259	9223372036854775807	0.0122434789431	0.00781373354628	0.00442974539685
AAGN	29645	2489544	2491494	33820	22737	9223372036854775807	0.013402743322	0.00904332179501	0.004359421527
GTGT	4164	331045	337094	4438	3044	62.5681117774	0.0132286881899	0.00894930880995	0.00427937937991
NAGN	62053	5181322	5196537	69370	46958	9223372036854775807	0.0132115919197	0.0089554772151	0.00425611470459
ATAG	7381	627981	628271	9217	6501	102.277404964	0.0144648916036	0.0102414725287	0.00422341907483
NTNG	61348	5122925	5166241	78402	56682	9223372036854775807	0.015073461061	0.010852543681	0.00422091737999
CCGN	1538	124740	123850	1665	1120	23.0945401658	0.0131719473122	0.00896215091622	0.00420979639599
TTAG	6691	541054	546631	7772	5531	87.3140474021	0.0141611366808	0.0100169877681	0.00414414891276
ANGN	86193	7233003	7245626	95369	64868	9223372036854775807	0.0130136679743	0.00887327176522	0.00414039620906
ATNG	21620	1839275	1850655	26959	19327	281.649000303	0.0144456697284	0.0103353936027	0.00411027612573
CCAG	931	76460	77225	1025	711	13.7853706559	0.0132283667807	0.00912287004722	0.00410549673345
AANG	34160	2889393	2890120	47348	35292	9223372036854775807	0.0161226338993	0.0120639417627	0.00405869213655
TCGT	2358	199598	201583	2400	1603	36.9546208359	0.0118813057555	0.00788932308328	0.00399198267222
TTGT	12822	1080767	1097401	12203	7961	207.698933297	0.0111649908049	0.00720216544444	0.00396282536043
TTCG	2293	195941	196842	2760	1979	29.4766109568	0.0138902169591	0.00995367692548	0.00393654003367
GGGA	1610	131421	132222	1588	1067	23.6893243036	0.011939041719	0.00800516171627	0.00393388000271
AAAG	13334	1120763	1118436	21002	16449	117.617023732	0.0183943280798	0.0144939795662	0.00390034851356
ANNG	68482	5759937	5774096	88055	65309	9223372036854775807	0.01505730514	0.0111841874301	0.0038731177099
NTTG	26730	2252337	2276146	35698	27036	277.631543276	0.0156020340598	0.0117385425902	0.00386349146959
NTAG	18654	1537989	1546125	22325	16343	206.809468637	0.0143080174888	0.0104597342154	0.00384828327343
ACGN	5807	484485	484804	6489	4594	71.1095837141	0.013216585807	0.00938704285673	0.00382954295025
ATCG	1700	147008	148583	1873	1316	23.2231600158	0.0125805173259	0.00877924469143	0.00380127263449
TTGN	26730	2261650	2285165	27125	18574	9223372036854775807	0.0118513178447	0.00806254527965	0.00378877256505
GNGN	23486	1884800	1895015	25199	18114	258.662066341	0.0131932006247	0.00946825854399	0.00372494208073
ACCG	493	40256	39919	572	415	5.80754646449	0.014009993142	0.0102890861308	0.00372090701115
ANAG	25819	2181154	2179116	35682	27468	228.601587218	0.0160959132746	0.0124482004764	0.0036477127982
CTTG	2844	243904	245039	3338	2439	32.0353483258	0.0135009423965	0.00985542149201	0.00364552090451
GTNG	8836	717047	725623	9951	7372	90.4356532529	0.0136877955648	0.0100573673763	0.00363042818846
CGNG	1546	125616	125756	1722	1261	16.3605828971	0.0135230645997	0.0099278049395	0.00359525966023
CGAG	477	40327	40128	523	373	5.96619364224	0.0128029375765	0.00920964914447	0.00359328843203
NGCG	1313	102522	102767	1527	1154	12.2176167748	0.0146757777586	0.0111045890628	0.00357118869571
CCNG	2580	204783	204827	2736	1989	26.4529446078	0.0131843349284	0.00961724431379	0.00356709061458
TACG	1906	157233	156064	2484	1905	16.4188731389	0.0155525084994	0.012059328096	0.00349318040339
NCGN	13740	1143611	1146046	14709	10655	142.454765302	0.0126985634367	0.00921154213578	0.00348702130092
GAGN	7281	610051	610838	7756	5603	76.4277685454	0.0125540824238	0.00908927212823	0.00346481029557
TNNG	70237	5802683	5838551	87571	67378	9223372036854775807	0.0148671008075	0.0114085353888	0.00345856541878
TTGA	8043	699138	701483	7783	5346	100.426011483	0.0110097167859	0.00756335690811	0.00344635987779
NTCG	5082	430980	433874	5738	4266	49.8428296397	0.0131389134407	0.00973661386771	0.003402299573
GTAG	3010	241643	243604	3297	2480	27.3109444619	0.0134604392913	0.0100778595927	0.0033825796986
TNCG	5426	450967	450630	6573	5011	46.105234253	0.0143659570748	0.0109976933595	0.00336826371533
AGCG	439	35875	35616	493	371	4.17200769879	0.0135558732952	0.0103092783505	0.00324659494469
NTGN	82863	6978592	7017671	83086	60319	9223372036854775807	0.0117657587899	0.00852205216453	0.00324370662538
ANCG	4929	417456	418811	5494	4122	44.1699656366	0.0129897150963	0.00974622457931	0.00324349051704
NANG	86193	7218696	7225668	107901	84102	9223372036854775807	0.0147273010922	0.0115054235633	0.00322187752891
CNGN	16022	1333758	1338399	16310	11973	147.601639056	0.0120808729634	0.00886644569052	0.00321442727292
GGTG	1759	139670	140937	1928	1482	14.3341873276	0.0136160115256	0.0104059149411	0.00321009658446
CAGN	6473	542182	545178	6531	4789	60.9436392992	0.0119023970637	0.00870779519498	0.00319460186869
ATGN	39077	3319629	3327812	39283	28596	9223372036854775807	0.0116951560505	0.00851982238155	0.00317533366898
CNNG	19408	1601550	1606722	22520	17416	144.910821836	0.0138663973843	0.0107232267209	0.00314317066347
CTNG	5824	487931	489767	7067	5524	42.9786701886	0.0142768253609	0.0111530393244	0.00312378603655
GTTG	3586	298072	302695	3950	3050	28.9969861084	0.013078517459	0.00997563328918	0.00310288416981
AGNG	7523	598442	599420	8042	6160	55.422912194	0.0132600365385	0.0101720664487	0.00308797008978
TGGA	4398	374936	375321	4256	3092	41.0719240899	0.0112238654824	0.00817096664227	0.00305289884013
GCGN	1313	102587	102828	1486	1171	9.00828800148	0.0142784391725	0.0112597236512	0.00301871552131
TCGN	5082	431799	434564	5069	3770	44.0196530344	0.0116030471447	0.00860074737529	0.00300229976939
ATTG	7658	652754	658919	9374	7441	52.8535416168	0.0141573834666	0.0111666366529	0.00299074681378
CANG	9458	783220	786372	10995	8642	63.7875345203	0.0138438584011	0.0108702488258	0.00297360957526
NNCG	13740	1142415	1143836	15554	12114	94.0429720776	0.0134321385115	0.0104796920282	0.00295244648328
NGNG	23486	1884505	1892742	25366	19803	153.737131639	0.0132815252967	0.0103542661741	0.00292725912261
NNAG	62053	5173341	5181837	76214	60789	9223372036854775807	0.0145181829698	0.0115951433499	0.00292303961988
CTGT	2386	203584	204437	2188	1590	21.9307981521	0.010633127928	0.00771743509346	0.00291569283454
TCAG	2190	183402	183933	2276	1747	16.2406125317	0.0122577795969	0.00940866006032	0.00284911953662
TNTG	36518	3053770	3074604	45731	37146	204.781268223	0.0147543104519	0.0119373342974	0.00281697615449
AATG	13238	1136020	1137653	15265	12009	85.7540305735	0.0132590974433	0.0104456788169	0.00281341862639
TGNG	9951	807538	814427	10952	8712	60.1688693314	0.0133807376999	0.0105838746554	0.00279686304448
GTGN	10583	853401	860458	10598	8230	69.5179338392	0.0122662179007	0.00947405742913	0.00279216047158
CCGA	521	43460	43288	508	383	4.3348367873	0.0115538573508	0.00877012204896	0.00278373530184
TNGA	20740	1801600	1804460	18731	13750	167.563771511	0.0102898868393	0.00756238278307	0.00272750405619
NAAG	29645	2483012	2481539	39732	32745	144.739840279	0.0157495171924	0.0130235884252	0.00272592876722
GGNG	4466	352909	353139	4650	3670	25.9910806864	0.0130048467526	0.0102856149929	0.00271923175967
AACG	2297	194317	194693	2556	2020	14.6506080129	0.0129829890335	0.0102687671887	0.00271422184479
TANG	29298	2411689	2418403	36132	29501	148.972026005	0.0147608832509	0.0120515347007	0.00270934855015
NACG	5807	484200	483681	6674	5326	33.3071250596	0.0135961570586	0.0108914596315	0.00270469742718
GNNG	28922	2395057	2401748	30337	23782	175.92864594	0.0125080708536	0.00980486738981	0.00270320346384
ANTG	25316	2148392	2157922	28915	23074	147.865801633	0.0132801667381	0.010579570068	0.0027005966701
NNTG	82863	6963676	6999744	96186	77309	9223372036854775807	0.0136243456317	0.0109238972776	0.0027004483541
ACAG	2386	203122	203485	2683	2127	14.9646793407	0.0130366123272	0.0103447269615	0.00269188536574
NCAG	6473	541909	544391	6822	5356	40.5252059959	0.0124323211191	0.00974266344337	0.00268965767573
ACNG	5179	432827	433901	5706	4530	30.7428267538	0.0130115635539	0.0103322985829	0.00267926497104
NGGA	11799	993669	994419	11219	8514	81.489673069	0.0111644282746	0.0084891014654	0.00267532680919
TCNG	5920	504784	505525	6062	4706	38.2791712674	0.0118665899312	0.0092232733801	0.00264331655112
NCNG	16022	1333101	1336466	16814	13298	91.4240243377	0.0124555990562	0.00985209266212	0.00260350639411
CNTG	9458	784882	785929	10315	8268	50.2068913109	0.0129716284141	0.0104105152752	0.00256111313891
TNAG	19304	1579174	1587937	22027	18018	92.2523030205	0.0137565489904	0.0112194924515	0.00253705653888
GNTG	11571	976632	981289	11225	8821	65.7336575077	0.0113629806743	0.00890911110887	0.00245386956546
CNAG	5824	488162	489302	6870	5695	25.23176591	0.0138778907222	0.0115051202331	0.00237277048916
GANG	13277	1134394	1130773	13426	10667	67.2948764753	0.0116969559687	0.0093452130642	0.00235174290451
ACGA	2358	201472	200086	2194	1701	13.6326082593	0.0107725393536	0.00842968080203	0.00234285855161
GNGA	8618	724965	724555	7436	5731	48.5159536984	0.0101529080381	0.00784761038826	0.00230529764982
NCGA	5082	434484	432573	4713	3695	26.6363170213	0.0107309476158	0.00846956457957	0.00226138303619
CNCG	1546	125410	125700	1732	1447	6.40011765789	0.0136225637476	0.0113805280502	0.00224203569741
TCGA	1720	151220	151270	1617	1274	9.63632076609	0.0105798988465	0.0083516886931	0.00222821015339
CATG	4652	385130	385794	5058	4204	18.2249609669	0.0129629819472	0.0107795424592	0.00218343948797
NATG	39077	3314749	3320223	43348	36041	148.385613568	0.0129085014519	0.0107384282047	0.00217007324717
NGTG	10583	853025	859589	10874	9053	39.9639301458	0.0125871195591	0.0104220150534	0.00216510450573
GCTG	995	83151	83212	926	744	5.00919875922	0.0110137136197	0.00886178474439	0.00215192887527
GNAG	11106	924851	925482	11635	9608	43.0211302398	0.0124241045782	0.0102749467966	0.00214915778161
CNGA	5920	505005	506705	5190	4101	29.3645207008	0.0101725810719	0.00802848831063	0.00214409276131
CCTG	1212	94724	94288	1205	994	4.85541069506	0.0125613735158	0.0104321907601	0.00212918275577
TCTG	2575	225816	225976	2493	2007	12.2767784051	0.0109194118497	0.00880328796445	0.00211612388528
CTGN	6473	543912	544236	6080	4919	27.5922489507	0.0110547062503	0.00895739818448	0.00209730806579
NTGA	28946	2507937	2506275	25070	19757	136.215027039	0.00989732756364	0.00782135776586	0.00207596979779
GAAG	5537	472131	470581	6013	5005	20.1241795273	0.0125757094097	0.0105238589866	0.00205185042312
GTGA	3430	288625	287879	2975	2369	15.4162798376	0.0102023319616	0.0081619856123	0.00204034634929
TTTA	39273	3251859	3285841	39775	33340	137.87231426	0.0120836642227	0.0100446465559	0.00203901766681
AGTG	2729	219744	221040	2634	2190	10.2300795422	0.0118446968675	0.00981050934014	0.00203418752735
CAAG	2844	244064	244330	3283	2780	9.9495733883	0.0132728515001	0.0112500505848	0.00202280091536
TGTG	5345	432487	436804	5598	4750	17.7841964354	0.0127783421026	0.0107574611486	0.00202088095398
NCTG	6473	543565	543786	6266	5179	23.3456559271	0.0113962290231	0.00943411692913	0.00196211209397
GAGA	3095	266587	266525	2479	1958	14.0929397655	0.00921335285766	0.00729282673391	0.00192052612375
NNGA	72590	6248218	6238040	61049	49074	277.712088858	0.00967608440093	0.00780548913222	0.00187059526871
GATG	5231	455739	454445	4421	3545	21.2433517675	0.00960752781641	0.00774034367563	0.00186718414079
NCCG	1538	124713	123514	1615	1368	4.60223682397	0.0127841808625	0.0109543408978	0.00182983996471
AGNT	19710	1670473	1675084	18419	15410	60.6114867307	0.0109059667522	0.00911567861229	0.00179028813988
CAGA	2575	225780	226653	2052	1649	10.6747119107	0.00900663646898	0.00722288898039	0.00178374748859
TAGA	6579	576306	576386	5075	4038	26.5406053544	0.00872921543704	0.00695698317092	0.00177223226611
TATG	15956	1337860	1342331	18604	16283	35.9536849103	0.0137150709492	0.0119850082511	0.00173006269812
TTNA	87430	7358137	7399139	79577	66988	249.369395299	0.0106991207245	0.00897225562865	0.0017268650958
AGAG	2718	229288	228924	2780	2391	6.95655001159	0.011979247462	0.0103365540497	0.00164269341228
AGGA	5157	435368	434196	4642	3906	14.1632131323	0.0105497602327	0.00891573195283	0.00163402827989
GGNT	9033	721990	724836	7688	6530	22.3336760826	0.0105361543037	0.00892849818012	0.00160765612356
NGAG	7281	610431	609782	7335	6345	16.1541094242	0.0118734278028	0.0102982015072	0.0015752262956
TTCC	5264	439785	442091	5363	4680	11.6770117819	0.0120476785249	0.0104751651293	0.00157251339556
TTTC	15538	1316440	1324973	19596	17587	27.2225813097	0.0146672694448	0.0130996007627	0.00156766868211
TGAG	2493	208664	209181	2545	2229	5.41181219545	0.0120496759134	0.0105434936853	0.00150618222818
CTGA	2190	183821	184084	1897	1620	5.52941187956	0.0102144110964	0.0087235600741	0.0014908510223
ATGA	15283	1336353	1332829	12415	10422	37.4985822769	0.00920469643408	0.00775878819372	0.00144590824036
TAAG	7930	646054	648192	9434	8511	11.7634360595	0.0143923305995	0.0129601966186	0.00143213398093
ANGA	37312	3216648	3202320	29692	25492	66.1489766176	0.00914630014108	0.00789760989797	0.00124869024311
TTAA	27318	2303431	2305507	20919	18033	47.8377613273	0.00899993546583	0.00776100260809	0.00123893285774
NAGA	26763	2312128	2304773	20047	17108	49.3211673405	0.00859583864847	0.00736816400151	0.00122767464696
NGNT	65384	5531767	5550811	53336	47316	83.3587473149	0.00954968959391	0.0084521126441	0.0010975769498
TTTN	150742	11972402	12144700	123928	112261	163.889593306	0.0102450908664	0.00915895873374	0.00108613213267
TTNC	32295	2708482	2716423	35549	32856	25.5670284777	0.0129550285693	0.0119507696381	0.00100425893113
ATAC	10856	907182	903873	11193	10243	9.1869578775	0.0121878317681	0.0112053612452	0.000982470522887
TTNN	303795	24908538	25149387	239899	219548	239.993135147	0.00953932047546	0.00865420641426	0.000885114061201
TTCA	12796	1103709	1106308	11100	10269	8.2345485093	0.0099568625657	0.00919685789695	0.000760004668748
TCAA	8043	701126	701873	5937	5415	6.07759025333	0.00839670580981	0.00765600434335	0.000740701466457
AAGA	14514	1243455	1235209	10441	9463	9.89398304685	0.00832684688363	0.00760280620115	0.000724040682481
NTTA	91739	7694377	7733916	79020	73884	44.2029290484	0.0101654398971	0.00946284484746	0.000702595049666
GGNN	28393	2297195	2298935	23288	21765	12.2700097655	0.0100358416761	0.00937863575645	0.000657205919612
TGNT	31712	2719051	2731844	23423	21733	16.3953142187	0.00854082846364	0.00789264291502	0.000648185548627
NTNA	241371	20455291	20457890	192139	179980	87.2101545528	0.00930571020219	0.00872086121291	0.000584848989284
CGNN	13740	1147272	1146579	11291	10638	4.84111712846	0.00974569358766	0.00919274431675	0.000552949270907
TNTA	146778	11802190	11843532	111352	105195	43.6765891842	0.0093466745658	0.00880386672153	0.000542807844266
TNNA	289076	23904237	23914404	217980	204875	90.015042372	0.00903648284069	0.00849424230301	0.00054224053768
TNAA	87430	7407825	7378732	62662	58362	30.5149867747	0.00838794043815	0.00784741997345	0.000540520464707
NTTC	34584	2949820	2963339	37917	36566	7.50877216	0.0126908760711	0.0121890526533	0.000501823417753
AGNN	62053	5200899	5194926	50980	48655	12.0521888065	0.00970700200823	0.00927896412776	0.000428037880474
AAAA	83289	6456488	6354641	53302	49710	17.1086058067	0.00818797534175	0.00776191061358	0.000426064728173
NTTN	303795	24918061	25145658	234884	226449	53.0164440744	0.009338230573	0.00892511607333	0.000413114499668
TNTC	31640	2716463	2731285	34045	33192	4.13762893829	0.0123777134987	0.0120066110154	0.00037110248335
TGNN	82864	6996681	7015443	66410	63977	12.1734049254	0.00940239903464	0.00903703975749	0.000365359277149
TNTN	376578	30545673	30786487	280266	273150	34.7415534168	0.0090918884904	0.0087943719368	0.000297516553604
TATA	87702	6866844	6872613	57298	55492	7.40331737068	0.00827510469889	0.00800969384846	0.00026541085043
NTAA	91739	7747781	7708411	65421	63080	7.64744954284	0.00837313562353	0.00811684656136	0.000256289062164
NAAA	150742	12161757	12017290	98677	94818	9.0233585472	0.00804841003181	0.00782836480652	0.000220045225292
NNAA	303795	25173846	24963451	206907	200340	13.4626482181	0.00815212220063	0.00796143951442	0.00019068268621
ATNN	325356	27167954	27167607	238543	233406	12.9953962345	0.00870388506784	0.00851815223036	0.000185732837479
TATN	163999	13335407	13381182	113683	112141	4.27191827386	0.00845283956015	0.0083108512262	0.000141988333953
