#Sequence	Occurrence	Forward Match	Backward Match	Forward Mismatch	Backward Mismatch	Strand Bias Score	FER (Forward Error Rate)	RER (Reverse Error Rate), ERD (Error rate Difference)
CCCC	2045	15335	15958	175	97	6.18721036366	0.0112830431979	0.0060417315478	0.00524131165013
TCCC	3763	25562	25655	173	83	7.61215925212	0.00672236254129	0.00322480379206	0.00349755874923
NCCC	9438	69932	70707	526	287	16.645698365	0.00746544040421	0.00404259514889	0.00342284525533
ACCC	2842	22579	22469	152	78	5.72172457761	0.00668690334785	0.0034594402803	0.00322746306755
CCCN	9438	70645	71008	455	318	6.12762563265	0.0063994374121	0.00445840226565	0.00194103514644
TTTT	203679	509745	538953	3789	3054	28.1191554718	0.00737828459265	0.0056346135751	0.00174367101754
CCNC	10172	86872	85321	384	236	7.84353999393	0.004400843495	0.00275839498814	0.00164244850687
TTTC	38465	177464	180797	1098	865	7.75228740261	0.00614912467378	0.00476159020599	0.0013875344678
CTTT	32523	157205	159557	389	192	15.993212901	0.00246836808508	0.00120188545781	0.00126648262727
NTTT	367410	1103220	1145410	5267	4063	45.2835717966	0.00475152166873	0.00353466327613	0.0012168583926
TTCT	34219	165926	167258	544	351	10.1780246214	0.00326785607016	0.0020941596215	0.00117369644866
TTTN	367410	1096977	1137856	6942	5922	27.5575084698	0.00628850486313	0.00517757816639	0.00111092669674
ACNC	17427	108859	106703	405	284	4.77212014499	0.00370661883145	0.00265452812024	0.00105209071122
TTNT	389639	1114730	1152308	5524	4493	32.0592896717	0.00493102457121	0.00388398696059	0.00104703761062
TTCN	84055	436715	437810	1466	1062	15.1405704001	0.00334564940059	0.00241983995333	0.000925809447255
NTCT	64154	342537	343682	1060	751	12.5373243453	0.00308500947331	0.00218039502603	0.000904614447279
TNTT	393285	1130892	1170473	4744	3845	28.7045786182	0.00417739486948	0.00327424087854	0.000903153990947
TCTT	34225	173792	175253	299	145	12.6852713428	0.00171749257572	0.000826691296366	0.000890801279356
ATGT	36306	144196	146762	380	260	6.06647490081	0.00262837538734	0.00176844281808	0.000859932569258
NCCN	64045	464970	460294	1771	1362	11.5749140965	0.00379439560699	0.00295024867001	0.00084414693698
TNCC	26936	176087	174960	633	482	4.92150420524	0.00358193752829	0.00274734670147	0.000834590826819
ACCN	21742	165794	163556	561	419	4.73817265752	0.00337230621262	0.00255526757128	0.000817038641341
NTNT	916396	2641550	2696774	9609	7647	58.7334671878	0.00362445255075	0.00282759230164	0.00079686024911
NCNC	54141	385536	379802	1379	1057	9.04082356898	0.00356409030407	0.00277530529671	0.000788785007361
TTCA	31279	153548	153518	490	370	4.28916981225	0.00318103325154	0.00240434601788	0.000776687233652
CTNT	62551	321827	324014	803	562	10.4272791191	0.00248891919536	0.00173148969733	0.000757429498035
TTGT	31475	146148	148507	390	289	4.27508029786	0.00266142570528	0.00194225651227	0.000719169193006
NTGT	83040	379217	385831	969	711	10.4370819173	0.00254875245275	0.00183938614691	0.000709366305834
TTNG	58880	332078	338650	1548	1346	4.67857664816	0.00463992614484	0.00395887010435	0.000681056040491
ATTT	108417	326926	334721	819	611	8.47486371306	0.00249889395719	0.00182207483926	0.000676819117929
TTAA	64568	206478	206275	476	337	5.84522502654	0.00230002802555	0.00163107660736	0.000668951418191
NTTN	736008	2569040	2623259	10764	9237	33.7426109821	0.00417240999704	0.0035088372404	0.00066357275664
TTNN	736008	2566011	2617605	11221	9719	31.3557044988	0.0043538959628	0.00369920116438	0.000654694798422
NTTC	84055	434494	436851	1892	1615	5.8235215079	0.00433561113326	0.00368329585418	0.00065231527908
NCTT	68875	381786	383659	593	351	14.6039343689	0.00155081738275	0.000914038696909	0.000636778685845
ATNT	400918	918151	928476	2574	2025	16.5335770063	0.00279562301447	0.00217624698952	0.000619376024947
TNCT	69372	377191	378605	1093	866	6.65891079335	0.00288936354696	0.00228212432571	0.000607239221259
NNTT	736008	2574752	2637352	7407	6034	39.1173218615	0.00286852978457	0.00228267835269	0.000585851431883
NTCN	176385	1011588	1005750	2838	2233	15.8562313067	0.00279764122765	0.00221531513924	0.000582326088407
CCNN	64045	467169	462713	1388	1105	7.17971765982	0.0029622863387	0.0023823999931	0.000579886345594
TNTC	78618	392113	392655	1727	1502	4.14887840129	0.00438502945359	0.00381066427845	0.000574365175138
NNCC	64045	466366	460633	1496	1215	6.35095393317	0.00319752405624	0.00263073565329	0.00056678840295
CNTT	83270	424200	429091	724	495	10.7575231583	0.00170383409739	0.00115227218764	0.00055156190975
CTTN	68875	381746	382994	939	735	6.29305193277	0.00245371519657	0.00191541426371	0.000538300932859
GTNT	63288	286842	291976	708	567	4.63702589971	0.00246218049035	0.00193817660993	0.000524003880415
TNGT	60790	336247	341907	790	627	5.40139749105	0.00234395630153	0.0018304752229	0.000513481078636
CNCN	54141	386163	380671	1127	920	4.61882376803	0.00290996410958	0.00241095832973	0.000499005779852
NNCT	141869	853610	853736	2420	2003	9.39197955309	0.0028270037265	0.0023406669557	0.000486336770809
TNNT	800823	2715066	2765791	8646	7567	21.2269470193	0.00317434442408	0.00272846130936	0.000445883114722
TNCN	191551	1044166	1039359	2949	2473	9.45009900104	0.0028163095744	0.00237370324582	0.000442606328581
NNGT	156485	858049	872227	2076	1728	9.04229476226	0.00241360267403	0.00197721850667	0.000436384167356
TNTN	916396	2647461	2692912	10232	9322	13.7875298506	0.00384995558178	0.00344973825361	0.000400217328169
NTNG	145874	872526	883481	3050	2756	4.79413410775	0.0034834211993	0.00310977763285	0.000373643566457
NNTC	176385	1008544	1002448	3598	3223	4.71050400058	0.00355483716712	0.00320482543496	0.000350011732159
ATTN	242457	780170	787801	2112	1857	4.83217977228	0.00269979368054	0.00235165096789	0.000348142712652
CNNT	165992	917201	919717	1960	1669	5.99999294414	0.00213237941993	0.00181140151902	0.000320977900912
ANTT	207807	738301	750037	1458	1242	5.25683192981	0.00197091214842	0.00165318077572	0.000317731372699
NCTN	141869	862003	855720	1714	1430	5.88139500315	0.00198444629433	0.00166831943067	0.000316126863659
ANNT	718866	2262865	2274629	5925	5400	6.68499588746	0.00261152420453	0.00236839092836	0.000243133276171
ATNN	798468	2391894	2386187	6251	5696	6.08892448442	0.00260659801638	0.00238138738391	0.000225210632469
