#Sequence	Occurrence	Forward Match	Backward Match	Forward Mismatch	Backward Mismatch	Strand Bias Score	FER (Forward Error Rate)	RER (Reverse Error Rate), ERD (Error rate Difference)
TTTTTTTT	30115	22328	26094	567	443	9.50765637198	0.0247652325835	0.0166936729849	0.00807155959864
GNNTTTTT	3232	10710	11643	113	37	10.4359379787	0.0104407280791	0.00316780821918	0.00727291985991
TNTTTTTT	36992	34427	38966	708	537	11.4464851558	0.020150846734	0.0135939042604	0.00655694247359
GTNNTTTT	3093	10237	10863	92	29	8.5643767453	0.00890696098364	0.00266250459053	0.00624445639311
TTTTTTNT	36650	34833	39151	694	531	10.4634977363	0.019534438596	0.0133813819868	0.0061530566092
NTTTTTTT	37577	35473	40040	728	571	9.98875202779	0.0201099417143	0.0140602299869	0.00604971172737
TTNTTTTT	36741	35897	40254	690	526	10.4628103053	0.0188591576243	0.0128984796469	0.00596067797741
NTNTTTTT	50461	62010	67953	1004	750	14.5894391023	0.0159329672771	0.0109165538623	0.00501641341484
TNNTTTTT	48699	62604	68328	944	693	14.571871787	0.0148549128218	0.0100404224801	0.00481449034169
NANCTTTT	2604	10638	11069	70	20	7.03831855404	0.00653716847217	0.00180358914239	0.00473357932978
NNTTTTTT	49916	62300	68549	999	775	12.4255976272	0.0157822398458	0.0111793895332	0.0046028503126
TTTTNTTT	37098	36511	40473	597	472	7.28266096513	0.0160881750566	0.0115276590548	0.00456051600176
TTTTTNTT	36816	36922	41200	596	475	7.24645599632	0.0158857081934	0.0113977204559	0.00448798773749
NTTTTTNT	50157	63803	69518	945	715	12.629574003	0.0145950454068	0.0101803995273	0.00441464587952
TNTTTTNT	49836	60002	65284	894	683	11.3580005478	0.0146807672097	0.0103536616793	0.00432710553034
TNTNTTTT	50523	60351	65785	854	643	11.7733206046	0.0139531084062	0.00967965315831	0.00427345524787
TTTTTTNN	49916	62669	69179	1096	911	9.46556057783	0.017188112601	0.012997574547	0.00419053805395
TTNTTTNT	50063	62395	67288	861	657	10.5197029356	0.0136113570254	0.00966958569431	0.00394177133111
TNTTTTTN	50461	62176	68235	1120	956	7.80684135561	0.0176946410516	0.0138168258878	0.00387781516381
TTTTNTNT	49257	61345	66109	780	586	10.3046069865	0.012555331992	0.00878626583702	0.00376906615493
TTTTTNNT	48069	62231	67746	804	618	10.025175543	0.0127548187515	0.00903984553274	0.00371497321875
TTNTNTTT	48667	61344	66044	756	570	9.79271637194	0.0121739130435	0.00855675984027	0.0036171532032
TNTTTNTT	50799	62893	67839	768	580	9.96014099798	0.0120639009755	0.00847717739224	0.00358672358323
NTTNTTTT	50053	63738	69162	851	676	8.75155508158	0.0131756181393	0.00967954408775	0.00349607405157
TNTTNTTT	49545	62101	67108	772	598	8.92026429798	0.0122787205955	0.0088323043748	0.00344641622069
TTTNTTNT	49472	63426	68036	804	623	8.86595244727	0.0125175151798	0.00907382863135	0.00344368654847
TTNNTTTT	48584	65011	70206	804	631	8.61964633536	0.0122160601687	0.00890777418581	0.00330828598285
NTTTNTTT	51096	63426	68299	795	632	7.81652221785	0.0123791283225	0.00916858887873	0.00321053944378
NTTTTNTT	50217	65704	70873	781	620	7.83450722895	0.0117470106039	0.00867217769572	0.00307483290818
TTNTTNTT	51918	68907	74415	752	589	8.19860833494	0.0107954463888	0.00785291451123	0.00294253187761
