#Sequence	Occurrence	Forward Match	Backward Match	Forward Mismatch	Backward Mismatch	Strand Bias Score	FER (Forward Error Rate)	RER (Reverse Error Rate), ERD (Error rate Difference)
TGGCGGGT	1042	97921	168048	44973	680	9223372036854775807	0.314729799712	0.00403015504244	0.310699644669
CGGCGGGT	1208	141879	223181	61902	1118	9223372036854775807	0.30376727958	0.00498441812046	0.298782861459
CGGNGGGT	1796	226432	315947	67410	1486	9223372036854775807	0.229409002117	0.00468130282611	0.224727699291
NGGCGGGT	3505	470271	659537	137680	2698	9223372036854775807	0.226465619762	0.00407408246317	0.222391537299
TGGNGGGT	1972	248669	322620	51547	1279	9223372036854775807	0.171699709542	0.00394876180538	0.167750947737
GGCGGGGT	844	166715	205308	31755	683	9223372036854775807	0.159998992291	0.00331567884034	0.156683313451
AGGCGGGT	615	93928	115088	17321	418	9223372036854775807	0.155695781535	0.00361885962634	0.152076921909
NGGNGGGT	5883	864421	1061855	157733	4150	9223372036854775807	0.154314320543	0.00389303990131	0.150421280641
TGNCGGGT	2795	316621	396405	54076	1781	9223372036854775807	0.145876551469	0.00447278407578	0.141403767393
TGGCAGGT	839	89401	112454	15453	723	9223372036854775807	0.14737635188	0.00638822375571	0.140988128124
CGGCAGGT	1509	259740	315709	43404	1317	9223372036854775807	0.143179479059	0.00415423340672	0.139025245653
TGGCNGGT	4261	578401	717629	88473	3078	9223372036854775807	0.132668240177	0.00427080630548	0.128397433872
CGGCNGGT	4987	968918	1156926	146336	4537	9223372036854775807	0.131213158617	0.00390628026894	0.127306878348
GCGGGGGT	345	61455	72174	9051	359	9223372036854775807	0.128372053442	0.00494947127514	0.123422582167
CGNCGGGT	3728	567353	667021	79085	2927	9223372036854775807	0.122339652063	0.00436899580266	0.11797065626
TNGCGGGT	3234	444645	532286	58586	2118	9223372036854775807	0.116419695925	0.00396329368792	0.112456402237
AGGNGGGT	1054	158646	184211	20177	647	9223372036854775807	0.112832241938	0.00349998377133	0.109332258166
CGGNAGGT	2692	408624	474747	52039	2287	9223372036854775807	0.112965443285	0.00479420754076	0.108171235744
CNGCGGGT	4064	672156	779907	84015	3231	9223372036854775807	0.111105821302	0.00412570964504	0.106980111657
TGGCTGGT	1401	175838	211419	21923	1125	9223372036854775807	0.110856033293	0.00529302168022	0.105563011612
NGCGGGGT	2015	394673	449545	44612	1539	9223372036854775807	0.101555937489	0.0034117813977	0.0981441560916
TGGCGGGA	1147	141831	168621	15888	647	9223372036854775807	0.100736119301	0.00382234090318	0.0969137783976
CGGCTGGT	1505	280874	323602	31568	1412	9223372036854775807	0.101036352347	0.00434442824001	0.096691924107
GGNGGGGT	1732	354757	460840	39226	1470	9223372036854775807	0.0995626714858	0.0031796846272	0.0963829868586
NGGCAGGT	3675	645398	743862	70514	3158	9223372036854775807	0.0984953457967	0.00422746378946	0.0942678820072
NGNCGGGT	11085	1756590	2067072	191132	8309	9223372036854775807	0.0981310474493	0.00400360223014	0.0941274452191
GGCGGGGA	851	124540	145728	13202	630	9223372036854775807	0.0958458567467	0.00430451358996	0.0915413431567
GGCAGGGT	805	144769	166851	15249	641	9223372036854775807	0.095295529253	0.00382704845605	0.0914684807969
NGGCNGGT	15577	2899108	3319449	303690	12914	9223372036854775807	0.0948202165731	0.00387532810801	0.0909448884651
CGGCGGGA	1287	191031	220627	20024	947	9223372036854775807	0.0948757432897	0.00427396716221	0.0906017761275
GGGCGGGT	640	136543	153220	13484	482	9223372036854775807	0.0898771554454	0.00313593837426	0.0867412170711
TGGCTNGT	1991	245743	291397	24998	1661	9223372036854775807	0.0923317857288	0.00566782002198	0.0866639657068
CGGNNGGT	10844	1891785	2133175	187218	8994	9223372036854775807	0.090051818107	0.00419854829381	0.0858532698132
GGCNGGGT	3450	732554	823551	69690	2931	9223372036854775807	0.0868688329236	0.00354635672646	0.0833224761972
CGGGGGGT	65	9091	10940	858	36	191.824944739	0.0862398230978	0.00327988338192	0.0829599397159
TGGCGNGT	4209	560935	642653	53698	3205	9223372036854775807	0.0873659565952	0.00496239111384	0.0824035654814
AGNCGGGT	1881	264600	294843	25151	1378	9223372036854775807	0.0868021162999	0.00465193217226	0.0821501841276
GGCTCGGT	725	159546	252738	14721	621	9223372036854775807	0.0844738246484	0.00245106745764	0.0820227571907
TGGCGGGN	5888	1003776	1178126	91464	3708	9223372036854775807	0.0835104634601	0.00313749646735	0.0803729669927
CGGCGGGN	6666	1384753	1586085	125814	4897	9223372036854775807	0.0832892549619	0.0030779732266	0.0802112817353
NNGCGGGT	13903	2380361	2668378	216746	10983	9223372036854775807	0.0834567077906	0.00409911169118	0.0793575960994
CNGNGGGT	7448	1190108	1331835	106681	5978	9223372036854775807	0.0822655034859	0.0044684870008	0.0777970164851
GNCGGGGT	2696	595627	665599	52402	2191	9223372036854775807	0.080863665052	0.00328097156292	0.0775826934891
TGGNAGGT	2095	268718	383399	24048	2008	9223372036854775807	0.0821406857354	0.0052100766203	0.0769306091151
GNGGGGGT	920	187316	197480	16353	740	9223372036854775807	0.0802920424807	0.00373322570881	0.0765588167719
NCGGGGGT	852	159940	176812	13952	723	9223372036854775807	0.0802337082787	0.00407243642099	0.0761612718577
GGNAGGGT	1388	217354	244349	18810	941	9223372036854775807	0.0796480411917	0.00383627542908	0.0758117657626
TNGNGGGT	6026	905375	1010941	76943	4039	9223372036854775807	0.0783279956185	0.00397938875643	0.0743486068621
CGNNGGGT	8343	1307786	1446519	111673	6443	9223372036854775807	0.0786729310251	0.00443438988769	0.0742385411374
CTCCAGGT	785	162992	168727	13373	469	9223372036854775807	0.0758257023786	0.00277193314263	0.073053769236
TGNNGGGT	6886	925822	1031653	76947	4826	9223372036854775807	0.0767345221083	0.00465614836384	0.0720783737444
GGGNGGGT	1061	230674	239077	18599	738	9223372036854775807	0.0746129745299	0.00307737214103	0.0715356023889
GGGGGGGA	167	21538	24506	1877	231	9223372036854775807	0.0801622891309	0.00933823826656	0.0708240508643
GGCGGGGN	3509	740190	833890	58836	2556	9223372036854775807	0.0736346501866	0.00305578602803	0.0705788641586
TGGCTCGT	237	29767	34848	2529	293	9223372036854775807	0.0783069110726	0.00833783899149	0.0699690720811
NGGCTGGT	5015	852535	954447	68393	4425	9223372036854775807	0.0742653062997	0.00461479738693	0.0696505089128
CGGCTNGT	2707	571664	638767	45316	2707	9223372036854775807	0.0734480858375	0.00421996838531	0.0692281174522
ACGGCGGT	1464	213464	241333	16775	993	9223372036854775807	0.072859072529	0.00409778562763	0.0687612869014
GCGGAGGT	366	47511	52071	3739	223	9223372036854775807	0.072956097561	0.00426435155085	0.0686917460101
CGGAGGGT	171	21750	23520	1736	124	9223372036854775807	0.0739163757132	0.00524445948232	0.0686719162309
GGCTNGGT	1799	353606	466301	27275	1401	9223372036854775807	0.0716102929786	0.00299549713279	0.0686147958459
NGNGGGGT	4083	782053	912305	60557	3135	9223372036854775807	0.0718683614009	0.00342458271432	0.0684437786866
TGGCANGT	1852	210211	235589	16886	1414	9223372036854775807	0.0743558919757	0.00596616920461	0.0683897227711
ACGGCTCG	543	131591	147162	9910	322	9223372036854775807	0.0700348407432	0.00218328767866	0.0678515530645
TGGNNGGT	10946	1582358	1937898	122355	8193	9223372036854775807	0.0717745450407	0.0042099778479	0.0675645671928
GGCTGGGT	814	130382	143810	9953	619	9223372036854775807	0.0709231481811	0.00428584287089	0.0666373053102
CGGNTGGT	3338	576806	637488	44152	2957	9223372036854775807	0.0711030375645	0.00461710217115	0.0664859353934
TGNCNGGT	11494	1477444	1641665	113552	8295	9223372036854775807	0.0713716439262	0.00502739460351	0.0663442493227
CGGNGGGA	2042	310400	343716	23426	1391	9223372036854775807	0.0701742824106	0.00403063397729	0.0661436484333
NGNNGGGT	28044	4506284	5108676	340323	21105	9223372036854775807	0.0702188149359	0.00411421072362	0.0661046042123
TGNCAGGT	2257	264147	291992	20562	1996	9223372036854775807	0.0722211099754	0.00678939276433	0.0654317172111
GGNGGGGA	1687	239783	269779	18082	1312	9223372036854775807	0.0701219630427	0.00483970327307	0.0652822597696
GGNNGGGT	7460	1430935	1685794	105596	5896	9223372036854775807	0.068723637857	0.00348527212433	0.0652383657326
CGGCTCGT	622	167307	185096	12180	562	9223372036854775807	0.0678600678601	0.0030270712816	0.0648329965785
TGGCGGNT	5528	698450	807432	52200	3888	9223372036854775807	0.0695397322321	0.00479219050436	0.0647475417277
NGGNAGGT	7858	1321725	1466858	97461	6775	9223372036854775807	0.0686738736149	0.00459748119104	0.0640763924238
NGGCGGGA	3786	580703	645645	42514	2694	9223372036854775807	0.0682170094847	0.00415523360464	0.06406177588
TNNCGGGT	8667	1112951	1223968	80777	5887	9223372036854775807	0.0676678439309	0.00478674315265	0.0628811007783
NNGNGGGT	25658	4219912	4608405	299956	19501	9223372036854775807	0.066363884963	0.00421378480894	0.0621501001541
TCGGCTCG	811	189363	281484	12831	435	9223372036854775807	0.0634588563459	0.00154299639258	0.0619158599533
GNNGGGGT	6538	1301165	1483466	90871	5366	9223372036854775807	0.0652792025494	0.00360416756222	0.0616750349871
GCGGGAGT	371	48831	53902	3440	242	9223372036854775807	0.0658108702722	0.00446956264775	0.0613413076245
CGGCGNGT	5978	1151184	1247462	80175	4947	9223372036854775807	0.0651109871289	0.00394998758393	0.0611609995449
AGGGGGGT	88	11585	12735	798	42	159.372433561	0.0644431882419	0.00328715660953	0.0611560316324
CNNCGGGT	10038	1682370	1827148	116994	7586	9223372036854775807	0.0650196402729	0.00413465930211	0.0608849809708
TGNCTGGT	3064	374655	414659	26593	2403	9223372036854775807	0.0662757197544	0.00576173326748	0.0605139864869
CGGGAGGT	192	24674	26478	1728	138	9223372036854775807	0.0654495871525	0.00518485121731	0.0602647359352
NGGCGGGN	19486	4053852	4570992	273616	14005	9223372036854775807	0.0632277350173	0.00305452762565	0.0601732073917
TGGNGGGA	2009	269316	302076	18260	1126	9223372036854775807	0.0634962583804	0.00371369581995	0.0597825625604
AGGCNGGT	2584	472224	516355	31964	1995	9223372036854775807	0.0633969868382	0.00384875084402	0.0595482359942
TNGCAGGT	2433	310085	340943	21569	1913	9223372036854775807	0.0650346445392	0.00557960193201	0.0594550426072
CGGCGGNT	6316	1072859	1191118	72944	5235	9223372036854775807	0.063661903486	0.0043757987818	0.0592861047042
TGGCNNGT	10943	1552886	1716343	105343	8182	9223372036854775807	0.0635274138855	0.0047444948609	0.0587829190246
GACGGGGT	279	59899	65742	3999	262	9223372036854775807	0.0625841184388	0.00396945639658	0.0586146620422
NGGNNGGT	36123	6363338	7039250	424490	28757	9223372036854775807	0.0625369411246	0.00406861509899	0.0584683260256
GCGGNGGT	5446	979821	1083514	65322	4659	9223372036854775807	0.0625005382039	0.00428148832952	0.0582190498743
ANGCGGGT	2953	477105	514399	31961	2435	9223372036854775807	0.0627836076265	0.00471137734747	0.0580722302791
GCGGCGGT	3136	571021	631020	37417	2351	9223372036854775807	0.0614968164382	0.00371188450371	0.0577849319344
GCNGGGGT	2174	426938	458134	27925	1843	9223372036854775807	0.0613921114709	0.00400672207523	0.0573853893957
TGGNTGGT	3297	459303	528924	30259	2581	9223372036854775807	0.0618083102855	0.00485602205059	0.0569522882349
NGGCGNGT	15694	2798232	3035922	179876	12989	9223372036854775807	0.0603994213776	0.00426020962895	0.0561392117487
NCGGCTCG	4181	1163370	1327481	71211	2302	9223372036854775807	0.057680298012	0.00173110951185	0.0559491885002
TCGGCGGT	1557	264659	292333	16744	1091	9223372036854775807	0.0595018532141	0.0037181689296	0.0557836842845
GAGGGGGT	191	24110	26759	1535	110	293.233217899	0.059855722363	0.00409393725111	0.0557617851119
CGNCNGGT	17792	3246148	3486856	205951	15341	9223372036854775807	0.0596596447553	0.00438039322174	0.0552792515335
NNCGGGGT	6442	1371728	1473950	85274	5005	9223372036854775807	0.0585270301619	0.00338414623839	0.0551428839235
NCGGCGGT	7828	1365368	1497181	84811	5680	9223372036854775807	0.0584831251866	0.00377945798048	0.0547036672061
TTGGGGGT	133	25592	27550	1571	87	9223372036854775807	0.0578360269484	0.00314795383001	0.0546880731184
GGCTCNGT	1412	258371	354892	15784	1056	9223372036854775807	0.0575732705951	0.00296672547676	0.0546065451183
CGGNGGGN	10647	2278474	2507213	138854	7548	9223372036854775807	0.0574411085297	0.00300147807287	0.0544396304569
NNGGGGGT	3044	589630	623111	36202	2187	9223372036854775807	0.057846195145	0.00349753237656	0.0543486627685
CGGAAGGT	664	77352	82800	4992	571	9223372036854775807	0.0606237248616	0.00684890429526	0.0537748205663
AGCGGGGT	386	59877	64509	3628	258	9223372036854775807	0.0571293598929	0.00398351012089	0.053145849772
CGCGGGGT	449	107937	115559	6415	357	9223372036854775807	0.0560987127466	0.00307981641879	0.0530188963278
CGGCGGGC	2944	752126	837031	43673	1673	9223372036854775807	0.0548794356364	0.00199474427212	0.0528846913643
CTCNAGGT	1243	278994	287058	16548	906	9223372036854775807	0.0559920417403	0.00314622661166	0.0528458151286
NGGCTNGT	7815	1448660	1588566	87914	7241	9223372036854775807	0.05721429622	0.0045375161282	0.0526767800918
GCAGGGGT	343	56715	61293	3432	272	9223372036854775807	0.0570602025039	0.00441809469666	0.0526421078072
CGNCAGGT	5443	1040495	1116408	62904	5169	9223372036854775807	0.0570092958214	0.0046086893722	0.0524006064492
TNGCGGGA	2391	311287	340509	18652	1419	9223372036854775807	0.0565316619133	0.00414999649049	0.0523816654228
ACGGGGGT	132	17579	18720	1030	58	197.364463727	0.0553495620399	0.00308872084354	0.0522608411963
GCGNGGGT	2888	547366	589048	32825	2610	9223372036854775807	0.0565761964594	0.00441133222233	0.0521648642371
GNCAGGGT	3067	565890	612622	33691	2603	9223372036854775807	0.0561909066498	0.00423097240847	0.0519599342413
GCGGCTCG	1287	381896	416569	21571	701	9223372036854775807	0.053464099914	0.00167996740719	0.0517841325068
CGGCANGT	4104	832276	893568	49228	3847	9223372036854775807	0.0558454641159	0.00428675696305	0.0515587071528
TTGGCGGT	1177	165923	183428	9853	839	9223372036854775807	0.0560542963772	0.00455317555504	0.0515011208222
GCTGGGGT	618	106543	113517	6244	484	9223372036854775807	0.055360990185	0.00424557679319	0.0511154133919
ACGGNGGT	2606	397051	435132	23305	1896	9223372036854775807	0.0554411023038	0.00433839479393	0.0511027075098
AGGCGNGT	2335	371434	395025	21932	1854	9223372036854775807	0.0557546915595	0.00467144898067	0.0510832425788
NGGAGGGT	525	68125	72835	3982	309	9223372036854775807	0.0552234873175	0.00422454336651	0.0509989439509
GNGGAGGT	1000	165109	177791	9775	894	9223372036854775807	0.055894192722	0.00500321795338	0.0508909747687
GGNTGGGT	1659	250808	271802	14740	1262	9223372036854775807	0.0555078554536	0.00462162716433	0.0508862282893
NGCNGGGT	12664	2291429	2453389	132122	10110	9223372036854775807	0.0545158736086	0.00410391885688	0.0504119547517
NGCAGGGT	2905	541980	582596	31478	2685	9223372036854775807	0.0548915526508	0.00458754000215	0.0503040126486
CGGGGGGA	206	34135	36586	1987	175	9223372036854775807	0.0550080283484	0.00476047985637	0.050247548492
GNCNGGGT	11198	2334725	2513427	132823	9533	9223372036854775807	0.0538279295884	0.00377849827187	0.0500494313165
