#Sequence	Occurrence	Forward Match	Backward Match	Forward Mismatch	Backward Mismatch	Strand Bias Score	FER (Forward Error Rate)	RER (Reverse Error Rate), ERD (Error rate Difference)
ANCATTTAGG	7	29	69	25	2	8.6281446271	0.462962962963	0.0281690140845	0.434793948878
CCTNAGTCCA	5	44	80	29	2	8.74717576276	0.397260273973	0.0243902439024	0.37287003007
GGAAGTCAAA	11	84	130	44	4	11.0096675445	0.34375	0.0298507462687	0.313899253731
GAACAGACAA	6	55	96	26	1	8.77228209731	0.320987654321	0.0103092783505	0.31067837597
AGTCAANACA	7	63	102	31	2	9.03844827344	0.329787234043	0.0192307692308	0.310556464812
CCANTAGACA	7	61	91	28	1	8.46508162944	0.314606741573	0.0108695652174	0.303737176356
TCTGCGGATA	8	59	105	29	3	8.22070848405	0.329545454545	0.0277777777778	0.301767676768
CGGAACCGAA	8	67	109	31	2	9.13022669416	0.316326530612	0.018018018018	0.298308512594
AGAACGACAA	9	78	114	35	3	8.81067515769	0.309734513274	0.025641025641	0.284093487633
GGANTATACA	9	72	120	32	3	8.92237626115	0.307692307692	0.0243902439024	0.28330206379
NCGTCTAACA	8	70	118	29	2	8.61095123373	0.292929292929	0.0166666666667	0.276262626263
CGGGACAAGA	12	121	164	50	3	12.8260354079	0.292397660819	0.0179640718563	0.274433588962
AGNGGGGACA	10	76	119	31	2	9.00450751179	0.289719626168	0.0165289256198	0.273190700548
AACGTCATAA	12	80	114	34	3	8.40366888028	0.298245614035	0.025641025641	0.272604588394
ATGCGGGACA	13	109	189	46	5	12.4031322549	0.296774193548	0.0257731958763	0.271000997672
GNACTAAACA	10	83	110	35	3	8.16720971239	0.296610169492	0.0265486725664	0.270061496925
GGAGTTAACA	9	70	108	27	1	8.55416721749	0.278350515464	0.00917431192661	0.269176203537
GCTCNCAACA	12	82	116	34	3	8.37887873261	0.293103448276	0.0252100840336	0.267893364242
CCTGACAACA	13	97	136	39	3	9.87846185604	0.286764705882	0.0215827338129	0.265181972069
CTAANGACCA	14	128	183	47	1	14.707357613	0.268571428571	0.0054347826087	0.263136645963
GNTCCCAACA	20	161	213	64	6	14.3777599927	0.284444444444	0.027397260274	0.25704718417
TANCTACAGA	10	91	132	35	3	8.7506889795	0.277777777778	0.0222222222222	0.255555555556
GANTAGACAA	9	79	120	29	2	8.23908946808	0.268518518519	0.016393442623	0.252125075896
CATATAAAGA	10	86	132	31	2	8.97412545251	0.264957264957	0.0149253731343	0.250031891823
NCTCCCAACA	12	103	140	38	3	9.43408698683	0.269503546099	0.020979020979	0.24852452512
AATTGATCAA	10	80	107	26	0	8.64250074896	0.245283018868	0.0	0.245283018868
TNGACCAAGA	13	130	178	45	3	11.6625216815	0.257142857143	0.0165745856354	0.240568271507
GTCAAACCAA	8	79	123	26	1	8.40535731628	0.247619047619	0.00806451612903	0.23955453149
NTTTGACAGA	13	116	161	40	3	10.1696053704	0.25641025641	0.0182926829268	0.238117573483
TTGCCCAACA	13	104	158	37	4	9.36104301518	0.262411347518	0.0246913580247	0.237719989493
GTTTGANACA	11	98	140	34	3	8.68247650265	0.257575757576	0.020979020979	0.236596736597
TGGTCTTGAA	14	143	181	49	4	11.3089016457	0.255208333333	0.0216216216216	0.233586711712
CAGCTGAACA	12	109	141	38	4	8.21305368733	0.258503401361	0.0275862068966	0.230917194464
TCGACCAAGA	11	108	147	36	3	8.87629063392	0.25	0.02	0.23
CCCGNTAAGA	12	114	151	39	4	8.8530566057	0.254901960784	0.0258064516129	0.229095509171
ATAATTCCNA	15	150	185	49	4	10.880812049	0.246231155779	0.021164021164	0.225067134615
NGCGGGGACA	12	93	145	28	1	9.20248351107	0.231404958678	0.00684931506849	0.224555643609
GTTTCAAAGA	10	100	138	30	1	8.96387740746	0.230769230769	0.00719424460432	0.223574986165
TTTCTCAACA	15	122	173	41	5	9.29953094395	0.251533742331	0.0280898876404	0.223443854691
NATATTGACA	17	141	201	46	5	10.7979115837	0.245989304813	0.0242718446602	0.221717460153
NGTAAGGACA	15	129	160	38	1	10.7257650983	0.22754491018	0.00621118012422	0.221333730055
TCGNCCAAGA	13	127	165	41	4	9.34375296801	0.244047619048	0.0236686390533	0.220378979994
TAATNTAAGA	14	115	151	35	2	9.28123633134	0.233333333333	0.0130718954248	0.220261437908
NGTAATCCAA	14	135	173	44	5	9.1673571313	0.245810055866	0.0280898876404	0.217720168225
CCGTTGAACA	14	118	167	38	5	8.40996084503	0.24358974359	0.0290697674419	0.214519976148
NGGGACAAGA	16	159	203	51	6	10.4374582198	0.242857142857	0.0287081339713	0.214149008886
CANGGACAGA	18	140	188	43	4	10.1045185152	0.234972677596	0.0208333333333	0.214139344262
NGACAGTACA	14	127	162	41	5	8.30600629905	0.244047619048	0.0299401197605	0.214107499287
AGTTGCCGAA	13	124	153	39	4	8.33439895681	0.239263803681	0.0254777070064	0.213786096675
GCAAGTANCA	16	139	178	44	5	9.14083562969	0.24043715847	0.0273224043716	0.213114754098
NGGCCTAACA	18	147	198	47	6	10.0673193225	0.242268041237	0.0294117647059	0.212856276531
AGCTANTCAA	14	113	158	34	3	8.64388943565	0.231292517007	0.0186335403727	0.212658976634
TAANTGTCAA	16	126	195	40	6	9.24947341422	0.240963855422	0.0298507462687	0.211113109153
GGCCNTAAGA	15	151	210	46	5	10.7016723733	0.233502538071	0.0232558139535	0.210246724118
ATNGGGTGCA	19	176	238	54	7	11.4563011075	0.234782608696	0.0285714285714	0.206211180124
CGGAGCNACA	17	138	185	40	4	9.17601186239	0.224719101124	0.021164021164	0.20355507996
NAATCTTGCA	19	152	223	45	6	10.1924505214	0.228426395939	0.0262008733624	0.202225522577
TAANGACAGA	24	199	256	59	7	12.3358655386	0.228682170543	0.0266159695817	0.202066200961
CATATANAGA	19	204	262	60	7	12.609152329	0.227272727273	0.0260223048327	0.20125042244
AGACTGNACA	18	141	212	41	6	9.41125533131	0.225274725275	0.0275229357798	0.197751789495
GTCTTGAACA	19	184	258	52	6	12.0708244695	0.220338983051	0.0227272727273	0.197611710324
CGNGACAAGA	21	228	289	63	6	14.1174153101	0.216494845361	0.0203389830508	0.19615586231
ACGCTGGACA	19	141	200	41	6	8.88056014368	0.225274725275	0.0291262135922	0.196148511682
NGGTCTTGAA	19	194	237	56	7	10.9644823222	0.224	0.0286885245902	0.19531147541
GCNGGACAGA	25	233	335	65	8	14.9015286059	0.218120805369	0.0233236151603	0.194797190209
NTCGATAAGA	28	290	367	78	7	17.6858080976	0.211956521739	0.0187165775401	0.193239944199
AGANTAAAGA	41	411	524	111	11	24.4128335962	0.212643678161	0.0205607476636	0.192082930497
TCGGAGCANA	15	149	209	42	6	9.11519744023	0.219895287958	0.0279069767442	0.191988311214
AGATTAAAGA	24	241	313	60	3	15.9981632225	0.199335548173	0.00949367088608	0.189841877287
NCGACCAAGA	22	231	296	63	8	12.7153745397	0.214285714286	0.0263157894737	0.187969924812
AAAGGCAACA	21	195	264	53	7	11.4039410846	0.213709677419	0.0258302583026	0.187879419117
ANAAGTAAGA	25	231	323	62	8	13.807128143	0.211604095563	0.02416918429	0.187434911273
GTAAATANGA	20	181	224	49	6	9.71335639255	0.213043478261	0.0260869565217	0.186956521739
GCTNGACAGA	16	134	190	35	4	8.20719334252	0.207100591716	0.020618556701	0.186482035015
CGNACAAAGA	31	270	338	74	10	14.31928804	0.21511627907	0.0287356321839	0.186380646886
TACCAGTACA	16	162	208	43	5	9.18537758853	0.209756097561	0.0234741784038	0.186281919157
ACGCTNGACA	26	186	266	50	7	11.1258023364	0.21186440678	0.025641025641	0.186223381139
TTNCAAATTC	22	199	243	54	7	10.4113978519	0.213438735178	0.028	0.185438735178
GAGNATAAGA	20	184	235	50	7	9.77784774114	0.213675213675	0.0289256198347	0.184749593841
CGCAACTTCC	15	162	208	39	2	10.4893988289	0.194029850746	0.00952380952381	0.184506041222
AANTAGACCA	13	111	168	26	1	8.47774379383	0.189781021898	0.00591715976331	0.183863862134
TNGCTACAGA	30	266	332	72	10	13.7552465629	0.213017751479	0.0292397660819	0.183777985397
TCCTNTAAGA	13	120	167	27	0	9.50540683264	0.183673469388	0.0	0.183673469388
TNTTGACAGA	18	159	206	38	2	10.2180787232	0.192893401015	0.00961538461538	0.1832780164
ACTAAAANGA	18	155	206	39	4	9.17241522227	0.201030927835	0.0190476190476	0.181983308787
CAANTGCACA	25	219	278	58	8	11.2946841083	0.209386281588	0.027972027972	0.181414253616
NACCCAGACA	20	194	258	49	6	10.6322540387	0.201646090535	0.0227272727273	0.178918817808
GTTNCAAAGA	29	263	324	68	9	13.2088262027	0.205438066465	0.027027027027	0.178411039438
GCAAATTGAA	24	217	286	56	8	11.1966222334	0.205128205128	0.0272108843537	0.177917320774
TACATACNGA	18	174	211	45	6	8.56992248096	0.205479452055	0.0276497695853	0.17782968247
GNCAAACCAA	30	269	367	68	10	14.0201845007	0.20178041543	0.026525198939	0.175255216491
CCGTTGNACA	23	198	257	50	7	10.1214816267	0.201612903226	0.0265151515152	0.175097751711
GCNCTAAACA	18	154	206	38	5	8.20484461348	0.197916666667	0.0236966824645	0.174219984202
AGGNCAATTC	19	203	249	50	6	10.2352033905	0.197628458498	0.0235294117647	0.174099046733
ANCGATAAGA	36	371	451	89	10	18.1894691797	0.19347826087	0.0216919739696	0.1717862869
ATCGATAAGA	12	153	186	35	3	8.12216509368	0.186170212766	0.015873015873	0.170297196893
CCCNCAAAGA	26	258	315	63	9	11.8140489763	0.196261682243	0.0277777777778	0.168483904465
GCGTAGGNAA	22	195	266	44	5	10.3072523483	0.18410041841	0.0184501845018	0.165650233908
AAGTCTNACA	21	193	238	44	5	9.30433262906	0.185654008439	0.0205761316872	0.165077876752
TTCGANAAGA	20	215	260	52	8	9.43635522901	0.194756554307	0.0298507462687	0.164905808038
GTGGNACAGA	26	255	330	57	6	12.8065482324	0.182692307692	0.0178571428571	0.164835164835
ACCTNACAGA	18	188	224	41	4	8.73371913325	0.17903930131	0.0175438596491	0.161495441661
AACCNAAAGA	24	247	311	57	9	10.6270475984	0.1875	0.028125	0.159375
CAGACTNACA	28	217	274	49	7	9.70087001392	0.184210526316	0.0249110320285	0.159299494287
TTTNCTACAA	27	262	335	59	9	11.2243556511	0.183800623053	0.0261627906977	0.157637832355
GANGTCACGA	20	194	272	44	8	8.70777527848	0.18487394958	0.0285714285714	0.156302521008
GCTGCAATTC	21	214	278	47	7	9.27174777114	0.180076628352	0.0245614035088	0.155515224844
CNCGATAAGA	27	275	356	61	11	10.9167850884	0.181547619048	0.0299727520436	0.151574867004
NAGAGCACGA	22	210	256	45	7	8.235219896	0.176470588235	0.0266159695817	0.149854618654
GCGNGCAAGA	31	282	334	60	9	10.8318051831	0.175438596491	0.0262390670554	0.149199529436
TANNGACAGA	75	686	861	149	26	25.6023994534	0.178443113772	0.0293122886133	0.149130825159
AGATGCTGCA	25	249	325	53	9	9.98742128657	0.175496688742	0.0269461077844	0.148550580957
TANCGACAGA	22	223	264	48	8	8.30310847574	0.177121771218	0.0294117647059	0.147710006512
ANGTNTAAGA	42	437	522	93	16	15.3866727674	0.175471698113	0.0297397769517	0.145731921162
GGNAGTACCA	24	231	296	44	6	9.03996596517	0.16	0.0198675496689	0.140132450331
GCAAAAATTC	26	264	310	52	8	9.30318414797	0.164556962025	0.0251572327044	0.139399729321
AAGGCTGGAA	22	252	272	47	6	8.40090304779	0.157190635452	0.0215827338129	0.135607901639
ANGAGCACGA	28	261	322	49	8	8.99662945536	0.158064516129	0.0242424242424	0.133822091887
GCTNCAATTC	34	357	430	69	13	11.2331159366	0.161971830986	0.0293453724605	0.132626458525
ACNGAACTTC	31	341	409	65	12	10.7248685074	0.160098522167	0.0285035629454	0.131594959222
GNGTGAATTC	25	274	337	51	10	8.38393402564	0.156923076923	0.028818443804	0.128104633119
ACGCNACAGA	36	370	451	67	12	11.3086443327	0.153318077803	0.0259179265659	0.127400151237
GATNTCAAGA	35	283	369	52	11	8.83754961808	0.155223880597	0.0289473684211	0.126276512176
TTGAAANGAA	35	344	439	61	13	9.98980213702	0.150617283951	0.0287610619469	0.121856222004
CNACAACAGA	40	389	474	68	14	10.7460715158	0.148796498906	0.0286885245902	0.120107974316
GGTANAATTC	36	395	465	68	13	10.8298087959	0.14686825054	0.0271966527197	0.11967159782
CCAGCGGGAA	37	416	432	68	12	9.81829857	0.140495867769	0.027027027027	0.113468840742
CAACNACAGA	33	333	405	51	8	9.45154815508	0.1328125	0.0193704600484	0.113442039952
