#Sequence	Occurrence	Forward Match	Backward Match	Forward Mismatch	Backward Mismatch	Strand Bias Score	FER (Forward Error Rate)	RER (Reverse Error Rate), ERD (Error rate Difference)
TTTAGGGT	3295	29292	35295	477	126	60.5839090543	0.0160233800262	0.00355721182349	0.0124661682027
TNTAGGGT	3480	30119	36225	481	127	60.9460079052	0.0157189542484	0.00349361795775	0.0122253362906
NTTAGGGT	3400	30146	36418	480	129	60.4127126719	0.0156729576177	0.00352970148029	0.0121432561374
TTTNGGGT	3710	32053	38243	506	133	63.5102864727	0.0155410178445	0.003465707734	0.0120753101105
TTTAGNGT	3640	30916	36936	478	127	59.6832500831	0.0152258393324	0.00342659795483	0.0117992413775
NNTAGGGT	3790	32421	38733	485	131	59.7908876943	0.0147389533824	0.00337072869494	0.0113682246874
TNTNGGGT	4345	36309	42657	532	140	65.1431929094	0.014440433213	0.00327125733112	0.0111691758819
TTTANGGT	4110	32361	38440	480	133	57.4733357296	0.0146158764958	0.00344800767376	0.0111678688221
NTTAGNGT	4205	34578	40897	491	133	59.4719777549	0.0140009695172	0.00324153058738	0.0107594389299
TTNAGGGT	6796	62808	71471	911	264	97.2036853049	0.0142971484173	0.00368021189099	0.0106169365263
TTNAGGGN	6613	57906	63718	834	247	82.4882670163	0.0141981613892	0.00386148675057	0.0103366746386
NTTNGGGT	4953	43017	49842	584	155	69.4792396809	0.0133941882067	0.00310018601116	0.0102940021955
TNNAGGGT	7147	63605	71252	869	256	89.0565105274	0.0134783013308	0.00358001901885	0.00989828231192
NTNAGGGT	7335	66029	74066	875	267	86.9347161137	0.0130784407509	0.00359194435849	0.00948649639243
TTNNGGGT	9382	81696	90818	1050	314	104.571585668	0.0126894351389	0.0034455515077	0.00924388363116
TTTNGNGT	6245	44654	50940	544	143	63.7542397224	0.0120359307934	0.00279936573811	0.00923656505529
TTNAGNGT	9800	80001	89605	1005	297	102.588577541	0.0124064884083	0.00330359725034	0.00910289115793
TTTTTTTT	1702460	1459284	1744478	37324	29778	9223372036854775807	0.0249390621993	0.0167833728616	0.00815568933768
TTNANGGT	9982	77956	86281	895	284	83.5957966911	0.0113505218704	0.00328077167446	0.0080697501959
TNTTTTTT	2499330	2642723	3021197	53880	41840	9223372036854775807	0.019980694229	0.0136596456393	0.00632104858972
NTTTTTTT	2295565	2437168	2787269	50618	40365	9223372036854775807	0.0203466053752	0.0142751855438	0.00607141983141
TTNTTTTT	2245377	2480892	2817740	47161	37056	9223372036854775807	0.0186550677537	0.0129802619872	0.00567480576653
TATNTTTT	509758	794387	834057	8711	4394	9223372036854775807	0.0108467459762	0.00524061632701	0.00560612964919
TTTTTTNT	2471455	2614249	2976038	50849	40987	9223372036854775807	0.0190795985739	0.0135852371127	0.00549436146114
TTTTNTTT	1843985	2040084	2307737	35215	28022	9223372036854775807	0.0169686392178	0.0119969568778	0.00497168233994
NTNTTTTT	3725365	5071608	5579597	78718	59370	9223372036854775807	0.0152840810465	0.0105285241073	0.00475555693918
ATATNTTT	358365	524486	538167	4499	2043	214.322789844	0.00850496705956	0.00378186260899	0.00472310445057
NNTTTTTT	3381870	4611175	5087853	74909	58077	9223372036854775807	0.015985415541	0.011286006611	0.00469940892994
TTTTTTNN	2696838	3718520	4134213	70146	58720	9223372036854775807	0.0185146962018	0.0140045166474	0.00451017955436
TNTNTTTT	4041986	5369700	5882539	75696	56002	9223372036854775807	0.0139009173988	0.00943026241631	0.00447065498254
NATATTTT	200965	399425	412433	2953	1233	166.202774081	0.00733887041538	0.0029806655611	0.00435820485428
TNNTTTTT	3777204	5288453	5802645	77172	58893	9223372036854775807	0.0143826674432	0.0100473629959	0.00433530444736
TNTTTTNT	3735527	4973900	5448674	72359	56892	9223372036854775807	0.0143391371707	0.010333542455	0.00400559471569
NATNTTTT	1019485	2159543	2257028	19095	10850	9223372036854775807	0.00876465020807	0.00478420796886	0.00398044223921
TANNTTTT	892488	1734115	1802663	14718	8060	9223372036854775807	0.00841589791592	0.00445126062904	0.00396463728688
NTTNTTTT	3346230	4645639	5073025	64080	49682	9223372036854775807	0.0136059072739	0.0096983879812	0.00390751929268
NTTTTTNT	3531714	4890600	5351462	71908	57563	9223372036854775807	0.0144902537185	0.0106420288314	0.00384822488704
NNCTTTTT	174041	571731	590112	4394	2252	165.473251883	0.00762681709698	0.00380171651214	0.00382510058484
TCNNTTTT	169203	576515	594921	4388	2320	153.450453762	0.00755375682343	0.00388452902597	0.00366922779746
TTNNTTTT	3008301	4352734	4734795	55397	42635	9223372036854775807	0.0125670040205	0.00892425425386	0.00364274976667
TNTTNTTT	3253456	4495433	4895664	57488	44556	9223372036854775807	0.0126266192627	0.00901903154111	0.00360758772156
ATANNTTT	702107	1263037	1291690	8367	3900	9223372036854775807	0.00658091369856	0.00301021156384	0.00357070213471
TTNTNTTT	3050082	4213414	4574368	52014	40019	9223372036854775807	0.0121943214139	0.00867265792834	0.00352166348559
NTATNTTT	1174385	1984154	2045480	14194	7413	9223372036854775807	0.00710286696812	0.003611001645	0.00349186532312
TNTTTNTT	3132902	4257012	4641438	53874	42245	9223372036854775807	0.0124971989517	0.009019611276	0.00347758767568
TTNTTTNT	3522601	4754275	5171833	63983	51208	9223372036854775807	0.0132792806031	0.00980425005279	0.00347503055028
ATNTNTTT	1155384	1932611	1997150	15314	8995	9223372036854775807	0.00786169898738	0.00448372375875	0.00337797522863
TATNTTTN	799523	1317869	1357780	12461	8199	219.386671256	0.00936684882698	0.00600228846856	0.00336456035842
NANATTTT	405859	1010543	1040147	6248	2922	283.500374999	0.00614482228895	0.00280134871231	0.00334347357664
TATNNTTT	1008699	1855421	1912204	12629	6583	9223372036854775807	0.00676052568186	0.00343081332112	0.00332971236074
NTATATAT	648526	210036	205343	1334	625	53.1957528937	0.0063112078346	0.0030344519537	0.0032767558809
TTTTTNNT	3023063	4214613	4598043	53964	43483	9223372036854775807	0.0126421521739	0.00936825518159	0.0032738969923
TTTNTTNT	3005159	4165056	4516102	52863	42392	9223372036854775807	0.012532957603	0.00929956253096	0.00323339507207
TTTTNTNT	3365076	4544369	4946485	56188	45004	9223372036854775807	0.0122133037369	0.00901614728591	0.00319715645101
TATNTNTT	1447336	1986140	2033416	14043	7920	9223372036854775807	0.00702085759153	0.00387981204466	0.00314104554687
NNTATTTT	908914	1812266	1875345	11518	6044	9223372036854775807	0.00631544086361	0.00321252011147	0.00310292075214
ANATNTTT	602954	1213086	1247462	7741	4086	268.215603121	0.00634078374741	0.00326475692502	0.00307602682239
TTTNNTTT	2498345	3585573	3887278	41059	32321	9223372036854775807	0.0113215236616	0.00824599659302	0.0030755270686
NATANTTT	362231	831753	847675	4476	1939	229.019298336	0.0053526007828	0.00228221286372	0.00307038791908
TATNTTNT	957843	1511088	1552110	10584	6146	282.145648893	0.00695550683722	0.00394415295048	0.00301135388674
ATATATNT	1601281	659106	648296	4155	2140	133.647306707	0.00626450220954	0.00329010079393	0.00297440141561
TNNATTTT	611757	1380403	1423315	7997	4301	266.789293711	0.00575986747335	0.00301271490373	0.00274715256962
ATATNTTN	243771	393253	396494	2707	1632	60.648038266	0.00683654914638	0.00409920477437	0.00273734437201
ATATNTNT	3463125	2303909	2302592	13798	7725	9223372036854775807	0.00595329780684	0.0033436969905	0.00260960081634
NTANATTT	386885	729738	739311	3344	1467	165.207761826	0.00456156337217	0.00198035038838	0.0025812129838
NTATATNT	2620807	1545462	1535215	8275	4376	255.796499048	0.00532586917863	0.00284231331568	0.00248355586295
NATATNTT	758445	1234908	1249751	6855	3839	193.237082754	0.00552037707679	0.00306240477349	0.00245797230329
ATATNNTT	473652	868435	878263	4344	2238	152.326953468	0.00497720499691	0.00254173476237	0.00243547023454
TNTATNTT	526642	833675	849649	4678	2752	117.336899283	0.00557998838198	0.00322852741843	0.00235146096355
ATNTATNT	2312374	1380446	1370583	7231	3960	203.188320626	0.00521086679393	0.00288095752552	0.00232990926841
NTNTATTT	636546	1045093	1061190	4554	2294	170.402936325	0.00433860145363	0.00215706113115	0.00218154032248
ANATATNT	2492824	1643965	1639231	8250	4703	209.350963421	0.00499329687722	0.00286082044656	0.00213247643066
