#Sequence	Occurrence	Forward Match	Backward Match	Forward Mismatch	Backward Mismatch	Strand Bias Score	FER (Forward Error Rate)	RER (Reverse Error Rate), ERD (Error rate Difference)
GGTTNAGGGT	4244	39818	44369	661	162	78.4442787739	0.016329454779	0.00363791516023	0.0126915396188
GGTTNAGNGT	4258	39884	44429	662	163	78.2502738676	0.0163271346125	0.00365536419089	0.0126717704217
GGTNNAGGGT	4259	39984	44524	661	162	78.3662061438	0.0162627629475	0.00362529651345	0.012637466434
GGNTNAGGGT	4317	40459	45158	665	166	78.0283994305	0.0161706059722	0.00366251875386	0.0125080872183
GGTTNANGGT	4306	40302	44855	662	165	77.4284122418	0.0161605311981	0.003665037761	0.0124954934371
NGTTNAGGGT	4704	45021	50049	731	180	86.0570200179	0.015977443609	0.00358358717076	0.0123938564383
GGTTNAGGGN	4285	40372	44677	663	171	74.8147373828	0.0161569391982	0.00381287905815	0.0123440601401
TTTTTTTTTT	1277128	789373	1029410	25705	21226	9223372036854775807	0.0315368590491	0.020203000849	0.0113338582001
GNTTNAGGGT	5365	51319	58191	784	218	86.3299721136	0.0150471182082	0.00373230152887	0.0113148166793
TTTTTTTTTN	1135456	813621	1049715	26230	22351	9223372036854775807	0.0312317303903	0.020848529848	0.0103832005423
NTTTTTTTTT	1326846	956241	1201328	28790	23429	9223372036854775807	0.0292275065455	0.0191295089557	0.0100979975898
TNTTTTTTTT	1377352	976996	1222159	28550	23314	9223372036854775807	0.0283925350009	0.018718992704	0.00967354229691
TTTTTTTTNT	1545363	1100548	1378194	30763	25149	9223372036854775807	0.0271923458713	0.017920779168	0.00927156670326
TTNTTTTTTT	1249415	898184	1117338	25564	21051	9223372036854775807	0.0276742141796	0.0184919214785	0.00918229270111
TTTNTTTTTT	1256794	914967	1137449	25199	20906	9223372036854775807	0.0268027135633	0.0180480077351	0.00875470582824
TNTTTTTTTN	1298408	1113135	1361194	32306	27081	9223372036854775807	0.028203984317	0.0195069420684	0.00869704224856
TTTTTTTNTT	1225897	885167	1104416	23244	19107	9223372036854775807	0.0255875369189	0.0170063274183	0.00858120950055
TTTTTTNTTT	1221584	887122	1105057	23206	19101	9223372036854775807	0.025491910608	0.0169913837735	0.00850052683459
NNTTTTTTTT	1536961	1314169	1574297	34172	27201	9223372036854775807	0.0253437372297	0.016984723053	0.00835901417664
TTTTNTTTTT	1224976	926140	1140941	23975	19775	9223372036854775807	0.0252337874889	0.0170368979147	0.00819688957415
NTNTTTTTTT	1492746	1269657	1522962	32698	26397	9223372036854775807	0.0251068257119	0.0170373683568	0.00806945735503
TTTTTNTTTT	1154591	863548	1063941	21924	18105	9223372036854775807	0.0247596761953	0.0167321906832	0.00802748551209
TTNTTTTTTN	1166527	1019736	1244206	28142	24085	9223372036854775807	0.0268561798225	0.0189901213523	0.00786605847018
TTTTTTTTNN	1572248	1337517	1639592	34860	29379	9223372036854775807	0.025401183494	0.0176030620065	0.00779812148757
NTTNTTTTTT	1393669	1220363	1462989	30249	24465	9223372036854775807	0.0241873578696	0.0164475674542	0.0077397904154
TNTNTTTTTT	1807321	1529087	1823502	36850	29416	9223372036854775807	0.0235322366098	0.015875500157	0.00765673645272
TNNTTTTTTT	1276741	1094907	1303220	26847	21800	9223372036854775807	0.0239330548409	0.0164525818478	0.00748047299308
NTTTTTTTNT	1708404	1469491	1762234	35716	29163	9223372036854775807	0.0237282978354	0.0162794735059	0.00744882432957
TNTATNTTTT	102732	135398	142348	1758	780	93.2439061989	0.0128175216542	0.00544966743055	0.00736785422362
TNTTTTTTNT	1724034	1455414	1736943	34411	27808	9223372036854775807	0.0230973436477	0.0157574638008	0.0073398798469
NTTTNTTTTT	1356961	1209210	1434508	28107	22509	9223372036854775807	0.0227160865001	0.0154486872837	0.00726739921639
NTTTTTTNTT	1307650	1138784	1360660	25721	20703	9223372036854775807	0.0220874964041	0.0149873711689	0.00710012523514
TNTTNTTTTT	1369050	1218869	1439383	27437	21980	9223372036854775807	0.0220146577165	0.0150407530504	0.00697390466608
TTNTNTTTTT	1465938	1301040	1535296	29100	23399	9223372036854775807	0.0218773963643	0.0150119170203	0.00686547934396
TTTTTTNTNT	1508970	1267455	1502881	26684	20999	9223372036854775807	0.0206191143301	0.013779956427	0.00683915790305
NTTTTTNTTT	1253140	1122734	1334113	24816	20052	9223372036854775807	0.0216252015163	0.014807648994	0.00681755252224
TTNTTTTTNT	1524626	1313444	1540057	29039	23157	9223372036854775807	0.021630813947	0.0148137107267	0.00681710322025
TTTTTTTNNT	1609901	1359264	1614216	28852	22872	9223372036854775807	0.0207850064404	0.0139711487715	0.00681385766891
NTTTTNTTTT	1214068	1110665	1314005	24562	19778	9223372036854775807	0.0216362013941	0.0148284990887	0.0068077023054
TTNNTTTTTT	1263403	1108269	1309690	25540	21017	9223372036854775807	0.0225258398901	0.0157938599556	0.00673197993449
TTTNTTTTNT	1405266	1185711	1387279	25416	20073	9223372036854775807	0.0209854127602	0.0142629562469	0.00672245651327
TTTTNTTTNT	1351181	1145631	1335394	23570	18315	9223372036854775807	0.020159065892	0.0135294956302	0.00662957026185
TNTTTNTTTT	1283570	1134727	1336917	24692	19910	9223372036854775807	0.0212968736928	0.0146739414826	0.00662293221018
TNTTTTNTTT	1346662	1178223	1393556	25001	20237	9223372036854775807	0.0207783421873	0.0143139766571	0.0064643655302
TNTTTTTNTT	1279523	1149769	1364666	24326	19882	9223372036854775807	0.020718936713	0.0143599210717	0.00635901564124
TTTTTNTTNT	1239969	1076448	1255486	21659	17101	9223372036854775807	0.019723943113	0.0134379810575	0.00628596205553
TTTTNTNTTT	989980	868280	1014327	17340	13758	249.756209096	0.0195795036246	0.0133821619808	0.00619734164381
TTTNTNTTTT	1314820	1172897	1376685	24326	19763	9223372036854775807	0.020318687496	0.0141523350673	0.00616635242872
TTNTTTNTTT	1139595	974101	1142428	20252	16478	263.572475182	0.0203670125197	0.0142185820075	0.00614843051218
TTTTTTNNTT	1021647	879695	1040089	17250	13817	253.159301074	0.0192319484472	0.0131102773872	0.00612167106006
TTTNTTNTTT	1170344	1011553	1186017	20770	16857	273.298118902	0.0201196718469	0.0140139366218	0.0061057352251
TTNTTTTNTT	1129458	987829	1167550	20339	16687	265.128987565	0.0201742169956	0.0140909294339	0.00608328756169
TTTNNTTTTT	1186860	1084907	1267959	22631	18491	282.697911797	0.0204336104043	0.014373663959	0.00605994644538
TTNTTNTTTT	1083592	987232	1159146	20496	16880	252.512960383	0.0203388215868	0.014353424159	0.00598539742779
TTTNTTTNTT	1184789	1024974	1202492	20425	16712	259.145727284	0.0195379945839	0.0137073041099	0.00583069047399
TTTTTNNTTT	920036	815303	951959	15561	12463	214.128633217	0.0187286968746	0.012922766175	0.00580593069961
TTTTTNTNTT	1095800	972640	1147847	18954	15487	250.365471652	0.0191146779831	0.0133125998209	0.00580207816227
TTTTNTTNTT	1005901	903493	1053437	17394	13981	233.286348818	0.0188883109437	0.0130979616233	0.00579034932041
TTTTNNTTTT	966419	894136	1040986	17062	13856	215.768554336	0.0187247996593	0.0131356165189	0.00558918314048
