#Sequence	Occurrence	Forward Match	Backward Match	Forward Mismatch	Backward Mismatch	Strand Bias Score	FER (Forward Error Rate)	RER (Reverse Error Rate), ERD (Error rate Difference)
GGGT	23425	937294	1079375	147909	11560	9223372036854775807	0.136296158415	0.0105964150018	0.125699743413
AGGT	25497	1119342	1254933	146934	15364	9223372036854775807	0.116036314358	0.0120948093241	0.103941505034
CGGT	49112	1946743	2187186	246831	24852	9223372036854775807	0.112524583169	0.0112348883699	0.101289694799
NGGT	138492	5772980	6465655	713158	75819	9223372036854775807	0.109951098789	0.0115905069714	0.0983605918181
TGGT	40458	1769601	1944161	171484	24043	9223372036854775807	0.0883444053197	0.0122157052826	0.0761287000371
GNGT	117928	5114393	5495573	442289	72224	9223372036854775807	0.0795958811391	0.0129717372957	0.0666241438434
CNGT	156715	6797432	7255945	546925	96223	9223372036854775807	0.0744687383797	0.0130877041983	0.0613810341814
GCGT	59080	2481093	2638615	195838	39161	9223372036854775807	0.0731576570334	0.0146244495432	0.0585332074902
NNGT	489807	22055317	23454654	1671505	308704	9223372036854775807	0.0704479091216	0.0129907566094	0.0574571525122
ANGT	103890	4896998	5197708	362292	69668	9223372036854775807	0.0688861043981	0.0132263198982	0.0556597844999
GAGT	17148	811747	862749	57543	10150	9223372036854775807	0.0661954008444	0.0116279202978	0.0545674805466
AAGT	21628	1043108	1104241	75468	17322	9223372036854775807	0.0674679235027	0.015444518052	0.0520234054507
CCGT	39609	1705970	1795279	123592	28596	9223372036854775807	0.0675527803922	0.0156787060517	0.0518740743406
