#Sequence	Occurrence	Forward Match	Backward Match	Forward Mismatch	Backward Mismatch	Strand Bias Score	FER (Forward Error Rate)	RER (Reverse Error Rate), ERD (Error rate Difference)
GGGT	31718	2654848	2783453	35361	13755	9223372036854775807	0.0131443319088	0.00491740335363	0.00822692855516
AGGT	88435	6434464	6518141	66753	26310	9223372036854775807	0.0102677698652	0.00402019970812	0.00624757015712
AAGT	173679	12419502	12563458	117583	41544	9223372036854775807	0.00937881493186	0.00329583446318	0.00608298046868
GAGT	41444	2973672	3007508	26133	8502	9223372036854775807	0.00871156625181	0.00281895617057	0.00589261008124
NGGT	230605	17046974	17407936	155940	59119	9223372036854775807	0.0090647433336	0.00338460032329	0.00568014301031
TTTG	318627	22382947	23026225	289975	188373	9223372036854775807	0.0127894851841	0.00811442007309	0.00467506511104
GNGT	181162	13182997	13393195	95529	36253	9223372036854775807	0.00719424731329	0.00269951527419	0.0044947320391
TGGT	98289	7086332	7222288	47271	16152	9223372036854775807	0.00662652519351	0.00223142002973	0.00439510516378
CGGT	11444	820923	832209	6236	2648	9223372036854775807	0.00753905839143	0.00317180067964	0.0043672577118
NAGT	404189	29071549	29267052	205730	78227	9223372036854775807	0.00702695083105	0.00266574395152	0.00436120687953
ANGT	687287	48626591	48801847	294897	113099	9223372036854775807	0.00602796464408	0.00231215628859	0.00371580835549
GGGN	96970	7290042	7392739	56614	31028	9223372036854775807	0.00770609104333	0.00417954927734	0.00352654176599
TTTC	391110	27818053	28332071	393300	301499	9223372036854775807	0.0139411959433	0.0105295637254	0.00341163221797
NNGT	1619167	115807200	116818081	587938	243340	9223372036854775807	0.00505122473415	0.00207873779356	0.00297248694059
CCCG	722	50911	52035	300	159	10.8410212209	0.0058581164203	0.00304632716404	0.00281178925626
GCGT	9941	699294	698220	3633	1701	152.098683695	0.00516838875161	0.00243027427381	0.00273811447779
GTGT	96680	6756016	6806897	29971	12004	9223372036854775807	0.00441660144648	0.00176040097957	0.00265620046691
GGCC	962	61860	62344	273	111	15.9074326993	0.00439380039592	0.00177727964134	0.00261652075458
TAGT	148492	10736865	10729636	48578	20848	9223372036854775807	0.00450403381669	0.00193926152534	0.00256477229135
CCTG	18358	1423104	1411175	20930	17175	73.9799594862	0.0144941185595	0.0120243637764	0.00246975478315
ACGT	52638	3741802	3728239	17435	8285	9223372036854775807	0.0046379092353	0.00221730142774	0.00242060780756
AGGN	267647	19757404	19830102	117567	70890	9223372036854775807	0.00591532938589	0.00356213398809	0.00235319539779
NGGN	663738	48700611	49055536	270746	156373	9223372036854775807	0.00552866035548	0.00317754387459	0.00235111648089
GCCG	344	22895	22804	100	47	4.68491248476	0.00434877147206	0.00205680276574	0.00229196870632
TTNG	607323	43602547	44556441	355597	260384	9223372036854775807	0.00808944526866	0.00580996087965	0.00227948438902
GGGA	37443	2701363	2662181	15098	8880	9223372036854775807	0.00555796678104	0.00332452160396	0.00223344517708
CGCC	563	41060	40779	180	88	7.40413227007	0.00436469447139	0.00215332664497	0.00221136782642
ATGT	372535	26030823	25992009	93126	36960	9223372036854775807	0.00356477498865	0.00141995635709	0.00214481863156
TTNC	791012	56257140	57017425	517567	402741	9223372036854775807	0.0091161544876	0.00701392956614	0.00210222492146
CAGT	40574	2941510	2966450	13436	7333	9223372036854775807	0.00454695280388	0.00246588268209	0.00208107012178
CCNG	18488	1445564	1446380	18181	15161	60.3655091881	0.0124208793198	0.0103732977727	0.00204758154713
CCGT	11796	846830	851568	3370	1645	131.894018165	0.00396377322983	0.00192800625401	0.00203576697582
TGGN	261882	18972900	19139996	84951	47059	9223372036854775807	0.00445753301356	0.00245264320137	0.00200488981219
TNGT	624317	44812346	45381479	163873	75366	9223372036854775807	0.00364354771574	0.00165796812339	0.00198557959235
NCGT	136608	9823518	9833598	37646	19270	9223372036854775807	0.00381760205996	0.00195577571931	0.00186182634065
NTTG	672650	47889744	48685151	405900	323168	9223372036854775807	0.00840448467775	0.00659414578166	0.00181033889609
AAGN	713721	51654812	51714382	204550	110643	9223372036854775807	0.00394432156724	0.00213493384711	0.00180938772013
GNGN	549378	39807477	39939189	167332	95274	9223372036854775807	0.00418593619797	0.00237979962414	0.00180613657383
GAGN	177054	12825276	12839489	46896	23842	9223372036854775807	0.0036432079994	0.00185348569511	0.00178972230428
TNTC	799029	57467178	57681739	502994	403712	9223372036854775807	0.00867677259954	0.00695031187758	0.00172646072195
CGGN	32649	2351539	2359174	10316	6260	219.102245951	0.00436775331254	0.00264644881235	0.00172130450019
NTGT	847765	59865159	60309495	188622	86724	9223372036854775807	0.00314088466803	0.00143591770207	0.00170496696596
CNGT	126401	9185266	9241560	33639	18622	9223372036854775807	0.00364891491994	0.00201097559422	0.00163793932572
ANGN	2072177	149799776	149403058	531976	311679	9223372036854775807	0.00353868023836	0.00208181910643	0.00145686113193
NAGN	1478168	107770149	107747635	362572	206008	9223372036854775807	0.00335302761872	0.00190830058417	0.00144472703455
TTGA	207056	15100929	15168278	52231	31084	9223372036854775807	0.0034468718076	0.00204508583979	0.00140178596781
TTCC	131169	9352170	9554469	34598	21910	9223372036854775807	0.0036858266871	0.00228792114431	0.00139790554279
AAAC	225464	16414405	16296116	169880	145681	9223372036854775807	0.0102434322613	0.00886040619526	0.00138302606606
GCGA	3487	251540	246094	746	403	21.554110248	0.00295696154364	0.0016349083356	0.00132205320805
GAGA	76064	5558306	5520182	13006	5678	9223372036854775807	0.00233445910048	0.001027532366	0.00130692673447
ACCC	14205	1302939	1254657	6561	4719	52.104753084	0.00501030927835	0.00374709379883	0.00126321547952
NTTC	861422	62074491	62758098	584111	510900	9223372036854775807	0.00932211989026	0.00807504490588	0.00124707498438
TCGT	57938	4222516	4244291	12016	6776	9223372036854775807	0.00283762172538	0.00159395276527	0.00124366896011
CCGA	6694	495020	486460	1310	693	39.9873552931	0.0026393729978	0.00142255102606	0.00121682197174
GNGA	203924	14925191	14780253	45726	27295	9223372036854775807	0.00305432192297	0.00184331666526	0.00121100525771
CTCG	4748	341295	339903	1101	685	21.6092804869	0.00321557494831	0.00201122764161	0.0012043473067
CCTA	46289	3490837	3446026	33989	29331	62.6515681012	0.00964274548588	0.00843970849613	0.00120303698974
GCGN	26208	1857022	1844976	6022	3752	112.357831766	0.00323234448569	0.00202950352891	0.00120284095678
GTGN	242964	17377001	17413285	56528	35600	9223372036854775807	0.00324248750784	0.0020402449784	0.00120224252943
CCCC	7510	526536	531189	2237	1616	23.8942986668	0.00423054883665	0.00303300457015	0.00119754426649
NGGA	286099	20888451	20778746	71985	46750	9223372036854775807	0.00343432741571	0.00224484449254	0.00118948292317
TNGN	1491630	108119518	108847320	339112	211838	9223372036854775807	0.00312664838197	0.00194241367607	0.0011842347059
CGGA	7767	566173	562457	1856	1181	32.6213762807	0.00326743881034	0.00209531649747	0.00117212231287
TGGA	100871	7416643	7406025	25034	16276	9223372036854775807	0.00336402668377	0.00219285097708	0.00117117570669
AACC	68829	5498060	5339882	17382	10664	9223372036854775807	0.00315151532733	0.00199306762338	0.00115844770395
TNCC	275187	19669756	19807809	63027	40662	9223372036854775807	0.00319402488742	0.00204862127667	0.00114540361075
TACC	84387	6107723	5986328	18332	11116	9223372036854775807	0.00299246415515	0.00185345623902	0.00113900791613
GGNT	214359	16429702	16754452	61701	43793	9223372036854775807	0.00374140393028	0.00260699852872	0.00113440540156
AANC	513874	37874470	37526082	254588	209573	9223372036854775807	0.0066770073365	0.00555371305997	0.00112329427653
TTGT	319598	22766633	23185264	56008	31590	9223372036854775807	0.00245405428758	0.00136064946612	0.00109340482147
CCGN	34526	2501609	2497258	6988	4260	143.723119122	0.00278562080717	0.00170296595907	0.0010826548481
TCTC	46585	3350133	3381290	12777	9214	133.608217795	0.00379938803001	0.00271759006921	0.0010817979608
TGCC	917	68497	68502	145	71	6.15976813778	0.00211240931208	0.00103539293891	0.00107701637317
NTCC	286100	20649538	20846120	60270	38495	9223372036854775807	0.00291021529509	0.00184322287004	0.00106699242505
ATCC	90325	6602340	6564347	17068	10093	9223372036854775807	0.00257847831709	0.00153518778786	0.00104329052924
TTGN	672649	48256598	48956659	146124	96949	9223372036854775807	0.00301892112596	0.00197638877042	0.00104253235554
AGCG	983	68880	68941	180	109	4.42288275826	0.00260642919201	0.00157856625634	0.00102786293567
ACGN	136608	9859526	9769079	27611	17338	9223372036854775807	0.00279261832824	0.00177163920156	0.00102097912668
TAGN	429158	31501442	31350935	85370	52910	9223372036854775807	0.00270271023236	0.00168482553649	0.00101788469587
AATC	152561	11151107	11121787	47296	35812	9223372036854775807	0.00422345936291	0.00320965110863	0.00101380825428
TNGA	523393	38373108	38294363	104023	65393	9223372036854775807	0.00270350198407	0.00170472930016	0.00099877268392
ATGN	954201	68528034	68089495	182248	112808	9223372036854775807	0.00265241234201	0.00165402039283	0.000998391949183
NTGN	2028049	145996411	146301682	409374	264409	9223372036854775807	0.00279616000146	0.00180402573471	0.000992134266753
NCTG	31448	2442920	2446192	21002	18598	33.2919476578	0.0085238087894	0.00754547040519	0.000978338384215
AGGA	124464	9057492	9006733	26237	17267	9223372036854775807	0.0028883512487	0.00191345301418	0.000974898234515
TNNC	1743696	125167901	125309788	765296	643097	9223372036854775807	0.00607699969691	0.00510585366901	0.000971146027898
TCCC	28933	2051638	2086632	5531	3619	95.0424772691	0.00268864638734	0.00173137101716	0.000957275370176
ANCC	214359	16597057	16268695	50760	34188	9223372036854775807	0.00304904841277	0.00209705240478	0.000951996007994
AAGC	31515	2234410	2221414	10456	8264	54.0150022975	0.00465773903654	0.00370636477554	0.000951374260998
NCGN	334178	24263017	24159986	65049	41807	9223372036854775807	0.00267382536697	0.00172743399632	0.000946391370649
AGNT	462592	33839041	34016660	121836	90894	9223372036854775807	0.00358753986241	0.00266492284964	0.000922617012771
NACC	230603	17367408	17063025	46457	30110	9223372036854775807	0.00266781670812	0.00176152589914	0.000906290808983
TTAA	656958	46949785	47133547	108459	66233	9223372036854775807	0.00230478213339	0.00140324806599	0.000901534067405
NNCC	663736	48906779	48759718	138587	94104	9223372036854775807	0.00282568999485	0.0019262361909	0.000899453803955
CATT	16815	1247435	1244546	2686	1564	64.8672534072	0.00214859201629	0.00125510588953	0.000893486126765
TCGA	35344	2651042	2630052	6249	3891	116.177869684	0.00235164308312	0.00147725292461	0.000874390158517
TTGC	12057	834568	849684	3737	3066	18.041680536	0.00445780473694	0.00359542656113	0.000862378175814
GTCC	9044	672001	672903	1570	990	29.711292757	0.00233086044381	0.00146907595123	0.000861784492587
ANAC	632667	44897481	44371687	334108	292099	9223372036854775807	0.00738660762062	0.00653995162882	0.000846655991796
ATGC	9908	683329	674177	2552	1947	16.8674099837	0.00372076205639	0.0028796492951	0.000841112761292
NTNC	1966503	140515787	141076394	927468	811199	9223372036854775807	0.00655717375848	0.00571719473739	0.000839979021094
TCGN	127941	9388578	9399730	22667	14920	9223372036854775807	0.00240850174446	0.00158476417073	0.000823737573722
ACAC	25899	1818100	1800522	8200	6630	33.8685717766	0.0044899523627	0.00366875614226	0.000821196220439
ACTC	9351	665321	660937	1670	1115	24.2086904962	0.0025037819101	0.00168415773988	0.000819624170225
CTGT	53555	3922564	3937052	8849	5657	156.231349873	0.00225084467086	0.00143480028579	0.000816044385067
NCCC	90667	6884230	6832381	22742	16987	172.692897368	0.00329261505621	0.00248008283392	0.000812532222287
TNTG	897826	62865549	63325512	471691	423408	9223372036854775807	0.00744729325117	0.00664180663767	0.000805486613509
ATAC	251024	17430596	17123591	118882	102828	194.604817978	0.00677410462009	0.00596920346591	0.000804901154183
GTGA	69765	5167419	5122027	13925	9710	156.34955428	0.00268752663402	0.00189214685008	0.000795379783934
AGAC	16614	1200396	1196348	5223	4274	20.8632132524	0.00433221440604	0.00355982149253	0.000772392913517
CACC	15564	1116768	1119911	2256	1395	45.6979360974	0.00201604255137	0.00124408502229	0.00077195752908
CTTC	53490	3947080	3983650	16867	14019	63.9165950532	0.00425510230081	0.00350679358396	0.000748308716852
NNGA	1800808	132432779	131738197	295582	196173	9223372036854775807	0.00222696941161	0.00148689837227	0.000740071039335
CTTG	9016	663622	671233	3424	2970	8.99208661912	0.00513307927789	0.00440520140077	0.000727877877126
NTNG	1491637	107533014	108433891	579215	506236	9223372036854775807	0.00535753453016	0.00464691949551	0.000710615034646
NTGA	727944	53698699	53437112	128000	89466	9223372036854775807	0.00237800203947	0.00167143134015	0.000706570699325
NNTC	1800810	130839723	131133639	801193	709769	9223372036854775807	0.00608620043331	0.00538342425129	0.000702776182015
TTAC	159691	11225816	11212960	55661	47662	133.337954635	0.00493383978002	0.00423262587093	0.000701213909088
TATT	1268845	89337506	89135018	196850	133709	9223372036854775807	0.00219859737417	0.00149782577274	0.000700771601438
CTTA	121879	8775138	8750810	42390	36112	106.208132355	0.00480746984869	0.00410974400365	0.000697725845047
CTNG	5824	439077	443016	1522	1229	8.15869195569	0.00345438823057	0.00276649146304	0.000687896767524
CNGN	390948	29003417	29075272	69321	49806	9223372036854775807	0.00238439874497	0.00171007267345	0.000674326071515
NGCC	8352	581104	582032	1997	1609	10.044578133	0.0034247926174	0.00275683168249	0.000667960934913
TTTN	3733387	263003850	266794144	1482624	1327260	9223372036854775807	0.00560567040566	0.0049502202368	0.000655450168863
CTCA	5149	373031	370097	1363	1109	5.98345654877	0.00364054979514	0.00298755946833	0.000652990326808
ACTG	2988	238314	237294	776	617	4.47282731468	0.00324563971726	0.00259340677816	0.000652232939096
GACC	4527	355159	354171	616	385	12.2854087064	0.00173143138219	0.00108586513837	0.000645566243824
AAAT	28184	1965100	1994790	21437	20448	9.60703632816	0.0107911405627	0.010146692351	0.00064444821172
NCTC	107651	7799843	7816414	22515	17507	139.486309758	0.00287828810699	0.00223476851503	0.000643519591962
ATGG	17336	1244362	1235267	3889	3062	21.0472552833	0.00311555929056	0.00247268698383	0.000642872306729
ACNC	71258	5318471	5235504	20481	16814	67.3471685025	0.00383614612006	0.00320125323714	0.00063489288292
NAGA	658824	48367269	48165862	76120	45961	9223372036854775807	0.00157131863751	0.000953313879046	0.000618004758467
TCNC	118693	8478832	8539690	25232	20111	134.7569414	0.00296705198832	0.00234947050755	0.00061758148077
NGNT	1580472	116115233	116938319	313616	243341	9223372036854775807	0.00269362793409	0.002076613354	0.000617014580086
CAGN	158235	11788619	11842829	25756	18613	257.960177466	0.00218005607576	0.00156920212568	0.000610853950078
CNTG	12921	991320	989648	11843	11206	4.26753433355	0.0118056587015	0.0111964382417	0.000609220459786
CCTC	8058	589193	588409	1239	888	13.3660511813	0.00209846349791	0.00150688023187	0.000591583266044
ACGA	12587	921441	909875	1783	1222	22.2138854656	0.00193127561675	0.00134124028506	0.000590035331689
TAGG	5780	529429	526398	1055	738	12.6539643044	0.00198874989632	0.00140001821162	0.000588731684702
CTGA	34320	2693653	2677290	5874	4264	54.5376855279	0.00217593674744	0.00159012274226	0.000585814005177
NCGA	119069	8801772	8686688	18156	12834	184.719849894	0.00205852020561	0.00147525346795	0.000583266737658
AATA	1268845	89319317	89401614	166439	115355	9223372036854775807	0.00185994964383	0.00128863835861	0.000571311285218
AAGA	354218	25983337	25964352	39313	24422	9223372036854775807	0.00151072238992	0.000939713431653	0.000571008958265
CTCC	14903	1072980	1089473	1832	1249	26.9434155728	0.00170448413304	0.00114511305356	0.000559371079484
TTGG	51849	3709299	3802901	11816	9978	45.4309184822	0.00317539232193	0.00261692018026	0.000558472141662
CTGG	2550	187020	187932	381	279	4.18059155889	0.00203307346279	0.00148237881952	0.000550694643272
ANNC	1471032	106367465	105379561	576383	512551	9223372036854775807	0.00538958538316	0.00484031331814	0.000549272065019
CNCC	81146	5806550	5845353	12509	9412	100.723768507	0.00214966028012	0.00160757946732	0.000542080812802
CNGA	149758	11324347	11236060	22065	15937	205.466144525	0.00194466761827	0.00141637080067	0.000528296817607
ANGA	923733	67810133	67427521	123768	87548	9223372036854775807	0.00182188860316	0.00129671792234	0.000525170680823
CTNC	44963	3347304	3374490	10700	9039	34.3959530657	0.00318641669277	0.00267147111788	0.000514945574896
CATC	17033	1293819	1288137	2855	2186	19.6211201657	0.0022017870336	0.0016941494494	0.000507637584194
GNCC	41698	3090913	3090568	5667	4103	55.471928502	0.00183008351149	0.00132582752738	0.000504255984102
CAGA	47225	3538919	3509280	4957	3156	84.7604418113	0.0013987509721	0.000898521709719	0.00050022926238
GTNG	13019	936027	942421	2915	2476	9.26594460149	0.00310455810902	0.00262039142891	0.000484166680114
TAGA	163086	11945814	11837404	17217	11384	248.149827629	0.00143918376539	0.000960773371926	0.000478410393459
NCAC	27706	1956241	1951331	6571	5631	16.1612766089	0.00334774802681	0.00287741918341	0.000470328843403
TNAA	2143224	154026212	154164015	229129	156926	9223372036854775807	0.00148538778959	0.00101688078742	0.000468507002164
TTCA	231043	17012338	17098300	60250	52555	123.601079328	0.00352904902291	0.00306427871963	0.000464770303281
AAAA	1908172	134978823	134842607	159628	97117	9223372036854775807	0.00118121821598	0.000719706526152	0.000461511689824
NTGC	35740	2467267	2468870	8800	7659	18.3028278928	0.00355402337659	0.00309263489343	0.000461388483155
CATA	389875	27667576	27279267	54776	41471	9223372036854775807	0.00197587852575	0.00151793117741	0.000457947348339
CTGN	158235	11834778	11842243	24474	19052	148.597098478	0.00206370519827	0.00160623270899	0.000457472489279
TCAC	10022	719134	718861	1816	1489	7.80272978109	0.00251889867536	0.00206705073922	0.000451847936135
CNTA	663569	47741059	47241718	189490	166182	281.183757484	0.0039534285326	0.00350536513957	0.000448063393039
TTTA	57351	4040966	4058559	39655	37981	10.3218591299	0.00971788362605	0.0092714827635	0.000446400862543
TTNN	7515539	533433378	539627493	2105723	1889068	9223372036854775807	0.0039319687322	0.00348847687412	0.000443491858078
CCNA	126531	9393681	9245967	44427	39613	45.4943660705	0.00470719343326	0.00426607707865	0.000441116354607
GGAT	7946	577914	581451	1783	1537	5.00862302446	0.00307574474251	0.00263641790226	0.000439326840257
CCTN	187187	14068269	13964005	85694	78865	51.9724849373	0.00605441740946	0.00561601723864	0.000438400170815
AANA	3815683	270904275	270576982	390348	273832	9223372036854775807	0.00143883426691	0.00101100674558	0.000427827521326
AGNC	9838	694799	691823	2680	2375	4.41327163404	0.00384240959226	0.00342121412047	0.000421195471793
NTAC	628525	44301165	43978454	235194	215094	164.914298896	0.00528094359936	0.00486709055358	0.000413853045783
CGNT	13516	970108	976363	2265	1880	9.15124405442	0.00232935303633	0.00192181288289	0.000407540153442
ANGC	47613	3322967	3288082	13333	11848	16.7163320517	0.0039963432545	0.00359037918986	0.000405964064642
AANT	192890	13544154	13680187	87308	82610	40.2928990535	0.00640488892534	0.00600241360822	0.000402475317118
ATNC	406973	29046145	28795431	152730	139745	102.839323933	0.00523068097658	0.0048295887331	0.000401092243474
ANGG	36218	2580407	2580287	9640	8601	13.7604464815	0.00372194018101	0.00332227581881	0.000399664362201
GTCA	7122	526850	522454	1330	1113	4.49379615279	0.00251808095725	0.00212580242834	0.000392278528907
CTNA	409575	30476597	30283958	93078	80648	177.408365214	0.00304478212477	0.00265598703965	0.000388795085122
ANTC	123198	8960342	8945598	40802	37238	35.1110012228	0.00453297936351	0.00414546141107	0.000387517952439
NAAC	179166	12942244	12810265	93046	87095	31.4218849437	0.00713800766995	0.00675293238306	0.000385075286887
TCTA	24375	1777704	1779437	6257	5576	9.50859808428	0.00350736366995	0.00312378677354	0.000383576896404
CCNC	15543	1122198	1134747	2437	2031	9.87794636963	0.00216692526909	0.00178662852378	0.000380296745312
NATC	568017	41619362	41242102	139245	122215	209.282849822	0.00333452215013	0.00295459973387	0.000379922416256
ATGA	387113	28499427	28250311	51125	40129	268.3091883	0.00179068341656	0.00141846503625	0.000372218380313
CATN	50054	3655965	3622783	7356	5962	30.0517684377	0.00200801403972	0.00164299227419	0.000365021765531
TNAC	32892	2247901	2234159	10260	9376	8.33167795807	0.00454352014759	0.00417911911336	0.000364401034226
TGNT	782156	56957652	57250810	113384	93107	9223372036854775807	0.00198671704505	0.00162365957666	0.000363057468397
GCNC	7870	557705	558591	1387	1187	4.12165646751	0.00248080816753	0.00212048347738	0.00036032469015
NAAA	3548114	252876142	252548656	276510	185375	9223372036854775807	0.00109226586337	0.000733478587219	0.000358787276146
CNTC	144201	10657856	10687684	31541	27838	53.5350586129	0.00295068094112	0.00259791356875	0.000352767372377
TATC	110569	8094035	7956421	30948	27601	31.0620758832	0.00380899258497	0.00345702955227	0.000351963032696
TANC	123698	8889271	8730462	38425	34687	29.1819772059	0.00430402200075	0.00395737710791	0.000346644892841
TTTT	157061	12254440	12091330	35707	31040	59.059688401	0.00290533546914	0.00256055540295	0.000344780066191
TTNA	1844085	131415797	131962138	780513	737862	299.933945348	0.00590419656948	0.00556037678975	0.000343819779729
TCAA	201926	14887196	14808619	17965	12792	184.330994838	0.00120528721562	0.000863075722008	0.000342211493608
NCNC	459558	33357244	33291372	95361	83756	159.404841261	0.0028506300182	0.00250953344658	0.000341096571617
TNGG	65352	4900649	4953791	10467	8885	32.9945204041	0.00213128747112	0.00179036471452	0.000340922756596
GGAA	118966	8668382	8572679	10004	6981	110.929918254	0.00115274890976	0.000813668606914	0.000339080302848
NANC	1533610	112482100	111330803	517056	473825	9223372036854775807	0.00457575099056	0.00423797304705	0.00033777794351
CGAA	32084	2391074	2355888	2604	1782	31.9305635794	0.00108786561935	0.000755830968711	0.000332034650642
CTAA	126050	9590870	9495416	13026	9890	87.742946238	0.00135632455828	0.00104047150086	0.000315853057419
NATT	2474601	176613047	176874721	321745	267340	9223372036854775807	0.00181843828658	0.00150918420216	0.000309254084411
NTGG	114284	8166441	8230031	18504	16147	40.0111038126	0.00226073602205	0.00195811926446	0.000302616757586
GCAA	24296	1764511	1729449	2115	1558	16.9544758468	0.00119719736945	0.000900054130341	0.000297143239107
CCAA	35459	2636439	2593520	2962	2164	25.2458305835	0.00112222432287	0.000833691620398	0.00028853270247
TGAA	320793	23699210	23614418	28946	22030	199.710892058	0.00121990094806	0.00093203513489	0.000287865813165
GGNA	113222	8143474	8092536	17028	14631	37.3199434315	0.00208663633683	0.00180469947147	0.000281936865366
TNNG	155448	11240861	11323316	57708	54966	20.13563595	0.00510754946047	0.00483078201085	0.000276767449615
GGAN	17024	1234800	1239067	2631	2299	5.86571423108	0.00212617915666	0.00185199207969	0.000274187076963
NCTA	113827	8241075	8214592	34524	32143	17.8034061805	0.00417178261054	0.00389766374207	0.000274118868465
GGNN	554729	40699136	40924012	108338	97918	128.256511793	0.00265485680393	0.0023869671661	0.000267889637829
AATN	2474601	176229330	176535801	398220	352030	9223372036854775807	0.00225457466856	0.00199013124877	0.000264443419792
TAAA	958417	68106931	68228952	73221	55423	9223372036854775807	0.00107393424409	0.000811649810077	0.000262284434012
GATA	87016	6381707	6327935	9692	7953	35.2001002447	0.0015164129168	0.00125523052175	0.000261182395045
ACTA	18065	1300971	1294658	3237	2882	4.82667762078	0.00248196606676	0.00222112613099	0.000260839935776
NNAA	7138548	512333377	510534292	679604	546226	9223372036854775807	0.00132473061145	0.00106876701569	0.000255963595757
GANA	799029	58751588	58392284	72790	57672	9223372036854775807	0.00123741214909	0.000986690220947	0.000250721928145
NNAC	1070349	75980226	75459331	413794	391997	98.4423679737	0.00541657580004	0.00516796489048	0.000248610909567
TCNA	26826	1996519	1984139	5038	4522	6.14548078028	0.00251704048398	0.00227389182973	0.000243148654255
CNAA	607323	45144863	44561705	47117	35682	9223372036854775807	0.0010425964961	0.000800091718378	0.000242504777726
CNNA	1520236	111122785	109864598	276265	246458	9223372036854775807	0.00247995831203	0.00223826751784	0.000241690794191
NGAA	861418	63358923	63051045	69265	53731	9223372036854775807	0.00109202236709	0.000851456948362	0.000240565418729
AGNN	1416116	103269455	103333844	257589	233395	263.163019815	0.0024881324729	0.00225356012436	0.000234572348547
CNTT	43026	3163892	3171421	4015	3284	17.2544803522	0.00126739831693	0.00103442682076	0.000232971496173
ATNT	4085153	272605170	272267673	506448	442574	9223372036854775807	0.00185436270968	0.00162287264549	0.000231490064196
CANA	794267	57298047	56577974	85628	71695	232.318689095	0.001492201397	0.00126558550589	0.000226615891108
CTTN	229333	16959568	17046231	45827	42179	38.0990222718	0.00269485066357	0.00246828113324	0.000226569530333
AATT	34544	2484369	2502726	5258	4728	7.80956783239	0.0021119629567	0.00188557796075	0.000226384995948
NANA	8879922	616232347	612817225	1013869	869559	9223372036854775807	0.00164256819032	0.00141694268586	0.000225625504461
GAAA	371825	27269671	27139711	23721	17595	192.297545722	0.000869111468446	0.000647891952169	0.000221219516277
GTNT	443901	31561964	31837631	69660	63277	80.3432834586	0.00220222648069	0.00198354855605	0.000218677924642
CAAA	310290	22721048	22441963	19724	14609	153.382522035	0.000867340827303	0.000650544526564	0.000216796300739
TGTT	29527	2134165	2155165	2652	2231	9.66408880568	0.00124109832522	0.00103411705593	0.000206981269287
CNNC	43626	3036870	3048521	9080	8496	5.46765709694	0.00298100756743	0.00277917983446	0.000201827732966
TNTN	9348670	644279039	645991171	2496873	2374225	9223372036854775807	0.0038604916381	0.0036618626081	0.000198629029997
GNAA	750292	54806006	54412976	59547	48465	231.226641135	0.00108532579632	0.000889895660308	0.000195430136008
NCAA	654908	48016927	47408697	56314	46531	177.234879354	0.00117142091585	0.000980524211158	0.00019089670469
NNTG	388391	28047229	28125848	152174	147219	21.9211455259	0.00539635537674	0.00520704032569	0.000189315051051
AANN	7138563	508518579	509275379	1910604	1817382	9223372036854775807	0.00374313237494	0.00355587505572	0.000187257319215
NTTT	185273	14409043	14301551	49411	46350	17.5378826899	0.00341744698292	0.00323043767865	0.000187009304267
TNTT	4015192	284441537	286955612	374822	324579	9223372036854775807	0.00131601289096	0.001129834253	0.00018617863796
TTCN	286826	20974542	21217797	52100	48803	33.4708508643	0.00247780886744	0.00229481910602	0.00018298976142
CNTN	488667	36095825	36020994	112686	106115	41.0403434695	0.0031121412311	0.00293726796683	0.000174873264271
NATA	4108695	273894631	271770113	612977	561287	9223372036854775807	0.00223300550563	0.00206104400741	0.000171961498214
ATAT	2418998	154023524	153726162	346983	319875	229.143513903	0.00224772857681	0.00207648964056	0.000171238936245
AGAA	300955	21988122	21943620	21017	17384	74.3033950895	0.000954921498746	0.000791584938466	0.00016333656028
ANAA	3671290	261162815	260100103	349283	307544	9223372036854775807	0.00133562845723	0.00118100986489	0.000154618592344
ACAA	52346	3785079	3732317	4440	3804	9.67556611722	0.00117165265565	0.00101816830879	0.000153484346865
AGNA	110116	7976588	7947619	11948	10730	14.2148900302	0.00149564325679	0.00134826959712	0.000147373659663
GNNA	927905	67426687	67010774	124631	114156	87.4324899748	0.00184498250648	0.00170064981818	0.000144332688303
TTNT	197537	15124738	15060448	38541	36432	11.9250692046	0.00254173256325	0.00241321385611	0.000128518707146
ANNT	6618644	454004834	455011481	1503534	1448070	254.580378503	0.0033007823909	0.00317239500593	0.000128387384969
ATTT	54468	3911073	3926998	3933	3446	8.25485798103	0.00100459616154	0.000876745731525	0.000127850430013
NTAA	1605033	114081927	113655293	210481	195164	114.678148276	0.00184160088744	0.00171421358458	0.000127387302856
NTCA	102975	7510305	7475741	20057	19013	5.83109729308	0.00266348417247	0.00253684110246	0.000126643070018
CTNN	90181	6345242	6357689	14926	14179	5.238964759	0.00234679335514	0.00222525011504	0.000121543240107
NTTN	5304789	378702244	382135752	1630605	1598955	144.563003852	0.00428731045527	0.0041668240345	0.000120486420768
NCTN	260042	19079664	19086132	64519	62278	9.63994064129	0.00337016210094	0.00325238492387	0.000117777177071
NNGG	84970	6141279	6168813	13451	12790	5.02963992264	0.00218547361135	0.00206904260917	0.000116431002178
GNNT	560377	40202029	40522227	104147	100277	24.3222306774	0.00258389682018	0.00246850858824	0.000115388231935
ANTT	105302	7534055	7575074	10242	9518	7.47317027249	0.0013575817601	0.00125491259121	0.000102669168892
TTAN	933625	65464362	65830699	136618	130602	38.2826018714	0.00208256035199	0.00197997913959	0.000102581212408
NTNA	241371	18222231	18208622	71472	69672	5.45617668494	0.00390691813462	0.00381173428986	9.5183844754e-05
NNTT	1619486	118529727	119109179	182779	172710	74.2920733852	0.00153967771517	0.00144791469558	9.17630195854e-05
NATN	7565348	523155560	520602210	1257078	1203720	198.848252064	0.00239711614273	0.00230683465019	9.02814925346e-05
ATAN	803304	53930412	53649108	138509	133084	18.7801836364	0.00256171193059	0.00247449936589	8.72125647064e-05
TNNA	3287552	226380969	225594950	742087	721712	48.2670768465	0.00326733451491	0.00318894770549	7.8386809413e-05
NTNT	4463931	309564644	311538909	507576	489787	96.9020407579	0.00163696057647	0.00156968575736	6.72748191109e-05
ANNA	5260705	376617802	375448260	686503	660532	93.1382786286	0.00181949421436	0.00175622589541	6.32683189531e-05
NTAN	726340	50695507	50654580	115744	112531	10.1601188672	0.00227792069123	0.00221661224725	6.13084439784e-05
TATN	599079	39469849	39093942	111703	108432	5.6231905617	0.00282209752665	0.00276595493936	5.61425872842e-05
