#Sequence	Occurrence	Forward Match	Backward Match	Forward Mismatch	Backward Mismatch	Strand Bias Score	FER (Forward Error Rate)	RER (Reverse Error Rate), ERD (Error rate Difference)
GGGT	7088	50931	54837	329	165	15.4044853209	0.00641825985174	0.00299989091306	0.00341836893868
TTTT	2065233	4162285	4357378	29275	20189	9223372036854775807	0.00698427315844	0.00461192255881	0.00237235059963
TTGG	51957	274435	283167	1357	782	38.5479553645	0.00492037477519	0.00275401568592	0.00216635908928
NCCC	20524	138453	136108	949	642	12.5731814018	0.00680764981851	0.00469469835466	0.00211295146385
TTCG	5739	32061	32119	124	60	5.47854303931	0.00385272642535	0.00186457006122	0.00198815636413
ATGG	48457	235064	240020	955	529	29.4632231557	0.00404628440931	0.00219913614274	0.00184714826657
CTCT	4555	26666	27054	85	40	4.21932652226	0.00317745131023	0.00147634162545	0.00170110968478
ATCT	22441	98020	98068	350	192	10.8002820207	0.00355799532378	0.00195399959292	0.00160399573086
NTTT	3733385	9008662	9301870	42958	29792	9223372036854775807	0.00474589079082	0.00319257169837	0.00155331909244
GAGG	3423	30118	31142	87	43	4.12169946873	0.00288031782817	0.00137886804553	0.00150144978264
NTGG	239274	1319635	1352181	5062	3269	94.5868421826	0.00382125119933	0.00241174517688	0.00140950602245
GNGT	23089	126493	130994	453	287	10.1891593973	0.00356844642604	0.00218615031878	0.00138229610726
TNGG	94398	523099	537462	2269	1621	28.3828488246	0.00431887743448	0.0030069581122	0.00131191932228
TNTT	4015192	9352079	9609242	38277	27371	9223372036854775807	0.00407620328771	0.00284031329265	0.00123588999507
CTTT	285322	1099652	1119142	2918	1590	91.1912339723	0.0026465439836	0.00141871562514	0.00122782835846
TTNT	3973980	9141210	9378420	42808	32396	9223372036854775807	0.00466114069027	0.00344242199614	0.00121871869414
CCTT	33195	146619	147616	332	171	12.2325475772	0.00225925648686	0.00115707064897	0.00110218583788
CCTN	43182	243352	241270	891	622	10.7178241668	0.00364800628882	0.00257139549882	0.00107661079
TTTN	3733387	8970307	9244610	56188	48621	173.838607518	0.00622478603267	0.00523187253174	0.000992913500935
ATNG	139900	549448	553314	2060	1526	19.0273771258	0.0037352132698	0.00275034244106	0.000984870828734
NTTG	87943	413673	420882	2097	1724	10.2028233366	0.00504365394329	0.0040794498895	0.000964204053791
ATTT	967891	2295710	2334124	6082	3954	106.921970262	0.0026422891382	0.00169113263116	0.000951156507041
ACTT	7548	40133	39229	57	20	4.1998766414	0.00141826324956	0.000509567122729	0.000908696126835
NTCC	20517	123796	122181	430	314	4.25523550998	0.00346143319434	0.00256336993347	0.000898063260873
NTNT	9348673	21722825	22073247	77624	59578	9223372036854775807	0.00356066060841	0.00269183893154	0.000868821676871
TCTT	234425	1016743	1026303	1929	1079	54.9923136934	0.00189364191811	0.00105024226627	0.00084339965184
CTNT	542153	2250563	2270802	5779	4022	72.9782992489	0.00256122520434	0.00176804886884	0.0007931763355
TTNG	117982	480331	490247	2457	2116	7.93546031116	0.00508919028642	0.00429764218676	0.000791548099659
NNTT	7515556	21348922	21780168	63150	47306	9223372036854775807	0.00294927085991	0.00216726864501	0.000782002214904
ANTG	90002	314101	318596	1275	1046	6.39028207026	0.00404279336411	0.00327241100982	0.000770382354294
NNGG	454823	2571336	2628457	9846	8051	49.1898545845	0.00381453148209	0.00305366037198	0.000760871110112
ANCT	28438	153252	153482	432	319	4.38835725008	0.00281096275474	0.00207410875092	0.000736854003825
TTCT	44532	161382	162293	466	352	4.24669399581	0.00287924472344	0.0021642226936	0.000715022029848
NTCT	234527	967741	972015	2856	2171	21.9086872607	0.00294251888271	0.00222852720117	0.000713991681537
GTNT	119543	426385	431094	1203	912	10.2410852715	0.00281345594357	0.00211108179053	0.000702374153041
ATAT	521214	558441	555799	1789	1389	11.3887377144	0.00319333131035	0.00249287493629	0.000700456374067
ACAA	99321	370722	364889	599	336	16.0586596318	0.0016131595035	0.000919980833733	0.00069317866977
TTAA	108540	295929	295281	688	484	8.4034379156	0.00231948944261	0.00163643433131	0.000683055111304
ATNT	4085153	7490405	7535906	20842	16072	141.293902983	0.00277477228482	0.00212818416579	0.000646588119024
CTTN	469477	2044855	2047686	5563	4268	38.5029742356	0.00271310532779	0.00207996865427	0.000633136673524
NCTT	613601	2803165	2816226	4852	3100	86.776718704	0.00172790976693	0.00109955358125	0.000628356185682
NTGT	414381	1481957	1497886	3949	3053	28.0481032027	0.00265763783173	0.00203406001177	0.000623577819968
NTNG	1378721	6580701	6666870	25309	21647	73.8616832276	0.00383120824825	0.00323644239822	0.000594765850029
CNTT	651820	2615715	2640070	4893	3367	65.4809478348	0.00186712396513	0.00127372053883	0.000593403426297
NTTN	7515547	21313234	21668292	91214	79882	206.916861468	0.00426145070408	0.003673043999	0.000588406705074
TTCN	394111	1550318	1547108	4978	4074	20.1755277515	0.00320067691295	0.00262638426697	0.000574292645982
TTNN	7515539	21308852	21636537	92260	81370	187.39016089	0.0043109909429	0.00374667779911	0.000564313143792
ANNG	236040	885721	896165	3828	3379	8.08323096432	0.00430330425867	0.00375634766059	0.000546956598082
ANTT	1761179	4980803	5041715	10774	8159	86.6584980246	0.00215843610146	0.00161568387647	0.000542752224988
TCTN	49507	273479	273483	656	508	4.77586124514	0.00239298156018	0.00185407549883	0.00053890606135
TTGN	94689	351950	353644	1154	971	4.29550431198	0.003268158956	0.00273818084401	0.000529978111988
TNNT	8195557	22494375	22811563	69574	58597	239.796796085	0.00308341416655	0.00256215960011	0.000521254566446
ATAN	879029	1300882	1293293	3535	2917	12.9876336271	0.00271002294512	0.00225040695566	0.000459615989453
ATTN	1067623	2662290	2674943	7596	6418	23.7463448631	0.00284506529492	0.0023935605836	0.000451504711324
NTAT	599080	854451	854300	2470	2082	7.97866479686	0.00288241273116	0.00243115805797	0.000451254673192
NNTG	366966	1519074	1536577	5719	5100	10.1698246208	0.00375067304218	0.00330808593499	0.000442587107185
NCAA	94689	358653	354510	520	365	6.24337027195	0.00144777029454	0.00102853117295	0.00041923912159
NNCT	331406	1802029	1803361	5002	4246	14.4723382478	0.00276807647461	0.00234896191484	0.000419114559774
CTNN	532063	2663070	2647207	6485	5353	23.0755580444	0.00242924382528	0.00201805048708	0.000411193338205
NTAA	879363	2265699	2242427	4360	3397	24.8759274522	0.00192065492571	0.00151258513579	0.000408069789919
NNGT	107688	510930	517354	1226	1035	4.74437370392	0.00239380188849	0.00199657014327	0.000397231745216
NCTN	243340	1179101	1171313	2646	2164	10.6774217311	0.0022390579371	0.00184409238528	0.000394965551826
TNTN	8758923	20380659	20627457	79080	72329	85.2637125892	0.00386515194549	0.00349419071289	0.000370961232597
NTCN	1053123	4745379	4710534	13179	11411	25.882834864	0.00276953648563	0.00241658892681	0.000352947558824
CNNT	433228	1948749	1952888	4325	3670	12.8707241784	0.00221445782392	0.00187574301401	0.000338714809915
CNTN	375008	1595477	1589170	3908	3367	9.12480358739	0.00244343919694	0.00211423659231	0.000329202604636
ANNT	6691232	17022344	17103135	46174	41207	67.6691614256	0.00270521436015	0.00240353348061	0.000301680879537
ATNN	4356945	10258631	10230846	27556	24521	37.7377392367	0.00267893243629	0.00239104071068	0.000287891725602
NTAN	1064436	2013287	2007629	5160	4708	4.95531181616	0.00255642085227	0.00233956837249	0.000216852479775
ANTN	833781	2041692	2045457	5493	5071	4.54552530989	0.00268319668227	0.00247302158273	0.00021017509954
