#Sequence	Occurrence	Forward Match	Backward Match	Forward Mismatch	Backward Mismatch	Strand Bias Score	FER (Forward Error Rate)	RER (Reverse Error Rate), ERD (Error rate Difference)
GGGT	1964	21341	23090	321	147	17.8917746832	0.0148185763087	0.00632611782932	0.00849245847942
AGGT	6133	73106	73446	826	287	57.8905927974	0.0111724287183	0.00389242266014	0.00728000605814
NGGT	15225	174063	175525	1791	712	103.486880676	0.0101845849398	0.00404001429893	0.00614457064085
CCGT	868	9288	9161	86	28	6.81441165993	0.00917431192661	0.00304712155839	0.00612719036822
AAGT	11922	126197	126548	1201	485	67.1748916505	0.00942714956279	0.00381790558359	0.0056092439792
TGGT	6409	71790	71007	582	231	32.8944229458	0.0080417841154	0.00324265139392	0.00479913272148
NAGT	27274	301823	299890	2324	986	116.244110216	0.00764104199614	0.00327709754184	0.0043639444543
ANGT	46938	470572	470776	3346	1521	149.359302118	0.00706029313088	0.00322043121172	0.00383986191916
GGGN	6047	62259	64710	542	316	15.6918220976	0.00863043582109	0.00485959462369	0.0037708411974
GAGT	2631	28387	27497	202	98	7.81054012117	0.00706565462241	0.00355136800145	0.00351428662096
TAGT	10113	118524	117396	718	301	37.0746663494	0.00602136830982	0.0025574143776	0.00346395393223
CAGT	2608	28715	28449	203	102	7.74303522161	0.00701984922885	0.00357255437638	0.00344729485247
GGGA	2314	23186	23593	190	115	4.91501330589	0.0081279945243	0.00485068331365	0.00327731121065
GNGT	11685	117229	116870	854	476	23.937574494	0.0072322010789	0.00405638027713	0.00317582080177
AGGN	17347	190274	190985	1287	693	40.0715627246	0.00671848653954	0.00361543839147	0.00310304814807
NNGT	107688	1114206	1107472	6967	3495	245.992225663	0.00621402762999	0.00314590802427	0.00306811960572
TTTC	25405	247543	253699	1823	1152	37.4370362474	0.00731053952824	0.00452028832534	0.00279025120291
NGGN	42528	461875	464528	2947	1664	79.9885484273	0.00634006135682	0.0035693448193	0.00277071653752
CCGN	2248	24964	24615	130	61	5.82915855525	0.00518052124014	0.00247203760739	0.00270848363275
TGGN	16886	184557	183932	992	537	29.981815321	0.00534629666557	0.00291105822659	0.00243523843899
TNGT	41069	439124	433465	2273	1209	68.5858809791	0.00514955924032	0.00278139479242	0.0023681644479
CNGT	7996	87281	86361	494	289	11.9859329228	0.00562802620336	0.00333525678015	0.00229276942321
NCGT	8867	93211	92608	518	313	11.4912533063	0.0055265712853	0.00336845277171	0.00215811851359
ATGT	25243	233479	233110	1090	599	31.7649433529	0.00464682033858	0.00256301640074	0.00208380393784
CCTA	5026	59835	60232	378	255	6.06078179519	0.00627771411489	0.00421578190355	0.00206193221134
ACGT	3640	37790	37672	229	150	4.13607134594	0.0060233041374	0.00396594574586	0.00205735839154
AAGN	47162	496018	489312	2220	1183	66.5762956405	0.00445570189347	0.00241184925432	0.00204385263915
AAAC	15223	147581	150904	858	600	12.0253519853	0.00578015211636	0.00396029147745	0.0018198606389
NAGN	96658	1045170	1029308	4177	2256	119.250072018	0.00398057077401	0.00218697046427	0.00179360030975
TTNC	51742	517766	525565	2439	1554	46.503350133	0.00468853625013	0.00294810090321	0.00174043534692
CCNA	14014	156247	156901	755	483	14.0714522781	0.00480885593814	0.00306892695573	0.00173992898241
CCAA	5848	62537	63380	203	96	9.35470436054	0.0032355753905	0.00151238263281	0.00172319275769
ANGN	135984	1415904	1404281	5936	3567	124.991194822	0.00417487199685	0.00253365420131	0.00164121779554
TAGN	28642	319923	315491	1133	604	34.3743902407	0.00352897936809	0.0019108179503	0.00161816141779
CAGA	4146	46665	46092	154	79	5.68645734797	0.00328926290609	0.00171103073358	0.00157823217251
CAGN	9988	112043	111866	399	226	11.1334098254	0.00354849611355	0.00201620097777	0.00153229513578
NTGT	56322	545109	539449	2334	1484	40.1849173829	0.00426345756545	0.00274340814851	0.00152004941693
TNTC	51342	521611	530580	2299	1536	36.8390917809	0.00438815827146	0.00288658863857	0.00150156963289
NGGA	17997	191496	190423	994	701	11.4722301124	0.00516390461842	0.00366777589418	0.00149612872424
GAGA	4677	50165	47431	178	97	4.87619567239	0.00353574479074	0.00204090220502	0.00149484258572
GAGN	10866	117186	112639	425	243	10.0478644593	0.00361360757072	0.00215269042008	0.00146091715064
CGAA	3743	40781	40772	121	62	4.73040777907	0.00295829054814	0.00151834255767	0.00143994799047
AAGA	23016	244533	236738	847	483	20.0625340774	0.00345178906186	0.00203607606409	0.00141571299777
TTAA	43972	394007	394195	1154	597	39.5329425398	0.00292032867616	0.00151218869683	0.00140813997933
TNGN	97916	1049494	1037957	3958	2457	73.7453226863	0.00375717166041	0.00236155991749	0.00139561174291
AGGA	7852	82964	81757	395	275	4.96306773531	0.00473854052952	0.00335235030232	0.0013861902272
TGGA	6904	75065	74790	358	253	4.48472883008	0.00474656271959	0.00337140039711	0.00137516232249
CNAA	40626	427615	435215	1124	553	45.4497738917	0.0026216416048	0.00126902388427	0.00135261772053
CAAA	20971	206180	211082	488	219	24.5297605929	0.00236127508855	0.00103643617399	0.00132483891456
GNGN	34808	369116	362374	1589	1077	20.2799583589	0.00428642721301	0.00296326052205	0.00132316669096
NAGA	42302	449762	435302	1477	856	32.6219544182	0.00327320998407	0.00196259153793	0.00131061844614
TGAA	21032	218803	216403	622	331	19.5020061899	0.00283468155406	0.00152721769542	0.00130746385864
GAAA	25405	253621	250811	587	255	28.5671488944	0.00230913267875	0.00101566918659	0.00129346349216
ACGN	8867	93116	92747	384	264	5.40772372144	0.00410695187166	0.00283837395577	0.00126857791589
NCAA	44262	449291	456489	1244	695	36.6816509913	0.00276116172994	0.00152017568419	0.00124098604575
NCGN	21204	228166	226638	894	606	12.4384804776	0.00390290753514	0.00266673707557	0.00123617045958
TNAA	142690	1279569	1293200	3267	1699	112.247638912	0.00254670121512	0.00131207144341	0.00123462977171
AAAA	139290	1083220	1117816	2704	1423	96.4283448842	0.00249004534387	0.0012713995849	0.00121864575898
NTTC	55366	560408	573691	2536	1896	24.4170710702	0.00450488858572	0.00329402853087	0.00121086005485
AGAA	22352	229127	221855	576	289	19.617998618	0.00250758588264	0.00130095793719	0.00120662794545
NAAA	249835	2070511	2121675	4903	2465	189.448682702	0.00236242022074	0.00116046964889	0.00120195057184
ACAA	20969	206630	211390	548	306	16.9900042596	0.00264506849183	0.00144546897438	0.00119959951745
NGAA	55366	572761	563072	1544	841	43.4646282217	0.00268846692959	0.00149136480273	0.00119710212687
TCAA	13517	139269	140636	367	203	11.3968812719	0.00262826205277	0.00144136212271	0.00118689993006
CTAA	10064	118117	119981	312	176	9.46405428993	0.00263448986312	0.00146475028504	0.00116973957808
GNGA	12931	141040	136800	590	412	6.46877537353	0.00416578408529	0.0030026528292	0.00116313125609
TTGT	20969	210322	206784	817	566	9.79895684423	0.00386948882016	0.00272968410899	0.00113980471117
NNAA	499643	4443524	4500599	11247	6244	9223372036854775807	0.00252470890198	0.00138544874982	0.00113926015216
ANAC	43480	413931	417564	1555	1102	18.5663593948	0.00374260504566	0.00263216979645	0.00111043524921
TTAC	14170	145485	146531	381	221	10.2733178108	0.00261198634363	0.00150594199738	0.00110604434625
TNGA	33848	357778	352039	1342	936	15.2131938561	0.00373691245266	0.00265174587435	0.00108516657831
ATAC	18153	161085	160824	505	329	8.78110146203	0.00312519339068	0.00204153816559	0.00108365522509
TAAA	64169	527490	541966	1124	568	44.0479763826	0.00212631523191	0.00104693899369	0.00107937623822
GNAA	51742	524801	521485	1295	725	35.1576618533	0.00246152793407	0.00138833036518	0.00107319756889
NCGA	8126	89969	88860	330	231	4.16971277642	0.00365452552077	0.00259285449709	0.00106167102368
ANAA	264585	2211539	2250699	5561	3267	139.453688871	0.00250823147355	0.00144944511142	0.00105878636213
CNGN	24472	273707	273377	962	671	12.0340079436	0.00350239743109	0.00244847617936	0.00105392125173
CANA	59465	571460	577057	1579	985	32.1591162252	0.00275548435621	0.001704028427	0.00105145592921
TTGA	13517	140589	138786	556	402	5.66018864848	0.00393921144922	0.00288818001552	0.0010510314337
NNGA	115514	1243768	1220534	4447	3125	45.9045300047	0.00356268751778	0.00255381605496	0.00100887146281
AANA	268409	2247484	2293010	5754	3554	123.823339721	0.00255365833525	0.00154752926546	0.00100612906979
CNGA	9383	106659	106016	383	274	4.43946487671	0.00357803479008	0.00257785304356	0.00100018174652
NTAA	150180	1350961	1359363	3556	2243	67.4352858561	0.00262529004804	0.00164731941545	0.000977970632584
CNNA	112020	1150164	1161000	3754	2655	44.2440368915	0.00325326409676	0.00228160408368	0.000971660013071
GANA	51342	530515	524928	1259	745	28.4490230899	0.00236754711588	0.00141723086405	0.000950316251826
ATGN	62608	636496	631237	2045	1427	23.7601143119	0.00320261345787	0.00225554164612	0.000947071811749
ANGA	59352	638291	625679	2132	1503	21.9526942492	0.00332904970621	0.00239643357112	0.000932616135093
AANC	34428	351797	357021	1199	882	12.388980521	0.0033966390554	0.0024643548671	0.000932284188299
TTGN	44262	455347	449270	1536	1096	15.6212330271	0.0033619110363	0.00243357624687	0.00092833478943
GTAA	14170	146275	145549	357	221	7.54388067506	0.00243466637569	0.00151608698635	0.00091857938934
GGNT	13575	147661	150236	624	497	4.28152932862	0.00420811275584	0.0032972209138	0.000910891842041
TNNC	113988	1186711	1199672	3589	2530	43.3951077451	0.00301520625053	0.0021044716279	0.000910734622629
NANA	628408	5067323	5114596	13479	8955	208.376944442	0.00265292762835	0.00174781123483	0.00090511639353
AGNT	30987	343670	340088	1441	1119	8.88751378693	0.0041754681827	0.00327953412445	0.000895934058254
TAGA	10463	108399	105041	298	197	4.45980551874	0.00274156600458	0.00187194739543	0.000869618609154
CATA	26132	239277	239121	655	449	9.11566405003	0.00272994014971	0.00187419125934	0.000855748890369
NTNC	127677	1291115	1306751	4098	3045	37.5633539109	0.00316395836052	0.00232478950921	0.000839168851311
NTAC	41821	410244	412522	1053	714	15.4332271595	0.00256019372862	0.00172782623005	0.000832367498572
NTGN	132790	1373010	1357515	4427	3246	37.6625293729	0.00321394009309	0.00238542991752	0.000828510175562
TTNA	142690	1289212	1276150	6729	5621	20.1517314751	0.00519236601049	0.00438533872275	0.000807027287738
NAAC	39448	409781	414943	1475	1169	9.36852706231	0.0035865738129	0.00280933979313	0.000777234019772
AATA	84370	702211	717935	1628	1108	25.0260471051	0.00231302897396	0.00154093705105	0.000772091922903
CNTA	46770	463511	464693	1654	1306	9.91402413322	0.00355572753754	0.00280258112142	0.000753146416122
AGNA	46375	486805	477826	1386	1004	12.6365095098	0.0028390527478	0.00209677756197	0.000742275185824
NNTC	115514	1222610	1246477	3534	2707	28.4172643157	0.00288220633139	0.00216701462715	0.000715191704245
ATAA	81974	692562	699638	1733	1249	19.0952393725	0.0024960571515	0.0017820276307	0.000714029520797
TANA	249192	1717864	1719601	4887	3671	38.8503348117	0.00283674193194	0.00213024989671	0.000706492035237
ANNA	541469	4883289	4934148	13473	10124	112.008849821	0.00275141001339	0.00204762197549	0.000703788037903
NATA	279949	2006285	2012067	5606	4236	43.3509844058	0.00278643326105	0.00210087471972	0.000685558541324
NCNA	97916	1038566	1050524	3526	2844	18.5507786811	0.00338357841726	0.00269991114216	0.000683667275096
CTNA	30024	332552	337306	1130	924	5.88126107961	0.00338645776518	0.00273186884664	0.000654588918535
TNNA	481062	3908375	3895619	14642	12041	54.2953663096	0.00373233151934	0.00308138374372	0.000650947775614
GNNA	113988	1197891	1190028	3444	2673	20.9935535616	0.00286681067313	0.00224113168346	0.000625678989661
NNAC	107686	1108634	1121139	2956	2289	21.0594784875	0.00265925386159	0.00203751375255	0.000621740109035
ACNA	41069	433606	441193	1249	999	7.80933589027	0.00287222177507	0.00225919962369	0.000613022151382
TNAC	36208	388329	392458	853	625	8.98021418786	0.0021917765981	0.00158999498834	0.00060178160976
TATA	152778	886847	877018	2935	2389	11.7539253132	0.00329856077107	0.00271660334748	0.000581957423582
NTGA	47089	512541	505949	1646	1337	6.88436179066	0.00320117000235	0.00263559412245	0.000565575879906
NTNA	394538	3728730	3723924	14153	12176	32.7223269192	0.00378130975507	0.00325901340971	0.000522296345369
ANNC	99360	998058	1004960	2566	2060	13.698219098	0.00256439981452	0.00204563960994	0.000518760204578
AGNN	96658	1046120	1030545	3126	2554	11.5972340138	0.00297928226555	0.00247217352838	0.000507108737167
NTCC	17997	190890	192487	277	183	5.01133816619	0.0014489948579	0.000949810556911	0.000499184300988
NGNT	103207	1121078	1114944	3807	3228	10.5349482247	0.00338434595536	0.00288685461628	0.00049749133908
TGAN	47089	512542	508617	1202	946	6.97987928434	0.0023396866922	0.00185649272023	0.000483193971972
NGNA	127677	1305100	1291751	4155	3518	10.9815254629	0.00317356053634	0.00271603813571	0.000457522400628
NANC	103205	1114033	1124929	2512	2030	13.0548391556	0.00224979736598	0.00180130776719	0.000448489598796
ATNC	44990	434320	435314	1016	830	4.86655154147	0.00233382950181	0.0019030411974	0.000430788304407
NGAN	115514	1243907	1226160	2997	2450	11.1630142843	0.00240355312037	0.00199412344031	0.000409429680058
NATC	38797	426054	431063	669	513	5.59776954171	0.00156776175646	0.00118866665431	0.000379095102147
NNTA	500592	4092040	4088865	15125	13683	16.3846521921	0.00368258884169	0.00333524434083	0.000347344500861
ANTA	166579	1492071	1511073	4278	3817	7.85646723764	0.00285895870549	0.00251965489243	0.000339303813055
ATNA	185616	1715394	1722119	5084	4567	7.26615457727	0.00295499274039	0.0026449510797	0.000310041660691
TNTA	249192	1727315	1703999	8037	7422	4.35450962062	0.00463133704286	0.00433674706574	0.000294589977117
NNCC	42528	465797	465312	598	462	4.4349958948	0.00128217498044	0.000991897357946	0.000290277622489
