#Sequence	Occurrence	Forward Match	Backward Match	Forward Mismatch	Backward Mismatch	Strand Bias Score	FER (Forward Error Rate)	RER (Reverse Error Rate), ERD (Error rate Difference)
GGGT	2120	181293	194064	2547	985	173.840525006	0.0138544386423	0.00505001307364	0.00880442556866
GAGT	3017	234480	236791	2216	777	153.658092081	0.00936221989387	0.00327064251078	0.0060915773831
AAGT	13735	1114327	1129845	9322	3395	9223372036854775807	0.00829618501863	0.00299583495111	0.00530035006752
AGGT	8132	714302	716178	5897	2147	9223372036854775807	0.00818801470149	0.00298889778304	0.00519911691846
NGGT	18386	1522052	1544611	12487	4564	9223372036854775807	0.00813729725996	0.00294608420611	0.00519121305385
CCTG	2382	199511	196425	3086	2062	41.4630182899	0.0152322097563	0.0103885896809	0.00484362007538
TTTG	22461	1647302	1692387	21799	14365	9223372036854775807	0.0130603240906	0.00841657135893	0.0046437527317
GNGT	12785	980437	998434	7321	2804	9223372036854775807	0.00741173445318	0.00280053294022	0.00461120151296
CGGT	865	64469	65466	458	174	29.4898788124	0.00705407611625	0.0026508226691	0.00440325344715
TGGT	7269	561988	568903	3585	1258	249.367811418	0.00633870428751	0.00220639433423	0.00413230995328
NAGT	31482	2570985	2592590	16782	6507	9223372036854775807	0.00648512791144	0.00250356181397	0.00398156609747
TTTC	27847	2070635	2110306	29857	22422	259.627723815	0.0142142888428	0.0105132956476	0.00370099319516
ANGT	52427	4109164	4127059	24001	8971	9223372036854775807	0.0058069300403	0.00216898813597	0.00363794190433
GGGN	6654	524297	530339	4144	2529	89.6789106617	0.00784193505046	0.00474601589887	0.00309591915159
NNGT	120849	9410351	9494939	47420	19496	9223372036854775807	0.00501386637507	0.00204909697738	0.00296476939769
GTGT	6901	508482	511552	2358	922	139.266563462	0.00461592670895	0.00179911566245	0.0028168110465
AGGN	20922	1715693	1718401	9273	4866	9223372036854775807	0.00537575813088	0.00282370636703	0.00255205176385
TAGT	11742	984175	986008	4156	1703	224.761121335	0.00420506894957	0.00172418855313	0.00248088039644
CCNG	5031	406444	408011	3459	2461	38.2451476301	0.00843858181082	0.00599553684539	0.00244304496543
NGGN	49057	3886641	3901570	20442	11184	9223372036854775807	0.00523203627873	0.00285834478733	0.0023736914914
ATGT	26558	1954843	1956405	7369	2742	9223372036854775807	0.00375545557768	0.00139958869855	0.00235586687913
ACGT	4002	325692	324631	1413	687	54.9618499427	0.00431971385335	0.00211177985848	0.00220793399487
TTNC	57108	4325339	4381202	39727	30988	258.991849356	0.00910112241144	0.00702326962347	0.00207785278796
TTNG	44110	3431019	3495304	26356	19579	245.244709558	0.00762312448028	0.00557031343575	0.00205281104452
TNGT	46615	3622053	3665317	13522	6263	9223372036854775807	0.00371935663547	0.00170580513022	0.00201355150525
TGGN	18896	1450804	1456594	6215	3297	197.713016848	0.00426555865092	0.00225838778375	0.00200717086717
TNTC	56311	4226247	4254026	38152	29841	232.285755033	0.00894662999405	0.00696590253619	0.00198072745786
CAGT	2988	238003	239946	1088	632	27.9968732756	0.00455056861195	0.00262700662571	0.00192356198624
NTGT	61078	4542533	4582438	15368	6920	9223372036854775807	0.00337172746841	0.00150783617229	0.00186389129612
GAGN	13458	1041618	1039229	4045	2120	130.532168916	0.00386835911761	0.00203582084392	0.00183253827369
NTTG	48958	3674681	3730680	31472	25027	181.652881733	0.00849182427169	0.00666372536516	0.00182809890653
GNGN	39578	3059767	3061859	12939	7767	281.892414199	0.00421094631247	0.00253027567528	0.00168067063719
GGGA	2615	198764	191873	1280	912	11.574191964	0.00639859230969	0.00473065850559	0.0016679338041
NCGT	9903	774781	775300	2783	1505	83.9275025887	0.00357912660566	0.00193742316283	0.00164170344283
CGGN	2585	195847	196236	810	492	17.8884099845	0.00411884651957	0.00250091496889	0.00161793155068
CNGT	9022	698697	704129	2576	1458	70.2060421658	0.00367331980555	0.00206636460139	0.00160695520416
AAGN	54131	4262000	4279623	15907	9117	9223372036854775807	0.00371840715565	0.00212579918577	0.00159260796987
TTCC	9423	700670	718435	2497	1467	64.8960710339	0.00355107677124	0.00203777736414	0.0015132994071
ANGN	152471	11860936	11839688	40868	23568	9223372036854775807	0.00343376516703	0.00198663840686	0.00144712676017
GAGA	5482	423638	418421	1078	458	53.7132661706	0.00253816668079	0.0010933945125	0.0014447721683
NTTC	63577	4807824	4864491	44608	38137	127.340982462	0.00919291604705	0.00777888919983	0.00141402684721
GCGT	747	56182	56027	200	120	4.93584606237	0.0035472313859	0.00213724686982	0.00140998451608
NAGN	112458	8959271	8970204	29313	16955	9223372036854775807	0.00326113657057	0.00188658062019	0.00137455595037
TTGA	15104	1155397	1157778	4145	2640	74.2157115473	0.00357468724721	0.00227504226925	0.00129964497795
TCGT	4131	316147	318069	902	496	27.0963600255	0.00284498610625	0.00155698209157	0.00128800401468
TNGN	109742	8558504	8601729	27325	16975	9223372036854775807	0.00318256979029	0.00196955365911	0.00121301613118
TNCC	20430	1549163	1565391	4706	2851	104.198785908	0.00302856933242	0.00181795921803	0.00121061011439
TACC	6848	541772	532675	1693	1020	34.8292502002	0.00311519601078	0.00191120396481	0.00120399204597
TTGT	23473	1759743	1792337	4879	2806	130.921450686	0.00276489809149	0.00156310667172	0.00120179141976
GTGN	17261	1321749	1322758	4294	2728	77.1682273965	0.00323820569921	0.0020581130242	0.00118009267501
TAGN	32673	2685243	2674004	7250	4169	178.779932849	0.0026926718101	0.00155665821439	0.00113601359572
NTCC	20517	1557181	1578013	4295	2572	100.017789957	0.00275060263494	0.00162724560843	0.00112335702651
GNGA	14489	1138317	1118524	3715	2390	58.57030997	0.00325297364697	0.00213218855327	0.0011207850937
ATCC	6328	479503	479562	1098	582	35.434670311	0.00228463944103	0.00121213635909	0.00107250308194
NGGA	20517	1580735	1566520	5433	3715	67.8023686096	0.00342523616666	0.0023658879085	0.00105934825816
ACGN	9903	777361	770769	2147	1318	42.5955239625	0.00275430143116	0.00170706150991	0.00104723992125
TTGN	48958	3702216	3750257	12176	8467	156.299703459	0.0032780600432	0.00225262615717	0.00102543388603
ATGN	67515	5105882	5070895	13541	8267	270.112199205	0.00264502464438	0.00162763069971	0.00101739394467
AATC	11356	865953	863050	3657	2762	27.434660225	0.00420533342533	0.00319006897571	0.00101526444962
TGGA	7778	598671	596041	1926	1310	25.8586951698	0.00320680922482	0.00219301549675	0.00101379372807
ATAC	19689	1429530	1406839	10374	8781	24.427986285	0.00720464697647	0.00620293581611	0.00100171116036
NTGN	145929	11105488	11117525	32021	20996	9223372036854775807	0.00287505940511	0.00188498993717	0.000990069467941
NCTG	12196	967723	967896	5248	4283	22.2019303499	0.00539378871518	0.00440556728751	0.000988221427677
CTGT	4146	319465	322144	762	450	18.9245868489	0.00237956199821	0.00139494224939	0.000984619748817
CCCC	1370	103093	103955	230	130	6.91749397412	0.00222602905452	0.00124897919969	0.000977049854826
TNNC	126299	9749144	9771570	58393	49104	179.502061313	0.00595389036004	0.00500006415038	0.000953826209653
AGNT	36531	2981200	2994085	10396	7578	99.6577516476	0.0034750681576	0.00252460052977	0.000950467627826
AGGA	9053	700246	696483	1953	1286	30.058863606	0.00278126286138	0.00184301681502	0.000938246046362
NTNC	145022	10997176	11049195	72089	62161	170.247194479	0.00651253719195	0.00559436670016	0.000918170491788
TNGA	38162	2941745	2931500	7931	5206	121.798316441	0.00268876988523	0.00177273448551	0.000916035399726
GGNT	15369	1226369	1249490	4559	3493	36.152661782	0.00370370972145	0.0027877473198	0.00091596240165
TTAA	47358	3616527	3631542	8123	4860	182.152347658	0.00224104396287	0.00133648590007	0.000904558062792
AAAC	16473	1250764	1235274	12370	11094	12.6532197575	0.00979310191951	0.00890106292844	0.000892038991066
TCGN	9215	720241	720874	1684	1042	33.9804451536	0.00233265228382	0.00144338122441	0.000889271059416
NCGN	23908	1866554	1858065	4748	3094	75.2438735557	0.00253727084137	0.00166240498528	0.000874865856091
NNCC	49058	3889997	3889482	9729	6323	157.947572373	0.00249479065965	0.00162302784662	0.000871762813032
ANCC	15369	1238396	1214496	3266	2153	46.119363459	0.00263034545633	0.00176961473687	0.00086073071946
AACC	5808	484224	470997	1368	927	16.7665944581	0.00281717985469	0.00196429933633	0.000852880518359
TCTC	5482	416044	421930	1561	1229	10.464026495	0.00373798206439	0.00290434564785	0.000833636416538
NNTC	131312	10108587	10140870	61158	52856	137.777852798	0.00601372010803	0.00518515016001	0.000828569948016
TATT	89957	6587745	6591664	15196	9832	251.389473522	0.0023013987252	0.00148935938157	0.000812039343634
NACC	18386	1541568	1521475	3761	2473	55.2776974829	0.00243378594461	0.0016227587818	0.000811027162815
TNTG	63984	4716997	4740828	35955	32258	48.5527478104	0.00756477237725	0.00675831108009	0.000806461297166
AANC	37706	2909656	2874632	18585	16081	33.9328920238	0.00634681366732	0.00556298740138	0.00078382626594
ANAC	47334	3564968	3524100	25906	22811	36.2393741293	0.00721439961413	0.00643122987862	0.000783169735515
TTTN	266742	19424790	19768627	108559	94974	252.3693524	0.00555762352887	0.00478130828343	0.000776315245441
CTTC	11557	908389	917378	3443	2786	17.4239882402	0.00377591486151	0.00302772114536	0.000748193716149
TCGA	3266	263375	261039	569	370	9.58058619141	0.00215576031279	0.00141540650857	0.000740353804219
GTGA	5513	444399	438651	1176	850	11.3440682546	0.00263928631544	0.00193401152671	0.000705274788726
NCCC	6654	529492	526439	1186	817	15.2082456447	0.00223487689333	0.00154953191618	0.000685344977148
TCCC	2615	191114	198478	331	211	7.54060464347	0.00172895609705	0.00106196115537	0.000666994941678
ACAC	6901	507623	502407	2181	1822	6.98657563296	0.00427811472644	0.00361343754524	0.000664677181202
NTNG	109744	8514919	8572015	44251	38855	85.0674257992	0.00517001064356	0.00451231989334	0.000657690750211
ACTG	2988	238314	237294	776	617	4.47282731468	0.00324563971726	0.00259340677816	0.000652232939096
NNGA	131315	10235174	10175054	22929	16195	244.230681019	0.00223520859559	0.00158910845962	0.000646100135965
CNGN	29561	2338747	2344088	5392	3919	52.4487432041	0.00230020489399	0.0016690750922	0.000631129801798
NTGA	52076	4064817	4034651	9837	7292	79.1954834554	0.00241419271428	0.00180408283838	0.0006101098759
AATA	89957	6605331	6592763	12902	8879	160.882155229	0.00194946294577	0.00134496841846	0.000604494527311
ATNC	49234	3644954	3617953	20187	17835	28.8943211609	0.00550783721554	0.00490540152506	0.000602435690478
ANNC	108835	8312659	8234394	44499	39082	66.4998905209	0.00532465701857	0.00472377027503	0.000600886743537
CCGN	2585	196849	196889	461	344	4.35971336789	0.00233642491511	0.00174413003909	0.000592294876017
TAGG	5780	529429	526398	1055	738	12.6539643044	0.00198874989632	0.00140001821162	0.000588731684702
CAGN	12196	970410	977348	2111	1549	20.5932571241	0.00217064721482	0.00158239324464	0.000588253970174
GTCC	2165	180116	180675	333	231	4.74061337254	0.0018453967603	0.0012769062386	0.000568490521704
NCTC	13458	1039636	1044624	2837	2256	15.9381475239	0.00272141340831	0.00215497478221	0.000566438626099
CATC	9076	710230	705710	1521	1115	13.9248220004	0.00213698329893	0.0015774767446	0.000559506554337
NGNT	116117	9157920	9221845	24597	19608	131.044818786	0.00267867731691	0.00212174427549	0.000556933041411
NAGA	49507	3862400	3856384	6235	4096	96.6490097025	0.00161167957174	0.00106100795756	0.000550671614176
ACNC	12785	993167	975304	3354	2759	11.2149617451	0.00336570930266	0.00282088168145	0.000544827621218
AAAA	147910	10866342	10828905	12824	6950	9223372036854775807	0.00117876682827	0.000641389165876	0.00053737766239
CNGA	11434	918719	910382	1766	1271	17.5008999659	0.00191855380587	0.00139417080841	0.000524382997463
CNTC	25501	2002680	2009227	5641	4606	24.4535215012	0.00280881392965	0.00228718071459	0.000521633215058
NATC	42461	3257456	3229458	11392	9604	30.8355502375	0.00348501979902	0.00296505593286	0.000519963866164
CACC	2902	224230	225973	393	282	4.82888910582	0.00174959821568	0.00124638129544	0.000503216920236
CTTA	13800	1170477	1163866	4869	4252	9.15870837559	0.00414260992082	0.00364004321481	0.000502566706011
CTGA	4403	368082	362952	812	621	5.68931469488	0.00220117432108	0.0017080476273	0.00049312669378
CTGN	12195	975641	973615	2010	1534	14.5889980584	0.00205594839058	0.00157309293246	0.000482855458116
TTNN	541373	40226642	40765588	156913	139192	284.957801585	0.00388556678579	0.00340282969374	0.000482737092045
CNCC	7207	549086	554703	1012	754	9.59482918771	0.00183967220386	0.00135744081	0.000482231393862
CATA	27748	2074878	2052535	4312	3286	28.7685143029	0.00207388454158	0.00159838818652	0.000475496355056
CAGA	5021	395147	393448	532	343	9.49361138274	0.00134452422292	0.000871020414382	0.000473503808536
AANA	288630	21424627	21351802	31505	21290	9223372036854775807	0.00146834480698	0.000996112307943	0.000472232499033
CCTN	20922	1736037	1727355	8117	7263	10.247936853	0.00465383217308	0.00418708903055	0.000466743142523
NTAC	47050	3583271	3557420	18995	17223	17.0801238244	0.00527306978441	0.00481810351411	0.000454966270295
TTGG	6064	457234	466582	1150	961	5.27394879649	0.00250881357115	0.00205542591804	0.00045338765311
AAGA	26990	2119313	2127873	3334	2409	34.2431721942	0.00157068038162	0.00113083619915	0.000439844182467
TNAA	154547	11694196	11684505	16483	11338	206.947162958	0.00140751872714	0.000969404257564	0.000438114469574
TTNA	154547	11581251	11652209	68112	63388	44.371596654	0.0058468432995	0.00541056507833	0.00043627822117
NCGA	9215	727222	717499	1424	1092	9.40346302228	0.00195430977457	0.00151964051874	0.000434669255831
TAGA	12014	924302	916642	1291	886	16.5713980071	0.00139478150764	0.000965638105867	0.000429143401772
TATC	17967	1362784	1342101	5497	4839	7.85603926787	0.00401744963206	0.0035925876431	0.000424861988954
TNGG	15208	1241801	1249418	2455	1950	14.1732569339	0.0019730666358	0.00155829460239	0.000414772033418
ANGA	67230	5236393	5214648	9517	7328	60.9750494659	0.00181417523366	0.00140330020667	0.000410875026993
ANTC	34398	2628850	2627420	12038	10973	11.4608398521	0.00455831523336	0.00415897101	0.000399344223356
NAAA	266742	19793161	19722785	21306	13464	9223372036854775807	0.00107527494936	0.00068219650046	0.000393078448899
CTNC	21200	1663715	1679062	5059	4448	10.6642337945	0.00303156688683	0.00264209894803	0.000389467938797
TTCA	23561	1813467	1833801	6504	5899	8.79635360135	0.00357368331693	0.00320650105996	0.000367182256977
NATT	175776	13081459	13122181	24266	19740	105.378431932	0.0018515572393	0.00150206351111	0.000349493728187
CCAA	6064	472234	464949	544	374	7.03136797744	0.00115064575763	0.000803742776523	0.000346902981105
CNTA	50605	4036560	4003562	13796	12304	16.9180547373	0.0034061203509	0.00306384724988	0.000342273101019
CTNA	34199	2922547	2900305	8193	7154	14.5382139049	0.00279553969305	0.00246056780164	0.000334971891403
GNCC	6052	553352	554892	745	565	6.22562770328	0.00134452992888	0.00101718044781	0.000327349481064
GTNT	47334	3583746	3613282	8652	7536	19.7517018113	0.00240841911169	0.00208129765153	0.000327121460166
CGAA	4149	324363	322205	359	256	4.25047494801	0.00110556106454	0.000793894455454	0.000311666609088
TGNT	55492	4261560	4291837	8521	7297	23.5241124515	0.0019955124973	0.00169731857625	0.000298193921051
GGAA	9423	721404	710637	774	561	7.48236723	0.00107175793225	0.000788809867294	0.000282948064961
ATNT	293634	20391437	20383432	38804	33018	101.944060775	0.00189934127551	0.00161722532566	0.000282115949858
AGNN	112458	8972523	8989467	22383	19882	34.257674976	0.00248840843918	0.00220681871687	0.000281589722308
TCAA	15104	1166151	1161444	1313	989	10.4793009419	0.00112465994669	0.000850801723626	0.000273858223062
GANA	56311	4331412	4294981	5776	4606	27.5917533664	0.00133173844436	0.00107126568203	0.000260472762327
NCNC	39578	3054702	3055337	7865	7089	9.64578055028	0.00256810708141	0.00231483144409	0.000253275637322
NNAA	541373	40839281	40636066	54529	44059	231.529103642	0.00133342919136	0.0010830596022	0.00025036958916
TNTN	672719	48287490	48494181	186993	175582	89.9847441667	0.00385755532452	0.00360761978644	0.000249935538083
AATN	175776	13074450	13077810	29613	26469	39.5662005635	0.00225983345776	0.00201987457685	0.000239958880914
ATGA	27056	2096939	2075270	3704	3181	8.32217517163	0.00176326962744	0.00153046667927	0.00023280294817
NANA	672719	48792764	48465145	81510	69755	182.786312121	0.00166774855827	0.00143721322183	0.000230535336444
CTTN	54132	4294016	4306509	11145	10187	10.8484854897	0.00258875335905	0.00235990674349	0.000228846615559
NANC	116116	9152773	9058343	39929	37436	13.1991717561	0.00434355426729	0.00411575523108	0.000227799036207
CNAA	44110	3537785	3500857	4063	3224	20.1156520929	0.00114714126637	0.000920070055458	0.000227071210909
TAAA	68524	5074294	5072525	4866	3717	34.42077096	0.000958032430559	0.000732234594017	0.000225797836543
ATAT	174918	11579666	11559069	26727	24115	29.2116062553	0.002302782613	0.0020818973436	0.000220885269399
CAAA	22461	1714921	1695538	1645	1255	11.3288065608	0.000958308623146	0.000739630585463	0.000218678037683
NCAA	48958	3778738	3733740	4942	4070	17.1037647842	0.00130613582544	0.00108887289616	0.000217262929279
CANA	63984	4841967	4790477	7552	6444	17.5502137398	0.0015572678445	0.00134336171056	0.000213906133938
TGAA	23561	1837224	1818994	2181	1772	9.17257897564	0.00118570950933	0.000973216767009	0.000212492742316
TNTT	288630	21240568	21495226	26320	22077	93.4004558738	0.00123760467446	0.0010260114848	0.000211593189656
NTTN	541370	40295366	40752829	171535	165047	46.4518545803	0.00423889637608	0.00403361601663	0.00020528035945
NGAA	63577	4908289	4881945	5489	4498	21.2350008846	0.00111706308262	0.000920505979503	0.000196557103119
GAAA	27847	2137604	2125817	1971	1542	11.7609812125	0.000921210988164	0.000724842398486	0.000196368589678
CNNA	122797	9764450	9674131	22505	20426	18.8703488513	0.00229948947349	0.00210695548028	0.000192533993212
GNAA	57108	4440476	4409076	5383	4589	13.4700874321	0.00121078963593	0.00103972548891	0.000171064147021
ANAA	285608	21166824	21041628	28600	24908	51.8544538261	0.00134934785924	0.00118234910571	0.000166998753526
AANN	541369	40544139	40539105	149916	143174	34.5587687514	0.00368397791766	0.00351932102919	0.000164656888471
NATA	295392	20529800	20354381	47030	43347	27.157535263	0.00228558043197	0.00212508961782	0.000160490814147
CNTN	152472	11950777	11926711	29738	27883	13.104557018	0.00248219713426	0.00233240877942	0.000149788354844
AGAA	26444	2025298	2030109	2175	1909	4.61280274923	0.00107276397762	0.000939460181947	0.000133303795674
ANNT	537482	39161772	39247608	128291	123532	22.8818587691	0.00326522764802	0.00313762822209	0.000127599425925
NATN	581144	41948570	41744870	103667	99164	18.2115227152	0.00246519584678	0.00236984799315	9.53478536298e-05
NTNT	672716	48443149	48824542	73788	70669	21.4646587959	0.00152087094863	0.00144531537046	7.55555781777e-05
ANNA	588732	44228043	44044082	81995	79423	7.56114042745	0.00185048363082	0.00180001566059	5.04679702325e-05
NNTT	541369	40528663	40885697	47577	45995	10.1131562199	0.00117253348265	0.00112370140966	4.88320729931e-05
