#Sequence	Occurrence	Forward Match	Backward Match	Forward Mismatch	Backward Mismatch	Strand Bias Score	FER (Forward Error Rate)	RER (Reverse Error Rate), ERD (Error rate Difference)
TATTTTTT	4817	6374	6782	106	39	8.23922915802	0.0163580246914	0.00571763671016	0.0106403879812
TTNAGGGT	452	3810	4836	56	19	6.91992838077	0.0144852560786	0.00391349124614	0.0105717648325
TTNAGNGT	728	4924	6120	62	20	7.46224065987	0.012434817489	0.00325732899023	0.00917748849874
TTTTTTTT	32049	24462	28116	649	490	11.4875632588	0.0258452471029	0.017129273579	0.00871597352389
TNTTTTTT	39493	37146	41520	817	568	17.3579538443	0.0215209546137	0.0134955331686	0.0080254214451
TATNTTTT	9967	13825	14672	172	63	13.102360644	0.012288347503	0.00427553444181	0.00801281306123
TTTTTTNT	39024	37234	41331	797	562	15.6497207089	0.0209565880466	0.0134151290192	0.00754145902743
TTNANGGT	1006	6523	7585	66	22	6.90419937604	0.0100166944908	0.00289207309057	0.00712462140024
TTTTTTTN	40007	38130	42544	973	771	11.6886764541	0.0248830013042	0.0177998383932	0.00708316291108
TANTTTTT	7497	12150	12461	150	71	7.20073516278	0.0121951219512	0.0056654963294	0.00652962562182
TNNAGNGT	1359	7958	9311	72	26	6.98580026965	0.00896637608966	0.00278462032773	0.00618175576194
NNTTTTTC	6713	20991	21569	346	219	7.63499607225	0.0162159628814	0.0100514044428	0.00616455843857
NTTTTTTT	40008	38113	42196	827	646	10.3514446688	0.0212378017463	0.0150786611269	0.00615914061934
TTTNTTTT	39667	38417	42508	715	527	11.7208308621	0.0182714913626	0.0122458464041	0.00602564495848
TNTNTTTT	54019	63862	69371	981	639	23.1802827663	0.0151288496831	0.00912726753321	0.00600158214987
TNTTTTNT	53145	63731	68989	1020	686	21.278729772	0.0157526524687	0.00984571223538	0.00590694023331
TNTTTTTN	53562	66421	71513	1307	974	17.2806885463	0.0192977793527	0.0134368921324	0.00586088722032
TTNTTTTT	39022	38337	42214	757	578	10.3341398071	0.0193635852049	0.013507197607	0.00585638759786
TTTTTTNN	53138	66582	71873	1298	967	17.4292062878	0.0191219799646	0.0132756727073	0.00584630725734
NTTTTTCN	6713	21346	21575	237	112	10.7096176628	0.0109808645693	0.0051643841933	0.00581648037604
TATTTNTT	10273	13623	14194	123	48	8.46497064287	0.00894805761676	0.00337031315826	0.0055777444585
NNTTTTTT	53140	66096	71197	1153	841	16.9719498689	0.0171452363604	0.0116743940698	0.0054708422906
TTTTTNTT	39154	39031	42743	691	522	9.70380823735	0.0173959015155	0.0120651797065	0.00533072180907
TTTTNTTT	39622	39063	42915	687	523	9.47042253664	0.0172830188679	0.0120401491781	0.00524286968979
NTNTTTTT	53563	66214	71222	1104	807	16.0225150736	0.016399774206	0.0112038206833	0.00519595352267
TATNTNTT	24945	30627	31793	251	94	17.5651637848	0.00812876481637	0.0029479098065	0.00518085500987
TNNTTTTT	51801	66149	70771	1041	740	16.6554317556	0.0154933769906	0.0103480583407	0.00514531864995
NTTTTTNT	53116	67180	71607	1078	774	16.2071171162	0.0157930205983	0.0106934140175	0.00509960658083
TTNNGNGT	2193	11511	12771	90	36	6.92767840172	0.0077579519007	0.00281096275474	0.00494698914595
NATNTTTT	18324	36014	37311	349	176	14.5002977066	0.00959766795919	0.00469496091979	0.0049027070394
NTTTTTTN	53139	66004	71278	1360	1109	11.2312016863	0.0201888248916	0.015320430464	0.0048683944276
CNNTTTTT	6019	19229	19811	196	104	7.39836486163	0.0100900900901	0.00522219432589	0.00486789576421
TNTTTNTT	54016	65458	70135	887	612	16.2408510218	0.0133695078755	0.00865054348594	0.00471896438956
TATNTTTN	20256	30968	31780	304	160	11.2594295455	0.00972115630596	0.00500939261115	0.00471176369481
TTTTNTNT	52572	65062	69549	895	628	15.1706280484	0.0135694467608	0.00894880088918	0.00462064587159
TTNTTTNT	53041	65323	69750	944	678	14.4024482499	0.0142454011801	0.00962685295621	0.00461854822386
TTTNTTNT	52427	65743	70098	916	646	15.0132860765	0.0137415802817	0.00913151645369	0.00461006382804
TANNTTTT	15270	27147	27919	251	128	10.1453421929	0.00916125264618	0.00456376796092	0.00459748468526
TNTTNTTT	52713	65353	69988	895	634	14.7200564172	0.0135098418065	0.00897737249016	0.00453246931639
NTTTTNCT	5414	17922	17967	142	61	7.71028764549	0.00786093888397	0.00338362547149	0.00447731341248
TTTTTNNT	51191	65747	70128	895	640	13.8869827719	0.0134299690886	0.00904363554149	0.00438633354708
NNNTTTTT	77744	129374	136317	1702	1185	27.1829268439	0.0129848332265	0.00861805646463	0.00436677676189
TNTTTTNN	79207	127850	134623	1792	1288	24.7754218848	0.0138226809213	0.00947678995813	0.00434589096317
NTTTTTNN	77742	129913	136231	1954	1452	22.41902121	0.0148179605208	0.0105459642803	0.00427199624056
TTNTTTTN	53001	66585	71603	1182	961	9.77305881883	0.017442117845	0.0132434816162	0.00419863622874
NNTNTTTT	79209	127420	134414	1510	1022	27.2858751829	0.0117117815869	0.00754599958652	0.00416578200039
TTTNTTTN	54441	66125	71130	1103	887	9.81865167109	0.0164068542869	0.0123165363734	0.00409031791355
NTTNTTTT	53002	66683	71455	967	737	11.3890741306	0.0142941611234	0.0102088874113	0.00408527371208
TNTNTTTN	83270	123909	130293	1636	1183	21.926243608	0.0130311840376	0.00899783990995	0.00403334412765
NNTTTTCT	5831	19604	19569	143	63	7.36304020388	0.00724160631995	0.00320904645477	0.00403255986518
TATNNTTT	17132	29399	30464	214	98	11.0035361854	0.0072265559045	0.00320659642694	0.00401995947757
TTNNTTTT	51428	67036	71567	884	654	11.8573453711	0.0130153121319	0.00905553786295	0.00395977426897
TTNANNGT	4340	18322	19823	111	41	8.90287135661	0.00602180871263	0.002064035441	0.00395777327164
NANTTTTT	14392	30498	31562	305	189	7.50309268529	0.00990163295783	0.00595256842304	0.00394906453479
TNNNTTTT	75807	123872	130225	1358	905	25.7413369248	0.0108440469536	0.00690154808206	0.00394249887155
NNTTTTNT	78499	128864	134884	1530	1061	24.1860970752	0.0117336687271	0.00780462687116	0.00392904185593
CTNTTTNN	9135	32575	33271	287	161	8.99774612507	0.00873349157081	0.00481574539363	0.00391774617718
NNTTTTTN	77743	129310	135978	2030	1589	17.7427976125	0.0154560682199	0.0115507352781	0.0039053329418
NNTTTTNC	12011	42761	43735	499	337	8.34901423605	0.0115349052242	0.00764657832638	0.00388832689785
NTNTTTNT	82225	127102	132647	1459	999	24.0156464567	0.0113486982833	0.00747497119255	0.00387372709075
TATNTTNT	20891	29658	30578	226	114	9.48149598664	0.00756257529113	0.00371432295061	0.00384825234052
CNNNTTTT	11372	41400	42319	326	169	12.3307119683	0.00781287446676	0.00397759367351	0.00383528079325
TTTTNTTN	53173	68351	72891	1079	865	9.27068726762	0.0155408324932	0.0117278594284	0.00381297306477
TNTNTTNT	81973	120766	126787	1277	853	23.9102560597	0.010463525151	0.00668285803823	0.00378066711274
NNNAGNGT	3338	19147	20813	114	45	8.46872031833	0.00591869581019	0.00215744558443	0.00376125022576
NTTTNTTT	54442	66146	71009	906	700	10.1002595626	0.013511901211	0.00976167566135	0.00375022554965
TNTNTNTT	85757	121640	127687	1156	728	26.7092691315	0.0094139874263	0.00566911965113	0.00374486777517
NNTTTTCN	12819	47482	47950	373	196	13.1051710684	0.00779437885278	0.00407095085781	0.00372342799498
NTNTTTTN	79208	126842	133921	1874	1474	16.4063069244	0.0145591845614	0.0108866649433	0.00367251961805
TTTTTNTN	53115	67758	72154	1074	875	8.2662550044	0.0156032078103	0.0119815415794	0.00362166623095
NNNTTTTC	12819	46918	47903	527	362	8.13433342103	0.0111075982717	0.00750025898684	0.00360733928484
TTNTNTTT	51931	65263	69629	835	636	9.72891644154	0.0126327574208	0.00905144808938	0.00358130933142
GNNNTTTT	7318	28300	29399	207	109	8.12671194494	0.00726137439927	0.00369391351498	0.00356746088429
TANTTNTT	15419	25992	26488	179	87	7.97023812686	0.00683963165336	0.00327375352775	0.00356587812561
GNNTTTNT	7134	25368	26325	177	89	7.72479205627	0.00692894891368	0.00336942530476	0.00355952360892
TTTNTNTT	52180	66191	70436	782	577	10.529319856	0.0116763471847	0.00812527283737	0.00355107434732
NTNTNTTT	83271	123927	130323	1327	928	20.8288462772	0.0105944720328	0.00707042232059	0.00352404971224
NTTTNTCN	11284	40744	40736	298	154	10.6966552161	0.00726085473417	0.00376620200538	0.00349465272879
TNNTTTTN	77043	129412	135231	1766	1365	16.0970414917	0.0134626233057	0.00999297197575	0.00346965132998
TNTTNTNT	80762	120695	126315	1219	834	20.5468144437	0.00999885164952	0.006559233655	0.00343961799452
NTNNTTTT	77044	129441	135403	1413	1006	19.9399103367	0.0107982942822	0.0073748799566	0.00342341432558
TNNTTTNT	77424	122726	128363	1322	937	19.07305404	0.0106571649684	0.00724671307038	0.00341045189802
TNTTTNNT	77414	120483	126388	1200	821	20.4583284097	0.00986168980055	0.00645394586861	0.00340774393194
NTNTTTCN	12106	42021	42498	307	168	9.91302335105	0.00725288225288	0.0039375615244	0.00331532072848
TTNTTTNN	78134	125472	131470	1610	1243	15.1038956472	0.0126689853795	0.00936607566704	0.00330290971248
TTTNNTTT	51794	66517	71050	774	588	9.25118109134	0.0115022811372	0.00820793433653	0.00329434680063
NCNNTTTT	11652	43164	44458	312	176	9.86515698038	0.0071763731714	0.00394318232737	0.00323319084403
NNNNTTTT	126702	273765	284037	2474	1635	45.0574764847	0.00895601272811	0.00572334705536	0.00323266567274
TNTNNTTT	76971	122242	128166	1122	756	20.3237210309	0.00909503582893	0.00586401079723	0.0032310250317
TTTTNTNN	78497	130453	135697	1521	1141	16.0629246811	0.011524997348	0.00833832707289	0.00318667027507
NTTTTNTT	53174	68121	72681	892	715	7.8171259766	0.0129251010679	0.00974167529566	0.00318342577226
CNNTNTTT	10586	38169	39107	251	132	9.39144141032	0.00653305570016	0.00336400010194	0.00316905559822
NTTNTTCN	13096	50005	49382	335	173	11.5425904727	0.00665474771553	0.0034910705277	0.00316367718784
NNTTNTTT	78136	125299	131426	1318	962	16.8659945615	0.0104093447167	0.00726651962414	0.00314282509261
NTATTTNT	19765	30071	30716	207	114	6.96239117178	0.00683664707048	0.00369769704833	0.00313895002215
TTTNTTNN	78782	128280	133794	1536	1177	14.657353749	0.0118321316325	0.00872039178787	0.0031117398446
NNCTNTTT	9135	32710	33586	203	103	8.37954359454	0.00616777565096	0.0030573777791	0.00311039787186
TANNTNTT	37143	64096	65142	382	185	16.3706453792	0.00592450138032	0.00283190717468	0.00309259420564
TTTTNNTT	51382	67657	71708	751	570	8.65853353873	0.0109782481581	0.00788621710617	0.00309203105194
TNNTNTTT	75449	122919	127913	1204	851	17.2252807407	0.00970005559002	0.0066089900904	0.00309106549962
NANNTTTT	31559	76982	79169	580	349	14.7284223145	0.00747788865682	0.00438894338389	0.00308894527293
TCTNNTTN	8854	34262	33807	222	114	7.92323201698	0.00643776824034	0.00336074997789	0.00307701826245
TTTTTNNN	77740	131165	136933	1569	1209	14.5746482273	0.0118206337487	0.00875186402398	0.00306876972473
TNTATNTT	22392	28806	29370	162	76	7.7888013039	0.00559237779619	0.00258099572098	0.00301138207521
TNTTTNTN	82224	128204	133309	1502	1153	13.9397540414	0.011580034848	0.00857491335842	0.00300512148962
NTTTNTNT	81403	126585	131884	1266	917	16.2473844379	0.00990215172349	0.00690506848593	0.00299708323756
NNTTTTNN	126700	273841	282562	2979	2217	30.5573346541	0.0107615056716	0.0077849841456	0.00297652152595
TCNNTTTN	10899	40918	41682	324	205	6.99833116576	0.00785606905582	0.004894119894	0.00296194916182
TTNTNTNT	82171	121026	126293	1141	811	16.1879807005	0.00933967438015	0.00638060171198	0.00295907266817
NTTTTNCN	12011	43149	43541	337	210	7.36057002854	0.00774962056754	0.00479989028822	0.00294973027932
CNNTTTNT	11469	41154	41815	281	161	8.20989754471	0.00678170628696	0.00383552506194	0.00294618122502
CTTNTTNN	10290	39171	38905	275	158	7.39169497074	0.00697155605131	0.00404474822722	0.00292680782409
NATATNTT	20530	28726	28990	162	78	7.21746426041	0.00560786485738	0.00268336314848	0.0029245017089
NNNTTTNT	129946	263689	272377	2315	1584	35.9963960249	0.00870287664847	0.00578184486113	0.00292103178734
CNTTTTNN	13566	49401	49732	405	261	7.68955070103	0.00813155041561	0.00522073090233	0.00291081951329
NNTTTNTT	78784	127548	133677	1277	943	15.4041506742	0.00991267222977	0.00700490268905	0.00290776954072
NATNTNTT	43719	81237	83134	478	246	18.1605621057	0.00584959921679	0.00295034780523	0.00289925141156
ATATNTNT	69335	38989	38880	260	146	7.58185855963	0.00662437259548	0.0037410956798	0.00288327691568
NTNTTTNN	130871	261663	269945	2715	2009	28.7787415113	0.010269387014	0.00738727873096	0.00288210828309
TTNTTNTT	55301	74010	77389	831	642	7.99353656771	0.0111035395037	0.00822749932719	0.00287604017656
NTTNTTNT	82643	137397	141522	1336	964	16.3913654169	0.00963000872179	0.00676557696897	0.00286443175282
NTTTNNCT	8767	32878	32828	197	103	7.04073136441	0.00595616024187	0.00312775196623	0.00282840827564
NNNTTTTN	126701	272798	282526	3115	2411	26.0263623248	0.0112897906224	0.00846151956397	0.00282827105843
CTNNTTNT	9204	34582	34218	218	118	6.91456218614	0.00626436781609	0.00343662628145	0.00282774153464
NCTNTNTT	8680	30968	31891	160	74	8.10287964306	0.00514006682087	0.00231503206632	0.00282503475455
TTTNNNCT	8419	30613	30823	169	83	7.17009448683	0.00549022155805	0.00268556267391	0.00280465888414
TNTTNTTN	82987	137988	142297	1547	1189	13.5045382678	0.0110868240943	0.00828652272696	0.00280030136736
TTTNTNNT	75136	123703	128449	1090	769	15.6344092418	0.00873446427284	0.00595118327168	0.00278328100116
NNANCTTT	5255	22086	22549	97	36	6.97041586439	0.004372717847	0.00159397830418	0.00277873954282
TCNNNTTT	10428	39314	39945	216	108	8.90728822025	0.00546420440172	0.00269642723392	0.00276777716781
TTTNNTNT	75486	121679	126588	1079	771	14.7631584572	0.00878965118363	0.00605375356276	0.00273589762087
NATNTTTN	37057	79891	81447	649	437	10.675445255	0.00805810777254	0.00533681793757	0.00272128983497
NNNTNTTT	130873	262165	271472	2116	1447	33.4694898836	0.00800662930744	0.00530193940327	0.00270468990418
NNTTNTCT	9492	34833	34787	197	102	7.20749161958	0.00562375107051	0.00292355756829	0.00270019350222
NNNCTTTT	11049	40222	41302	212	106	9.0088219289	0.00524311223228	0.00255989180835	0.00268322042393
NNCNTTTT	13566	49527	50246	302	171	9.02756678097	0.0060607276887	0.00339171311264	0.00266901457605
TTNNTTNT	75606	123798	128623	1152	849	13.4525982405	0.00921968787515	0.00655740237271	0.00266228550244
NATNNTTT	33670	80649	82013	472	260	14.9322605945	0.00581846870724	0.00316021051864	0.0026582581886
NTCNNTTT	10899	41131	41990	213	105	9.17330530071	0.00515189628483	0.00249435799976	0.00265753828507
NNNTTTCT	10437	38477	38823	225	123	7.38385408888	0.00581365304119	0.00315821907256	0.00265543396862
TTTTNNNT	74156	123897	129062	1068	765	14.5570681689	0.00854639299004	0.00589245688493	0.00265393610511
NNTTTNCT	9809	36988	37181	211	113	7.23364546986	0.00567219548913	0.00302997801255	0.00264221747658
NTTTTNNT	76775	130864	136085	1264	953	13.1117741572	0.00956648098813	0.00695427545644	0.00261220553169
NTTNTTTN	78135	124901	130961	1631	1361	9.18943858492	0.0128900199159	0.0102855156361	0.00260450427981
NNTNTTTN	130872	261254	270154	2712	2090	23.1591496299	0.0102740504459	0.00767693686546	0.00259711358043
TNNTTNTT	80854	133719	138120	1162	841	14.3686858429	0.00861500137158	0.0060520577716	0.00256294359997
NCNTTTNT	12895	44863	46002	289	179	6.92719657466	0.00640060240964	0.0038760529222	0.00252454948744
NNTNTTNT	138306	276360	283329	2127	1458	31.7441063425	0.00763769942583	0.0051196157128	0.00251808371303
TATNNNTT	38673	64314	65584	320	160	13.0558207351	0.00495095460593	0.00243368216111	0.00251727244483
TNTNTTNN	136725	261860	269167	2335	1717	25.198768099	0.00883816877685	0.0063385065194	0.00249966225745
TNTTNNTT	76721	124860	129664	1008	719	13.8308198508	0.00800838974163	0.00551452259881	0.00249386714283
TANNTTTN	31213	62706	63817	479	327	7.54494351423	0.00758091319142	0.00509790471439	0.00248300847703
CNNNNTTT	21858	92207	93762	506	281	15.626427584	0.00545770280327	0.00298799485342	0.00246970794986
NATNTTNT	39145	81536	82996	501	304	12.0377014028	0.00610700049977	0.00364945978391	0.00245754071586
NTNTNTNT	198971	270843	277224	2015	1383	29.7211685879	0.00738479355562	0.00496398152236	0.00242081203326
NTTTNTTN	78783	127706	133416	1556	1297	8.61629751269	0.0120375671118	0.00962787555767	0.00240969155409
TATNTNNT	47026	68392	69637	372	210	11.2132194421	0.00540980745739	0.00300657150629	0.0024032359511
CTNNTTNN	17530	74894	74686	459	277	10.437626166	0.00609133013948	0.0036951562771	0.00239617386238
NTNTTNTT	82988	137345	142242	1238	936	12.3639218523	0.00893327464408	0.0065373171856	0.00239595745847
TTNNTTTN	76480	124125	130057	1419	1170	8.79094241455	0.0113028101701	0.00891584811053	0.00238696205961
TNNTTTNN	125064	260610	268006	2468	1888	21.338550118	0.00938124814694	0.00699533891083	0.00238590923611
TNNNTTTN	125928	254753	263404	2383	1827	21.09328174	0.00926746935474	0.00688833507395	0.00237913428078
NNTNNTTT	125066	261063	269143	1842	1258	28.8204414891	0.0070063330861	0.00465234965847	0.00235398342763
NNTNTNTT	136727	261269	269747	1814	1232	29.2634355403	0.00689516236321	0.00454647777134	0.00234868459187
TNTNTNNT	139192	247779	254296	1679	1120	28.4058311132	0.00673059192329	0.00438500328875	0.00234558863454
NTTNNTTT	76481	124413	130361	1098	841	11.0326729537	0.0087482372063	0.00640996326276	0.00233827394355
NCNNNTTT	22488	92246	94032	466	254	15.2787734733	0.00502631806023	0.00269393123051	0.00233238682972
TTNNNTTT	72755	122141	127827	1045	793	10.9993763742	0.00848310684656	0.0061654486083	0.00231765823825
NTNNNTTT	125930	255300	264357	1823	1268	26.9505350521	0.00708999194938	0.00477364705882	0.00231634489055
CNNTTTNN	22860	92937	94366	637	426	10.594457039	0.00680744651292	0.00449405013081	0.00231339638211
TTNTTNNT	80027	135227	139048	1132	843	11.824311936	0.00830161558826	0.00602612033655	0.00227549525172
TNNNNTTT	118463	247300	255738	1772	1245	24.9142543377	0.00711440868504	0.00484467844176	0.00226973024327
NTTTTNTN	78498	129631	135150	1551	1304	7.89100506777	0.0118232684362	0.00955633400267	0.00226693443355
TNTTTNNN	130869	263671	270986	2276	1716	21.4205723782	0.00855809616202	0.0062925831127	0.00226551304932
NNNTTTCN	23751	96108	97194	547	331	12.8838414385	0.00565930370907	0.00339400153807	0.002265302171
TNNNTNTT	134249	264287	270897	1680	1105	29.876152737	0.00631657310869	0.0040624701289	0.0022541029798
NNTTNTNT	133115	257783	264869	1928	1379	24.0494005454	0.00742363627263	0.00517938162916	0.00224425464347
NNANTTTT	27726	71156	73002	480	327	7.91817932807	0.00670054162711	0.0044593544164	0.00224118721072
TATNTTNN	40369	71184	72183	445	290	8.31941373119	0.0062125675355	0.00400149021015	0.00221107732535
CNNNTTNT	23355	94227	94826	509	301	12.6949387278	0.00537282553623	0.00316419102884	0.00220863450739
NTTTNTNN	129944	266096	272511	2375	1821	19.7420591864	0.00884639309274	0.00663794234723	0.00220845074551
NNNTTTNC	23633	95121	96443	777	572	8.14544556883	0.00810235875618	0.00589599546462	0.00220636329156
TTTNNTTN	76261	124238	129754	1288	1057	8.11556810581	0.0102608224591	0.00808036021436	0.00218046224474
TNNNTTNT	125731	246760	253497	1809	1299	22.1683932765	0.00727765731044	0.00509819620402	0.00217946110642
TNTNNTNT	133935	244623	250744	1659	1150	23.7538824894	0.00673618047604	0.00456541243539	0.00217076804065
TNTTNTNN	138304	278928	284205	2289	1708	21.658123514	0.00813962171561	0.00597384519067	0.00216577652494
ATNNNTTT	37463	75563	77786	478	322	8.37417784889	0.00628608250812	0.00412249705536	0.00216358545276
NTNNTTNT	135079	276601	281865	2002	1429	24.089440312	0.00718585227008	0.00504422966953	0.00214162260055
TNNTNTNT	136050	246806	253525	1727	1226	22.3905966739	0.00694877541413	0.00481254244341	0.00213623297072
TCNNNTTN	21608	92938	92885	513	313	11.2852916478	0.00548950787043	0.00335844116827	0.00213106670217
TATNTNTN	96805	83033	83190	531	353	8.61205998825	0.00635441099038	0.00422536897167	0.00212904201871
NTTNTNTT	77247	125814	130926	1082	844	9.39144639331	0.00852666750725	0.0064050997951	0.00212156771215
TATNNTNT	41190	64724	65773	345	210	8.34726361646	0.00530206396287	0.0031826379522	0.00211942601067
NTTNTTNN	131685	277347	282721	2491	1931	18.6821902413	0.00890157877057	0.00678372187794	0.00211785689263
TTNNNNGT	15992	63098	65208	273	144	10.3681915623	0.00430796421076	0.00220345207492	0.00210451213584
TTNNTNTT	78102	133453	137427	1017	755	10.9686087927	0.00756302521008	0.00546380860025	0.00209921660983
NTTNNTCN	22902	99601	98045	492	277	13.1432066109	0.00491542865135	0.00281727385529	0.00209815479606
NTATNTNT	96805	82394	83005	455	283	9.75348537325	0.00549191903342	0.00339784842955	0.00209407060388
CNNNTTTN	22488	91811	93468	631	445	8.48176820064	0.00682590164644	0.00473842811964	0.0020874735268
TTNTNTTN	77246	125967	130749	1371	1145	7.1624578118	0.0107666211186	0.00868121370191	0.00208540741669
NNCNNTTT	22860	93468	95180	429	237	13.6023417722	0.00456883606505	0.00248383411761	0.00208500194744
NTTTTNNN	126698	275320	282649	2496	1971	17.4172732311	0.00898436375155	0.00692502283747	0.00205934091408
NNNTTNTT	131687	276573	284252	1959	1421	22.8316002559	0.00703330317522	0.00497421877461	0.00205908440061
TNNANTTT	24859	57757	59072	248	132	8.99893024905	0.00427549349194	0.00222957908249	0.00204591440945
NCCNNNTT	7415	39594	39769	150	69	7.25116840804	0.00377415458937	0.00173201465937	0.00204213993
NTTTNNTT	76262	124042	129907	1018	798	8.98208534768	0.00814009275548	0.0061053517463	0.00203474100918
NNTTTNNT	124454	260522	268231	1873	1378	20.5406086012	0.00713809333257	0.00511110534144	0.00202698799113
ATANNTNT	86670	74415	74432	392	241	8.57701893741	0.00524015132274	0.00322740481834	0.0020127465044
TNTNNTTN	133638	263263	268912	2075	1572	18.3446627459	0.00782021421734	0.00581180402538	0.00200841019196
NNNATTTT	31304	77807	79004	416	263	8.75594737285	0.00531812893906	0.00331790026114	0.00200022867792
NTNNTTTN	125065	259697	267530	2444	1976	14.8323575838	0.00932322681305	0.00733193324082	0.00199129357223
NTNNTTCN	24372	100638	100256	500	297	11.8642804558	0.00494374023611	0.00295366622577	0.00199007401034
NNTTTNCN	23633	95753	96282	550	360	9.619705716	0.00571114087827	0.00372508847085	0.00198605240742
NNATTTNT	34808	75393	76896	448	303	7.44896516395	0.00590709510687	0.00392492130727	0.0019821737996
GNNTNTNT	20244	66182	67708	311	183	8.58888741507	0.00467718406449	0.00269549719403	0.00198168687046
NCTNNTTN	17530	74956	74783	402	252	8.13710846407	0.00533453647921	0.00335843273139	0.00197610374781
NNTTNTCN	23775	96942	96577	513	320	10.3382767264	0.00526396798522	0.00330247582484	0.00196149216038
TNTNNNTT	128376	248242	255046	1416	950	23.6763240465	0.00567175896627	0.0037109954843	0.00196076348196
NNATNTTT	37057	80382	81947	452	299	8.1716976929	0.00559170646015	0.00363543515794	0.00195627130221
CNNTNTTN	22274	89623	91329	551	382	8.10919027305	0.00611040876528	0.00416525825692	0.00194515050836
NCNNTTNT	22375	87970	90135	456	293	9.35662197422	0.00515685431887	0.00324014685717	0.0019167074617
TTTNNNTT	72998	123861	129177	895	683	9.05118591711	0.00717400365513	0.0052595102418	0.00191449341334
NNTNTTCN	27009	111822	110847	578	359	11.5083520073	0.00514234875445	0.00322824308041	0.00191410567404
NNTANTTT	26703	58204	59046	250	141	7.6548858998	0.00427686728025	0.00238227989254	0.00189458738771
NCNNTNTT	22274	89924	91771	391	224	11.3890632623	0.00432929192271	0.00243491494103	0.00189437698169
TTTTNNTN	76774	131843	136484	1271	1053	6.96657370989	0.00954820680019	0.00765612162545	0.00189208517473
NANTTNTT	29897	70120	71795	376	248	7.0972202975	0.00533363595098	0.00344238857349	0.00189124737749
NTNTNTTN	136726	260954	268531	2332	1884	14.1500780842	0.00885728827207	0.00696706913448	0.00189021913759
TNTNTNTN	198970	272763	277797	2150	1658	16.6914786337	0.00782065598935	0.00593297668677	0.00188767930258
NNTTNTTN	131686	277069	283253	2500	2020	14.3304647497	0.008942336239	0.00708093650643	0.00186139973256
TANTNNTT	27802	57384	57792	250	144	7.05775889417	0.00433771731964	0.00248550124275	0.00185221607689
NCNNTTTN	22860	92984	94419	623	456	6.91210064694	0.00665548516671	0.00480632411067	0.00184916105604
TNTTNNNT	125335	247945	254307	1554	1119	18.7487976881	0.00622848187768	0.00438091658641	0.00184756529127
NNNGTNTT	15652	64638	66334	233	116	9.93130385619	0.00359174361425	0.00174567343868	0.00184607017557
TTTNNNNT	117426	248597	256125	1477	1045	19.8890125738	0.00590625174948	0.00406345996811	0.00184279178137
NTTTNNCN	21268	86097	86002	478	318	7.68622457081	0.00552122437193	0.00368396663577	0.00183725773616
NGNNNTTT	14324	61018	62515	264	155	7.45753404023	0.00430795339578	0.00247327269826	0.00183468069752
CNNNTNTT	22916	91906	93573	416	251	10.299736037	0.00450596824159	0.00267522169168	0.00183074654991
NNTTTNTN	129945	265141	272503	2390	1950	13.3145639051	0.00893354415002	0.00710504166469	0.00182850248533
NNTATNTT	40369	71235	72345	308	180	8.46517743494	0.00430510322463	0.00248190279214	0.00182320043249
GNNNNTTT	16963	70395	72663	304	181	8.38541788047	0.00429991937651	0.00248476195706	0.00181515741945
TTNTNNTT	77984	131789	135790	956	736	8.49452706685	0.00720177784474	0.00539091455107	0.00181086329367
NTTNNNCT	17295	74387	73480	323	186	8.3858568063	0.0043233837505	0.00252490972769	0.00179847402281
NNNNCTTT	20171	82613	84157	278	132	12.6691911029	0.00335380198091	0.00156604064587	0.00178776133504
GNNNTTNT	17038	69600	71355	336	216	7.04910810079	0.00480439258751	0.00301798214361	0.0017864104439
ATNTNTNT	97050	92245	93033	560	397	7.06616143169	0.00603415764237	0.00424917050198	0.00178498714039
TTNNNTNT	124618	244067	250632	1556	1146	16.8548481912	0.00633491163287	0.00455162881586	0.00178328281701
NTTNNTNT	132096	265738	271344	1697	1244	18.1623721362	0.00634546712285	0.00456366384434	0.00178180327852
NANNTTTN	65033	175797	178790	1161	860	11.6936715201	0.00656087885261	0.00478708600056	0.00177379285205
NTNTNNTT	133639	262908	269390	1580	1138	18.9288261121	0.00597380599498	0.00420658859711	0.00176721739787
NNANNTTT	65034	176627	179927	847	547	16.1208157928	0.00477253006074	0.00303090749914	0.0017416225616
TNNTTNNT	126755	259545	265310	1661	1233	16.7417078125	0.00635896572054	0.00462589525893	0.00173307046162
NANNTNTT	75859	185749	189618	836	523	17.971235195	0.00448053166117	0.00275059035137	0.0017299413098
TTTNNTNN	124452	262707	268293	1961	1534	14.2165015989	0.00740928257288	0.00568512417215	0.00172415840073
TTNNTTNN	121899	252834	259315	2046	1646	12.5720477005	0.00802730696798	0.00630745590337	0.00171985106461
TNNATNTT	36903	71886	72698	287	165	8.1825815259	0.00397655632993	0.0022645238324	0.00171203249753
NNCTNTNT	18192	69523	70478	313	196	6.90264090381	0.00448192909101	0.00277329711068	0.00170863198034
CNNTNTNT	22644	84169	84795	404	261	7.64620140918	0.00477693826635	0.00306856659142	0.00170837167493
NNTTNNTT	121901	252631	260311	1541	1139	16.7209410549	0.00606282359977	0.0043564735131	0.00170635008667
TTNTNTNN	133113	259855	264997	2048	1630	13.0108849273	0.00781968896882	0.00611340936964	0.00170627959917
NNTTNNCT	17185	73145	73110	328	203	7.09357057603	0.00446422495338	0.00276894957238	0.001695275381
TNNTNTTN	130617	276469	281300	2222	1780	13.1695266265	0.00797298800464	0.00628797513071	0.00168501287393
TTTNNNCN	21584	85764	85849	410	265	7.5301982854	0.00475781558243	0.00307731611585	0.00168049946658
NTNTTNNT	136054	284783	290371	1843	1387	16.8510538154	0.00642998192767	0.0047539399091	0.00167604201857
CNNTNNTT	19847	81464	82642	325	191	8.72785535427	0.00397363948697	0.00230584428911	0.00166779519786
NTNNTNTT	130618	275897	282060	1682	1246	17.1533779077	0.00605953620411	0.00439807134335	0.00166146486075
TTTTNNNN	126696	276905	283249	2050	1625	13.7171109092	0.00734885555018	0.00570427627653	0.00164457927365
NCTTNTNN	21418	89088	88696	453	304	6.95310702119	0.00505913492143	0.00341573033708	0.00164340458435
NNTNNTCT	19062	81101	80275	347	211	7.62984840732	0.00426038699538	0.00262157393832	0.00163881305706
NCTNNTNT	18090	74421	74698	306	184	7.41594969532	0.00409490545586	0.00245719932694	0.00163770612892
NNCTNNTT	17530	75109	75160	283	160	8.16509116553	0.0037537139219	0.00212426978226	0.00162944413964
NNNANTTT	55731	159737	162204	666	411	14.8274852464	0.0041520420441	0.00252744211789	0.00162459992622
NNNCTNTT	19000	78322	79718	281	156	8.99617462794	0.00357492716563	0.00195307609485	0.00162185107078
TTTNTNNN	129942	267616	273004	2012	1610	12.3441993017	0.00746213301289	0.00586277465825	0.00159935835464
CNTNTTNN	26413	106710	106501	599	426	7.00319511663	0.00558201082854	0.00398402648536	0.00159798434318
GNNTNNTT	15912	62004	63425	219	123	7.03032623336	0.00351959886216	0.00193554478504	0.00158405407711
ANNNNTTT	70124	183341	187343	948	672	12.384585443	0.0051440943301	0.00357418291094	0.00156991141916
NTNTTNTN	138305	277316	283303	2270	1869	11.2210142202	0.0081191475968	0.00655393937694	0.00156520821987
TCNNNTNT	21366	83300	84072	356	227	7.18372203372	0.00425552261643	0.00269279588133	0.0015627267351
NATNNNTT	74407	177627	179883	674	400	16.813383392	0.00378012462073	0.00221873387951	0.00156139074121
NTTNTNCN	24896	100307	99014	495	333	7.16965783443	0.00491061685284	0.00335188782751	0.00155872902533
NANNNTTT	64666	184679	188602	977	702	11.9096322189	0.0052624208213	0.00370832100748	0.00155409981382
TNNTTNTN	135078	278186	282478	2163	1755	11.4594953084	0.00771538332578	0.0061745117562	0.00154087156958
TTNTTNNN	131683	278908	283489	2127	1721	11.6237254582	0.007568452328	0.00603415027524	0.00153430205277
NTTNTNNT	130830	276408	281060	1698	1293	14.2862739075	0.00610558564001	0.00457937404596	0.00152621159404
NANNTTNT	68563	175995	178470	895	633	11.3912105054	0.00505964158517	0.0035342791578	0.00152536242736
NNCNTNTT	26413	106855	107220	415	253	9.42420748211	0.00386874242565	0.0023540796293	0.00151466279635
NTANNTNT	129772	168127	169207	769	517	11.9054517744	0.0045530977643	0.00304612193915	0.00150697582516
TTNTNNNT	130319	260754	265566	1493	1119	14.0249259919	0.00569310611752	0.00419596152764	0.00149714458987
NCTNNNTT	16884	74147	75008	240	130	8.1020886464	0.00322637019909	0.0017301498576	0.0014962203415
NCNTNTNT	28553	99713	100918	437	292	7.38473948848	0.00436345481777	0.00288509040609	0.00147836441169
NATNNTNT	82014	189102	190927	830	555	13.2862843909	0.00436998504728	0.00289844476243	0.00147154028485
NTTTNNNT	124284	258106	265117	1616	1268	12.0990781766	0.00622203740923	0.00476002777934	0.00146200962989
TANNNNTT	64945	143768	145997	620	415	10.3182096029	0.00429398564978	0.00283446712018	0.0014595185296
TNNTNNTT	125958	267420	271622	1441	1065	14.4262557714	0.00535964680634	0.0039055767235	0.00145407008285
NNNCNTTT	26399	105306	106620	355	206	9.77155184316	0.00335980162974	0.00192836949806	0.00143143213168
NTCNNNTT	21608	93116	93305	298	168	8.67837040296	0.00319009998501	0.00179731045329	0.00139278953173
NNATNTNT	145543	203097	205037	927	652	11.8116668823	0.00454358310787	0.00316983406988	0.00137374903799
TNTTNNTN	136053	286788	290795	1962	1590	10.4392241114	0.00679480519481	0.00543803546694	0.00135676972787
TTNNTNNT	125226	272757	276862	1533	1177	12.1901887248	0.00558897517226	0.00423321908078	0.00135575609149
TCNNNNTT	21734	92177	92979	297	176	7.68034037724	0.00321171356273	0.00188932424454	0.00132238931819
NATNTNNT	87448	188995	191334	819	575	10.7576257799	0.00431475022917	0.00299621174619	0.00131853848298
NNANTTNT	63188	164666	167375	792	583	8.43876877111	0.00478671324445	0.00347110587171	0.00131560737274
ATNNNTNT	142517	208654	209785	962	697	10.3232755621	0.00458934432486	0.00331144705961	0.00127789726525
NTTNNNTT	117916	246855	254243	1322	1036	10.2988157795	0.00532684334165	0.0040583048351	0.00126853850655
ANNNTTNT	75571	192475	194375	973	736	8.43612916114	0.00502977544353	0.00377221171538	0.00125756372815
TANNTNNT	73728	149971	150977	624	437	8.20124367822	0.00414356386334	0.00288612677824	0.0012574370851
NATNNTTN	76442	193743	194636	997	757	8.15202523605	0.00511964670843	0.00387424319193	0.00124540351651
NATNTTNN	78061	192898	194700	1029	795	7.77156228394	0.00530612034425	0.0040666001688	0.00123952017545
TNNANNTT	60850	149789	151709	482	300	10.5095140267	0.00320753838066	0.00197356735456	0.00123397102609
NTTTNNTN	124453	261860	268068	1946	1662	7.16895534235	0.00737663282867	0.00616171727283	0.00121491555584
ANNTNTNT	136609	194244	196089	968	740	7.85931616116	0.00495871155462	0.00375960859426	0.00119910296036
TTNNNNTT	118368	257173	263947	1301	1019	9.94026978767	0.00503338827116	0.00384577643924	0.00118761183192
TATNNNNT	84315	151295	152420	590	420	7.24020206962	0.00388451789183	0.00274797173515	0.00113654615668
NATNTNTN	145543	204000	204848	1034	807	7.04158667675	0.00504306602807	0.00392404755537	0.0011190184727
NNTANNTT	63997	148280	149831	466	303	8.64719388328	0.00313285735415	0.00201819707728	0.00111466027687
NTATNNNT	139901	186341	186304	709	511	7.73749752703	0.00379043036621	0.00273532639242	0.00105510397379
NNNATNTT	78061	193448	195858	667	468	8.91168903099	0.00343610746207	0.00238379022646	0.00105231723561
NANANNTT	62625	159253	161307	544	383	7.27907263831	0.00340431923002	0.00236873028635	0.00103558894367
NNANTNTT	65457	173871	176577	659	487	6.94598524966	0.00377585515384	0.00275041792798	0.00102543722586
NNANATNT	137963	192586	193577	704	521	6.89203982731	0.00364219566455	0.00268421106864	0.00095798459591
NNNNATTT	66256	175764	177892	499	346	7.17003435199	0.00283099686264	0.00194122465468	0.000889772207968
