#Sequence	Occurrence	Forward Match	Backward Match	Forward Mismatch	Backward Mismatch	Strand Bias Score	FER (Forward Error Rate)	RER (Reverse Error Rate), ERD (Error rate Difference)
TTTT	139290	348501	369468	3523	2457	56.6840920021	0.0100078403745	0.00660617059891	0.00340166977561
NCCC	6047	30219	30561	231	147	4.89503330803	0.00758620689655	0.0047870261821	0.00279918071445
NTTT	249835	730306	756805	4813	3181	86.3947879044	0.00654723929051	0.00418560341901	0.0023616358715
AAAC	15223	62627	63364	610	469	5.03592137852	0.00964625140345	0.00734729685273	0.00229895455073
CCTT	8322	41398	41925	128	44	9.82274081491	0.00308240620334	0.0010483928614	0.00203401334194
AAAT	73700	223492	227453	1721	1310	14.5697090043	0.00764165478902	0.00572645051866	0.00191520427036
TTNT	264585	751267	774823	5057	3824	46.8353953131	0.0066862878872	0.00491108294259	0.00177520494461
ATTT	73700	227414	230435	799	403	30.4196715871	0.00350111518625	0.00174581308104	0.00175530210522
TNTT	268409	774883	798328	4419	3182	53.0580116757	0.00567045894916	0.00397000661252	0.00170045233664
NNTT	499645	1672908	1706062	6693	4553	98.8027111285	0.00398487497924	0.00266161585161	0.00132325912763
AANT	141742	494347	501404	2432	1803	23.2136490973	0.00489553704967	0.00358301851922	0.00131251853046
TTTN	249835	724443	750817	6574	5812	17.832447692	0.00899295091633	0.00768143964876	0.00131151126757
CTTT	21622	90796	92444	279	164	7.66615435724	0.00306340927807	0.00177090532135	0.00129250395671
ANTT	141742	499733	505209	1396	778	40.6440396692	0.00278570986712	0.00153758891039	0.00124812095673
NTNT	628408	1776542	1807528	8084	5968	78.3714695649	0.0045298006417	0.00329088125918	0.00123891938252
TNCC	17453	85055	84362	320	216	4.8605975667	0.00374816983895	0.00255385561257	0.00119431422638
TTAA	43972	155768	155505	458	272	11.0294648343	0.00293165030149	0.00174608575078	0.0011855645507
ANGG	18721	92218	92703	344	242	4.62931939834	0.00371642790778	0.00260369035451	0.00111273755327
NTGG	16886	85966	87048	249	160	5.11169922386	0.00288812851592	0.00183469406476	0.00105343445115
ATNT	278823	669747	673961	2105	1423	30.569191269	0.00313313051089	0.00210694952797	0.00102618098291
AATT	46822	162866	164963	446	283	9.15433489757	0.00273096894288	0.00171259818695	0.00101837075594
NTCC	17997	89377	88955	305	213	4.08645210232	0.00340090542138	0.00238874932711	0.00101215609426
NNCC	42528	225942	224223	811	579	8.82342305549	0.00357657892068	0.00257559986121	0.00100097905946
ANNT	498490	1537362	1549274	5308	3842	54.5562182428	0.00344078772518	0.00247373666874	0.000967051056442
ANAT	278823	667012	670521	2961	2345	17.1624245084	0.0044195810876	0.0034850921283	0.000934488959297
NAAT	163198	528439	533488	2609	2144	11.7234557884	0.00491292689173	0.00400274815545	0.000910178736281
CNTT	55066	242457	244753	550	339	12.1476226016	0.00226330928739	0.00138315408092	0.00088015520647
ATGT	25243	92374	93713	232	153	4.40676478255	0.00250523724165	0.00162998316749	0.000875254074153
TTNN	499643	1664245	1692191	9793	8476	26.6177884187	0.00584992694312	0.00498392689457	0.000866000048551
TNNT	541469	1769278	1797427	7334	5926	38.5020502849	0.00412808198976	0.0032861009464	0.000841981043361
TTCN	55366	243259	241918	916	706	6.39941678759	0.00375140780178	0.00290985228172	0.000841555520062
NTGT	56322	220941	223026	610	458	5.73085715074	0.00275331639216	0.00204936371284	0.000703952679324
NTTN	499643	1666893	1696184	9291	8251	18.5482381095	0.0055429475523	0.00484090035701	0.000702047195288
NNGG	42528	223987	225039	725	572	4.76495759152	0.00322635195272	0.00253533737273	0.000691014579987
ANCT	30987	161793	162249	425	316	4.20038214997	0.00261993120369	0.00194383784948	0.000676093354213
NANT	380944	1338553	1350124	4381	3536	22.1813749739	0.00326226009618	0.0026121773562	0.000650082739973
CTNT	41520	181306	182808	455	340	4.48752803249	0.00250328728385	0.00185642212855	0.000646865155299
ATAT	167760	295227	295438	944	759	5.10051356116	0.00318734784972	0.00256248375237	0.000624864097354
NCTT	47162	225266	225539	387	247	7.49874467535	0.00171502262323	0.00109395622404	0.000621066399196
ANGT	46938	208824	211295	526	403	4.53026323609	0.0025125388106	0.00190365520695	0.000608883603659
NATT	163198	533372	537711	1220	910	11.2089427666	0.00228211421046	0.00168949966674	0.000592614543722
NTAA	150180	509001	504449	1114	817	10.1889722168	0.0021838212952	0.00161697007121	0.000566851223988
TATT	84370	230960	232660	595	469	4.10190158896	0.00256958390015	0.00201176172849	0.000557822171668
TTAN	150180	503086	505451	1645	1392	5.57387147394	0.00325916181094	0.00274641259719	0.00051274921375
NNGT	107688	489326	494767	1224	997	6.3556630026	0.00249515849557	0.00201103750978	0.000484120985783
GNNT	99360	436620	440608	1023	833	5.32854029244	0.00233752167863	0.001887001887	0.000450519791627
NNAT	544552	1601385	1607443	5480	4779	11.8755032349	0.00341036739241	0.00296423197302	0.000446135419391
NTAT	279949	633506	636672	2035	1767	5.1211776101	0.00320199640936	0.00276768806417	0.000434308345189
CNNT	109224	496269	497822	1136	935	5.08886527609	0.0022838531981	0.00187466040577	0.000409192792329
TNTN	628408	1780740	1803712	9008	8452	6.32038225545	0.00503311080666	0.00466403702976	0.0003690737769
NTAN	500592	1459150	1456698	4093	3553	8.92720121998	0.00279721139961	0.00243314334316	0.000364068056445
ATNN	544552	1610684	1606442	4374	3993	4.25065989768	0.00270826187047	0.00247945430893	0.000228807561543
