#Sequence	Occurrence	Forward Match	Backward Match	Forward Mismatch	Backward Mismatch	Strand Bias Score	FER (Forward Error Rate)	RER (Reverse Error Rate), ERD (Error rate Difference)
GGGT	31718	326970	338370	6644	1476	9223372036854775807	0.0199152313752	0.00434314365919	0.015572087716
AGGT	88435	1047892	1063617	18995	4311	9223372036854775807	0.0178041348334	0.00403678899701	0.0137673458364
AAGT	173679	2052372	2074742	32967	8880	9223372036854775807	0.0158089404169	0.00426180948368	0.0115471309332
NGGT	230605	2695880	2747947	40960	9929	9223372036854775807	0.0149661653586	0.00360023438327	0.0113659309753
CGGT	10951	131969	133616	1623	467	142.127264077	0.0121489310737	0.00348291729749	0.00866601377622
TGGT	98289	1174292	1197525	13542	3594	9223372036854775807	0.0114005829097	0.00299220976439	0.00840837314534
NAGT	404189	4807942	4849721	57870	17107	9223372036854775807	0.0118931845291	0.00351502046097	0.00837816406815
ANGT	687287	8042376	8102218	90462	26596	9223372036854775807	0.0111230544614	0.00327181800445	0.00785123645698
GAGT	41444	497167	502753	5493	1746	9223372036854775807	0.0109278637648	0.00346085918902	0.00746700457575
GNGT	181162	2086109	2114947	22180	6877	9223372036854775807	0.0105203793218	0.00324107937322	0.00727929994859
NNGT	1619167	19095501	19303442	175117	57586	9223372036854775807	0.0090872539739	0.00297432553685	0.00611292843705
TAGT	148492	1770218	1777143	14937	4695	9223372036854775807	0.00836734065109	0.00263491967283	0.00573242097826
GCGT	9219	108920	109395	995	368	63.9622249378	0.00905244962016	0.00335267804269	0.00569977157747
CAGT	40574	488185	495083	4473	1786	258.553748688	0.00907932074583	0.00359450881419	0.00548481193164
ACGT	52638	627313	628648	5525	2126	9223372036854775807	0.00873051239022	0.00337046232089	0.00536005006932
ATGT	372535	4314799	4335211	32975	11279	9223372036854775807	0.0075843408604	0.00259496743349	0.00498937342691
GTGT	96680	1127675	1139230	8839	3191	9223372036854775807	0.00777729090887	0.0027931909515	0.00498409995737
GGGN	96970	1097725	1101581	10781	5428	9223372036854775807	0.00972570288298	0.00490330250251	0.00482240038047
AGGN	267647	3164271	3163323	27810	12820	9223372036854775807	0.00871218493516	0.0040363421924	0.00467584274276
TNGT	624317	7433844	7539564	51507	19389	9223372036854775807	0.00688104004742	0.00256503777706	0.00431600227036
CCGT	9765	119234	119621	865	359	46.6262043337	0.00720239136046	0.00299216536089	0.00421022599957
NCGT	136608	1649339	1656897	11840	4981	9223372036854775807	0.00712746790081	0.00299721158834	0.00413025631247
NGGN	663738	7861550	7888738	64397	32133	9223372036854775807	0.00812483353724	0.00405675082955	0.00406808270769
CNGT	126401	1533172	1546713	10968	4724	9223372036854775807	0.00710298289015	0.0030449190009	0.00405806388925
NTGT	847765	9942340	10048877	64447	25569	9223372036854775807	0.00644032894874	0.00253800556378	0.00390232338496
AACC	76192	875177	865192	5400	1990	9223372036854775807	0.00613234277071	0.00229478932911	0.00383755344159
AAAC	231895	2717893	2704715	32533	22392	9223372036854775807	0.0118283494993	0.00821089894896	0.00361745055035
GGCT	5447	65462	66119	426	196	19.7893616129	0.00646551724138	0.00295559074116	0.00350992650022
AGCC	4940	59280	58829	386	181	16.5577012674	0.00646934602621	0.00306727673276	0.00340206929346
TGGN	261882	3149778	3171469	22572	11932	9223372036854775807	0.00711523003452	0.00374819257769	0.00336703745683
AAGN	713721	8602143	8580169	56685	28168	9223372036854775807	0.00654649797871	0.00327217672821	0.0032743212505
TACC	84387	1008681	1003474	5252	2039	9223372036854775807	0.00517982943646	0.00202782062489	0.00315200881157
ANCC	214359	2504453	2489404	13292	5315	9223372036854775807	0.00527932733458	0.00213050046919	0.00314882686539
CGGN	29790	358599	360872	2640	1530	66.5349183746	0.00730818101036	0.00422183100535	0.00308635000501
GGNT	214359	2492812	2521917	15554	7928	9223372036854775807	0.00620084947731	0.00313378882896	0.00306706064835
NACC	230603	2738979	2723708	13819	5448	9223372036854775807	0.00501998330426	0.00199622154248	0.00302376176178
ATCC	87734	1067623	1068879	4991	1845	9223372036854775807	0.00465311845641	0.00172313313235	0.00292998532406
TTCC	131169	1553207	1585496	8944	4521	9223372036854775807	0.00572543883402	0.00284336582565	0.00288207300837
TCGT	56264	688179	693179	3756	1779	157.207703364	0.00542825554423	0.00255986692721	0.00286838861702
AANC	528398	6266529	6235202	53310	34938	9223372036854775807	0.00843534146993	0.00557212438638	0.00286321708356
ACCC	21865	241845	237972	1132	430	67.0099827684	0.00465887717768	0.00180367614366	0.00285520103402
AGNT	462592	5601221	5625437	36324	20453	9223372036854775807	0.0064432301649	0.00362263522669	0.00282059493822
TNCC	275187	3266267	3302420	17468	8379	9223372036854775807	0.00531955227812	0.00253080902827	0.00278874324985
GTCC	13432	162570	162768	758	303	43.4106415266	0.00464096786834	0.00185808635502	0.00278288151332
ANAC	651620	7624557	7577554	69200	47380	9223372036854775807	0.00899430538292	0.00621382427704	0.00278048110589
ANGN	2072177	24800168	24736376	148914	80449	9223372036854775807	0.00596871660448	0.003241712024	0.00272700458048
NTCC	286100	3435860	3475893	17024	7877	9223372036854775807	0.00493037124908	0.0022610562695	0.00266931497958
NNCC	663736	7869763	7900000	39001	18005	9223372036854775807	0.00493136474928	0.00227393137539	0.00265743337389
TTGT	319598	3780209	3850738	19172	9260	9223372036854775807	0.00504608513861	0.00239896497356	0.00264712016505
GCGN	13555	161534	160746	970	544	26.4729902469	0.00596908383794	0.00337280674561	0.00259627709232
NAGN	1478168	17817990	17785489	101682	55171	9223372036854775807	0.00567432261037	0.00309243043699	0.00258189217338
ATAC	270609	3134823	3108661	25567	17256	9223372036854775807	0.00808982435712	0.00552030012313	0.00256952423399
TGCC	5804	68174	68066	304	134	15.065975603	0.0044393819913	0.00196480938416	0.00247457260713
GNGN	549378	6527049	6539710	39697	23692	9223372036854775807	0.00604515539355	0.0036097133773	0.00243544201625
ACAC	88214	1031416	1024927	6893	4340	123.235064917	0.00663867885186	0.00421659297345	0.00242208587842
GACC	22550	291804	291156	1156	465	64.6007794231	0.00394593118514	0.00159453537297	0.00235139581218
CTGT	54763	668426	672285	3253	1704	107.967155137	0.00484308724852	0.00252823117291	0.00231485607561
NGCC	39458	469057	470172	2400	1344	66.1771960749	0.00509060211218	0.00285038047489	0.00224022163728
CGAT	7855	96335	96223	489	277	13.5030988736	0.00505040072709	0.00287046632124	0.00217993440585
CCCC	2244	25744	26171	109	54	4.82194452899	0.00421614512822	0.00205910390848	0.00215704121974
TCCC	28657	337856	344599	1605	894	48.001247011	0.00472808363847	0.00258760669536	0.00214047694311
AGAC	12416	152604	151838	1063	729	13.9924602423	0.00691755549337	0.00477822858154	0.00213932691183
GNCC	67657	823127	824049	3463	1714	129.668228656	0.0041895014457	0.00207565609019	0.00211384535551
TAGN	429158	5137432	5124602	25430	14583	9223372036854775807	0.00492556260462	0.00283760946531	0.0020879531393
AAGC	24798	295703	294455	1939	1320	25.8765096925	0.00651453759886	0.00446285182994	0.00205168576892
TNGN	1491630	17864255	17983859	94407	58045	9223372036854775807	0.00525690611027	0.00321723250495	0.00203967360532
NCCC	96970	1100554	1105065	5136	2902	137.696544792	0.00464506326366	0.00261921158302	0.00202585168065
NGNT	1580472	19023037	19146563	94898	56481	9223372036854775807	0.00496382062184	0.00294125243894	0.0020225681829
CACC	35955	437088	437562	1596	712	74.7343790375	0.00363815411549	0.00162455450243	0.00201359961306
GAGN	177054	2150364	2150374	10970	6665	228.779901001	0.00507556906984	0.00308988386394	0.0019856852059
CCGN	6622	80544	80194	402	240	9.48802133931	0.00496627381217	0.00298381281548	0.0019824609967
ACNC	181162	2105151	2090459	11573	7322	201.849509714	0.00546741096147	0.00349035480825	0.00197705615322
ANNC	1513692	17920635	17845528	127313	91104	9223372036854775807	0.00705415374645	0.00507921442554	0.00197493932091
ACGN	136608	1656377	1649502	8614	5315	167.441514436	0.00517360153899	0.0032118355081	0.00196176603089
NAAC	593839	7071030	7025950	60563	46351	9223372036854775807	0.00849221204856	0.00655387829223	0.00193833375633
GTGN	242964	2890946	2901314	15786	10181	267.44554638	0.00543084123339	0.0034968289487	0.00193401228468
CTCC	24954	303403	307774	1063	487	49.2740060348	0.00349135864103	0.00157983007906	0.00191152856197
ATGN	954201	11377377	11343382	55805	34146	9223372036854775807	0.00488096839533	0.00300117916651	0.00187978922881
AATC	158317	1929591	1925176	10704	7034	163.764562859	0.00551668689555	0.0036403910548	0.00187629584075
GGAT	46179	560128	561962	3001	1958	49.3462498827	0.00532915193499	0.00347212370549	0.0018570282295
GTAC	7044	82635	82732	561	407	6.06561487097	0.00674311264965	0.00489541611037	0.00184769653928
GAAC	56892	685670	682850	5272	4003	37.4824647157	0.00763016287908	0.00582803016075	0.00180213271834
AGGG	7908	90188	89691	407	243	9.55841399015	0.00449252166234	0.00270198145307	0.00179054020928
TGAC	3906	47641	47651	255	169	4.4229275258	0.00532403541006	0.00353408615642	0.00178994925364
NTAC	628525	7377010	7358351	49119	35673	9223372036854775807	0.00661434779816	0.00482457184342	0.00178977595474
CNCC	97701	1173133	1180357	4446	2383	139.062798641	0.00377554287228	0.0020148130612	0.00176072981109
AAGG	127964	1530825	1520007	7886	5176	118.829348351	0.00512506897007	0.00339369111772	0.00173137785234
ACTC	10955	131404	131279	543	317	13.6829067566	0.00411528871441	0.00240888780814	0.00170640090627
NTGN	2028049	24208535	24293219	118586	77239	9223372036854775807	0.00487464176299	0.00316937006272	0.00170527170027
NNAC	1619157	19201687	19133688	133335	100058	9223372036854775807	0.00689603559799	0.0052022107394	0.0016938248586
NCGN	334178	4064310	4060128	19818	12898	9223372036854775807	0.0048524434102	0.00316668737199	0.0016857560382
NANC	1580459	19031951	18946541	116837	85195	9223372036854775807	0.0061015349901	0.00447647024948	0.00162506474062
TTGN	672649	8010239	8115627	39522	26898	9223372036854775807	0.00490971098397	0.00330339790176	0.00160631308221
TTAC	199344	2348332	2350361	14250	10490	125.551772126	0.00603153668317	0.00444331302568	0.00158822365749
CGNT	116436	1423245	1428148	5953	3819	103.784122261	0.00416527311121	0.00266696090064	0.00149831221058
ATNC	685442	8116145	8090009	54356	42002	9223372036854775807	0.00665271321795	0.00516502006699	0.00148769315096
TTAA	656958	7743653	7763566	28817	17276	9223372036854775807	0.0037075730109	0.00222032525529	0.00148724775561
CAGN	153741	1873352	1875852	8363	5583	122.077398327	0.00444434996798	0.00296741582888	0.00147693413911
TCGN	124151	1519700	1524973	6643	4468	95.0845626583	0.00435223275502	0.00292132877306	0.00143090398196
NCAC	235473	2801389	2796904	13541	9511	152.411287765	0.00481042157354	0.00338902122459	0.00142140034895
TCAC	14913	176441	177446	697	449	12.8020200806	0.00393478530863	0.00252396076337	0.00141082454526
TGNT	782156	9443202	9508455	36798	24090	9223372036854775807	0.00388164556962	0.0025271320513	0.00135451351832
AGNC	31619	383721	381834	2365	1843	14.3811219007	0.00612557823905	0.00480351962719	0.00132205861186
CNGN	390948	4760913	4767629	21465	15255	230.610852607	0.00448835286546	0.00318949821907	0.00129885464639
TAAC	75096	889518	880518	6363	5159	25.65187041	0.00710250580155	0.00582492262981	0.00127758317174
GANC	172658	2101034	2097611	11889	9169	76.2679489005	0.00562680230183	0.00435213928365	0.00127466301819
NGCT	9353	109665	110443	500	362	5.71437686032	0.00453864657559	0.00326700058662	0.00127164598898
GCNC	6401	77940	77699	329	231	4.29972404296	0.00420345219691	0.0029641986398	0.00123925355711
GNAC	171807	2047295	2045354	13165	10609	60.0749402331	0.00638934995098	0.0051601123172	0.00122923763379
ANGC	63685	751397	748056	4220	3287	25.235849608	0.00558483993875	0.0043748327994	0.00121000713935
ATGC	10831	127996	127597	683	531	4.70724374175	0.00530778137847	0.00414429320679	0.00116348817168
NGAC	46831	557424	557202	3295	2641	16.4898157536	0.00587638371448	0.00471739398367	0.00115898973081
NCNC	549378	6528762	6534010	28681	21103	252.411754617	0.00437380851042	0.00321931902623	0.00115448948419
TNAC	532078	6338772	6322848	36646	29229	177.898016163	0.00574801526739	0.00460148704117	0.00114652822622
CGAA	7947	97389	96026	310	197	5.81936228539	0.00317301098271	0.00204732756202	0.00112568342069
ANGG	275228	3249456	3229888	13604	9867	125.308768929	0.00416909281472	0.00304560067042	0.0011234921443
TANC	576354	6930682	6882736	37465	29526	193.103667711	0.00537660873113	0.00427153947579	0.00110506925534
TTNC	754963	8919183	9023708	76510	67384	150.128927413	0.00850518131288	0.00741209086873	0.00109309044415
TNAA	2143224	25289199	25242030	75703	48183	9223372036854775807	0.00298455716486	0.00190520340813	0.00107935375672
GTAA	9070	109938	109527	345	227	5.88840213356	0.00312831533419	0.002068261749	0.00106005358518
TTTC	101301	1218293	1236186	14168	13048	14.7005149689	0.011495698444	0.0104448005738	0.00105089787022
NATC	592026	7233493	7216777	32433	24731	222.159189586	0.00446371185173	0.00341517264084	0.00104853921089
TCNC	132038	1593751	1606956	6680	5066	52.1306611682	0.00417387566224	0.00314263701116	0.00103123865109
CGAN	40137	492571	490343	1845	1334	18.2652415094	0.00373167535031	0.00271316331657	0.00101851203374
GCTT	8205	98636	98823	263	163	5.8230085618	0.00265927865802	0.00164669751278	0.00101258114525
CATC	20837	258923	257631	781	515	12.4183765677	0.00300726981487	0.0019949950803	0.00101227473456
TTGA	104914	1257475	1262096	6115	4861	33.1122520782	0.00483938619331	0.00383675215497	0.00100263403834
NTNC	1966503	23364407	23489372	163150	140196	9223372036854775807	0.00693442162312	0.00593307503548	0.00100134658764
TNNC	1743696	20779055	20864267	138317	118107	9223372036854775807	0.00661254195795	0.00562886735314	0.000983674604806
GTNT	651620	7643868	7707315	26174	18835	273.9736548	0.00341249761083	0.00243782478984	0.000974672820997
CTGN	72417	877096	877194	3417	2568	27.1629671215	0.00388069227825	0.00291897126723	0.000961721011022
TAAA	958417	11152252	11112602	28089	17323	9223372036854775807	0.00251235628681	0.00155643456717	0.000955921719638
NAGG	189689	2238638	2229771	8704	6532	66.432455739	0.0038730197718	0.00292089220468	0.000952127567123
NAGC	48039	580760	578554	3050	2499	12.297909667	0.00522430242716	0.00430081249043	0.000923489936733
ATGG	23422	281098	277291	1004	733	9.20598388567	0.00355899639138	0.00263646303916	0.000922533352214
NGGG	11574	134840	134333	437	315	4.8751281691	0.00323040871693	0.00233943318876	0.00089097552817
TATT	1268845	14666589	14728785	43079	30272	9223372036854775807	0.00292861810341	0.00205107955068	0.000877538552735
TATC	153107	1863718	1852631	8852	7162	37.5811824592	0.00472719310894	0.00385096620968	0.000876226899256
TCAA	165042	1996691	1987862	5680	3918	69.660079252	0.00283663716664	0.00196708471819	0.000869552448447
CTAA	83170	1011296	1006802	2996	2124	32.4391849343	0.00295378451176	0.00210520890531	0.000848575606447
ATNT	4085153	45227919	45326353	164907	126765	9223372036854775807	0.00363288683547	0.00278891758317	0.000843969252298
ANTC	379374	4564298	4566125	26656	22772	67.5601474188	0.00580620062845	0.00496241253617	0.000843788092282
GNNT	1513692	17953563	18071169	73045	58256	9223372036854775807	0.00405206570199	0.00321333963984	0.000838726062149
TGAA	298334	3606123	3590771	10808	7882	97.8838584632	0.00298816869882	0.00219026396821	0.00079790473061
NAAA	3733387	43559470	43237575	104638	69798	9223372036854775807	0.00239643049619	0.00161168861478	0.00078474188141
AGNN	1478169	17852365	17807706	75523	61550	9223372036854775807	0.00421259882927	0.00344446349641	0.000768135332856
GGAN	180836	2184654	2172357	8306	6581	42.3645824444	0.00378757478477	0.00302027868622	0.000767296098543
NCTC	54046	667211	669924	2597	2090	13.2504485506	0.00387723048993	0.00311005425482	0.000767176235109
CAAA	280903	3370517	3329687	8063	5423	106.495913357	0.00238650557335	0.00162603332424	0.000760472249109
TNTC	203708	2479943	2495482	20206	18416	21.4333507551	0.00808191831767	0.00732567510695	0.000756243210723
GGNN	512201	6044199	6046200	25988	21429	96.5157905965	0.00428125196143	0.00353169252767	0.000749559433756
CTNC	44328	560996	567062	2288	1886	10.2172420856	0.00406189417771	0.00331488993722	0.000747004240498
AAAA	2065233	23840212	23649554	55670	37544	9223372036854775807	0.00232969011146	0.00158499787521	0.000744692236245
CANC	212007	2604732	2606355	9631	7692	48.4542962483	0.00368388016507	0.00294256377181	0.000741316393266
NTAA	2248085	26421909	26309567	82413	62706	9223372036854775807	0.00310941739992	0.00237772451392	0.000731692886
TGAT	17906	221373	220849	746	582	5.01170899779	0.00335856005114	0.00262835826962	0.000730201781525
NNAA	7515539	88595188	87995714	236807	172096	9223372036854775807	0.00266578500235	0.00195191419635	0.000713870806003
CNAA	574506	6947184	6875887	18075	13050	166.192475305	0.00259502195109	0.00189434160887	0.000700680342214
NTTC	63577	799727	808242	6839	6341	6.05596310965	0.00847915731633	0.0077843510115	0.000694806304827
CNTC	53175	677262	680822	2520	2058	11.5267113419	0.00370707079623	0.00301370665417	0.000693364142055
NATT	2474601	29078993	29205649	82656	62805	9223372036854775807	0.00283440761529	0.00214582567292	0.000688581942365
CNAC	25417	308168	309116	1332	1136	4.18628321787	0.00430371567044	0.00366153965164	0.000642176018798
GAAA	338810	4094765	4058148	10054	7359	86.5430651968	0.00244931627923	0.00181010634098	0.000639209938251
NGAT	277588	3383060	3384389	13888	11784	38.6650049986	0.00408837580087	0.00346978790539	0.00061858789548
NGAA	818086	9938052	9867632	27104	20815	170.732001981	0.00271987713991	0.00210498170238	0.000614895437522
GATT	23550	285221	287300	663	491	6.58862740191	0.00231912244127	0.00170609921784	0.000613023223435
TNGA	334877	4034051	4028515	16576	14096	43.8559518673	0.00409220597206	0.00348685540113	0.000605350570937
GNNC	272742	3306946	3310730	17999	15999	27.0281952373	0.00541332262639	0.00480922852448	0.000604094101914
AATT	682044	8047023	8080281	24933	20129	116.648045925	0.00308884240697	0.00248493594769	0.000603906459284
NNGG	457988	5441942	5440919	19076	15851	65.6196121773	0.00349312161212	0.00290483197936	0.000588289632767
NNGC	80334	956111	956043	4916	4353	8.22986395738	0.0051153609628	0.00453250534155	0.000582855621257
CNNC	476180	5836963	5862610	21993	18698	62.1935367239	0.00375374042748	0.00317922475749	0.00057451566999
ANAA	3973980	46438207	46046414	117037	90057	9223372036854775807	0.00251393806464	0.00195196984182	0.000561968222816
ATAN	4108700	45479587	45316345	178379	152666	9223372036854775807	0.00390685384452	0.00335758347592	0.000549270368599
NTGG	45692	556069	556365	1593	1295	7.50362672995	0.00285656903286	0.00232220349317	0.000534365539687
AGAN	194386	2343620	2329774	8234	6936	23.4757568128	0.00350106766832	0.00296827590929	0.000532791759025
GNAA	714243	8613594	8540137	22666	17972	110.312688666	0.00262451570471	0.00209999662309	0.000524519081629
ACAA	39469	472106	467607	1177	923	6.9258683484	0.00248688416867	0.00196999124923	0.000516892919442
AGAA	171393	2066580	2051376	4936	3849	28.5305725577	0.0023827959813	0.00187278765099	0.000510008330314
ATAT	2418998	25724402	25722288	100650	87553	198.504640612	0.00389737840605	0.00339223321833	0.000505145187724
NNTC	881406	10704890	10746748	67586	62407	50.2629288056	0.00627395224645	0.00577353178856	0.000500420457885
TGTT	154616	1839490	1855725	4202	3315	25.4761257889	0.00227912254324	0.00178317841467	0.000495944128579
NCAA	477067	5720071	5660039	14762	11815	65.5092188799	0.00257409413666	0.00208309311206	0.000491001024598
TGAN	565740	6865951	6856296	22585	19192	59.9085545943	0.00327863569269	0.00279136550017	0.000487270192528
NTNT	9348673	106383118	107277449	314436	266133	9223372036854775807	0.00294698414548	0.00247465255528	0.000472331590207
NGAN	1634215	19854925	19787086	68789	59166	151.084346165	0.00345261932589	0.00298121781382	0.000471401512073
GTAN	54234	638572	639382	2332	2042	4.97378910752	0.00363861046272	0.0031835416199	0.000455068842826
NGTT	514142	6138252	6190420	14673	12046	62.1652860216	0.00238471946269	0.00194213075896	0.000442588703735
TNTT	4015192	46354635	46940455	102001	83100	9223372036854775807	0.00219561743558	0.00176719943866	0.000428417996916
GNTT	323932	3845890	3884817	8542	6977	38.8775469728	0.00221615013574	0.00179274648144	0.000423403654297
CATT	71822	880582	884540	1924	1559	9.50901787319	0.00218015514909	0.00175939708768	0.000420758061402
ATAA	949355	11073129	10991065	31916	27124	78.0305855316	0.00287400906525	0.00246174757031	0.000412261494936
ANTT	2126378	25024092	25158172	60544	50525	209.138377883	0.00241358893946	0.00200426860619	0.000409320333273
ANNT	7361410	83895823	84028794	399106	365864	9223372036854775807	0.00473463830784	0.00433515590525	0.000399482402592
NNTT	7515556	87851444	88700306	197835	165114	9223372036854775807	0.00224686678014	0.00185802306454	0.000388843715596
NTAN	7414472	84300181	84292744	302848	270911	9223372036854775807	0.00357963542889	0.00320363399619	0.000376001432703
AANA	4015192	46834969	46497010	117663	99776	292.95901742	0.0025059937002	0.00214126356268	0.00036473013752
ATTT	953218	11125843	11191476	21864	18132	81.6569836437	0.00196130020281	0.00161754095237	0.000343759250444
NAGA	132104	1597727	1584851	4381	3816	8.32322761233	0.00273452226691	0.00240201376374	0.000332508503173
AATN	1717370	20077129	20040469	66843	60546	66.225286194	0.00331826315088	0.00301208670308	0.000306176447798
GANA	115757	1395575	1384677	3536	3083	6.7722907956	0.00252731913336	0.00222156568859	0.000305753444772
AATA	233884	2693098	2682893	7667	6871	9.6838853949	0.0028388252958	0.00255449920513	0.000284326090661
TTCN	124855	1488030	1503764	5358	4999	4.28314345729	0.00358781508891	0.00331331030785	0.000274504781064
TTAN	1066501	12392152	12461183	40009	37178	27.1342501601	0.00321818547878	0.00297463003349	0.000243555445286
NNGA	252669	3059915	3039753	10132	9359	6.37784041147	0.00330027520751	0.00306941824374	0.000230856963775
NTTT	3634598	41944924	42524637	77503	68734	143.052168694	0.00184432469833	0.00161372529073	0.000230599407607
TTTT	1148364	12946853	13174318	23052	20439	45.8442091189	0.00177734532366	0.00154902435869	0.000228320964965
ATNN	7931144	90891902	90790539	353446	333297	124.533247793	0.00387357830012	0.00365762696821	0.000215951331917
CNTT	120809	1444454	1453490	2873	2585	4.40502944651	0.00198503862638	0.00177532063939	0.000209717986988
AANN	4627140	53977730	53713427	250580	238261	55.963477044	0.00462083365681	0.0044161917603	0.000204641896509
NANA	7728004	88663877	88063005	255712	237406	122.895134728	0.00287576677845	0.00268861715717	0.000187149621281
NTAT	606433	6696004	6718521	22461	21292	8.5063829903	0.00334317437093	0.00315913809478	0.00018403627615
ANAN	1838303	20870144	20746612	93894	89981	14.3217194087	0.00447881271728	0.00431841232393	0.000160400393349
TTNT	1274218	14629767	14842077	33069	31357	16.9484728616	0.00225529358713	0.00210825556492	0.000147038022212
TNNT	4764546	55505614	55973150	158905	152660	40.8564098337	0.00285469097469	0.00271996074533	0.000134730229362
