#Sequence	Occurrence	Forward Match	Backward Match	Forward Mismatch	Backward Mismatch	Strand Bias Score	FER (Forward Error Rate)	RER (Reverse Error Rate), ERD (Error rate Difference)
NCTCTNTT	883	3765	3800	28	1	7.2703938496	0.00738201950962	0.000263088660879	0.00711893084874
TATNTTTT	10218	13274	14323	121	53	7.58430662068	0.00903322135125	0.00368670005565	0.0053465212956
NNTATTTT	17315	28911	29989	179	66	12.9549430047	0.00615331729117	0.00219597404758	0.00395734324359
TANNTTTT	16044	26683	28001	189	96	8.28868789168	0.00703334325692	0.00341673488273	0.00361660837419
NATNTTTT	19344	35862	37446	257	142	9.03716287438	0.00711536864254	0.00377780142599	0.00333756721656
ATANNTTT	15972	23723	24184	140	65	6.92372176514	0.00586682311528	0.00268052290816	0.00318630020712
TATNNTTT	18051	28488	29788	165	82	7.5622742815	0.00575855931316	0.00274522932708	0.00301332998608
TNTNTTTT	53364	64727	71391	749	619	6.88356399145	0.0114393060053	0.0085960283294	0.00284327767586
TATNTNTT	25259	29972	31163	169	88	6.91742585244	0.00560698052487	0.00281590989088	0.00279107063398
