#Sequence	Occurrence	Forward Match	Backward Match	Forward Mismatch	Backward Mismatch	Strand Bias Score	FER (Forward Error Rate)	RER (Reverse Error Rate), ERD (Error rate Difference)
TTTTTTTTTT	21374	14014	17102	409	319	8.52666790499	0.0283574845733	0.0183112335687	0.0100462510046
TTTTTTTTNT	24203	18281	21874	461	345	10.2364773778	0.0245971614556	0.0155272514515	0.00906991000409
TTNTTTTTTT	23704	18068	21394	463	363	8.24198535584	0.0249851600022	0.0166842855173	0.00830087448485
TTTTNTTTTT	23859	18794	22087	443	337	8.62362145303	0.0230285387534	0.0150285408491	0.00799999790435
TTTTTTTTNN	30115	27409	32102	627	501	9.60563615441	0.0223641032958	0.0153666840475	0.00699741924828
TTNTTTTTNT	28268	26867	30634	543	406	9.78663304701	0.019810288216	0.0130798969072	0.00673039130876
TTNTNTTTTT	27418	25752	29280	529	399	9.10214129316	0.0201286100224	0.0134438491863	0.00668476083616
TTTTTTTNNT	28100	26099	30415	497	370	10.0813577094	0.0186870206046	0.0120188403443	0.00666818026028
TTTTNTTTNT	28141	26485	30294	506	376	9.52529278628	0.0187469897373	0.0122595370068	0.00648745273047
TTTTTTNTNT	27842	25219	29021	478	359	8.90148695886	0.0186013931587	0.0122191967325	0.00638219642626
TTTNTTTTNT	28461	26347	30042	516	396	8.3947790379	0.0192085768529	0.0130100532229	0.00619852362998
TTTTTNTTNT	28232	27132	30874	492	367	8.94107792205	0.0178105994787	0.0117473832464	0.00606321623234
