#Sequence	Occurrence	Forward Match	Backward Match	Forward Mismatch	Backward Mismatch	Strand Bias Score	FER (Forward Error Rate)	RER (Reverse Error Rate), ERD (Error rate Difference)
ATCC	7946	70454	68936	1361	607	59.5570982015	0.0189514725336	0.00872841263679	0.0102230598968
CGGT	1032	8955	9124	154	71	7.59777789029	0.0169063563509	0.00772158781947	0.00918476853139
AACC	6445	51515	51972	1099	631	28.9654103871	0.0208879765842	0.0119955135639	0.00889246302031
AAGT	14613	112736	117312	2379	1401	63.9132142972	0.0206662902315	0.0118015718582	0.00886471837333
CTAA	11791	100466	102997	1230	348	112.218405654	0.012094870988	0.00336736174948	0.00872750923856
AGGT	6823	65002	65702	1519	943	31.1186259059	0.0228348942439	0.0141495986196	0.00868529562437
ANCC	18355	155092	153560	3037	1635	88.3232664501	0.0192058382713	0.0105351332195	0.00867070505179
CAGT	3824	35531	35762	717	410	19.2499344723	0.0197804016773	0.0113347340484	0.0084456676289
TTCC	11397	87679	86192	1588	817	51.3067693889	0.0177893286433	0.00938983323564	0.00839949540764
NTCC	24885	212619	207755	3778	1900	125.304067854	0.0174586523843	0.00906250745272	0.00839614493156
GTAA	17594	136047	137850	1648	525	129.49541484	0.0119684810632	0.00379403794038	0.00817444312284
GGGT	2508	20559	21305	510	349	8.49439898667	0.0242061796953	0.0161171146209	0.00808906507443
GTCC	2203	21619	20614	369	182	12.6055628465	0.016781881026	0.00875168301596	0.00803019801005
CGAA	4903	39438	39023	498	182	31.8775994483	0.0124699519231	0.00464226501722	0.00782768690586
AGCC	1456	11622	11979	236	147	5.69950774851	0.0199021757463	0.0121227115289	0.00777946421739
TTAA	57248	359400	366002	3670	998	9223372036854775807	0.0101082435894	0.00271934604905	0.00738889754034
CNAA	51971	394937	406426	4316	1425	9223372036854775807	0.0108101880261	0.00349392302581	0.00731626500033
CCAA	7250	60241	60193	654	213	49.3382916499	0.010739798013	0.00352613978744	0.00721365822553
NGGT	18743	170515	172747	3433	2201	62.2559090193	0.0197357831076	0.0125808811761	0.00715490193147
NTAA	196671	1242503	1286104	12580	3838	9223372036854775807	0.0100232414908	0.00297532757287	0.00704791391793
CAAA	28027	194792	204213	1934	682	143.683699805	0.00983093236278	0.00332853412724	0.00650239823554
AAAC	20304	137728	146127	2068	1239	56.9795306365	0.0147929840625	0.00840763812548	0.00638534593701
TCAA	18351	137276	139383	1333	454	97.4027315594	0.00961698013837	0.00324663715612	0.00637034298226
ATAA	110038	646590	679255	6032	1967	9223372036854775807	0.00924271630438	0.00288745812672	0.00635525817767
TNAA	189053	1177652	1230543	11164	3790	9223372036854775807	0.0093908561123	0.00307048422103	0.00632037189127
GAGT	3590	35052	34120	721	480	9.81836719886	0.0201548654013	0.0138728323699	0.00628203303134
CGGA	1351	11971	12983	187	121	4.94723488781	0.0153808192137	0.00923382173382	0.00614699747986
CGGN	3125	27852	29071	434	271	10.4728985452	0.0153432793608	0.00923590757276	0.00610737178805
NNCC	55704	486238	477943	8664	5534	137.785651076	0.0175064962356	0.0114462528724	0.0060602433632
TGAA	28671	210198	217343	2095	854	123.054519887	0.0098684365476	0.00391389432485	0.00595454222275
NGCC	4205	35058	34761	611	393	10.5791967015	0.0171297204856	0.0111793821471	0.00595033833845
GCAA	5195	40469	42432	390	155	25.264739726	0.00954502068088	0.00363960833118	0.0059054123497
NCAA	58818	439805	450734	4107	1562	261.65157624	0.00925183369677	0.00345349063445	0.00579834306232
TAAA	84783	470778	507815	4066	1484	9223372036854775807	0.0085628122078	0.00291380898058	0.00564900322722
CACC	3260	31340	31451	615	436	7.4242247152	0.0192458144265	0.0136732837834	0.00557253064318
NNAA	664625	4037171	4269162	35144	13154	9223372036854775807	0.00862998073577	0.00307170232183	0.00555827841395
GNAA	69210	499139	515910	4675	1977	257.198931771	0.00927921812415	0.00381743507754	0.00546178304661
TGGT	8380	75999	76616	1250	838	19.1113273251	0.0161814392419	0.0108193250187	0.00536211422321
TGCC	1874	15740	15038	253	159	4.36927289035	0.0158194209967	0.0104625913009	0.00535682969577
TNCC	23566	195479	191381	3401	2297	42.0708786659	0.01710076428	0.0118598911596	0.00524087312041
ACAA	28022	201819	208726	1730	740	94.242516368	0.00849918201514	0.0035327929115	0.00496638910364
AANC	46214	341155	353372	4975	3363	80.9011424143	0.0143732123769	0.00942716582337	0.00494604655348
NGAA	76992	564979	578135	5164	2394	234.439051869	0.00905737683353	0.0041238249941	0.00493355183943
NAGT	33944	293508	296562	5246	3800	53.9078927838	0.0175595975284	0.0126514006432	0.00490819688518
GGAA	11397	85688	89250	791	387	34.5866598387	0.00914672926375	0.00431741356806	0.00482931569569
CNCC	8529	80854	79486	1327	910	16.1079153491	0.0161472846522	0.0113189710931	0.00482831355908
ANAA	354391	1965443	2116283	14989	5962	9223372036854775807	0.00756855070005	0.00280928921967	0.00475926148038
CTCC	3339	32867	32013	460	294	7.70708509686	0.0138026224983	0.00910019500418	0.0047024274941
CNGT	11403	103586	101715	1459	949	22.2425096291	0.0138892855443	0.00924374659082	0.00464553895347
NAAA	332144	1789884	1954189	13293	5360	9223372036854775807	0.0073719884404	0.00273532328102	0.00463666515938
AAGG	10946	84566	89325	1219	870	17.9201835881	0.0142099434633	0.00964576750374	0.00456417595957
GTNA	44083	357754	357373	3697	2047	103.033789393	0.0102282190394	0.00569528685104	0.00453293218833
NACC	18743	172007	170979	3315	2522	23.0465803244	0.0189080663009	0.0145359392741	0.00437212702674
CGNA	11129	91372	92531	1068	672	21.4629780589	0.0115534400692	0.00721006834544	0.00434337172379
CGAN	10781	92645	92312	985	591	21.8896830129	0.0105201324362	0.00636147379525	0.00415865864094
GAAA	35024	236935	246378	1846	910	78.0018627674	0.00773093336572	0.00367991976966	0.00405101359606
ATGG	10152	85924	88592	1117	785	15.66337679	0.0128330327087	0.00878302024011	0.00405001246862
CNGG	5085	50232	50436	701	496	8.52118508534	0.0137631790784	0.00973847482918	0.00402470424921
CCNA	16848	149119	146936	1463	841	35.3199516178	0.00971563666308	0.00569100739628	0.0040246292668
TCCC	3160	26008	25520	350	239	4.72461864078	0.0132787009637	0.00927831049342	0.00400039047023
GTCA	4648	41051	40729	493	324	8.01402388819	0.0118669362604	0.00789223686454	0.00397469939581
CTNA	36743	303500	304281	3125	1917	64.2263793006	0.0101916021199	0.00626065487038	0.00393094724948
ANGG	25478	205550	214003	2767	2030	32.2172117672	0.0132826413591	0.00939671253929	0.00388592881979
CAGN	14223	129792	130985	1849	1346	18.9804494766	0.014045776012	0.0101714639805	0.00387431203156
ANAC	56255	406481	423633	4829	3370	70.8328947103	0.0117405363351	0.00789221621394	0.00384832012119
GNGT	15166	129325	123211	2068	1484	15.9231772251	0.0157390424147	0.011901038534	0.00383800388072
CNNA	142784	1112548	1127726	11862	7643	210.452334904	0.0105495326438	0.00673173215052	0.00381780049327
AAAA	184310	887379	995783	5447	2284	9223372036854775807	0.00610085279775	0.00228842352267	0.00381242927508
ACGT	4218	32773	32749	467	339	5.03661057637	0.0140493381468	0.0102454061896	0.00380393195726
CTCA	5149	42352	43107	549	392	7.00062499097	0.0127969045011	0.00901170141842	0.00378520308264
NAAC	51001	388270	399498	4607	3253	60.0338803936	0.0117263163789	0.00807695077107	0.00364936560785
CANA	78064	568557	583978	6206	4213	95.2609570624	0.0107974939236	0.00716263934674	0.00363485457684
NTGG	22470	197697	200907	2438	1749	27.880001668	0.0121817773003	0.0086303884415	0.00355138885883
AGAA	32021	229655	232519	1780	971	54.7081777752	0.00769114438179	0.00415863634417	0.00353250803762
TTGG	7250	59615	60612	737	536	8.36131163275	0.0122116914104	0.00876561784523	0.00344607356516
GNCC	5254	54813	53516	899	692	5.48528598194	0.0161365594486	0.0127656434475	0.00337091600113
TGGN	22470	197125	200843	2500	1866	23.4435848352	0.0125234815279	0.00920531402158	0.00331816750629
ANNC	131587	1010971	1031385	12721	9497	116.216368106	0.0124265892475	0.00912399292139	0.00330259632616
NCCC	7871	66554	64448	960	719	6.62112618556	0.0142192730397	0.0110331916461	0.00318608139359
CAAC	7239	61286	61867	599	406	9.19482532424	0.00967924375858	0.00651967947586	0.00315956428273
NTNA	520114	3524956	3542708	31079	19918	9223372036854775807	0.00873979024391	0.00559081980539	0.00314897043852
ATNC	60369	455377	458205	5304	3895	49.4962207881	0.0115133899596	0.00842891149102	0.00308447846863
CGNT	10204	83622	84415	808	553	11.6866051463	0.00957005803624	0.00650833254872	0.00306172548752
NGGN	55704	477162	489264	6623	5262	42.3322412856	0.0136899655839	0.0106404921076	0.00304947347629
GAAC	8046	65221	66026	806	611	7.06893080029	0.0122071273873	0.00916908024071	0.00303804714657
CAAN	58818	440060	451721	4039	2759	60.6419985963	0.00909481894803	0.00607067417708	0.00302414477095
ATNA	250235	1652505	1689357	13617	8793	249.075516256	0.00817287089421	0.00517798781026	0.00299488308394
TGGA	9525	82156	84308	827	592	10.5942365743	0.00996589662943	0.00697290930506	0.00299298732437
CNGN	34696	318544	316417	3919	2930	30.3785154963	0.0121533323203	0.00917497267862	0.00297835964167
NAGG	22236	188329	194308	2498	1991	16.9091946762	0.0130903907728	0.0101426904875	0.00294770028532
CNCA	19529	156877	161389	2212	1807	12.3043552123	0.01390416685	0.0110725753082	0.00283159154178
CGNN	28004	236655	238066	2498	1837	23.5840251004	0.0104451961715	0.00765726147651	0.00278793469498
NNGG	55702	478869	490882	5977	4740	38.7692446882	0.0123276256791	0.00956374010839	0.00276388557069
TTNA	189053	1211197	1191697	10640	7161	136.066415772	0.00870819921152	0.00597318448056	0.00273501473095
ATAC	23637	167698	171688	1669	1234	17.2951783181	0.00985433998359	0.00713616543875	0.00271817454483
AATC	14365	112807	114706	1314	1028	9.4169867999	0.011514094689	0.00888243731315	0.00263165737582
AGGN	22238	187810	193064	2724	2282	12.1008924058	0.0142966609634	0.0116818363314	0.00261482463197
CACA	10432	80503	84540	1246	1084	5.13814152447	0.0152417766578	0.0126600018686	0.00258177478918
CNGA	13534	119230	119237	1325	1014	9.75136022887	0.0109908340591	0.00843236230884	0.00255847175031
NCGT	11442	94434	94299	1020	775	7.92552180705	0.0106857753473	0.00815154511223	0.00253423023506
ANGT	57630	443268	441784	6968	5797	23.2291785584	0.0154763279702	0.0129518455877	0.00252448238249
GTGA	6429	55993	55365	499	353	5.76615179348	0.00883310911279	0.00633547507089	0.0024976340419
CANC	23289	210595	209027	2294	1755	15.5386911385	0.0107755684887	0.00832613790551	0.00244943058323
CNAN	128234	1050450	1057161	9158	6599	94.4653839416	0.00864281885376	0.00620346694743	0.00243935190633
AAGN	61971	464562	481785	5519	4541	29.9138405729	0.0117405298236	0.00933735806846	0.00240317175513
CANN	175526	1381024	1388923	14583	11422	87.9280850332	0.0104492167208	0.00815656141879	0.00229265530196
CATT	29312	228369	221657	1879	1326	18.1575287074	0.00816076578298	0.00594664167224	0.00221412411075
TTGA	18351	137565	138475	1122	820	11.440623786	0.00809015985637	0.00588678703471	0.00220337282166
TNGG	16848	147091	149323	1700	1391	8.51242007998	0.0114254222366	0.00922940138275	0.00219602085381
ACAC	8116	62155	65924	660	553	4.29175562189	0.0105070444957	0.0083186666065	0.00218837788925
GNNA	150212	1173639	1192173	10511	8042	80.6961399516	0.00887640923869	0.00670046616648	0.00217594307222
GTAN	54234	432605	429604	3755	2787	30.5377892676	0.008605280044	0.00644555506474	0.00215972497926
NTCA	63386	503965	501304	5486	4354	27.8280361582	0.0107684546698	0.00861056287056	0.00215789179927
CTAN	36165	316096	315986	2550	1881	22.7668722505	0.008002611048	0.00591756929785	0.00208504175015
NANC	135691	1113231	1121632	13633	11364	49.1991070412	0.0120981768874	0.0100300442367	0.00206813265067
TGNA	73960	556346	558990	5022	3876	34.1121968761	0.00894600333471	0.00688618605494	0.00205981727977
NNAC	137511	1102247	1123100	10900	8820	57.2442435242	0.0097920580121	0.00779207011096	0.00199998790114
CATA	33652	239685	241669	2441	1978	12.1912849138	0.0100815277996	0.008118302298	0.00196322550158
NNGT	137514	1113389	1097417	14934	12575	37.5657639284	0.013235571729	0.0113289104786	0.00190666125038
TCGN	10781	91441	93433	775	612	5.65615715741	0.00840418148694	0.00650752299431	0.00189665849263
NCGN	28004	237161	237535	2264	1818	11.5462157014	0.00945598830531	0.00759547613775	0.00186051216756
ATCA	24918	206069	205763	2289	1897	8.61116951593	0.0109858992695	0.00913512472311	0.00185077454642
TTCA	28671	214493	211705	2155	1741	9.19373166675	0.00994701081939	0.0081566297799	0.0017903810395
NCNA	128234	1050735	1052729	8749	6909	48.5776742338	0.00825779341642	0.00652015122145	0.00173764219496
GTCN	12292	115224	113251	1359	1135	4.22077819486	0.0116569311135	0.00992254296855	0.00173438814491
NTGA	63386	501164	506425	3963	3132	23.9606886646	0.00784555171274	0.00614651550268	0.00169903621006
ANNA	724555	4567911	4777557	33503	27010	221.38028623	0.00728102274649	0.00562173448721	0.00165928825928
CATN	82501	642643	634595	6029	4889	23.6979460512	0.00929437373588	0.00764522646384	0.00164914727204
NGNA	172396	1338137	1356275	11659	9556	52.4633824877	0.00863760153386	0.00699647320935	0.00164112832451
NGAN	157563	1254835	1273255	10526	8562	51.1735779931	0.00831857469924	0.00667958062656	0.00163899407267
NGGA	24885	207189	214598	2080	1797	7.66311579521	0.00993936034482	0.00830425841632	0.0016351019285
CACN	19984	168529	171622	2666	2428	4.08919294019	0.0155728847221	0.0139500143637	0.00162287035841
GTTA	15412	124663	123429	1057	845	5.38146349893	0.00840757238307	0.00679949144632	0.00160808093675
TGAN	63386	500928	507491	3978	3207	21.1039381114	0.007878694252	0.00627964080533	0.00159905344667
NCGA	10781	93016	91910	733	576	4.34804593543	0.00781875006667	0.00622796963865	0.00159078042802
GNGA	17360	146480	145040	1382	1136	5.40467289445	0.00934655286686	0.00777145359019	0.00157509927667
NTAC	54234	430942	434004	3810	3144	15.7516655104	0.00876361695863	0.00719207225013	0.0015715447085
NAGN	127821	1047631	1062231	12377	10863	27.0331671603	0.0116763269711	0.0101230647082	0.0015532622629
CTGN	14223	131983	128552	1317	1087	4.21047226897	0.0098799699925	0.00838482246855	0.00149514752395
ATTC	21927	163546	163583	1716	1472	4.74621295359	0.0103835122412	0.00891823937475	0.00146527286641
GNGN	45973	397520	390523	4750	4087	9.17426192108	0.0118079896587	0.0103570614024	0.00145092825629
AAAN	332142	1783669	1956971	13708	12176	63.5606201116	0.00762666930755	0.00618338803553	0.00144328127202
AGAN	58511	453939	458688	3754	3126	14.7672381799	0.00820200440033	0.00676895893152	0.00143304546881
NTNC	172397	1351393	1341245	14779	12723	30.9308985199	0.0108178179614	0.00939682474032	0.00142099322111
TCNA	45998	367262	368498	2987	2467	11.983417568	0.00806754373408	0.00665022306687	0.00141732066722
GTGN	19984	173676	166391	1817	1505	4.46272926136	0.0103536893209	0.00896388240339	0.00138980691755
ANTC	42604	338043	340619	3618	3164	8.13798761283	0.0105894439225	0.00920348010227	0.00138596382021
AAAG	29092	199426	208914	2658	2488	4.19540414822	0.0131529462996	0.0117690466505	0.0013838996491
ATCN	52817	441701	436159	5284	4606	9.09775932145	0.0118214257749	0.0104500130455	0.00137141272941
NAAN	664624	4035142	4273697	31434	27386	122.166749809	0.00772984446866	0.0063672335549	0.00136261091377
ANGN	178152	1383405	1407747	15380	13706	28.5807053296	0.0109952565977	0.00964224634933	0.00135301024836
CNTA	57750	441504	440674	4009	3397	11.5593579603	0.00899861507969	0.00764967764164	0.00134893743806
GNAN	172397	1339457	1359096	11077	9408	35.9402332381	0.00820194086191	0.0068746602129	0.00132728064901
ANAN	830490	4706063	4908000	38000	33068	126.68832207	0.00801001167143	0.00669248024921	0.00131753142222
ATAN	366452	1927113	1940289	16538	14078	47.5004967001	0.00850872919058	0.00720335535751	0.00130537383307
ACNA	53315	433851	435784	3442	2891	11.7861070634	0.00787115275113	0.00659030033624	0.00128085241489
CNAC	17483	167453	165583	1335	1108	4.72677496365	0.00790933004716	0.00664702953369	0.00126230051347
ATGA	33514	264187	269676	1903	1606	7.63824658437	0.00715171558495	0.00592003892628	0.00123167665867
TNGA	45998	366820	368295	3045	2605	8.62000158539	0.00823273356495	0.00702345645727	0.00120927710768
CANT	55383	442028	434684	4226	3627	8.64936621144	0.00946994312656	0.00827494632806	0.0011949967985
CNTT	73936	561951	543225	3785	3012	14.7074941111	0.00669039976243	0.00551409003784	0.00117630972459
GGNA	23566	191684	197070	1682	1497	4.25048880244	0.00869853024834	0.00753901705721	0.00115951319112
GTNN	137511	1118346	1097594	9826	8422	18.9804212386	0.00870966483834	0.0076147180511	0.00109494678725
GANA	70490	523698	536219	4275	3788	9.94842676169	0.00809700496048	0.00701472388321	0.00108228107727
NTAN	653522	3951755	3940484	30659	26294	70.7811884247	0.00769859688119	0.00662855345068	0.0010700434305
TNNA	633682	3759275	3758617	34112	30049	56.5189238368	0.00899249140676	0.00793128768807	0.00106120371869
CNNC	58360	539345	529822	5091	4434	8.2473527058	0.00935096136185	0.00829939205175	0.0010515693101
GAAN	76993	565367	578521	4556	4079	9.16031394487	0.00799406235579	0.00700137315482	0.000992689200969
AANG	73936	541086	563323	6512	6260	5.10964907393	0.0118919353248	0.0109904965563	0.000901438768566
AGNA	63741	498735	507684	3887	3511	6.48285273591	0.00773344581017	0.00686822054206	0.000865225268108
AANA	357264	1982820	2144732	12557	11815	26.6842199695	0.0062930463767	0.00547866566321	0.000814380713489
TAAN	196671	1246046	1286484	9131	8372	14.2628914959	0.00727467122167	0.00646558381781	0.000809087403854
NANA	830489	4699545	4904361	38501	36361	41.4143923086	0.00812592364025	0.00735945070376	0.000766472936488
NNGA	157563	1255762	1270959	10160	9306	11.3647308398	0.00802577094007	0.00726880762967	0.000756963310403
CTNN	127821	1063961	1047584	8720	7786	9.36290977762	0.00812916421564	0.00737750741446	0.000751656801182
ACAN	73385	541342	552052	4000	3688	4.94657641074	0.00733484675671	0.00663619678267	0.000698649974046
TNGN	128234	1052231	1048650	10174	9394	6.94981846723	0.00957638565331	0.0088786477689	0.000697737884404
NTCN	157563	1265140	1253813	13683	12690	7.05639252726	0.0106996824424	0.0100197157054	0.000679966736999
ATNN	721278	4440361	4409519	36893	33718	27.2968731417	0.00824009537989	0.00758861163607	0.000651483743825
CNTN	178150	1411061	1381827	11375	10227	9.36384207668	0.00799684484926	0.00734669775741	0.000650147091844
AANN	664624	4024956	4277069	33600	33237	19.5200569047	0.0082788065509	0.00771105346117	0.000567753089732
TNAN	520114	3530287	3552276	23808	22104	17.0430501739	0.00669875172161	0.00618400953452	0.000514742187085
NTGN	175526	1389746	1374307	12959	12174	4.27478342451	0.00923857831832	0.00878050258172	0.000458075736605
