#Sequence	Occurrence	Forward Match	Backward Match	Forward Mismatch	Backward Mismatch	Strand Bias Score	FER (Forward Error Rate)	RER (Reverse Error Rate), ERD (Error rate Difference)
TGGCGGGT	5928	195111	380203	99837	3797	9223372036854775807	0.338490174539	0.00988802083333	0.328602153706
NGGCGGGT	18581	672153	1145318	274829	11233	9223372036854775807	0.290215653518	0.00971249862738	0.280503154891
CGGNGGGT	9949	381225	613059	138509	6162	9223372036854775807	0.266499786429	0.00995121289491	0.256548573534
TGGCNGGT	24381	1060255	1569497	286848	16871	9223372036854775807	0.212936946915	0.0106349850728	0.202301961842
AGGCGGGT	3207	139806	197751	37468	1858	9223372036854775807	0.211356431287	0.00930819752616	0.202048233761
TGGNGGGT	11198	496408	728825	130029	7482	9223372036854775807	0.207569156994	0.0101615222998	0.197407634694
CGGCTGGT	7506	310166	457382	79757	4838	9223372036854775807	0.204545512832	0.0104668772446	0.194078635587
TGGCTGGT	8571	382358	563933	97176	6449	9223372036854775807	0.202646736206	0.0113064577774	0.191340278429
NGGNGGGT	31790	1410588	1991188	350189	19813	9223372036854775807	0.198883220306	0.00985230738324	0.189030912922
NGGCNGGT	79245	3595838	4883915	766843	52128	9223372036854775807	0.175773337542	0.0105606859584	0.165212651583
GGCTCGGT	2576	104854	149802	21798	1430	9223372036854775807	0.172109402141	0.00945567075751	0.162653731384
TGGCGGGA	6629	297726	414081	58846	3370	9223372036854775807	0.165032588089	0.00807280375421	0.156959784335
ACGGCGGT	8227	377272	514774	71540	4970	9223372036854775807	0.159398590056	0.00956239995074	0.149836190105
TGGCTNGT	12425	590979	831874	111536	9916	9223372036854775807	0.158766716725	0.0117796600102	0.146987056715
GCGGCGGT	15808	689722	932533	125929	8969	9223372036854775807	0.154390787236	0.00952626760219	0.144864519634
CGGCGGGN	30383	1225001	1725899	220371	13417	9223372036854775807	0.152466631428	0.00771395192133	0.144752679506
TCGGCGGT	8448	390476	532009	70776	5108	9223372036854775807	0.153443237102	0.00951003226485	0.143933204838
NGGCTGGT	27275	1301148	1715558	231367	19237	9223372036854775807	0.15097209489	0.0110889182872	0.139883176603
TGNCGGGT	16825	855399	1089237	146593	10616	9223372036854775807	0.146301567278	0.00965219897568	0.136649368302
CGGCTNGT	13023	574662	793724	99984	9480	9223372036854775807	0.148202168248	0.0118027300661	0.136399438182
NCGGCGGT	40948	1875363	2475480	318683	24192	9223372036854775807	0.145249005718	0.00967806976275	0.135570935955
AGGNGGGT	5732	286733	358252	48384	3200	9223372036854775807	0.144379425693	0.00885318105862	0.135526244634
GGGCGGGT	3020	144334	178790	24055	1888	9223372036854775807	0.142853749354	0.0104495289963	0.132404220358
TGGCGGGN	30316	1312275	1832128	214168	15880	9223372036854775807	0.140305271799	0.00859303639378	0.131712235405
GGCGGGGN	16183	700473	938460	113819	8529	9223372036854775807	0.139776640321	0.00900644041272	0.130770199908
GNGGCGGT	31239	1419279	1872896	233122	19703	9223372036854775807	0.141080766715	0.010410551839	0.130670214876
TNGCGGGT	18736	962075	1223181	155230	11987	9223372036854775807	0.138932520664	0.0097047527138	0.12922776795
ACGGCTCG	2389	97617	140174	14730	801	9223372036854775807	0.131111645171	0.00568185848555	0.125429786685
NGNCGGGT	59252	2989464	3665803	454713	35809	9223372036854775807	0.132023702615	0.00967389342805	0.122349809187
NGGCGGGA	20506	967630	1237353	144599	10472	9223372036854775807	0.130008298651	0.00839220243223	0.121616096218
CGGNGGGA	10984	530552	664239	74387	5382	9223372036854775807	0.122966117245	0.00803738234016	0.114928734905
GNGGGGGT	4411	220459	265273	31615	2837	9223372036854775807	0.125419519665	0.0105814777517	0.114838041913
TGGNTGGT	19089	1007581	1267059	143866	14866	9223372036854775807	0.12494365785	0.0115966222673	0.113347035582
TGGNNGGT	61147	3220245	3993415	456028	44833	9223372036854775807	0.124046282743	0.0111020917982	0.112944190945
TTGGCGGT	7101	369163	475893	51106	4845	9223372036854775807	0.121603068511	0.0100782546834	0.111524813827
NGGCGGGN	90572	4012051	5260276	539398	44212	9223372036854775807	0.118511269708	0.00833482892223	0.110176440786
NNGCGGGT	74674	3893039	4679080	530161	48481	9223372036854775807	0.119859151745	0.0102549707978	0.109604180948
ANGGCGGT	25886	1305714	1626037	177235	16883	9223372036854775807	0.119515236195	0.0102762155187	0.109239020676
GGGNGGGT	4911	246222	291052	33267	2969	9223372036854775807	0.119027940277	0.0100979181759	0.108930022101
NCGGGGGT	4412	231937	271835	31331	2952	9223372036854775807	0.11900800705	0.0107428662928	0.108265140757
AGGCNGGT	13495	702580	844585	93834	8385	9223372036854775807	0.117820630978	0.00983035745689	0.107990273521
ACGGNGGT	14669	751071	928814	101013	10017	9223372036854775807	0.118548171307	0.0106696519395	0.107878519368
ACGGCNGT	16478	836571	1040090	111809	10755	9223372036854775807	0.117894725743	0.01023462071	0.107660105033
NNGGCGGT	123627	6145919	7645014	820825	81405	9223372036854775807	0.117820462471	0.0105359287401	0.107284533731
CGGCNGGA	24150	1144878	1435502	151375	14083	9223372036854775807	0.116778900415	0.00971519434873	0.107063706067
AGGCAGGT	2542	143068	173587	18848	1737	9223372036854775807	0.116406037699	0.00990737149506	0.106498666203
NGGCTNGT	41601	2064871	2632857	275125	31441	9223372036854775807	0.117574987308	0.0118008571113	0.105774130196
TCGGNGGT	16000	837890	1030014	108284	11962	9223372036854775807	0.114444066313	0.0114801108663	0.102963955447
TNGGCGGT	23941	1236381	1538115	156440	15896	9223372036854775807	0.112318811965	0.0102290138229	0.102089798142
GCGGCNGT	33539	1599254	1982178	202777	21502	9223372036854775807	0.112526921013	0.0107312544917	0.101795666521
TGNCAGGT	14445	823401	978548	104266	11589	9223372036854775807	0.112395935179	0.0117044409006	0.100691494279
TCGGCTCG	2824	114267	159718	13617	933	9223372036854775807	0.106479309374	0.00580762024513	0.100671689129
TCGGCNGT	16563	851404	1045036	105227	11055	9223372036854775807	0.109997480742	0.0104678479411	0.0995296328012
CGTCGGGT	2897	158487	187463	19382	2053	9223372036854775807	0.108967835879	0.0108328584394	0.0981349774398
GCNGGGGT	11280	609218	701501	73445	7539	9223372036854775807	0.107586027073	0.0106326864493	0.0969533406241
CGGNGGGN	49432	2285466	2861164	266816	23060	9223372036854775807	0.104540172285	0.00799521812453	0.0965449541605
TGGCANGT	11833	677855	817754	81791	9488	9223372036854775807	0.107669888343	0.0114694369967	0.0962004513461
TGNCTGGT	19319	1073590	1294619	128840	14469	9223372036854775807	0.107149688547	0.011052732895	0.0960969556524
GCTGGGGT	3513	196700	229437	23322	2401	9223372036854775807	0.10599849106	0.0103563695339	0.0956421215261
TNGCAGGT	15405	895365	1056182	107147	12370	9223372036854775807	0.106878521155	0.0115764136888	0.0953021074661
NGGGGGGT	2032	104721	118835	12427	1311	9223372036854775807	0.106079489193	0.010911724069	0.0951677651241
TNGNGGGT	34613	1913534	2268589	224025	22927	9223372036854775807	0.104804124705	0.0100051668852	0.0947989578197
AGNCGGGT	10732	592710	680514	68566	6397	9223372036854775807	0.103687416449	0.0093127057217	0.0943747107277
CGGCAGGA	6191	313216	384036	35249	2920	9223372036854775807	0.101155065789	0.00754607759022	0.0936089881983
TGGCAGGN	26050	1354744	1712235	152752	14170	9223372036854775807	0.101328295398	0.00820780755385	0.0931204878446
NCGGCNGT	86548	4357513	5249499	501951	56861	9223372036854775807	0.103293490805	0.0107156318079	0.0925778589969
CGGTGGGT	2121	117314	138977	13296	1306	9223372036854775807	0.101799249675	0.00930975242902	0.0924894972456
GGACGGGT	1900	100277	120723	11444	1216	9223372036854775807	0.102433741195	0.00997219921436	0.0924615419802
NGGCTCGT	5833	267927	353719	31370	4570	9223372036854775807	0.104812276769	0.0127550664408	0.0920572103278
AGGCTGGT	4239	230720	273106	26336	2985	9223372036854775807	0.102452383916	0.0108116526797	0.0916407312366
CGGCAGGN	32204	1555741	1928597	171245	14795	9223372036854775807	0.0991583023835	0.00761297772143	0.091545324662
CGGCNGGN	118666	5377725	6736055	590937	54201	9223372036854775807	0.099006611532	0.00798217327889	0.0910244382531
GNGGCNGT	69147	3453648	4181642	386836	48184	9223372036854775807	0.100725846013	0.0113914851344	0.0893343608788
CGGCANGT	20719	1101497	1291702	123512	15179	9223372036854775807	0.100825381691	0.0116146764702	0.0892107052209
GGCAGGGA	3672	196757	236493	21165	1898	9223372036854775807	0.0971219060031	0.00796170996388	0.0891601960392
TGNCNGGT	69943	3920084	4574615	431737	48520	9223372036854775807	0.0992083543877	0.0104950428659	0.0887133115218
GCNGCGGT	36395	1860256	2193956	201933	22121	9223372036854775807	0.0979216744925	0.00998205387268	0.0879396206198
NGGNTGGT	63404	3453425	4094002	378776	47021	9223372036854775807	0.0988403270079	0.0113549236505	0.0874854033574
TGGCTGGN	43151	2197132	2772545	232729	23910	9223372036854775807	0.0957787297298	0.00855011076524	0.0872286189646
TGGCGNGT	24392	1319161	1572507	142973	16830	9223372036854775807	0.0977837872589	0.0105893212075	0.0871944660514
NTGGCTCG	7774	379223	499196	39643	3873	9223372036854775807	0.0946436330473	0.00769874510256	0.0869448879448
TGNNGGGT	41301	2359650	2735976	252452	29424	9223372036854775807	0.0966470681466	0.010640052072	0.0860070160746
TGGCNNGT	63653	3462008	4128909	371050	45137	9223372036854775807	0.0968026051262	0.0108137284544	0.0859888766719
TGGTGGGT	3800	217979	256669	22944	2579	9223372036854775807	0.0952337468818	0.00994800345615	0.0852857434256
TGGCNGGN	124202	6129526	7611328	631874	63619	9223372036854775807	0.0934531310084	0.0082891777624	0.085163953246
NNGNGGGT	142200	7885379	9031749	825042	94335	9223372036854775807	0.0947189579011	0.0103368542301	0.084382103671
TGGCGGGC	12409	538278	712458	55025	6213	9223372036854775807	0.0927435054264	0.00864512412495	0.0840983813015
NCGGCTCG	14792	612357	812937	59935	4544	9223372036854775807	0.0891502501889	0.00555853897522	0.0835917112137
CGGCGGNT	32913	1549601	1965267	158466	18966	9223372036854775807	0.0927750492223	0.00955835327807	0.0832166959442
NNGGGGGT	15631	842944	954328	86578	9709	9223372036854775807	0.0931424968963	0.0100711902137	0.0830713066826
CGGCNNGT	83586	4253159	4969180	439705	55524	9223372036854775807	0.0936965145378	0.0110502031562	0.0826463113816
ANGCGGGT	16417	925600	1045061	95009	11206	9223372036854775807	0.0930904979282	0.0106090600199	0.0824814379083
GNGGCTCG	7079	309466	408060	30099	2863	9223372036854775807	0.0886398774903	0.00696724203805	0.0816726354523
GCTNGGGT	6075	330543	375844	33437	3909	9223372036854775807	0.0918649376339	0.0102935329016	0.0815714047323
ANGGCTCG	6434	297988	379553	28522	2353	9223372036854775807	0.08735413923	0.00616120197117	0.0811929372589
TGGNGGGN	55487	2751827	3403731	270258	28775	9223372036854775807	0.0894276633516	0.00838308804122	0.0810445753104
CGGCTGGN	38868	1855559	2301069	180992	18387	9223372036854775807	0.0888718229988	0.00792728984727	0.0809445331515
NGGNGGGA	35910	1892555	2225315	185030	18718	9223372036854775807	0.0890601347237	0.00834123205853	0.0807189026652
CGGCCGGT	2250	100207	111981	10074	1295	9223372036854775807	0.0913484643774	0.0114322539638	0.0799162104136
GGGGCGGT	3076	156545	185667	15342	1822	9223372036854775807	0.089256313741	0.00971790345034	0.0795384102907
CGGCGGGC	11812	481803	637831	45455	4331	9223372036854775807	0.0862101665598	0.00674440406003	0.0794657624998
GGAGGGGT	681	35624	41577	3326	255	9223372036854775807	0.0853915275995	0.0060958118187	0.0792957157808
GCGGCTCG	4637	194765	256204	18157	1553	9223372036854775807	0.0852753590517	0.00602505460569	0.079250304446
GNGCGGGT	17837	945276	1074976	93428	11731	9223372036854775807	0.0899467028143	0.0107949980998	0.0791517047145
TNGCGGGA	14078	771080	901686	73970	7645	9223372036854775807	0.0875332820543	0.00840727963745	0.0791260024169
NGGTGGGT	8162	467338	539763	45381	5117	9223372036854775807	0.0885104706477	0.00939105858171	0.079119412066
NGGCGNGT	81195	4294713	4937044	421061	53708	9223372036854775807	0.0892877818148	0.0107615044787	0.0785262773361
ACNGCGGT	18168	1008799	1168718	98617	12558	9223372036854775807	0.0890514495005	0.0106308771193	0.0784205723811
TGGATGGT	4190	234356	270515	22682	2710	9223372036854775807	0.0882437616228	0.00991856528502	0.0783251963378
TNGGNGGT	43075	2395643	2811172	233799	31959	9223372036854775807	0.0889158232051	0.0112407764538	0.0776750467512
GCGCGGGT	7982	414405	469685	39874	4913	9223372036854775807	0.0877742532673	0.0103519188871	0.0774223343801
GTNGCGGT	22742	1215153	1433381	118120	16212	9223372036854775807	0.0885940088789	0.0111838288402	0.0774101800387
TGGANGGT	12268	713349	819896	69317	9281	9223372036854775807	0.0885652372787	0.0111930263382	0.0773722109406
GCGNCGGT	41464	2113586	2412473	199792	22167	9223372036854775807	0.0863637503253	0.00910483685473	0.0772589134706
TNGCNGGT	89115	5063271	5802602	482860	57955	9223372036854775807	0.087062494557	0.00988899178013	0.0771735027769
GGNGGGGN	33306	1647168	1968326	153291	17244	9223372036854775807	0.0851399559779	0.00868465982061	0.0764552961573
NGGCANGT	48421	2719286	3128324	259193	36210	9223372036854775807	0.0870219330067	0.0114424430264	0.0755794899804
GGCGGGNT	22774	1062020	1341121	99984	14282	9223372036854775807	0.086044454236	0.0105370874935	0.0755073667424
GNTGGGGT	9926	558222	634433	52146	6487	9223372036854775807	0.0854337055678	0.0101213880047	0.075312317563
GGCGGGGC	4869	208773	272317	18987	2211	9223372036854775807	0.0833640674394	0.00805382328943	0.07531024415
GGCTGNGT	13705	754837	876987	70962	9496	9223372036854775807	0.0859313222709	0.010711993349	0.0752193289219
GCNGNGGT	80459	4324428	4960049	406675	54155	9223372036854775807	0.0859577565739	0.0108003184553	0.0751574381186
NCNGCGGT	100233	5475655	6269992	507629	66108	9223372036854775807	0.0848412009191	0.0104335474503	0.0744076534688
AGCGGGGT	2218	130284	141794	11943	1390	9223372036854775807	0.0839713978359	0.00970778857973	0.0742636092561
NGGCAGGA	18517	1001713	1183477	90375	10417	9223372036854775807	0.0827543201647	0.00872523021307	0.0740290899516
CGNCTGGT	27933	1538997	1750833	141829	18517	9223372036854775807	0.0843805367123	0.0104654251561	0.0739151115562
AGGCGGGN	15111	723159	871971	64660	7351	9223372036854775807	0.0820746897447	0.00835984997532	0.0737148397694
TCNGCGGT	20513	1161008	1339848	106239	13959	9223372036854775807	0.0838344853055	0.0103109231966	0.073523562109
AGTCGGGT	1669	100035	110673	9264	1272	9223372036854775807	0.0847583234979	0.0113627227656	0.0733956007323
GTGNCGGT	24122	1299322	1515128	119547	16942	9223372036854775807	0.0842551356045	0.0110582414642	0.0731968941403
GGANGGGT	6218	352766	401860	31473	3681	9223372036854775807	0.081909957084	0.00907676412496	0.072833192959
NGNCNGGT	279311	15564923	17529129	1417727	189054	9223372036854775807	0.0834809055124	0.0106700557275	0.0728108497849
GNGNGGGT	34766	1928758	2147713	175583	23327	9223372036854775807	0.0834384731372	0.0107446200899	0.0726938530473
GGGCNGGT	17347	909102	1025581	82807	11599	9223372036854775807	0.083482456556	0.0111832083149	0.0722992482411
TNGCTGGT	28581	1652526	1908817	149062	20999	9223372036854775807	0.0827392278368	0.0108813482736	0.0718578795632
GGCAGGGN	17036	894894	1056921	77696	8869	9223372036854775807	0.079885666108	0.0083215267548	0.0715641393532
ANGGCNGT	56858	3134785	3607379	280814	39291	9223372036854775807	0.0822151546478	0.0107744874091	0.0714406672388
NGGNGGGN	159615	7938039	9463218	685420	78838	9223372036854775807	0.0794831865032	0.00826216069157	0.0712210258117
NGGCAGGN	86140	4474226	5331578	383970	43957	9223372036854775807	0.0790355103005	0.00817723259173	0.0708582777088
CGNAGGGT	7463	433481	475967	39014	5700	9223372036854775807	0.0825701859279	0.0118339018451	0.0707362840828
GNCGGGGA	13466	716158	824206	61667	7107	9223372036854775807	0.0792813293479	0.00854912650229	0.0707322028456
NNNGGGGT	89668	5064381	5604258	446429	58244	9223372036854775807	0.0810096882309	0.0102859124818	0.0707237757492
NGGCNGGA	90627	4835182	5610079	421844	53958	9223372036854775807	0.0802438488986	0.00952642081964	0.070717428079
ACGNCGGT	25105	1367625	1537327	117968	13833	9223372036854775807	0.0794080209048	0.00891784213105	0.0704901787737
NGGCNNGT	226501	12195517	13929133	1081394	155314	9223372036854775807	0.0814492166137	0.0110273410096	0.0704218756042
TNNCGGGT	52940	3096051	3470072	271576	35870	9223372036854775807	0.0806431353591	0.0102312017712	0.0704119335879
NTNGCGGT	92326	5133512	5924678	451118	64092	9223372036854775807	0.0807784938304	0.010702030634	0.0700764631964
GNNGCGGT	104598	5613650	6410445	492020	68130	9223372036854775807	0.0805841128001	0.0105162014795	0.0700679113206
TGGCTNGN	61720	3212989	3997527	272341	33913	9223372036854775807	0.0781392292839	0.00841213065307	0.0697270986308
GNGNCGGT	88593	4661386	5260850	402166	51819	9223372036854775807	0.0794236930913	0.00975385441856	0.0696698386728
TTGGCNGT	14531	822482	958155	71310	9830	9223372036854775807	0.0797836633132	0.01015511604	0.0696285472731
CNGCGGGA	19031	1037099	1175919	87179	9677	9223372036854775807	0.0775422093112	0.00816213954838	0.0693800697628
AGGCGGGA	3342	179107	201919	15194	1823	9223372036854775807	0.0781982594017	0.00894759058024	0.0692506688214
CTGNCGGT	38154	2088859	2350941	179410	24076	9223372036854775807	0.0790955570085	0.010137190597	0.0689583664115
NCGNCGGT	120629	6452908	7181858	542383	63623	9223372036854775807	0.0775354449157	0.00878105953214	0.0687543853836
NCNGGGGT	29050	1681405	1839105	144531	19360	9223372036854775807	0.0791544720078	0.0104171991402	0.0687372728676
GGCTCGGN	8647	370257	471648	30726	3765	9223372036854775807	0.0766266899095	0.00791943005345	0.0687072598561
GGCNGGGN	73554	3675984	4304255	308197	37638	9223372036854775807	0.07735517036	0.00866856921624	0.0686866011437
GCGGGGGN	8027	414872	479247	34503	4083	9223372036854775807	0.0767799721836	0.00844764446651	0.0683323277171
TGGCGGNT	32277	1639760	2060082	138975	20981	9223372036854775807	0.0781313686412	0.0100818668152	0.068049501826
CGGCNGNT	94382	4770757	5711862	409864	65824	9223372036854775807	0.0791148397074	0.0113927963548	0.0677220433526
TGNCGGGA	17484	979321	1108134	80663	9548	9223372036854775807	0.0760983184652	0.00854268029726	0.0675556381679
TGNCTNGT	30355	1769761	2062685	150433	22813	9223372036854775807	0.078342604966	0.0109388740723	0.0674037308937
CGGNNGGA	47351	2512501	2895016	208930	27503	9223372036854775807	0.0767721099671	0.00941071726138	0.0673613927058
GNCTCGGT	8554	448438	508588	37565	5187	9223372036854775807	0.0772937615611	0.0100958590823	0.0671979024789
CGAAGGGT	1440	86446	93201	7136	858	9223372036854775807	0.0762539804663	0.00912193410519	0.0671320463611
NNGGCNGT	285965	15544721	17774902	1321456	202949	9223372036854775807	0.0783494682879	0.0112888353564	0.0670606329316
TCGNCGGT	27063	1505862	1684622	123119	14528	9223372036854775807	0.0755803781628	0.00855015743166	0.0670302207311
GTGGCGGN	31530	1520121	1888298	124935	17466	9223372036854775807	0.0759457428805	0.00916482838379	0.0667809144967
AGGNNGGT	36105	2070734	2304465	173116	24250	9223372036854775807	0.077151324732	0.010413468372	0.06673785636
GNCTNGGT	28840	1604677	1804233	132893	18722	9223372036854775807	0.0764820985629	0.0102701383194	0.0662119602436
TNGCGGGN	69377	3681500	4323385	296435	36974	9223372036854775807	0.0745198199568	0.00847957702565	0.0660402429312
TCGCGGGT	4938	289778	320023	23602	3023	9223372036854775807	0.0753143148893	0.00935780043709	0.0659565144522
TNGGCNGT	49030	2749870	3150251	227304	33983	9223372036854775807	0.0763489134327	0.0106722684325	0.0656766450001
NGGCNGGN	389009	19399879	22869903	1543844	191804	9223372036854775807	0.0737139237374	0.0083169905853	0.0653969331521
TGGCAGNT	17993	1056165	1242639	90034	16864	9223372036854775807	0.0785500598064	0.0133894083619	0.0651606514445
NGACGGGT	9061	531702	587681	42815	5681	9223372036854775807	0.0745234692794	0.00957425652468	0.0649492127547
ANGNGGGT	31372	1836706	2021831	148742	20668	9223372036854775807	0.074916089467	0.0101189768024	0.0647971126645
CTGCGGGT	6204	363622	394862	29364	4104	9223372036854775807	0.0747202190409	0.0102865908373	0.0644336282036
NTGNCGGT	115631	6445837	7282774	518843	74721	9223372036854775807	0.0744963156958	0.0101557663308	0.064340549365
ATGNCGGT	26790	1496159	1683572	120190	17139	9223372036854775807	0.0743589410455	0.0100775499188	0.0642813911267
NGGCGGGC	35302	1529942	1938108	118572	15491	9223372036854775807	0.0719265957098	0.00792946761336	0.0639971280965
CNGCTGGT	36264	2042495	2271222	167642	27359	9223372036854775807	0.0758514064965	0.0119025607538	0.0639488457427
NGNCTGGT	85693	4875661	5486070	393702	60414	9223372036854775807	0.0747152929111	0.0108923058283	0.0638229870828
TCGNGGGT	9013	533201	582260	42436	5997	9223372036854775807	0.0737200701136	0.0101945238221	0.0635255462916
NNGGCTCG	32037	1495686	1851165	111688	11672	9223372036854775807	0.0694847621027	0.00626571192219	0.0632190501805
NCTGGGGT	8837	533233	582505	42581	6320	9223372036854775807	0.07394922666	0.010733239927	0.063215986733
GGCTCGNT	9657	470122	576839	37955	6776	9223372036854775807	0.0747032437997	0.0116103938384	0.0630928499613
GGCTCNGT	6585	345625	404945	27355	4294	9223372036854775807	0.0733417341412	0.0104926461066	0.0628490880347
GNNGNGGT	249709	13879919	15600252	1106556	173343	9223372036854775807	0.0738369763403	0.0109894415319	0.0628475348085
CNGAGGGT	4347	259310	277269	20772	3180	9223372036854775807	0.0741639948301	0.0113389600248	0.0628250348053
NCGGCTTG	12465	620447	753126	47422	6219	9223372036854775807	0.071004942586	0.00818995318334	0.0628149894027
NAGCGGGT	16648	959153	1049066	75392	10748	9223372036854775807	0.0728745487147	0.0101414021706	0.0627331465441
TGGCAGGC	9496	484943	601761	35559	3520	9223372036854775807	0.0683167403776	0.00581548074365	0.0625012596339
GCGNNGGT	118549	6495191	7239935	512763	78374	9223372036854775807	0.0731687165755	0.0107093045675	0.062459412008
TNGGGGGT	2551	142415	156110	11194	1644	9223372036854775807	0.0728733342447	0.0104212888421	0.0624520454026
NNGCNGGT	408085	23044736	25295037	1813596	271960	9223372036854775807	0.0729572684121	0.0106371506986	0.0623201177134
NGGATGGT	15045	883557	988075	69861	11059	9223372036854775807	0.0732742616565	0.011068585395	0.0622056762615
TNGNNGGT	221320	13029622	14592322	1020721	157091	9223372036854775807	0.0726474079672	0.0106506611483	0.0619967468188
GGATGGGT	1756	103389	114038	7975	1117	9223372036854775807	0.0716120110628	0.00969996960618	0.0619120414566
CNGCGGGN	85943	4470888	5090099	336134	41543	9223372036854775807	0.0699256213098	0.008095459504	0.0618301618058
NGGCGGNT	97291	4971107	5994163	385644	61620	9223372036854775807	0.0719921459855	0.0101753976323	0.0618167483532
NGGCTGGN	133354	6937594	8203334	524273	69917	9223372036854775807	0.0702602981265	0.00845097048307	0.0618093276434
ATNGCGGT	25751	1466959	1652852	114346	17592	9223372036854775807	0.0723111607185	0.0105313317896	0.0617798289289
GTNGNGGT	55212	3090894	3517492	243387	39983	9223372036854775807	0.0729953474227	0.0112391513644	0.0617561960583
GGGNNGGT	37287	2052101	2282825	159996	25427	9223372036854775807	0.0723277505462	0.0110156949934	0.0613120555528
CGGNAGGA	10709	587140	669436	43469	5236	9223372036854775807	0.0689317786457	0.00776080821495	0.0611709704308
TGGNAGGN	51547	2879768	3357974	215150	28531	9223372036854775807	0.0695171891469	0.00842491004738	0.0610922790995
GACAGGGT	1785	99552	109263	7460	980	9223372036854775807	0.0697118080215	0.00888945329862	0.0608223547229
CGGTNGGT	10267	599502	668010	45806	6873	9223372036854775807	0.0709831584298	0.0101839874467	0.0607991709831
CGGNAGGN	60044	3206927	3680104	236171	28965	9223372036854775807	0.0685925872572	0.00780923730456	0.0607833499526
GGCTGGGN	22123	1144947	1342321	85951	12336	9223372036854775807	0.0698278817579	0.00910636419404	0.0607215175638
TGGCCGGT	4539	241536	261048	17646	1945	9223372036854775807	0.0680834317198	0.00739563410433	0.0606877976155
TAGCGGGT	2404	140300	154314	10427	1347	9223372036854775807	0.0691780503825	0.00865341993177	0.0605246304507
ACGGCGGN	35370	1753582	2109491	127863	15928	9223372036854775807	0.0679599988307	0.00749405176109	0.0604659470696
NGAGGGGT	2325	130711	143954	9577	1155	9223372036854775807	0.0682667084854	0.00795953386764	0.0603071746178
TGGNTNGT	41296	2395126	2772916	185336	32797	9223372036854775807	0.0718227976231	0.0116893638088	0.0601334338143
NGCTNGGT	37924	2225415	2466448	169887	27051	9223372036854775807	0.0709250858556	0.0108486107273	0.0600764751282
CGGCTNGN	67259	3201314	3933705	234313	32459	9223372036854775807	0.0682009426518	0.0081839782722	0.0600169643796
GGCNGAGT	9528	541719	614212	41628	7054	9223372036854775807	0.071360613837	0.01135423474	0.060006379097
NNGNCGGT	355803	19736739	21731684	1476561	211273	9223372036854775807	0.0696054362122	0.00962828300671	0.0599771532055
NGCGGGGN	44996	2377501	2696335	174910	23845	9223372036854775807	0.0685273649111	0.00876596401709	0.059761400894
CGNCGGGA	23453	1256335	1392936	90712	11028	9223372036854775807	0.0673413771012	0.00785490226245	0.0594864748387
TGACGGGT	2713	162390	177967	11898	1580	9223372036854775807	0.0682663178188	0.00879992425382	0.059466393565
GNCGGGGN	50212	2561069	2908248	186865	25086	9223372036854775807	0.0680019971368	0.0085520435109	0.0594499536259
CGANGGGT	6904	410338	445374	30352	4266	9223372036854775807	0.0688738115228	0.00948759007206	0.0593862214508
GNGGGAGT	4808	282674	312576	21412	3497	9223372036854775807	0.0704142906941	0.0110638997953	0.0593503908988
GNGGCAGT	13637	768699	885185	58072	9894	9223372036854775807	0.0702395221893	0.0110537729072	0.0591857492821
NNNGCGGT	350168	19853027	22087137	1486228	238873	9223372036854775807	0.0696476048484	0.0106993143871	0.0589482904613
TNGGCTCG	6350	304824	371970	21259	2357	9223372036854775807	0.0651950577	0.00629663369193	0.0588984240081
CNGNCGGT	108150	5986146	6487248	441459	64655	9223372036854775807	0.0686817251527	0.00986812533702	0.0588135998157
TGGCNGGC	47528	2266928	2759883	159984	19828	9223372036854775807	0.0659208080062	0.00713311563684	0.0587876923694
CAGGAGGT	2189	124778	137115	9034	1255	9223372036854775807	0.0675126296595	0.0090698850907	0.0584427445688
NGAAGGGT	6295	381731	418331	27674	3870	9223372036854775807	0.0675956571122	0.00916625019837	0.0584294069138
GAGCGGGT	3049	172218	187756	12540	1795	9223372036854775807	0.0678725684409	0.00946974692827	0.0584028215126
GATGGGGT	2289	134149	148002	9725	1382	9223372036854775807	0.0675938668557	0.00925132544315	0.0583425414126
NCTNGGGT	14796	873604	952882	64029	9913	9223372036854775807	0.0682879122215	0.0102960651021	0.0579918471194
NNGNNGGT	1027262	59352264	65340900	4377751	722942	9223372036854775807	0.0686921382335	0.0109430813909	0.0577490568426
GGGCTGGT	6959	377904	421137	28098	4965	9223372036854775807	0.0692065556327	0.0116521396285	0.0575544160042
TNCGGGGT	6483	380647	408570	27649	4196	9223372036854775807	0.0677180280973	0.0101655659623	0.0575524621349
TGGNTGGN	81548	4517053	5281618	319537	46825	9223372036854775807	0.0660665882368	0.00878774531322	0.0572788429235
NCTCGGGT	3134	185486	205715	13479	2190	9223372036854775807	0.0677455833941	0.0105336571992	0.0572119261949
NGGCCGGT	13769	710088	763289	49923	6863	9223372036854775807	0.0656872071588	0.00891122791345	0.0567759792454
ANGNCGGT	79867	4528669	4960373	321671	48077	9223372036854775807	0.06631926834	0.00959917739021	0.0567200909497
GGCTNGGN	37215	1847558	2200798	129171	19155	9223372036854775807	0.0653458314215	0.00862856105512	0.0567172703664
GACGAGGT	1959	110061	118114	8093	1434	9223372036854775807	0.0684953535217	0.0119951818516	0.05650017167
NTGCGGGT	19835	1178646	1286146	84774	13821	9223372036854775807	0.0670988269934	0.0106318083459	0.0564670186475
NGANGGGT	26438	1581631	1733580	111483	16555	9223372036854775807	0.065844946058	0.00945927028486	0.0563856757731
TGGACGGT	3035	178649	197755	12626	1923	9223372036854775807	0.0660096719383	0.00963050511323	0.0563791668251
CCGNCGGT	26997	1465835	1547436	101504	13095	9223372036854775807	0.0647619946929	0.00839137447446	0.0563706202185
CNTCGGGT	8676	523334	566970	37209	5810	9223372036854775807	0.066380277695	0.0101435105974	0.0562367670976
GNGNNGGT	271125	15284958	16867506	1099650	190005	9223372036854775807	0.0671148189813	0.0111390811942	0.0559757377871
TCNGNGGT	44310	2653740	2933239	189278	32248	9223372036854775807	0.0665764339164	0.0108744364754	0.055701997441
NCGGGAGT	5502	321982	351007	22825	3747	9223372036854775807	0.0661964519282	0.0105622487696	0.0556342031586
TGNNNGGT	198220	11997510	13222970	857569	148227	9223372036854775807	0.066710519632	0.0110855445477	0.0556249750842
GGGNCGGT	9968	527796	582925	36778	5652	9223372036854775807	0.0651429219199	0.00960282172086	0.055540100199
GCAGGAGT	3250	190119	213608	13427	2266	9223372036854775807	0.0659654328751	0.0104968639114	0.0554685689638
TNGTGGGT	9158	554352	617131	38799	6223	9223372036854775807	0.0654116742617	0.00998309146969	0.055428582792
TGGNGNGT	52311	3047345	3427125	215924	37346	9223372036854775807	0.0661680051507	0.0107797121119	0.0553882930388
TGGTNGGT	13327	797622	890882	56867	10099	9223372036854775807	0.0665508859681	0.0112088934173	0.0553419925508
GNCGGAGT	10111	590259	650549	41662	6962	9223372036854775807	0.0659291272169	0.0105884160113	0.0553407112056
TGNCGGGN	82475	4441588	5060049	300551	41996	9223372036854775807	0.0633787832875	0.00823120925041	0.055147574037
ATGGCGGN	40750	2088652	2493056	140738	20219	9223372036854775807	0.0631284790907	0.00804488167829	0.0550835974124
NCGNNGGT	331875	19022332	20669089	1335892	223435	9223372036854775807	0.0656192799529	0.0106944953133	0.0549247846397
GGTAGGGT	880	52584	56191	3670	594	9223372036854775807	0.0652398051694	0.0104605089372	0.0547792962322
CGTCNGGT	21502	1287961	1390697	90279	15210	9223372036854775807	0.0655031054098	0.0108186387862	0.0546844666236
TNGNCGGT	79193	4560538	5023213	311265	46722	9223372036854775807	0.0638911302448	0.00921550276286	0.0546756274819
TCGGCGGN	33031	1650992	1935805	109553	14883	9223372036854775807	0.0622267536473	0.00762961580735	0.05459713784
TGGCNGNT	100011	5457329	6422597	384258	72921	9223372036854775807	0.0657797273241	0.0112263563891	0.054553370935
TGGNGGGC	21216	1019433	1231148	68108	10083	9223372036854775807	0.0626256849167	0.00812338718579	0.0545022977309
AGGNTGGT	11565	691403	761994	48615	8644	9223372036854775807	0.0656943479753	0.0112166802052	0.0544776677701
ACCGGGGT	2288	136512	143213	9472	1515	9223372036854775807	0.0648838228847	0.0104679122215	0.0544159106632
TGAAGGGT	1840	108536	119849	7395	1136	9223372036854775807	0.0637879428281	0.00938959375129	0.0543983490768
CGNTGGGT	14590	888372	966434	61239	9866	9223372036854775807	0.0644885116116	0.0101055003585	0.0543830112531
AAGGCGGT	4987	289448	315648	19961	3241	9223372036854775807	0.0645133140924	0.0101634110929	0.0543499029995
TACGGGGT	1036	62889	66435	4276	625	9223372036854775807	0.063664110772	0.00932001192962	0.0543440988424
TNGCTNGT	41451	2467854	2792694	173019	31792	9223372036854775807	0.0655158351045	0.0112558532774	0.0542599818272
NGCCGGGT	22102	1251056	1330911	84564	12168	9223372036854775807	0.0633144157769	0.00905977980446	0.0542546359725
ACGAGGGT	687	41508	44356	2749	358	9223372036854775807	0.0621144677678	0.00800644093572	0.0541080268321
NTNGNGGT	200803	11641882	12977143	811448	145183	9223372036854775807	0.0651591180833	0.0110638159729	0.0540953021104
NNTGGGGT	26737	1578938	1725586	109231	18538	9223372036854775807	0.0647038300075	0.0106288314363	0.0540749985712
CGNCTNGT	45132	2515283	2803288	175184	31643	9223372036854775807	0.0651128595891	0.0111618236917	0.0539510358974
GCGGCGGN	69079	3260585	3837132	214827	30935	9223372036854775807	0.0618133907577	0.00799753468593	0.0538158560718
NGGNGNGT	164718	9405033	10399338	650634	115758	9223372036854775807	0.0647032166041	0.0110087440001	0.0536944726041
GCTGNGGT	16310	965419	1056654	65562	10645	9223372036854775807	0.0635918605678	0.00997377492155	0.0536180856462
CCNGGGGT	5001	294345	309506	20134	3259	9223372036854775807	0.0640233529107	0.0104199638706	0.05360338904
CGGNNGGN	261436	13468541	15359917	885317	125871	9223372036854775807	0.0616779823236	0.00812816241576	0.0535498199079
CTNCGGGT	11468	690847	739074	47080	7759	9223372036854775807	0.063800348815	0.0103892034765	0.0534111453384
AGNCNGGT	49109	2916444	3155379	197726	32266	9223372036854775807	0.0634923591198	0.0101222062055	0.0533701529142
NGCTCGGT	11868	674537	741000	46079	7986	9223372036854775807	0.0639439035492	0.0106624155859	0.0532814879633
NNGCGGGA	60265	3425917	3769788	224198	31134	9223372036854775807	0.0614221743698	0.00819117045812	0.0532310039117
CNAGGGGT	3193	187214	198244	12606	1998	9223372036854775807	0.0630867781003	0.00997792670868	0.0531088513916
CGNNTGGT	64648	3789743	4157394	260470	47272	9223372036854775807	0.0643101980069	0.0112427479376	0.0530674500692
CGNCGGGN	100505	5136590	5734520	329450	42400	9223372036854775807	0.0602721531493	0.00733955117952	0.0529326019697
ATGGCGGA	7680	433697	490493	28237	4113	9223372036854775807	0.0611277801591	0.00831570987817	0.0528120702809
GCNNCGGT	103334	5826581	6303246	391059	64628	9223372036854775807	0.0628950855952	0.0101490701606	0.0527460154346
TCGNNGGT	68547	4069668	4426674	273998	46357	9223372036854775807	0.0630798961062	0.0103636661584	0.0527162299478
TGNNTGGT	56344	3448578	3843172	235940	44176	9223372036854775807	0.0640355129219	0.0113640456167	0.0526714673052
TNNNGGGT	134558	8157053	8854747	548744	92995	9223372036854775807	0.0630320233748	0.01039312488	0.0526388984948
GCNGGAGT	15348	911705	1005104	61865	11177	9223372036854775807	0.0635444806229	0.0109979424982	0.0525465381247
GNCGCGGT	29910	1603498	1728481	107861	18748	9223372036854775807	0.0630265186907	0.0107301332567	0.052296385434
ACGNNGGT	65684	3852228	4184808	257684	44231	9223372036854775807	0.0626981794257	0.0104588773005	0.0522393021252
CGGCNGGC	48292	2157441	2604438	134205	16689	9223372036854775807	0.0585627099473	0.00636710849951	0.0521956014478
NAGNGGGT	32651	1937886	2083506	128078	20651	9223372036854775807	0.0619943038698	0.00981438172152	0.0521799221483
CCACGGGT	2662	167680	174898	11413	2044	9223372036854775807	0.0637266671506	0.0115518079371	0.0521748592135
TTNGCGGT	21179	1259353	1406576	83416	14139	9223372036854775807	0.0621223754793	0.00995203119556	0.0521703442838
CNAAGGGT	4130	256572	272927	16911	2670	9223372036854775807	0.0618356534044	0.0096880590137	0.0521475943907
AGGTGGGT	1361	81192	87894	5232	745	9223372036854775807	0.0605387392391	0.00840487821388	0.0521338610252
NCGGCAGT	22357	1294994	1442073	86780	15677	9223372036854775807	0.0628033238431	0.010754244555	0.0520490792882
CGNCGNGT	78780	4344564	4674234	288148	48618	9223372036854775807	0.0621985566985	0.0102942035872	0.0519043531114
GTCTGGGT	3334	208250	225320	13593	2142	9223372036854775807	0.0612730624811	0.00941695755775	0.0518561049234
CGGNTNGT	52151	2947038	3327035	200036	39425	9223372036854775807	0.0635625345956	0.0117111149397	0.0518514196559
TNNGCGGT	70907	4203182	4635571	277671	48148	9223372036854775807	0.0619683350469	0.0102798652097	0.0516884698372
NGNCGGGA	62756	3506146	3829024	223052	31465	9223372036854775807	0.0598123242585	0.00815052186394	0.0516618023945
TGCNGGGT	16569	1022279	1094064	67876	11748	9223372036854775807	0.062262705762	0.0106238673482	0.0516388384139
TCGGCGGA	3874	214724	240417	13890	2245	9223372036854775807	0.0607574339279	0.00925155154083	0.0515058823871
CGGNGGGC	18744	852797	1023664	53118	7390	9223372036854775807	0.0586346401152	0.00716742285079	0.0514672172645
GNGGCGGN	129565	6288049	7373781	399926	62163	9223372036854775807	0.0597977713732	0.0083597993745	0.0514379719988
GGNNCGGT	55700	3104091	3402721	205901	37132	9223372036854775807	0.0622058905278	0.0107946473294	0.0514112431984
NAAGGGGT	5917	362420	385064	23725	3929	9223372036854775807	0.0614406505328	0.0101004388254	0.0513402117075
ANGAGGGT	4003	243922	260329	15686	2389	9223372036854775807	0.0604218668146	0.00909340052832	0.0513284662863
TNGNGGGA	27147	1587374	1756073	100122	14264	9223372036854775807	0.0593316961937	0.0080572230033	0.0512744731903
NGGNCGGT	53792	3008558	3258091	196088	32669	9223372036854775807	0.0611886617118	0.00992749395276	0.051261167759
NNGCTGGT	138602	8042813	8822904	537511	101710	9223372036854775807	0.0626446040965	0.0113965713251	0.0512480327714
ATGCGGGT	4379	263819	283898	17087	2762	9223372036854775807	0.0608281773974	0.0096351077932	0.0511930696042
CGTCTGGT	7480	453954	494137	29819	5288	9223372036854775807	0.0616384130574	0.0105881764029	0.0510502366545
TGTCNGGT	10926	667911	720463	43626	7488	9223372036854775807	0.0613123421551	0.01028640664	0.0510259355151
CGGNTGGN	82329	4384625	5019860	276134	41773	9223372036854775807	0.0592465733585	0.00825287017056	0.050993703188
NTGGCGGN	175481	9143962	10731131	577786	91648	9223372036854775807	0.0594323160814	0.00846806536473	0.0509642507167
CGGGGGGN	3129	165483	179352	10729	1800	9223372036854775807	0.0608868862507	0.00993640699523	0.0509504792554
TGGCGAGT	3140	188199	208716	12140	2052	9223372036854775807	0.0605972875975	0.00973582327488	0.0508614643226
AGNCAGGT	11936	740730	797876	48201	8252	9223372036854775807	0.0610965978013	0.0102365877379	0.0508600100634
TNGCGNGT	60689	3548879	3890326	232921	42499	9223372036854775807	0.0615899836057	0.010806227076	0.0507837565297
NAGGAGGT	4486	262984	281877	16966	2798	9223372036854775807	0.0606036792284	0.00982875208571	0.0507749271427
GAGNCGGT	13039	720682	750324	46049	7058	9223372036854775807	0.0600588733206	0.00931894341297	0.0507399299077
TGNCGNGT	59489	3530436	3852504	229283	40534	9223372036854775807	0.0609840788633	0.0104119199453	0.050572158918
TTGNCGGT	26565	1561497	1733133	99696	16564	9223372036854775807	0.0600147002787	0.00946678196282	0.0505479183158
CGGTTGGT	3164	192550	213491	12743	2490	9223372036854775807	0.0620722577	0.0115287918845	0.0505434658155
GAGNGGGT	7182	423568	445239	26916	4151	9223372036854775807	0.0597490698893	0.00923696566457	0.0505121042247
CGGCAGGC	12314	598537	702657	35406	3836	9223372036854775807	0.0558504471222	0.00542963624551	0.0504208108767
NGGTNGGT	36859	2201126	2412828	143242	26114	9223372036854775807	0.0611004756932	0.0107071016859	0.0503933740073
ANNGCGGT	85285	5013414	5472404	324864	58541	9223372036854775807	0.0608555792711	0.0105842672455	0.0502713120256
CGATGGGT	2435	149128	164253	9530	1627	9223372036854775807	0.0600663061428	0.00980829515312	0.0502580109896
TNGNTGGT	71938	4412641	4883886	290963	57590	9223372036854775807	0.061859586819	0.0116544125682	0.0502051742507
CGGNGGNT	58396	3093415	3609093	199337	37794	9223372036854775807	0.0605381152301	0.0103633592157	0.0501747560144
TGGNNGGN	271022	14731701	16808866	919854	146019	9223372036854775807	0.0587707738944	0.008612208222	0.0501585656724
GCGGGTGT	3532	198106	227471	13080	2736	9223372036854775807	0.0619359237828	0.0118849557138	0.0500509680691
