#Sequence	Occurrence	Forward Match	Backward Match	Forward Mismatch	Backward Mismatch	Strand Bias Score	FER (Forward Error Rate)	RER (Reverse Error Rate), ERD (Error rate Difference)
CGGCGGGT	1714	38877	94930	19042	564	9223372036854775807	0.328769488423	0.00590613022808	0.322863358195
GGCGGGGT	1204	31924	60635	15354	603	9223372036854775807	0.324759930623	0.00984682713348	0.31491310349
TGGCGGGT	1656	44257	94957	16691	426	9223372036854775807	0.273856402179	0.0044662046696	0.269390197509
AGGCGGGT	896	26801	48821	9717	292	9223372036854775807	0.266087956624	0.00594547268544	0.260142483939
NGGCGGGT	5290	150890	292458	52378	1673	9223372036854775807	0.257679516697	0.00568794176744	0.25199157493
CGGNGGGT	2696	92081	151747	22417	794	9223372036854775807	0.195785079215	0.00520515795753	0.190579921258
GGCTCGGT	1314	45012	65360	9442	492	9223372036854775807	0.17339405737	0.00747129927717	0.165922758092
AGGNGGGT	1472	57903	81283	11085	424	9223372036854775807	0.160680118281	0.00518927386882	0.155490844413
GGNGGGGT	2774	101704	140699	19284	987	9223372036854775807	0.159387707872	0.00696610815465	0.152421599717
NGGNGGGT	8992	350230	501495	62732	2575	9223372036854775807	0.151907439425	0.0051084174817	0.146799021944
GGCGGGGN	5284	174480	269591	30126	2044	9223372036854775807	0.147239083898	0.0075248035047	0.139714280393
CGGCNGGT	7708	300050	409310	51485	3407	9223372036854775807	0.146457678467	0.00825505128211	0.138202627185
NGCGGGGT	3168	130959	167994	22315	1255	9223372036854775807	0.145588945288	0.0074151102813	0.138173835006
GGGCGGGT	1024	40955	53750	6928	391	9223372036854775807	0.144686005472	0.00722188360023	0.137464121871
GNCGGGGT	4344	172016	216846	28848	2037	9223372036854775807	0.143619563486	0.00930634174422	0.134313221742
TGGNGGGT	3130	126436	180286	20147	782	9223372036854775807	0.137444314825	0.00431881944905	0.133125495376
CGGCAGGT	2386	101617	131915	16500	935	9223372036854775807	0.139692000305	0.00703801279639	0.132653987508
GGCNGGGT	5356	229063	283628	34592	2377	9223372036854775807	0.131201759876	0.00831104351323	0.122890716362
GGCAGGGT	1216	56344	67710	7612	526	9223372036854775807	0.119019325786	0.00770854094613	0.11131078484
TGGCGGGA	1632	64943	94022	8644	594	9223372036854775807	0.117466400315	0.00627800794792	0.111188392367
GGCGGGCT	2604	78798	123573	11177	1664	9223372036854775807	0.124223395388	0.0132868082116	0.110936587176
CGNCGGGT	5240	222803	290873	29208	1722	9223372036854775807	0.115899702791	0.0058852680326	0.110014434758
CGGGGGGT	106	4815	5964	608	17	143.409324794	0.112115065462	0.00284233405785	0.109272731404
GGCGGGNT	7150	249741	369744	31915	3569	9223372036854775807	0.113311983412	0.00956034212578	0.103751641287
GGGNGGGT	1694	73810	88179	9083	575	9223372036854775807	0.10957499427	0.00647858124704	0.103096413023
NGGCNGGT	24330	1065860	1323476	129228	9735	9223372036854775807	0.10813262287	0.00730191995116	0.100830702918
NGGCAGGT	6010	279664	337409	32869	2222	9223372036854775807	0.10516969408	0.00654239453996	0.0986272995403
NGGCGGGA	5106	205689	284316	24537	2414	9223372036854775807	0.10657788434	0.00841907020542	0.0981588141343
CGGCGGGN	9666	315266	487635	36615	3378	9223372036854775807	0.10405506407	0.00687965491749	0.0971754091525
NGNCGGGT	16698	744360	926198	85093	5238	9223372036854775807	0.102589296802	0.00562357478131	0.0969657220203
CNGCGGGT	6438	285621	357512	32617	2147	9223372036854775807	0.102492474186	0.00596954337303	0.096522930813
GNGGGGGT	1398	61851	73337	7106	528	9223372036854775807	0.103049726641	0.00714817572599	0.0959015509153
TGGCNGGT	6854	313853	395215	35127	1947	9223372036854775807	0.100656198063	0.00490228168858	0.0957539163743
GTCGGGGT	1288	52508	59668	6103	560	9223372036854775807	0.104127211616	0.0092980009298	0.0948292106858
AGNCGGGT	2694	127932	154998	13962	757	9223372036854775807	0.0983973952387	0.00486019710443	0.0935371981343
TGNCGGGT	4480	204501	262527	21909	1021	9223372036854775807	0.0967669272559	0.00387405709776	0.0928928701581
GGCTNGGT	3172	142261	171868	15123	1003	9223372036854775807	0.096089818533	0.00580201421869	0.0902878043143
TNGCGGGT	5334	246540	310085	25759	1363	9223372036854775807	0.0945982174007	0.00437633248568	0.090221884915
NCGGGGGT	1332	62094	72878	6723	550	9223372036854775807	0.0976938837787	0.00749033066405	0.0902035531147
CGGCTCGT	1024	38664	50507	4353	590	9223372036854775807	0.101192551782	0.0115466661448	0.0896458856371
GGCCGGGT	1558	66552	75512	7361	891	9223372036854775807	0.0995900585824	0.011661845739	0.0879282128433
GGNCGGGT	4284	189124	217800	20014	1738	9223372036854775807	0.095697577676	0.00791662491232	0.0877809527637
GGNNGGGT	11756	539181	627801	55983	4099	9223372036854775807	0.0940631489808	0.00648678588384	0.0875763630969
NGNGGGGT	6620	300715	353727	31087	2177	9223372036854775807	0.093691418376	0.00611681801834	0.0875746003577
GNNGGGGT	10590	480986	559949	50128	3983	9223372036854775807	0.0943827502194	0.00706290829391	0.0873198419254
TGGCGGGN	8904	322776	483991	33074	2757	9223372036854775807	0.0929436560348	0.00566412188648	0.0872795341484
CGGNAGGT	4282	208704	246560	21366	1403	9223372036854775807	0.0928673881862	0.00565810221686	0.0872092859693
TGGCAGGT	1446	73805	87966	7392	347	9223372036854775807	0.0910378462258	0.00392920634561	0.0871086398802
GGCGNGGT	10582	468798	535054	49630	5021	9223372036854775807	0.0957317120217	0.00929685691802	0.0864348551037
AGGCNGGT	3832	178733	211900	18360	1482	9223372036854775807	0.0931539932925	0.00694529060558	0.0862087026869
NNGCGGGT	22292	1038512	1243888	104543	7602	9223372036854775807	0.0914592911102	0.00607435936364	0.0853849317466
GGCTCNGT	2348	104009	125106	10205	796	9223372036854775807	0.0893498170102	0.00632237772236	0.0830274392878
AGGCGGGA	772	33247	43372	3348	399	9223372036854775807	0.0914879081842	0.00911562450024	0.0823722836839
NNCGGGGT	10724	496982	565497	48807	4354	9223372036854775807	0.0894246677745	0.00764059376925	0.0817840740053
GGNAGGGT	1996	99724	111882	9599	710	9223372036854775807	0.087804030259	0.00630595424186	0.0814980760171
GGCCAGGT	3452	132904	159980	14296	2541	9223372036854775807	0.0971195652174	0.0156349025664	0.081484662651
AGGCGGGN	5218	178554	260237	17202	1750	9223372036854775807	0.0878747011586	0.0066797207495	0.0811949804091
GGGCAGGT	1490	67158	76663	6671	735	9223372036854775807	0.0903574476154	0.00949636941523	0.0808610782002
CGGNNGGT	17056	804387	950101	77119	6346	9223372036854775807	0.087485507756	0.00663497297812	0.0808505347779
GCGCGGGT	2536	118409	134186	11586	1176	9223372036854775807	0.0891265048656	0.00868781489635	0.0804386899692
NGGCGGGN	29380	1055346	1504811	98961	10063	9223372036854775807	0.0857319586557	0.00664279669464	0.0790891619611
CGGNGGGA	2740	116735	153453	11238	1352	9223372036854775807	0.0878153985606	0.00873356803721	0.0790818305234
CGGCGNGT	8272	361968	441237	34723	3831	9223372036854775807	0.0875316052041	0.00860767343417	0.0789239317699
GGCNCGGT	8430	372104	416434	35318	4077	9223372036854775807	0.0866865314097	0.00969534685181	0.0769911845579
CGCGGGGT	782	36933	41291	3391	299	9223372036854775807	0.0840938398968	0.00718922817985	0.076904611717
ANGCGGGT	4562	225089	258929	20168	1463	9223372036854775807	0.0822321075443	0.00561845217979	0.0766136553645
GNGCGGGT	5958	281262	317362	25999	2629	9223372036854775807	0.0846153595803	0.00821585607095	0.0763995035093
GCGGGCGT	3326	139606	171878	13323	1865	9223372036854775807	0.0871188590784	0.0107342454084	0.0763846136699
GGCGGGGC	1876	61904	91081	5653	692	9223372036854775807	0.083677487159	0.00754034410992	0.0761371430491
GNCTCGGT	3518	153845	177983	14169	1553	9223372036854775807	0.0843322580261	0.00865007575082	0.0756821822753
GCGNGGGT	4446	216250	243924	19500	1733	9223372036854775807	0.0827147401909	0.00705455167164	0.0756601885192
GCNGGGGT	3536	174030	194014	15526	1341	9223372036854775807	0.0819071936525	0.00686442630084	0.0750427673517
CGNGGGGT	1454	69377	77824	6161	517	9223372036854775807	0.081561598136	0.00659935410577	0.0749622440303
GTNGGGGT	2370	106051	117882	9627	1026	9223372036854775807	0.0832223931949	0.0086285195277	0.0745938736672
GGCNNGGT	29076	1309245	1480375	120606	14686	9223372036854775807	0.0843486489152	0.00982301056612	0.074525638349
CGGCTGGT	2278	107420	123075	9685	1033	9223372036854775807	0.0827035566372	0.00832339575209	0.0743801608851
CCGCGGGT	734	34896	38058	3014	267	9223372036854775807	0.079504088631	0.00696673189824	0.0725373567327
AGGCGNGT	3214	155524	181020	13383	1256	9223372036854775807	0.079232950677	0.00689064934495	0.0723423013321
GCGGGNGT	5562	247096	299196	21719	2565	9223372036854775807	0.0807953425218	0.00850010438725	0.0722952381346
GGGCNGGT	5936	273224	307051	24256	2899	9223372036854775807	0.0815382546726	0.00935312147121	0.0721851332014
GNCNGGGT	18012	864415	963370	75134	7562	9223372036854775807	0.0799681549339	0.00778839300796	0.072179761926
NTCGGGGT	2874	129783	141229	11362	1273	9223372036854775807	0.0804987778526	0.00893320795498	0.0715655698976
GGCNAGGT	6284	268941	305892	24716	4043	9223372036854775807	0.0841662211355	0.0130446706568	0.0711215504788
GCGGCGGT	4466	208036	240500	17707	1862	9223372036854775807	0.078438755576	0.00768272253901	0.070756033037
GACGGGGT	486	22340	25912	1896	204	9223372036854775807	0.0782307311438	0.00781130341553	0.0704194277282
GGCGCGGT	4332	193719	207834	17048	2226	9223372036854775807	0.0808855276205	0.0105969722936	0.0702885553269
GGNGGGGN	10964	450069	566791	37176	3614	9223372036854775807	0.0762983714558	0.00633584908968	0.0699625223662
GGNTCGGT	3652	172378	198474	14079	1166	9223372036854775807	0.0755080259792	0.00584051292326	0.0696675130559
GCGGNGGT	8300	398439	457321	33162	3476	9223372036854775807	0.0768348544141	0.00754345188879	0.0692914025254
CNCGGGGT	2024	94487	104421	7949	877	9223372036854775807	0.0775996719903	0.00832874318601	0.0692709288043
CNGNGGGT	11728	574950	661302	46469	3804	9223372036854775807	0.0747788529157	0.00571938908986	0.0690594638258
GGCTCGNT	3696	158082	189730	13424	1896	9223372036854775807	0.0782713141231	0.00989427321971	0.0683770409034
GCCGGGGT	1366	65244	70631	5495	670	9223372036854775807	0.0776799219667	0.00939678265382	0.0682831393128
NGGCGNGT	22914	1062105	1245219	86611	9064	9223372036854775807	0.0753980966575	0.00722643932829	0.0681716573292
NGGNAGGT	13122	656350	746223	52271	4246	9223372036854775807	0.0737643959183	0.00565779532532	0.0681066005929
CGNNGGGT	12652	629247	722320	49711	3727	9223372036854775807	0.0732166054454	0.00513327649587	0.0680833289495
GCNCGGGT	4534	217842	241227	17924	2050	9223372036854775807	0.0760245327995	0.0084266083518	0.0675979244477
GNGGCGGT	9766	450583	522110	36789	4236	9223372036854775807	0.0754844348875	0.00804793804836	0.0674364968392
GCGGGGGN	2526	108624	132663	8745	1001	9223372036854775807	0.0745086010786	0.0074889274599	0.0670196736187
NGGCCGGT	5088	226977	247846	19080	2788	9223372036854775807	0.0775430083273	0.0111237900684	0.066419218259
GTGGCGGT	2998	136392	163488	11034	1405	9223372036854775807	0.0748443286802	0.00852067704511	0.066323651635
TGGNAGGT	3740	189095	217524	14387	1039	9223372036854775807	0.070704042618	0.00475377808687	0.0659502645312
GNCAGGGT	4782	242796	265834	18980	1951	9223372036854775807	0.0725047368743	0.00728569561402	0.0652190412603
CGNCAGGT	8226	407363	451930	32036	3520	9223372036854775807	0.0729086775345	0.00772862004611	0.0651800574884
CGGGCGGT	1674	82862	92729	6363	580	9223372036854775807	0.0713140935836	0.00621590628985	0.0650981872938
GGNGNGGT	18326	869980	964410	68018	7245	9223372036854775807	0.0725140138892	0.00745635024777	0.0650576636414
GNGNGGGT	10654	528201	580627	40958	4037	9223372036854775807	0.0719623163299	0.0069048205465	0.0650574957834
GGCCNGGT	9464	408318	459078	34430	5952	9223372036854775807	0.077764326434	0.0127991742468	0.0649651521872
GGCGAGGT	1274	60530	64635	4974	723	9223372036854775807	0.0759342940889	0.0110621500046	0.0648721440843
GNCGNGGT	27930	1305249	1427227	105355	14188	9223372036854775807	0.0746878642057	0.00984310555947	0.0648447586462
TGGCGNGT	6372	312737	373757	23331	1809	9223372036854775807	0.0694234500161	0.00481672994893	0.0646067200671
GGGCCGGT	1264	56486	60393	4717	785	9223372036854775807	0.0770713853896	0.012831409984	0.0642399754056
NCGCGGGT	5868	293100	322260	22303	2148	9223372036854775807	0.0707127072349	0.00662129170674	0.0640914155281
GGCGGNGT	9624	447655	507717	35759	5212	9223372036854775807	0.073971792294	0.0101612503875	0.0638105419065
GNCGAGGT	4556	213470	228948	17383	2722	9223372036854775807	0.0752989997964	0.0117494712306	0.0635495285658
TNGNGGGT	9774	492494	564409	35909	2564	9223372036854775807	0.0679576005435	0.00452226120115	0.0634353393424
GCCNAGGT	4934	224334	240353	18643	3277	9223372036854775807	0.0767274268758	0.0134507244592	0.0632767024166
GGGGCGGT	1020	48163	53607	3586	325	9223372036854775807	0.069296025044	0.00602610694949	0.0632699180945
CGGCTNGT	4366	199353	232150	15599	2184	9223372036854775807	0.0725696899773	0.00932003038398	0.0632496595933
CGGCGGNT	8600	381429	470722	29133	3665	9223372036854775807	0.07095883204	0.00772575976998	0.06323307227
GNCCGGGT	4364	204233	222224	15893	2173	9223372036854775807	0.0721995584347	0.00968373017465	0.0625158282601
NNGGGGGT	4558	222953	244681	16764	1829	9223372036854775807	0.0699324620281	0.0074195772991	0.062512884729
NGCAGGGT	4772	247988	269078	18353	1736	9223372036854775807	0.0689079037775	0.00641030375091	0.0624976000266
NGGTAGGT	1892	89636	103983	6570	640	9223372036854775807	0.0682909589838	0.00611720176252	0.0621737572213
NCGGCGGT	11286	541284	620563	40369	4610	9223372036854775807	0.0694039229575	0.00737395888818	0.0620299640693
TGGAGGGT	146	7892	8430	544	21	110.006177041	0.0644855381697	0.00248491302804	0.0620006251417
GGCTCGGN	4788	170150	222203	12599	1554	9223372036854775807	0.0689415537158	0.00694503412184	0.0619965195939
GGNCAGGT	7636	345358	388571	26956	4231	9223372036854775807	0.072401252706	0.0107713300849	0.0616299226212
GAGGCGGT	1282	57992	64515	4462	644	9223372036854775807	0.0714445832132	0.00988351570773	0.0615610675055
CNGCAGGT	9776	481602	528940	36162	4459	9223372036854775807	0.0698426310056	0.00835959572478	0.0614830352809
GGAGGGGT	164	8030	8720	571	43	105.49600842	0.0663876293454	0.00490699532124	0.0614806340242
CTCNAGGT	2092	83723	103500	6510	1137	9223372036854775807	0.0721465539215	0.0108661372172	0.0612804167043
GGCCCGGT	1338	62232	68080	4711	639	9223372036854775807	0.0703733026605	0.0092987383402	0.0610745643203
NGCTCGGT	4122	198112	222984	14452	1605	9223372036854775807	0.0679889350972	0.00714638740099	0.0608425476962
GGACGGGT	536	27563	30012	1971	179	9223372036854775807	0.0667366425137	0.00592891921434	0.0608077232994
CGGCANGT	6510	315731	355345	23604	3140	9223372036854775807	0.0695595797663	0.00875908336472	0.0608004964016
CGGCNNGT	26160	1207331	1378624	90754	13248	9223372036854775807	0.0699137575737	0.00951811660842	0.0603956409652
CGGGNGGT	3148	157547	173641	11380	1219	9223372036854775807	0.0673663771925	0.00697129131877	0.0603950858737
GGGNAGGT	2562	126807	139517	9217	1048	9223372036854775807	0.0677601011586	0.00745562551133	0.0603044756473
GGCANGGT	5858	289868	314375	21423	2710	9223372036854775807	0.0688198502366	0.00854660422284	0.0602732460138
GGTCGGGT	1166	54054	58526	3754	277	9223372036854775807	0.0649391087739	0.00471064401476	0.0602284647591
GNCNAGGT	18040	816007	892622	63600	10977	9223372036854775807	0.0723050180365	0.0121480878133	0.0601569302232
GNCCAGGT	9760	425950	473879	33283	5915	9223372036854775807	0.0724751923316	0.0123282075224	0.0601469848092
CGGNCGGT	4656	223256	245250	16339	2037	9223372036854775807	0.0681942444542	0.00823739217994	0.0599568522742
GNCGGGGA	3492	166153	197566	12090	1581	9223372036854775807	0.0678287506382	0.00793885923464	0.0598898914035
NGCNGGGT	20128	1031318	1129366	72651	6810	9223372036854775807	0.0658089131126	0.00599378969455	0.059815123418
AGGCCGGT	1116	52014	56176	3928	595	9223372036854775807	0.0702155804226	0.0104807031759	0.0597348772467
CGNCNGGT	26630	1319122	1469267	93804	10308	9223372036854775807	0.066389888784	0.00696686548502	0.059423023299
GACGAGGT	778	35999	39399	2780	496	9223372036854775807	0.0716882848965	0.0124326356686	0.0592556492278
GNNCGGGT	16094	790549	862747	56314	6453	9223372036854775807	0.0664971784102	0.00742406810861	0.0590731103016
GCNNGGGT	14908	742204	802496	52360	5859	9223372036854775807	0.0658977753837	0.00724805314497	0.0586497222388
GGNGGGNT	12714	538726	672034	38428	5479	9223372036854775807	0.066581882825	0.00808692969729	0.0584949531277
GGNGCGGT	7306	347716	373789	24829	3081	9223372036854775807	0.0666469822438	0.00817523283891	0.0584717494048
CGGAGGGT	274	15202	15583	1039	91	172.76814523	0.0639738932332	0.00580579303305	0.0581681002001
CNNCGGGT	15842	788814	880387	53781	5013	9223372036854775807	0.0638278176348	0.00566184775243	0.0581659698824
GNGGNGGT	19670	956064	1071634	67546	8541	9223372036854775807	0.0659880227821	0.00790705209804	0.0580809706841
GCCAGGGT	1832	92399	98976	6664	929	9223372036854775807	0.0672703229258	0.0092988338922	0.0579714890336
NCGNGGGT	11234	580700	628044	39523	3753	9223372036854775807	0.0637238541621	0.00594019914624	0.0577836550159
GCCGCGGT	2298	102026	107509	8152	1781	9223372036854775807	0.0739893626677	0.0162960929637	0.057693269704
GCCCAGGT	2580	118048	126361	8913	1604	9223372036854775807	0.0702026606596	0.0125346774509	0.0576679832087
GGCAAGGT	1458	71415	75915	5156	755	9223372036854775807	0.0673361977772	0.00984739793922	0.057488799838
GCCNGGGT	5708	281712	301621	20092	2823	9223372036854775807	0.0665730076473	0.00927264127393	0.0573003663734
CGGNGGGN	16030	636196	823673	43187	5342	9223372036854775807	0.0635679727046	0.00644379172874	0.0571241809759
GNCGCGGT	10288	482274	512059	35246	5734	9223372036854775807	0.0681055804607	0.0110739233632	0.0570316570975
GGGNNGGT	11922	583184	636082	40357	4951	9223372036854775807	0.0647222877084	0.00772347133455	0.0569988163739
GGGNCGGT	3312	157175	169625	11052	1495	9223372036854775807	0.065696945199	0.00873655913978	0.0569603860593
NGGNGGGA	9002	420578	506633	29061	3942	9223372036854775807	0.0646318491056	0.00772070704598	0.0569111420596
CNNGGGGT	6170	304286	327542	20982	2522	9223372036854775807	0.0645068066948	0.00764094236269	0.0568658643321
CCGGCGGT	2338	112823	125346	8019	1213	9223372036854775807	0.0663593783618	0.00958446258267	0.0567749157792
GCGGTGGT	2826	143041	161164	9843	1246	9223372036854775807	0.0643821459407	0.00767194138292	0.0567102045578
NGCGNGGT	26144	1291412	1393734	89651	11679	9223372036854775807	0.0649144897807	0.00831001278628	0.0566044769944
GGGGNGGT	2158	103333	111637	7003	788	9223372036854775807	0.0634697650812	0.00700911718924	0.056460647892
TCGGCGGT	2420	117284	136492	7828	856	9223372036854775807	0.0625679391265	0.00623234411859	0.056335595008
ACGGCGGT	2062	103141	118225	6815	679	9223372036854775807	0.0619793371894	0.00571048913409	0.0562688480553
TNGTAGGT	1928	92473	105844	6247	757	9223372036854775807	0.0632799837925	0.007101246705	0.0561787370875
NGGCTCGT	2142	94488	111092	6750	1185	9223372036854775807	0.0666745688378	0.0105542542106	0.0561203146272
TGNTAGGT	1464	69927	81680	4524	382	9223372036854775807	0.0607647983237	0.00465501693841	0.0561097813853
GNCAAGGT	3466	165413	176189	12222	2267	9223372036854775807	0.0688040082191	0.0127034114852	0.0561005967339
NGCGAGGT	3352	165354	175811	11605	1691	9223372036854775807	0.0655801626365	0.00952665322081	0.0560535094157
CNAGGGGT	988	49091	51653	3334	394	9223372036854775807	0.0635956127802	0.00757008088843	0.0560255318917
GGCGTGGT	3772	182625	201950	12254	1469	9223372036854775807	0.0628800435142	0.00722154764304	0.0556584958711
GCCGNGGT	7412	347758	368415	25312	4568	9223372036854775807	0.0678478569705	0.0122472069773	0.0556006499933
ANGNGGGT	8182	429541	469444	27698	2376	9223372036854775807	0.0605766349765	0.00503581874444	0.055540816232
GTCGAGGT	968	46618	50318	3242	485	9223372036854775807	0.065022061773	0.00954668031415	0.0554753814588
NTNGGGGT	6372	310044	332853	20978	2659	9223372036854775807	0.0633734313731	0.007925200887	0.0554482304861
NGCGGGGN	14174	632983	747929	42062	5173	9223372036854775807	0.0623099200794	0.00686892346588	0.0554409966135
CGTGGGGT	408	20412	22738	1314	116	240.351105	0.0604805302403	0.00507569790846	0.0554048323318
GNCGGGGN	16920	730304	866979	48633	6182	9223372036854775807	0.0624350878184	0.00708002304271	0.0553550647757
TGGNNGGT	18144	919426	1032477	58933	5236	9223372036854775807	0.060236579824	0.00504571109738	0.0551908687266
NCCGGGGT	3086	155789	167891	10400	1260	9223372036854775807	0.062579352424	0.00744896571702	0.055130386707
ACGCGGGT	1148	61542	65668	3955	353	9223372036854775807	0.0603844450891	0.00534678359916	0.0550376614899
NGNCAGGT	22994	1157617	1269379	76742	9471	9223372036854775807	0.0621715400463	0.00740587246354	0.0547656675827
AGNNGGGT	8248	426203	472182	26924	2242	9223372036854775807	0.0594182204989	0.00472573057012	0.0546924899288
NNCGAGGT	11074	538800	570901	37701	6336	9223372036854775807	0.065396243892	0.01097642736	0.054419816532
CAGGCGGT	3570	175131	191655	11642	1537	9223372036854775807	0.0623323499649	0.00795581597582	0.0543765339891
GGNCNGGT	23898	1139968	1243782	76975	11290	9223372036854775807	0.0632527571135	0.00899549985977	0.0542572572538
GGCCANGT	6134	258866	289574	19032	4184	9223372036854775807	0.0684855594499	0.0142430163604	0.0542425430895
GCGCCGGT	4024	178021	177835	12668	2213	9223372036854775807	0.0664327779788	0.0122911668	0.0541416111788
GCNAGGGT	2976	154307	164091	10175	1290	9223372036854775807	0.0618608723143	0.00780017051536	0.0540607017989
NGGAGGGT	668	36103	37481	2247	180	9223372036854775807	0.058591916558	0.00477948009878	0.0538124364592
NNGGCGGT	36196	1784994	1998686	115506	14044	9223372036854775807	0.0607766377269	0.00697758765458	0.0537990500723
GGNNCGGT	18474	906051	978983	58962	7285	9223372036854775807	0.06109969503	0.00738643046312	0.0537132645669
GGCCGNGT	5252	228855	245147	16689	3564	9223372036854775807	0.067967451862	0.0143298848865	0.0536375669755
AGGCAGGT	688	37084	40865	2306	205	9223372036854775807	0.0585427773547	0.00499147796445	0.0535512993902
GTGCGGGT	1442	72167	77545	4814	709	9223372036854775807	0.0625349112119	0.00906023973215	0.0534746714797
AGCGAGGT	654	33461	34991	2207	299	9223372036854775807	0.0618761915442	0.0084726551431	0.0534035364011
GCTCGGGT	378	18688	20722	1217	164	193.349751151	0.0611404169807	0.00785214976539	0.0532882672153
NGGGGGGT	802	38811	40488	2413	221	9223372036854775807	0.0585338637687	0.00542877496377	0.0531050888049
NCNGGGGT	8554	445004	479137	27810	2769	9223372036854775807	0.0588180553029	0.00574593385432	0.0530721214486
TGNNGGGT	11318	594742	663873	36030	2719	9223372036854775807	0.0571204809345	0.00407895684317	0.0530415240913
CGNNAGGT	14600	757558	822731	48129	5583	9223372036854775807	0.0597365974628	0.00674019755793	0.0529963999049
NGNAGGGT	7636	410978	436008	25415	2379	9223372036854775807	0.0582387893481	0.00542671201473	0.0528120773334
GGGCGNGT	5056	231876	249205	15174	2168	9223372036854775807	0.0614207650273	0.00862463351275	0.0527961315146
CNGGCGGT	12426	620030	685033	39732	5231	9223372036854775807	0.0602217163159	0.00757825991215	0.0526434564037
GGNNAGGT	14444	696851	760979	45924	7077	9223372036854775807	0.0618276059372	0.0092141718833	0.0526134340539
NCGGNGGT	23224	1167314	1278415	74498	9546	9223372036854775807	0.0599913674534	0.00741171510628	0.0525796523471
GCTGGGGT	1052	55946	60837	3411	299	9223372036854775807	0.0574658422764	0.00489073540958	0.0525751068668
CNGCNGGT	36652	1828775	1979612	117415	15740	9223372036854775807	0.0603306974139	0.00788833248469	0.0524423649292
ACGAGGGT	168	9219	9468	553	40	97.3623626307	0.0565902578797	0.00420698359276	0.0523832742869
GNNAGGGT	8474	451906	479109	28092	2976	9223372036854775807	0.0585252438552	0.00617318522667	0.0523520586285
GTCGNGGT	5550	271677	292760	17410	2338	9223372036854775807	0.0602240847911	0.00792279175054	0.0523012930405
GCGNCGGT	12412	592250	637621	37933	5084	9223372036854775807	0.0601936262959	0.0079103165527	0.0522833097432
NCCCGGGT	2078	101246	108769	6765	1139	9223372036854775807	0.0626325096518	0.0103632128689	0.0522692967828
CGCAGGGT	1154	61999	65887	3777	351	9223372036854775807	0.0574221600584	0.00529907303964	0.0521230870187
GTCNAGGT	3560	164053	178793	10786	1758	9223372036854775807	0.0616910414724	0.00973686105311	0.0519541804193
NGGGCGGT	5768	288673	315456	17690	1845	9223372036854775807	0.0577419597014	0.00581466809118	0.0519272916102
AGGNNGGT	10686	544598	593162	33610	3728	9223372036854775807	0.0581278709392	0.00624570691417	0.051882164025
TGGCCGGT	1378	66341	71887	4177	533	9223372036854775807	0.0592331036048	0.00735984534659	0.0518732582582
CGGGTGGT	1088	54848	59104	3531	529	9223372036854775807	0.0604840781788	0.0088709271712	0.0516131510076
TCGAGGGT	428	23770	24452	1421	119	240.732133326	0.0564090349728	0.00484310772862	0.0515659272442
GNCNCGGT	23840	1142679	1224643	73844	11798	9223372036854775807	0.0607008663215	0.00954190292946	0.051158963392
NGGCGGNT	26168	1236984	1462576	76016	9922	9223372036854775807	0.057894897182	0.00673820949163	0.0511566876904
NCNCGGGT	11302	583141	627549	35537	4103	9223372036854775807	0.0574402193063	0.00649566533471	0.0509445539716
NCGAGGGT	1334	73289	76836	4318	364	9223372036854775807	0.0556393108869	0.00471502590674	0.0509242849802
CCGNGGGT	2084	108934	115061	6573	702	9223372036854775807	0.0569056420823	0.00606411374964	0.0508415283327
NGTCGGGT	2844	146725	157874	8616	743	9223372036854775807	0.0554650736122	0.00468423939426	0.050780834218
ATGGCGGT	2598	128299	145805	7781	942	9223372036854775807	0.0571796002352	0.00641921129563	0.0507603889395
GGGACGGT	384	19332	20706	1178	140	188.382037675	0.0574353973671	0.00671591672263	0.0507194806445
GTCNGGGT	4456	227168	243643	13513	1330	9223372036854775807	0.0561448556388	0.00542916974524	0.0507156858936
NGGCTGGT	7942	408329	445763	24901	3052	9223372036854775807	0.0574775523394	0.00680012922919	0.0506774231102
CCGGGGGT	356	18085	19470	1111	142	174.063534478	0.0578766409669	0.00724046502142	0.0506361759455
CGTCGGGT	718	39206	42458	2293	197	9223372036854775807	0.0552543434782	0.00461845035752	0.0506358931206
NTCGAGGT	2792	135410	143920	8866	1582	9223372036854775807	0.0614516620921	0.0108727027807	0.0505789593114
GNGCAGGT	8426	420965	449106	26713	4130	9223372036854775807	0.0596701200416	0.00911225057145	0.0505578694702
GCGCAGGT	3550	177277	189291	11253	1748	9223372036854775807	0.0596881132976	0.00914996414345	0.0505381491542
GCNGNGGT	24116	1224491	1323451	75462	10184	9223372036854775807	0.0580497910309	0.00763627229339	0.0504135187375
GTGGAGGT	544	29022	30844	1777	227	273.412399828	0.0576966784636	0.00730584789675	0.0503908305668
NAGGCGGT	6690	330697	358864	20469	2859	9223372036854775807	0.0582886725936	0.0079038380197	0.0503848345739
CGGNTGGT	5422	280346	306544	16997	2112	9223372036854775807	0.0571629397699	0.00684256907366	0.0503203706962
CGGNGNGT	15254	757653	854104	45975	5934	9223372036854775807	0.0572093057982	0.00689969512975	0.0503096106685
GCGCNGGT	16258	783626	830723	49834	8010	9223372036854775807	0.0597917116598	0.00955011904861	0.0502415926112
GAGCCGGT	1662	76848	63239	4783	536	9223372036854775807	0.058592936507	0.00840454723638	0.0501883892706
GGCTTGGT	380	18914	21375	1126	130	194.374515427	0.0561876247505	0.00604510578935	0.0501425189611
AGCGGGGT	644	34300	36025	1996	179	9223372036854775807	0.0549922856513	0.00494420506021	0.0500480805911
GCNGCGGT	10476	524052	569691	32229	4536	9223372036854775807	0.0579365464576	0.00789931507923	0.0500372313784
