#Sequence	Occurrence	Forward Match	Backward Match	Forward Mismatch	Backward Mismatch	Strand Bias Score	FER (Forward Error Rate)	RER (Reverse Error Rate), ERD (Error rate Difference)
GTCTCCCTTC	1	6	79	53	1	29.6124014374	0.898305084746	0.0125	0.885805084746
TGTCGGCGCC	1	9	108	10	0	9.35483490308	0.526315789474	0.0	0.526315789474
AGAATTCCCC	1	21	107	20	1	11.8189112524	0.487804878049	0.00925925925926	0.47854561879
GAGAAACCCC	1	38	134	30	1	15.1820670361	0.441176470588	0.00740740740741	0.433769063181
CGGCCGCGTA	1	45	88	21	0	8.65947374543	0.318181818182	0.0	0.318181818182
GNCTCCCTTC	2	132	185	53	1	16.4021057939	0.286486486486	0.00537634408602	0.2811101424
CGGACGGGAC	3	161	414	48	0	24.5062312889	0.22966507177	0.0	0.22966507177
CCCTATCGGG	2	88	225	26	0	13.2208436543	0.228070175439	0.0	0.228070175439
NCCTTAGGGG	7	643	755	186	0	56.9768849071	0.224366706876	0.0	0.224366706876
GCCTTAGGGG	7	643	755	186	0	56.9768849071	0.224366706876	0.0	0.224366706876
CCTTAGGGGT	7	684	753	193	0	56.6992065258	0.220068415051	0.0	0.220068415051
CCTTAGGGGN	7	684	753	193	0	56.6992065258	0.220068415051	0.0	0.220068415051
CCNTAGGGGT	8	757	852	194	4	51.754056099	0.203995793901	0.00467289719626	0.199322896705
ACTACCCCTG	1	114	158	27	0	9.44464436719	0.191489361702	0.0	0.191489361702
TAGTGGGGCA	2	164	284	36	0	14.694721025	0.18	0.0	0.18
GCCNTAGGGG	9	903	994	187	1	54.2090564958	0.171559633028	0.00100502512563	0.170554607902
NCTTAGGGGT	9	946	994	193	0	56.1383191268	0.169446883231	0.0	0.169446883231
AGGCCTCCTG	3	291	413	54	1	18.039842492	0.15652173913	0.0024154589372	0.154106280193
CCTTAGGNGT	11	1178	1208	193	0	55.9129550346	0.140773158279	0.0	0.140773158279
GGGTGTGCCC	3	269	315	42	0	13.4089029095	0.135048231511	0.0	0.135048231511
TTTAGGGGGG	2	181	212	28	0	8.93946988345	0.133971291866	0.0	0.133971291866
TATCGGGTCC	3	221	382	34	0	14.1292813889	0.133333333333	0.0	0.133333333333
CCTNAGGGGT	12	1257	1403	195	3	55.0250913922	0.134297520661	0.00213371266003	0.132163808001
AACACAGTCC	2	152	243	23	0	9.08611847128	0.131428571429	0.0	0.131428571429
TTTAGTGGGG	3	229	314	34	0	12.1392446895	0.12927756654	0.0	0.12927756654
AAGTCCCCTC	3	180	273	28	2	8.5045939814	0.134615384615	0.00727272727273	0.127342657343
CGGGGATCCT	12	1319	1426	189	2	53.6181208516	0.125331564987	0.00140056022409	0.123931004763
CNTTAGGGGT	13	1375	1447	194	1	55.7234828986	0.123645634162	0.000690607734807	0.122955026427
GCCTNAGGGG	13	1349	1473	189	0	57.7432370765	0.12288686606	0.0	0.12288686606
GCCTACCCGG	3	282	392	39	0	14.1022971736	0.121495327103	0.0	0.121495327103
GNCTTAGGGG	13	1329	1476	187	3	52.543730756	0.123350923483	0.00202839756592	0.121322525917
GCCTTAGNGG	13	1359	1424	187	0	55.4573010316	0.120957309185	0.0	0.120957309185
CGTATCATCC	4	330	514	45	0	17.5720472954	0.12	0.0	0.12
TAGGTCGTTC	2	209	252	27	0	8.87207968633	0.114406779661	0.0	0.114406779661
GCCTTAGGGN	14	1470	1623	188	0	58.1372711654	0.113389626055	0.0	0.113389626055
GCCTTAGGNG	14	1471	1548	186	1	53.3782896591	0.112251056126	0.000645577792124	0.111605478333
GCNTTAGGGG	16	1484	1802	188	3	57.0069639308	0.112440191388	0.0016620498615	0.110778141526
CCTTAGNGGT	15	1572	1669	194	0	58.3289982521	0.109852774632	0.0	0.109852774632
CGCCTTAGCC	2	206	344	26	1	9.43403561261	0.112068965517	0.00289855072464	0.109170414793
CAGGAGGGCT	3	327	377	40	0	12.7707318308	0.108991825613	0.0	0.108991825613
TGTGGAGTCC	3	213	373	25	0	10.5877046658	0.105042016807	0.0	0.105042016807
CCTTAGGGNT	15	1644	1657	194	2	52.6176454639	0.105549510337	0.00120554550934	0.104343964828
ACGTCGGGGC	9	919	1054	106	4	28.2072367766	0.103414634146	0.00378071833648	0.0996339158099
AACTACCCCT	2	237	270	26	0	8.2618307186	0.0988593155894	0.0	0.0988593155894
GCCTTAGCCA	2	223	319	24	0	8.92954921847	0.0971659919028	0.0	0.0971659919028
CGAATCAGGG	6	657	773	75	5	18.2970779559	0.102459016393	0.00642673521851	0.0960322811749
CCTACGGTTT	4	440	522	46	0	15.0763048605	0.0946502057613	0.0	0.0946502057613
AGAGCTTTGC	3	279	377	29	0	10.3970048605	0.0941558441558	0.0	0.0941558441558
TATNGGGTCC	4	338	518	34	0	13.2790875805	0.0913978494624	0.0	0.0913978494624
CGGGGNTCCT	17	1964	1977	189	2	51.4718001468	0.0877844867627	0.00101061141991	0.0867738753427
TCCCGGGAAA	8	740	992	70	2	22.1539928304	0.0864197530864	0.00201207243461	0.0844076806518
CCTCATTTTT	25	2651	3035	248	7	68.5079000372	0.0855467402553	0.00230111768573	0.0832456225695
CGGGGANCCT	18	2060	2262	190	4	52.6305757557	0.0844444444444	0.0017652250662	0.0826792193782
TAGGGTGTCC	3	289	375	26	0	9.10756245398	0.0825396825397	0.0	0.0825396825397
TAGGNTGTCC	3	289	375	26	0	9.10756245398	0.0825396825397	0.0	0.0825396825397
CCTTANGGGT	19	2193	2297	194	0	58.4998624228	0.0812735651445	0.0	0.0812735651445
NCNTAGGGGT	21	2262	2480	197	6	52.1809696152	0.0801138674258	0.00241351568785	0.0777003517379
CTTATACCCC	7	696	800	59	1	17.3474588464	0.0781456953642	0.00124843945069	0.0768972559136
TCAGAGCTTT	5	458	555	38	0	12.7302570807	0.0766129032258	0.0	0.0766129032258
AAGAAGGCCT	11	763	1242	63	0	25.7493761522	0.0762711864407	0.0	0.0762711864407
CCTACACGCC	5	486	638	39	0	13.8201166134	0.0742857142857	0.0	0.0742857142857
NCTTAGGGGN	22	2359	2527	194	5	51.650233129	0.0759890325108	0.0019747235387	0.0740143089721
TTAGTGGGGC	4	422	490	33	0	10.7458091591	0.0725274725275	0.0	0.0725274725275
GCGGGGATCC	21	2380	2590	187	1	56.1992504982	0.0728476821192	0.000385951370127	0.0724617307491
GCCTTNGGGG	22	2327	2517	191	9	46.6904129355	0.0758538522637	0.00356294536817	0.0722909068955
NNCTTAGGGG	22	2322	2527	188	8	47.0637716585	0.0749003984064	0.00315581854043	0.0717445798659
AGGCCTCCTN	6	697	830	54	1	16.4407459623	0.0719041278296	0.00120336943442	0.0707007583951
CCTGGCCTAA	7	834	749	63	0	16.8316197739	0.0702341137124	0.0	0.0702341137124
GTCTCCCTNC	7	719	765	54	1	14.8977374849	0.0698576972833	0.00130548302872	0.0685522142546
ATCAAGGTTT	6	639	756	47	0	15.5353777783	0.0685131195335	0.0	0.0685131195335
CCCTATCGGN	4	355	473	26	0	9.32592339461	0.0682414698163	0.0	0.0682414698163
GCCTTANGGG	23	2577	2714	188	1	55.267123356	0.0679927667269	0.00036832412523	0.0676244426017
CCTTAGGNGN	24	2697	2827	193	0	58.5995973551	0.0667820069204	0.0	0.0667820069204
CCTTNGGGGT	24	2679	2711	197	6	49.0844700658	0.0684979137691	0.00220831799779	0.0662895957713
CTTANACCCC	8	827	920	59	1	17.1320190272	0.0665914221219	0.00108577633008	0.0655056457918
GACGTCGGGG	6	685	664	49	1	12.5826868389	0.066757493188	0.0015037593985	0.0652537337895
NCCTTAGGNG	24	2638	2823	186	3	52.1898503342	0.0658640226629	0.00106157112527	0.0648024515376
TAGGGNGTCC	4	376	518	26	0	9.55252683866	0.0646766169154	0.0	0.0646766169154
GTATCAACCC	7	740	716	52	1	13.4252117744	0.0656565656566	0.00139470013947	0.0642618655171
CNNTAGGGGT	26	2794	2954	198	6	51.3031835812	0.0661764705882	0.00202702702703	0.0641494435612
GTCTCCCTTN	10	937	1101	66	2	18.8354967948	0.0658025922233	0.00181323662738	0.063989355596
GTAGATGTAA	7	691	812	49	2	13.5415266618	0.0662162162162	0.002457002457	0.0637592137592
CGGCGAGCCC	4	429	459	29	0	8.94253476431	0.0633187772926	0.0	0.0633187772926
GCGGGGNTCC	24	2762	2930	187	1	55.2582822161	0.0634113258732	0.000341180484476	0.0630701453887
ATGCTCCCCC	5	493	579	35	2	9.21836549767	0.0662878787879	0.00344234079174	0.0628455379961
GACCCAGTAA	4	418	514	28	0	9.52544487533	0.0627802690583	0.0	0.0627802690583
TAGGGTGNCC	4	391	538	26	0	9.55301767067	0.0623501199041	0.0	0.0623501199041
CTCATTTTTC	29	3646	3794	251	11	60.3112218217	0.0644085193739	0.00289093298292	0.061517586391
NCTTAGGNGT	26	2992	2909	196	0	56.1722334427	0.0614805520703	0.0	0.0614805520703
GTCTCCCNTC	9	917	1057	63	3	16.5831029184	0.0642857142857	0.00283018867925	0.0614555256065
NCTNAGGGGT	26	3006	3025	203	6	50.6898727428	0.0632595824244	0.00197954470472	0.0612800377197
ACNTCGGGGC	15	1606	1643	109	4	26.8633698648	0.063556851312	0.00242865816636	0.0611281931456
CCGTCTCCCT	7	757	779	54	5	10.9120053581	0.0665844636252	0.00637755102041	0.0602069126047
CNTTAGGGGN	29	3087	3283	205	7	52.2933429155	0.0622721749696	0.00212765957447	0.0601445153952
CTCTCGACCC	4	472	520	30	0	9.45968634169	0.0597609561753	0.0	0.0597609561753
CGNGGATCCT	24	2941	2955	189	2	52.1387321375	0.0603833865815	0.000676361176868	0.0597070254046
TACGTCGGGG	7	757	807	49	1	13.6750542024	0.060794044665	0.00123762376238	0.0595564209026
CNGGGATCCT	26	2981	3161	191	3	53.2438637134	0.0602143757881	0.00094816687737	0.0592662089108
GNGTGTGCCC	9	819	1008	51	0	17.3946167805	0.0586206896552	0.0	0.0586206896552
GCNCTCCCTC	4	404	480	25	0	8.31768267465	0.0582750582751	0.0	0.0582750582751
NAGGAGGGCT	6	668	671	41	0	12.0696094479	0.0578279266573	0.0	0.0578279266573
NCNTTAGGGG	29	3039	3247	193	7	49.2527858143	0.0597153465347	0.00215119852489	0.0575641480098
GGCTGCCTAT	6	488	479	29	0	8.38470165103	0.0560928433269	0.0	0.0560928433269
NGGGGATCCT	26	3156	2985	190	3	48.4213396478	0.0567842199641	0.00100401606426	0.0557802038999
GCCTTAGGNN	30	3201	3508	189	1	57.5142503736	0.0557522123894	0.000284981476204	0.0554672309132
CCTTAGGGNN	28	3285	3309	195	2	54.03328339	0.0560344827586	0.000604047115675	0.0554304356429
AACGGACGGG	8	784	1019	46	0	16.3081215617	0.055421686747	0.0	0.055421686747
NCCTTAGGGN	28	3242	3308	190	3	51.6648829324	0.0553613053613	0.000906070673513	0.0544552346878
CCTCATTTNT	37	4152	4654	248	10	64.6904535748	0.0563636363636	0.00214408233276	0.0542195540309
CCNTAGGGGN	33	3481	3827	209	11	50.9548988187	0.0566395663957	0.00286607608129	0.0537734903144
GCCTCGCCTT	10	934	1136	52	0	17.6300487215	0.052738336714	0.0	0.052738336714
CATATCCCCC	7	671	824	37	0	12.6287656476	0.0522598870056	0.0	0.0522598870056
TTATACCCCT	10	1073	1140	63	4	14.6489991977	0.0554577464789	0.0034965034965	0.0519612429824
GNCNTAGGGG	31	3475	3666	194	4	52.8968129838	0.0528754429	0.00108991825613	0.0517855246438
CCTTAGNGGN	32	3599	3720	195	1	56.9731666412	0.0513969425409	0.000268744961032	0.0511281975798
TACGCGGTCG	30	3670	4604	201	4	62.8591117739	0.0519245672953	0.000868055555556	0.0510565117397
NCCNTAGGGG	33	3462	3709	191	6	49.9026289094	0.0522857924993	0.00161507402423	0.0506707184751
GNCTTAGGGN	30	3500	3440	189	3	49.9286429188	0.0512333965844	0.000871333139704	0.0503620634447
NCCTTAGNGG	32	3547	3720	188	0	57.3114178272	0.0503346720214	0.0	0.0503346720214
CCTNGCCTAA	10	1195	1087	63	0	17.2680293447	0.050079491256	0.0	0.050079491256
