#Sequence	Occurrence	Forward Match	Backward Match	Forward Mismatch	Backward Mismatch	Strand Bias Score	FER (Forward Error Rate)	RER (Reverse Error Rate), ERD (Error rate Difference)
TTTTTTTT	45860	33901	38789	961	676	21.3089399116	0.0275658309908	0.0171291017357	0.010436729255
TTNAGGGN	553	4542	4984	67	21	7.12794325781	0.0145367758733	0.0041958041958	0.0103409716775
TTTTTTTN	57337	52220	58727	1419	1061	22.785466602	0.026454631891	0.0177460359938	0.00870859589713
TNTTTTTT	56734	51373	57436	1189	825	25.0918602129	0.0226209048362	0.0141604160588	0.00846048877742
TNTTTTTC	5949	14452	15330	310	198	7.52737451856	0.020999864517	0.0127511591963	0.00824870532071
TTNTTTTT	56246	53901	59803	1132	767	25.2436476286	0.0205694764959	0.0126630345055	0.00790644199039
TTTTTTNT	55963	51529	57415	1123	789	22.3961750356	0.0213287244549	0.0135557693629	0.00777295509198
NTTTTTTT	57334	52130	58047	1215	885	20.9343399496	0.0227762676914	0.0150173080839	0.00775895960755
TTTNTTTT	56988	54867	60669	1061	747	20.3993709992	0.0189708196252	0.012162954279	0.00680786534622
TTTTTNTT	56200	54406	60118	1023	713	20.3996013031	0.0184560428656	0.0117209975177	0.00673504534793
TNTTTTTN	77434	91213	99918	1901	1386	29.8197297724	0.0204158343536	0.0136815920398	0.00673424231379
TTTTNTTT	56840	54678	60445	1020	723	19.133268476	0.0183130453517	0.0118199058331	0.0064931395186
NTNTTTTT	77431	91104	99441	1588	1081	32.3487042116	0.0171320070772	0.0107538648256	0.00637814225159
TTTTTTNN	76369	91266	99808	1827	1359	26.0721889266	0.0196255357546	0.0134332341574	0.00619230159718
TNTNTTTT	78011	89398	97267	1445	956	32.2245392157	0.0159065640721	0.0097329546033	0.00617360946878
TNNTTTTT	74885	91748	99765	1520	1030	31.0398418864	0.0162971222713	0.0102187608512	0.00607836142007
TTNTTTTN	76612	92950	101137	1747	1312	23.2940556606	0.0184483140965	0.0128063719509	0.00564194214562
NTCTTTTT	4585	12102	12967	121	56	6.82540753436	0.00989937004009	0.00430008446594	0.00559928557414
NTTTTTTN	76367	90266	98648	1939	1549	19.1673609204	0.0210292283499	0.0154595446969	0.00556968365293
NNTTTTTT	76364	90178	98266	1641	1226	22.6520793591	0.0178721179712	0.0123225988019	0.00554951916931
TNTTTTNT	76724	88723	96553	1440	1026	24.3990945976	0.0159710746093	0.0105145574355	0.0054565171738
NTTTTTNT	76721	92772	100461	1531	1103	24.1476823998	0.0162349023891	0.0108601472963	0.00537475509282
TCTNTTTN	6870	20283	21524	235	133	8.20581269335	0.0114533580271	0.00614120145911	0.00531215656799
NCTTTTCN	2419	11564	12014	88	29	7.55675552355	0.00755235152763	0.00240803786432	0.00514431366332
NTTNTTTT	76609	93128	100864	1431	1018	23.887678898	0.0151334087712	0.00999195147327	0.00514145729797
TTTTTNNT	73614	91069	98492	1297	892	24.6688573176	0.0140419634931	0.00897528777268	0.00506667572038
TTNTTTNT	76715	91694	98232	1350	940	23.4270229072	0.014509264434	0.00947848182955	0.00503078260448
TTTTTNTN	76722	93565	101416	1575	1184	20.5928233295	0.0165545511877	0.0115399610136	0.00501459017408
TTNTNTTT	75005	91192	98604	1247	850	24.5394451652	0.0134899771741	0.00854666478975	0.00494331238438
TNNTTTTC	10356	31292	32988	447	306	8.16105617487	0.0140836195217	0.00919084519733	0.00489277432439
TTNNTTTT	74507	94752	102319	1313	906	24.4955482159	0.0136678290741	0.00877694356987	0.00489088550419
TNTTTNTT	78055	93083	99947	1286	883	23.863248211	0.0136273564412	0.00875731429138	0.00487004214982
TTTNTTTN	78287	93024	100192	1606	1233	18.2465268431	0.0169713621473	0.0121567660833	0.004814596064
TTTTNTNT	75673	89953	97386	1262	893	21.6057340392	0.0138354437318	0.00908637654026	0.00474906719158
TNTTNTTT	76280	91819	99000	1293	914	21.7926255184	0.0138865022768	0.00914786716576	0.00473863511107
TTTTNTTN	76875	94984	102458	1558	1183	18.917165994	0.016138053904	0.0114144016364	0.00472365226758
NTATTTTT	12816	19422	20536	194	109	6.91782984189	0.0098898858075	0.00527972874788	0.00461015705962
NTTTTNTT	76872	94585	102008	1316	943	20.9810360449	0.0137224846456	0.00915969733174	0.00456278731388
ATATNTTT	15408	17480	18108	152	74	7.10487041863	0.00862068965517	0.00406995930041	0.00455073035477
TTTNTTNT	75690	92038	98506	1290	924	19.8726744179	0.0138222184125	0.00929296992859	0.00452924848389
NTTTNTTT	78284	92961	99779	1331	970	19.2529423716	0.0141157256183	0.00962788712543	0.00448783849286
TTTNTNTT	75311	92754	100007	1166	804	21.7754406679	0.0124148211244	0.00797532015355	0.00443950097081
TTNTTNTT	79921	102573	109584	1249	859	22.5768044835	0.0120302055441	0.00777776771728	0.00425243782682
NTCTNTTT	6870	20428	21694	154	71	8.44925534632	0.00748226605772	0.00326211807949	0.00422014797823
TCNNTTTT	8278	24914	26489	227	128	8.07701671594	0.0090290760113	0.00480895668182	0.00422011932948
NNCTTTTT	8192	25071	26571	225	125	8.22312807981	0.00889468690702	0.00468234941564	0.00421233749138
TTTNNTTT	74808	94688	101775	1149	816	18.8389022202	0.0119891065038	0.00795391408603	0.00403519241772
TNCTNTTT	7636	23326	24453	171	82	8.42150932439	0.0072775247904	0.00334216425515	0.00393536053525
TTTTNNTT	74057	94420	101712	1108	794	17.7142303842	0.0115986935768	0.00774588804558	0.00385280553117
TNTTNTTC	11179	34942	35429	382	249	7.18646090592	0.0108141773299	0.00697909075621	0.00383508657365
ATANNTTT	22667	34244	35061	231	103	12.0535495613	0.00670050761421	0.00292913206689	0.00377137554733
ANNTCTTT	4103	13884	14327	60	10	8.65374094389	0.00430292598967	0.000697495989398	0.00360543000027
TNCTTTTN	9393	29812	31150	263	162	6.90190748061	0.00874480465503	0.00517373530915	0.00357106934588
NNTCTTTT	8400	26067	27521	161	73	8.94948726782	0.00613847796248	0.0026455026455	0.00349297531698
NTANTTTT	20580	37554	39518	301	178	9.01388438065	0.0079513934751	0.0044840790004	0.0034673144747
ATNTNTTT	33683	48382	49939	409	249	10.3365019385	0.00838269352954	0.00496134534152	0.00342134818803
NTATNTTT	29907	42679	44305	305	167	10.6651291324	0.0070956635027	0.00375517179349	0.00334049170921
TNCNTTTT	10693	32485	33715	226	123	8.1585662324	0.00690899085934	0.00363496660559	0.00327402425375
TATNTTTN	29907	42688	44189	402	273	7.06822099029	0.00932931074495	0.00614007467051	0.00318923607445
TNTCTNTT	7172	20943	21873	100	35	8.05572329712	0.00475217411966	0.00159758992149	0.00315458419817
ATNNTTTT	25999	48279	50622	429	290	8.08029588311	0.00880758807588	0.00569610307982	0.00311148499606
NNTATTTT	24546	41718	43615	281	157	9.60298086565	0.00669063549132	0.00358676779677	0.00310386769456
TNNCTTTT	8180	25228	26280	142	67	7.18518820504	0.00559716200236	0.00254298402095	0.00305417798141
NTNCTTTT	9393	29949	31391	173	86	7.950045737	0.00574331053715	0.00273215363599	0.00301115690116
NATNTTTT	26903	49216	51542	443	309	7.33136808306	0.00892084012968	0.00595938361845	0.00296145651124
NTCNTTTT	10150	31588	33060	200	112	6.9737229659	0.00629168239587	0.00337634149283	0.00291534090305
ATNTATTN	27158	31622	31582	184	91	7.4823041634	0.00578507199899	0.00287310958861	0.00291196241039
TATNTNTT	36511	44115	44963	303	179	8.16746807288	0.0068215588275	0.00396526516326	0.00285629366424
NNATTTTT	23499	47783	49786	398	271	7.13931133846	0.00826051763143	0.00541382823581	0.00284668939562
TNTATNTT	33106	41369	42216	241	128	8.73666025468	0.00579187695266	0.00302286038164	0.00276901657102
ATATNTNT	102700	51768	51419	334	188	9.39579355028	0.00641050247591	0.00364291665859	0.00276758581732
NATATNTT	30505	39896	40767	236	132	7.57826608669	0.00588059403967	0.00322746277415	0.00265313126552
TNTANTTT	20762	33813	34745	184	97	7.04956275425	0.00541224225667	0.00278399632627	0.0026282459304
ATNNATTT	21511	32647	32794	147	62	8.26499653824	0.00448252729158	0.00188702215729	0.00259550513429
NTATTNTT	29465	45561	47445	243	146	6.83365399251	0.00530521351847	0.00306780693829	0.00223740658018
