#Sequence	Occurrence	Forward Match	Backward Match	Forward Mismatch	Backward Mismatch	Strand Bias Score	FER (Forward Error Rate)	RER (Reverse Error Rate), ERD (Error rate Difference)
TANNTTTTTT	4991	6264	6670	93	31	8.18079393315	0.0146295422369	0.00462617519773	0.0100033670392
TATNTNTTTT	6268	6227	6529	82	23	8.38410703547	0.0129973054367	0.00351037851038	0.0094869269263
TNTTTTTTTT	24302	16886	20646	436	329	10.287330766	0.0251703036601	0.0156853396901	0.00948496396998
TTTTTTTTNT	24203	17008	21029	415	332	8.33999688693	0.023819089709	0.0155423435232	0.00827674618576
TNTNTTTTTT	28525	23413	27543	518	375	12.00589379	0.0216455643308	0.0134321942833	0.00821337004753
TNNTTTTTTT	28252	24230	28607	522	378	12.2608694543	0.0210892049127	0.0130412282215	0.00804797669124
TNTTTTTTNT	28518	23655	27984	502	363	11.9689267557	0.0207807260835	0.0128055878929	0.00797513819064
NNTTTTTTTT	30115	25496	29879	515	393	9.71352320027	0.0197993156741	0.0129822938689	0.00681702180522
TNTTTTNTTT	28431	23706	27692	460	344	9.31161890618	0.0190350078623	0.0122699386503	0.00676506921198
TNTTNTTTTT	28342	24104	28103	481	366	9.0096476414	0.0195647752695	0.0128560890793	0.00670868619012
TTNTNTTTTT	27418	23815	27944	472	366	8.45459072993	0.0194342652448	0.0129282938891	0.0065059713557
NTTTTTTTNT	29183	24706	29094	488	386	8.1735854607	0.0193696911963	0.0130936227951	0.0062760684012
TNTTTNTTTT	28325	24207	28079	453	344	8.40238403397	0.0183698296837	0.0121028744327	0.00626695525102
TTTTNTTTNT	28141	24351	28657	458	356	8.2575686558	0.0184610423637	0.0122703615621	0.0061906808016
