#Sequence	Occurrence	Forward Match	Backward Match	Forward Mismatch	Backward Mismatch	Strand Bias Score	FER (Forward Error Rate)	RER (Reverse Error Rate), ERD (Error rate Difference)
CCCC	2045	13740	13968	154	89	4.60233261254	0.011083921117	0.00633136515615	0.00475255596088
TTTT	203679	445122	461195	3960	2752	57.7902123295	0.00881798869694	0.00593171202745	0.00288627666949
TTGG	8504	52013	52874	304	179	8.20216984626	0.00581073073762	0.00337398450606	0.00243674623156
NCCC	9438	62479	61476	445	301	6.24063527835	0.0070720233933	0.00487236350098	0.00219965989232
NTTT	367410	966140	985445	5490	3736	81.0655172973	0.00565029898212	0.00377686186856	0.00187343711357
NTGG	26038	162016	165648	658	406	15.0598029596	0.00404489961518	0.00244498777506	0.00159991184012
CTTT	32523	137853	138411	430	215	16.6010943748	0.00310956516708	0.00155093561092	0.00155862955616
TTNT	389639	976924	993902	5738	4287	52.1565815933	0.00583924075623	0.00429477784267	0.00154446291356
TNTT	393285	990866	1009741	4949	3564	55.7658052646	0.00496979860717	0.00351720360602	0.00145259500115
TTTN	367410	961696	978902	7237	5990	31.4799181019	0.00746904068702	0.0060818851204	0.00138715556662
ATGG	11595	63090	65225	220	137	5.47528968296	0.00347496446059	0.00209601909366	0.00137894536693
CCNC	10172	77069	75189	347	239	4.40928314137	0.00448227756536	0.00316858461049	0.00131369295487
TNGG	19619	126078	127881	602	444	6.40838724884	0.00475213135459	0.00345996493279	0.00129216642181
NCCT	24828	152183	150606	663	463	8.03644785371	0.00433769938369	0.00306482468276	0.00127287470093
TCTT	34225	153538	152339	297	139	12.9700797417	0.0019306399714	0.000911606920343	0.00101903305106
TTCT	34219	145871	145206	548	400	5.57682028294	0.0037426836681	0.00274713954095	0.00099554412715
NTNT	916396	2313643	2335580	9804	7580	67.4625701516	0.00421959269998	0.0032349476775	0.000984645022489
AAAT	108417	282104	286580	1609	1352	6.51402258942	0.00567122408913	0.00469555311671	0.000975670972424
ATTT	108417	286596	288487	823	554	12.6554207076	0.00286341543183	0.00191668310032	0.000946732331505
NNTT	736008	2262026	2286344	7793	5764	71.815467063	0.00343331340517	0.00251471571148	0.00091859769369
CTNT	62551	281947	281999	852	603	10.0855756513	0.00301274049767	0.00213374286098	0.000878997636683
TTNG	58880	293902	296755	1622	1381	5.44211046369	0.00548855592101	0.00463211420291	0.000856441718094
TTNN	736008	2256206	2269701	11702	9832	38.7274240907	0.00515982129787	0.00431316414371	0.000846657154157
TTCN	84055	384595	380139	1457	1121	9.50242001836	0.00377410297058	0.00294025074752	0.000833852223063
NTCT	64154	301358	299312	1023	781	7.47260559379	0.00338314907352	0.0026025265501	0.000780622523417
NTTN	736008	2257784	2273872	11255	9549	34.0687345456	0.00496024969161	0.00418188323572	0.000778366455886
TTAA	64568	181017	180601	485	345	5.76931684106	0.0026721468634	0.00190664618173	0.000765500681662
TNCT	69372	332210	330581	1122	864	7.79184377846	0.00336601346405	0.00260676733696	0.00075924612709
CNTT	83270	373956	372132	791	525	12.2518588908	0.00211075739099	0.00140880219612	0.000701955194865
TNNT	800823	2385141	2404960	9009	7412	37.7012269665	0.00376292212267	0.00307249462355	0.000690427499125
NNGG	64045	401406	410624	1552	1307	6.61083594215	0.00385151802421	0.00317286147437	0.000678656549838
NNCT	141869	753643	749782	2439	1915	14.0209426953	0.00322584058343	0.0025475690338	0.000678271549629
NCTT	68875	337438	335278	598	375	11.6283236915	0.00176904235052	0.00111722522963	0.000651817120892
NTGT	83040	333692	338136	1013	806	6.48111116484	0.00302654576418	0.00237798797434	0.000648557789837
NCCN	64045	410072	402938	1661	1372	5.66480449952	0.00403416777378	0.00339343573001	0.000640732043767
CTTN	68875	337438	334651	1033	819	5.72267347628	0.00305196013839	0.00244135094047	0.000610609197915
AANT	207807	642694	650698	2570	2213	7.58216082897	0.00398286592774	0.00338943592618	0.000593430001561
GTNT	63288	253177	255156	746	605	4.101105063	0.00293789849679	0.00236548965636	0.00057240884043
ANTT	207807	649157	653829	1539	1213	9.74222377451	0.00236515976739	0.00185178965624	0.000513370111152
NTNG	145874	769158	774953	3154	2786	6.33513421907	0.00408384176343	0.00358217859719	0.000501663166242
ATNT	400918	801595	804523	2468	2085	8.11654268713	0.00306941122773	0.00258489873644	0.00048451249129
TNTN	916396	2321161	2332177	10455	9435	13.3381476132	0.0044840145204	0.00402927555889	0.000454738961513
NTCN	176385	892175	877126	2738	2309	7.20722739002	0.00305951528249	0.00262554935839	0.000433965924096
NNGT	156485	759429	769000	2129	1825	6.71389413209	0.00279558484055	0.00236759316317	0.000427991677381
TNCN	191551	919792	907526	2886	2493	5.89858779532	0.00312785175327	0.00273950324114	0.000388348512125
ANNT	718866	1980567	1990794	6171	5516	9.57873859185	0.00310609652606	0.00276309791565	0.00034299861041
NTAA	217945	599272	596267	1222	1022	4.34266198663	0.00203499119059	0.00171106449307	0.000323926697519
