#Sequence	Occurrence	Forward Match	Backward Match	Forward Mismatch	Backward Mismatch	Strand Bias Score	FER (Forward Error Rate)	RER (Reverse Error Rate), ERD (Error rate Difference)
GGGT	23151	1361370	1518252	95463	17270	9223372036854775807	0.0655277578144	0.0112469896231	0.0542807681913
AGGT	27028	1644893	1784165	95018	22345	9223372036854775807	0.0546108392901	0.0123691537827	0.0422416855073
NGGT	132271	8070768	8642057	428795	101460	9223372036854775807	0.0504490642637	0.0116040261602	0.0388450381035
CGGT	45807	2791923	2954426	143745	34050	9223372036854775807	0.0489650055797	0.011393767258	0.0375712383217
TGGT	36285	2272582	2385214	94569	27795	9223372036854775807	0.0399505565974	0.0115188132328	0.0284317433646
GNGT	101333	6256644	6595485	259056	91220	9223372036854775807	0.0397587365901	0.0136419955718	0.0261167410183
ANGT	74316	4698977	4907578	174464	65378	9223372036854775807	0.0357989354955	0.0131467079138	0.0226522275817
NNGT	381303	23942943	24857349	861613	342148	9223372036854775807	0.0347360783237	0.0135775726	0.0211585057237
CNGT	121287	7613815	7787553	272972	113797	9223372036854775807	0.0346113062265	0.014402222405	0.0202090838214
GCGT	54040	3364371	3480978	120831	52485	9223372036854775807	0.0346697264606	0.0148537001802	0.0198160262804
GAGT	9253	592824	614667	19144	7781	9223372036854775807	0.0312826814474	0.012500642624	0.0187820388234
GGNT	110031	6775266	7199334	206178	92054	9223372036854775807	0.0295322858709	0.012625031064	0.0169072548069
GGGG	25400	1546873	1643414	36425	10386	9223372036854775807	0.02300577655	0.00628008223485	0.0167256943151
CGCT	59840	3753347	3780040	124370	60792	9223372036854775807	0.032072995528	0.0158278206389	0.0162451748892
AAGT	10446	679213	698953	21541	10456	9223372036854775807	0.030739746045	0.0147390292483	0.0160007167967
GGCT	41426	2485531	2657963	78071	39597	9223372036854775807	0.0304536351587	0.0146788208603	0.0157748142983
GGGA	16008	994284	1043592	35495	20079	9223372036854775807	0.03446856073	0.0188770775926	0.0155914831374
TNGT	84367	5373507	5566733	155121	71753	9223372036854775807	0.0280577749127	0.0127255791714	0.0153321957413
GGGN	143652	8790664	9235015	234975	100952	9223372036854775807	0.0260341677747	0.0108132344512	0.0152209333235
NCGT	142596	9025896	9203512	278459	139691	9223372036854775807	0.0299278133734	0.0149510826212	0.0149767307522
CCGT	36688	2329953	2328174	75024	38963	9223372036854775807	0.0311953087285	0.0164599683077	0.0147353404208
AGNT	82136	5227873	5403082	150529	72883	9223372036854775807	0.0279876810993	0.0133096175743	0.0146780635251
ACGT	20962	1350835	1370627	39360	19014	9223372036854775807	0.0283125748546	0.0136826705602	0.0146299042944
CGNT	176796	11165469	11360975	318919	153636	9223372036854775807	0.0277697862524	0.0133426999835	0.0144270862689
NAGT	41255	2657743	2724780	76137	38068	9223372036854775807	0.027849430114	0.0137785357718	0.0140708943422
GCCT	56947	3544097	3584067	119335	67959	9223372036854775807	0.0325746458512	0.0186085750759	0.0139660707754
NGNT	486148	30706168	31666825	839157	418454	9223372036854775807	0.026601627975	0.013041931161	0.013559696814
CNCT	97065	6154632	6175423	193176	106887	9223372036854775807	0.0304319223266	0.0170139646086	0.013417957718
CCCT	23039	1464330	1462180	51271	30818	9223372036854775807	0.033828824341	0.0206416887364	0.0131871356046
CGGG	56130	3412639	3594459	66188	21969	9223372036854775807	0.0190259532883	0.00607477875959	0.0129511745287
NGCT	165953	10386253	10633390	291431	162453	9223372036854775807	0.0272934655118	0.0150477364297	0.0122457290821
GNCT	125051	7738359	7974380	226104	136366	9223372036854775807	0.0283891079662	0.0168130033908	0.0115761045754
CAGT	16791	1077571	1089619	28635	15927	9223372036854775807	0.0258857753438	0.0144064561764	0.0114793191674
NGGG	143652	8901066	9280721	152065	55647	9223372036854775807	0.0167969512426	0.00596024064176	0.0108367106009
GTGT	14889	938079	981588	23618	13684	9223372036854775807	0.0245586707664	0.013749005297	0.0108096654693
NCCT	130217	8257961	8268594	244518	156765	9223372036854775807	0.0287584362161	0.0186063288223	0.0101521073938
GAGG	23246	1485718	1499994	25623	10953	9223372036854775807	0.0169538178346	0.00724909609669	0.00970472173794
TAGT	4765	308135	321541	6817	3904	198.015986013	0.0216445680612	0.0119958825608	0.00964868550036
AGGN	130217	8220537	8429910	167613	88674	9223372036854775807	0.0199821176302	0.0104094765045	0.00957264112568
AGGG	23039	1461610	1512034	22548	8637	9223372036854775807	0.0151924525556	0.00567972954045	0.00951272301514
CAGG	72606	4546208	4692561	73197	30609	9223372036854775807	0.0158455472079	0.00648060518677	0.00936494202115
NGGN	758339	47274897	48687842	952695	513419	9223372036854775807	0.0197541482063	0.0104350780766	0.00931907012972
GNGG	202477	12519997	13021150	197241	86658	9223372036854775807	0.0155097356832	0.00661117404222	0.00889856164095
CGGN	294780	18263399	18773815	356386	197892	9223372036854775807	0.0191401780418	0.0104309011308	0.00870927691097
NAGG	130217	8264191	8461707	127469	55611	9223372036854775807	0.0151899624151	0.00652916798457	0.00866079443049
AGCT	25556	1639817	1653258	39187	24675	9223372036854775807	0.0233394321872	0.0147055931315	0.00863383905563
GNNT	388032	24546071	25211886	577710	369729	9223372036854775807	0.0229945484718	0.0144529186293	0.00854162984257
TAGG	8667	554241	574968	7393	2711	9223372036854775807	0.0131633768611	0.00469291769304	0.00847045916804
GCNT	178525	11300653	11435998	279168	181777	9223372036854775807	0.0241081446768	0.015646455539	0.00846168913781
TGNT	117185	7537560	7703434	163531	99881	9223372036854775807	0.0212347834872	0.0127998164882	0.00843496699892
GTGG	44672	2815048	2909064	42520	19354	9223372036854775807	0.0148797858879	0.00660902917548	0.00827075671238
NNCT	387503	24648019	24896359	627085	419247	9223372036854775807	0.0248103825804	0.0165608123305	0.00824957024988
CCCG	56130	3559340	3467825	58415	31308	9223372036854775807	0.0161467539952	0.00894735924585	0.00719939474938
GCGG	109159	6672358	6968678	92673	45965	9223372036854775807	0.0136988285789	0.00655272121475	0.00714610736416
TCGT	30906	1980737	2023733	43244	29229	9223372036854775807	0.0213658132166	0.014237477362	0.00712833585465
CNNT	400365	25695765	25786680	577904	391444	9223372036854775807	0.0219955576056	0.0149530959514	0.00704246165419
NNGG	758339	47646951	48883734	635431	312141	9223372036854775807	0.013160721855	0.00634486123074	0.00681586062428
CNGG	307969	19276467	19662063	264689	133713	9223372036854775807	0.0135452068445	0.00675462280438	0.00679058404009
CGGA	27172	1730491	1769996	46587	36241	9223372036854775807	0.0262155065788	0.0200643658612	0.0061511407176
ACCT	27028	1758309	1718148	45310	33300	9223372036854775807	0.0251217136213	0.0190128396618	0.00610887395952
GCCG	165671	10440854	10331588	151900	86739	9223372036854775807	0.0143399912808	0.00832561696326	0.00601437431757
NCCG	294780	18743816	18492717	268010	152410	9223372036854775807	0.0140970151946	0.0081742537876	0.00592276140705
AAGG	25698	1678024	1694184	21256	11338	9223372036854775807	0.012508827268	0.00664781808737	0.00586100918065
TGGN	189690	12000297	12249102	193721	125901	9223372036854775807	0.015886560115	0.0101738157154	0.00571274439953
ANGG	124297	7975886	8159676	93586	48415	9223372036854775807	0.0115975369888	0.00589844825063	0.00569908873815
ANNT	250676	16360026	16469979	335083	247042	9223372036854775807	0.020070728499	0.0147778722058	0.00529285629317
NCGG	294780	18427060	18855585	212807	116595	9223372036854775807	0.0114167660102	0.00614557736644	0.00527118864375
ACCG	45807	2951781	2923515	38820	23072	9223372036854775807	0.0129806684342	0.00783007594889	0.00515059248532
ACGG	36688	2340564	2391826	24830	12991	9223372036854775807	0.010497194125	0.00540207425347	0.00509511987149
ATGT	15880	1024036	1053833	18545	13563	198.804422803	0.0177875867678	0.0127066243456	0.00508096242223
CTCG	46389	2924856	3000943	39050	24645	9223372036854775807	0.0131751816691	0.00814552410969	0.00502965755936
TGCT	39131	2507558	2542129	49803	37389	9223372036854775807	0.0194743722142	0.0144945683651	0.00497980384907
TGGG	39083	2479944	2530814	26904	14655	9223372036854775807	0.0107322023513	0.0057572887354	0.00497491361592
GNGN	779908	48848400	49726958	837503	600372	9223372036854775807	0.0168559480543	0.0119293433608	0.00492660469357
CACG	50303	3248834	3242249	37255	20924	9223372036854775807	0.0113371853288	0.00641216386627	0.00492502146255
NTGG	189690	12054634	12285721	143090	84288	9223372036854775807	0.0117308770062	0.00681389965036	0.00491697735588
NCNT	467108	30069290	30129093	629986	480202	9223372036854775807	0.0205212005651	0.0156881104253	0.00483309013984
GGNG	250347	15591986	16030905	185812	112562	9223372036854775807	0.0117768018072	0.0069726038403	0.00480419796689
CNCG	304354	19283936	19251710	240849	147745	9223372036854775807	0.0123355519664	0.00761593560231	0.00471961636407
TNGG	123596	7874601	8040845	79915	43355	9223372036854775807	0.0100464943436	0.00536293016007	0.00468356418353
CGNG	304354	19222495	19348595	210037	125605	9223372036854775807	0.0108085245916	0.00644981565353	0.00435870893812
CACT	8676	570082	567430	11621	9005	69.4811176213	0.0199775486803	0.0156218827795	0.00435566590084
CANG	202456	13033025	13142129	138593	81965	9223372036854775807	0.0105220937929	0.00619815618371	0.00432393760918
GNCG	437893	27571068	27721743	347346	227994	9223372036854775807	0.0124414660518	0.00815728605961	0.00428417999215
GCNG	436271	27465163	27743797	301150	185389	9223372036854775807	0.0108458764403	0.0066378232434	0.00420805319688
TCGG	56857	3620007	3677829	34372	19449	9223372036854775807	0.00940570203583	0.00526035640274	0.00414534563309
NGNG	779908	49206449	50000664	522293	320728	9223372036854775807	0.0105028395852	0.00637359157314	0.00412924801206
TCCG	27172	1791841	1769789	18875	11291	9223372036854775807	0.0104240532474	0.00633941204213	0.00408464120531
GNNG	994712	62886010	63911821	693572	444380	9223372036854775807	0.0109087222373	0.00690500671412	0.00400371552316
CCCN	143652	9131054	8954416	195540	154576	9223372036854775807	0.0209658531292	0.0169696054185	0.00399624771076
TTGG	18989	1220409	1257234	11246	6540	9223372036854775807	0.00913080367473	0.0051749759055	0.00395582776923
AGNG	97065	6212588	6301482	62439	38015	9223372036854775807	0.00995039543256	0.00599653253247	0.00395386290009
GGCG	155659	9635874	9865785	114992	78162	9223372036854775807	0.0117930038214	0.00786025911039	0.00393274471101
ATGG	38872	2495688	2561632	24952	15449	9223372036854775807	0.00989907325124	0.00599476694757	0.00390430630367
CCGG	92076	5794131	5817252	60932	38190	9223372036854775807	0.0104067197911	0.00652213786765	0.00388458192341
ACNT	74316	4871165	4811627	98597	78100	9223372036854775807	0.0198393806383	0.0159722618461	0.00386711879224
NTGT	65181	4188536	4287000	78222	62929	9223372036854775807	0.0183328888116	0.0144666729043	0.00386621590728
CTGG	87157	5523489	5557791	64372	42945	9223372036854775807	0.0115199715956	0.00766774223959	0.00385222935598
NNCG	1065482	67785631	67888958	790543	529148	9223372036854775807	0.0115279543009	0.00773403461359	0.00379391968728
CCNT	124297	8030003	7962290	166194	133614	9223372036854775807	0.0202769650363	0.016503901232	0.00377306380432
ANCT	82136	5358901	5301355	113939	92129	9223372036854775807	0.020818989775	0.017081537648	0.00373745212694
CNNG	983178	62564918	62819381	645407	411355	9223372036854775807	0.0102104679892	0.00650561777424	0.00370485021497
CGCG	151532	9550906	9540693	106129	70868	9223372036854775807	0.0109898120904	0.00737320399881	0.00361660809155
NCNG	990530	62977538	63196727	619402	393834	9223372036854775807	0.00973949375552	0.00619327764698	0.00354621610854
GGAG	16316	1044286	1061211	9731	6072	196.974345114	0.00923229890979	0.00568921270179	0.003543086208
ACNG	121287	7824414	7855134	75471	47573	9223372036854775807	0.00955343020816	0.00601983598785	0.00353359422032
NANG	467107	30264098	30519936	303565	199045	9223372036854775807	0.00993091948181	0.00647954435728	0.00345137512452
CCCC	25400	1626813	1578400	26093	19952	139.352920923	0.0157861366587	0.0124828573431	0.00330327931565
CTNG	168399	10710662	10852118	118394	83532	9223372036854775807	0.0109329936054	0.00763850342687	0.00329449017849
GTNG	151366	9692612	9900634	106313	75371	9223372036854775807	0.010849455425	0.00755522877144	0.00329422665352
NGCG	428896	26950916	27242239	285319	197293	9223372036854775807	0.0104757136954	0.00719010076411	0.00328561293127
GGGC	79093	4888137	5029757	67592	53217	9223372036854775807	0.0136391638849	0.0104696581175	0.0031695057674
CNGN	990530	62620219	62834815	943789	747281	9223372036854775807	0.0148478522626	0.011753009841	0.00309484242155
NACG	142596	9260092	9230603	96923	67557	9223372036854775807	0.0103583247435	0.00726563104958	0.00309269369394
ANNG	400365	25911533	26104587	247100	169518	9223372036854775807	0.00944621226958	0.00645190388027	0.00299430838931
AANG	70309	4640106	4659081	44069	30262	9223372036854775807	0.00940806011731	0.00645335604583	0.00295470407148
TCNG	125003	8089225	8121257	64398	40619	9223372036854775807	0.0078980840787	0.00497667448023	0.00292140959847
GACG	52291	3367766	3368912	36227	26226	9223372036854775807	0.0106425013212	0.00772457555481	0.00291792576643
GANG	156728	10136249	10236485	100297	71058	9223372036854775807	0.00979793379525	0.00689378642417	0.00290414737107
CCNG	307969	19598736	19476539	178383	120253	9223372036854775807	0.00901966560448	0.00613636150243	0.00288330410205
GCCN	384956	24230908	23960061	478156	401681	9223372036854775807	0.0193514412363	0.0164881887346	0.00286325250169
GTGN	125672	7977315	8168195	111801	90765	9223372036854775807	0.013821164142	0.0109898825034	0.00283128163867
TNNT	267646	17460444	17706411	289360	242112	9223372036854775807	0.0163021518435	0.0134892436553	0.00281290818817
GGNN	758339	47489236	48590033	724266	601080	9223372036854775807	0.0150220575141	0.0122192803403	0.00280277717376
GGAT	26658	1705871	1766958	25885	21726	113.760571093	0.014947255849	0.0121463601173	0.00280089573171
NTNG	499578	32103991	32553304	330864	244730	9223372036854775807	0.0102008780369	0.00746172773649	0.00273915030043
ANGN	467108	30142917	30379916	420015	338402	9223372036854775807	0.0137426278343	0.0110162932749	0.00272633455935
TCCT	23203	1491225	1504199	28602	24688	70.0961918461	0.0188192471906	0.0161476943685	0.00267155282212
ANCG	176796	11407419	11383910	119101	88103	9223372036854775807	0.0103327804055	0.00767982044651	0.00265295995903
GCGN	428896	26806809	27099543	417022	348050	9223372036854775807	0.0153182702317	0.0126805290358	0.00263774119587
AGCG	59840	3810172	3838492	35282	25547	9223372036854775807	0.00917498948109	0.00661147571233	0.00256351376875
TNNG	358868	23189615	23434842	190045	133084	9223372036854775807	0.00812864686655	0.00564682696305	0.0024818199035
AAAG	9327	623992	626017	5171	3623	61.0865729644	0.00821885584499	0.00575408169748	0.00246477414751
TGNG	128142	8179380	8319682	64005	44546	9223372036854775807	0.00776440746126	0.00532577543319	0.00243863202807
GAAG	32368	2135104	2145138	19868	14654	176.425490097	0.00921960934991	0.00678491262122	0.0024346967287
NGGA	97460	6218872	6309072	144706	130853	194.946373777	0.0227397228415	0.0203190254545	0.00242069738697
GAGN	81688	5273612	5224205	73705	60605	249.743325164	0.0137835478989	0.0114677727298	0.00231577516911
NTCG	199210	12830807	12923399	140291	111888	9223372036854775807	0.0108156610952	0.00858347039079	0.00223219070436
NCCN	758339	48310902	47634054	907678	786067	9223372036854775807	0.0184417754433	0.0162343047429	0.00220747070048
GGTG	52972	3364953	3460495	24664	17942	272.89431048	0.00727633830017	0.00515806380854	0.00211827449162
CNCN	779908	49611241	49064945	820699	705877	9223372036854775807	0.0162733973748	0.0141825465531	0.00209085082168
TTNG	68109	4466292	4511662	41036	32159	253.195440452	0.00910428528831	0.0070775235204	0.00202676176791
TANG	37614	2454718	2482241	20606	15760	152.553089249	0.00832456680418	0.00630904471215	0.00201552209203
CGNN	1065482	67608879	67628395	964615	825058	9223372036854775807	0.0140668783772	0.0120528324554	0.00201404592187
CAGN	200485	12778267	12862862	168236	142862	9223372036854775807	0.0129947059835	0.0109845480344	0.00201015794915
CGCN	428896	27110185	26801483	448843	388711	9223372036854775807	0.0162866048832	0.0142959995063	0.00199060537687
TNCT	83251	5396127	5445201	93866	83865	141.831656355	0.0170976538586	0.0151680229536	0.00192963090497
TNCG	146439	9523208	9531595	83247	65306	9223372036854775807	0.00866573569543	0.00680490504174	0.00186083065368
GTCG	64272	4126574	4155458	44227	36867	156.38165367	0.0106039583284	0.00879392699755	0.00181003133084
GNAG	131744	8511289	8635025	60604	46712	9223372036854775807	0.00707008358597	0.00538049010238	0.00168959348359
NAGN	387503	24948250	25004001	321696	279584	9223372036854775807	0.0127303794001	0.0110579255276	0.00167245387253
AACG	22470	1491562	1484551	13680	11110	56.0566542829	0.0090882396319	0.00742815383967	0.00166008579223
NGAG	81688	5311495	5259149	35064	25945	276.696524592	0.0065582368024	0.00490908960181	0.00164914720059
AGAG	5510	369117	370932	2195	1601	21.7377420363	0.00591147067695	0.00429760584968	0.00161386482727
ATNG	111704	7234425	7288890	65121	53668	258.291930235	0.00892123975929	0.00730916936577	0.00161207039352
TGCG	61865	3953964	3997269	28916	22716	177.025309693	0.00726007311292	0.00565076735361	0.00160930575931
CCAG	87157	5559795	5581173	32731	24111	291.202816841	0.00585263260287	0.00430147696352	0.00155115563935
TNGN	499578	32029512	32431611	411733	366533	9223372036854775807	0.012691652247	0.0111754189505	0.00151623329647
TAGN	28159	1822280	1863775	19808	17391	47.7102221639	0.0107530150568	0.00924479817305	0.00150821688378
GACT	12620	813110	819763	14741	13587	13.1013085739	0.0178063443784	0.0163040739185	0.00150227045987
ACCC	23151	1517800	1464363	17015	14170	37.2090911599	0.0110860266547	0.00958382396605	0.00150220268863
GGCN	384956	23947164	24327931	373851	344196	9223372036854775807	0.0153715212955	0.0139508036741	0.00142071762135
NCCC	143652	9202200	8987218	138891	122575	144.720747208	0.0148688199269	0.0134553002467	0.00141351968025
NAAG	77171	5095733	5083473	38258	30888	167.113995896	0.00745190242834	0.00603946416766	0.00141243826068
TTCG	39870	2625473	2629646	25695	22002	64.0962271997	0.00969195464037	0.00829748141533	0.00139447322504
TCCC	16008	1051975	1030773	11764	10134	20.4815630866	0.0110591037839	0.00973574008053	0.00132336370339
NCGN	1065482	67612270	67565996	955280	864610	9223372036854775807	0.0139319546929	0.0126348435377	0.00129711115515
NNAG	387503	25115854	25167494	154982	123078	9223372036854775807	0.0061328402432	0.00486655659666	0.00126628364653
CTCN	81688	5216343	5277689	71998	65988	73.5155650589	0.0136144775838	0.0123488002737	0.00126567731013
GTAG	15911	1016505	1061023	7609	6582	28.0466101598	0.00742983691269	0.00616520154926	0.00126463536343
TGAG	13473	880889	880378	4373	3295	33.7589355536	0.00493978053955	0.00372875486747	0.00121102567208
CCTC	23246	1496746	1504535	12218	10473	32.0495050929	0.00809694598413	0.00691283478371	0.00118411120042
ACGN	142596	9237414	9193318	119791	108274	114.644881915	0.0128020065821	0.0116403729598	0.00116163362228
NCAG	200485	12878988	12954005	69786	55167	9223372036854775807	0.00538939053226	0.00424062346166	0.0011487670706
AGNN	387503	24948694	24983768	330742	301840	293.572050874	0.0130834406274	0.0119372253181	0.00114621530934
CNAG	168399	10876911	10793338	64450	51653	285.323203857	0.00589049205122	0.00476284397101	0.00112764808021
CGAG	46389	3017203	2946628	18765	14977	74.8169010431	0.0061808951873	0.00505705521162	0.00112383997568
GNCN	1038800	65505866	65554624	1058267	983606	9223372036854775807	0.0158984569062	0.014782569359	0.00111588754722
TAAG	2795	184480	193694	850	676	7.1062191867	0.0045864134247	0.00347790296857	0.00110851045614
NGTG	125672	8042972	8218555	49845	41843	191.967274583	0.00615916559092	0.00506549442291	0.00109367116801
TNAG	41543	2713859	2720485	12099	9273	83.6535603246	0.00443843962379	0.0033970044231	0.00104143520069
TCAG	24178	1571108	1569079	6534	4973	46.5811205086	0.00414162401863	0.00315936195246	0.000982262066166
GCAG	67149	4315394	4367653	23396	19404	92.5439308572	0.00539228678963	0.00442301068803	0.000969276101604
CCGN	294780	18740264	18402703	267426	245464	126.47428235	0.014069358244	0.0131629022842	0.000906455959777
CTCC	16316	1053306	1046218	14423	13360	8.10239985822	0.0135081092674	0.0126087933121	0.000899315955372
TTTG	8153	543028	547448	3753	3288	8.31077730017	0.00686380836203	0.00597019261497	0.000893615747058
GCNN	1167072	73806432	73816741	1042481	976446	9223372036854775807	0.0139278041352	0.0130552800217	0.00087252411355
ATCG	48679	3153904	3137352	31319	28374	29.1456069019	0.00983259256887	0.00896287297132	0.000869719597554
NGCN	1167072	73800487	73752066	1086149	1022331	9223372036854775807	0.0145039096161	0.0136722065442	0.000831703071957
ACNC	101333	6638077	6497942	55519	48868	64.5987725966	0.0082943458195	0.00746439869188	0.000829947127615
CCAC	44672	2905431	2860275	18639	15964	37.2331582602	0.00637433440376	0.00555030371259	0.000824030691168
GCCC	79093	5005612	4913682	84019	78319	24.2728039561	0.0165078765042	0.0156888991008	0.000818977403429
ANAG	45817	3013795	3018646	17829	15440	39.0715022502	0.00588100635171	0.00508884718495	0.00079215916676
CACN	125672	8153659	8031357	104318	96602	42.2328956797	0.0126323916862	0.0118851485348	0.000747243151416
ACGC	54040	3511499	3460025	30627	27642	25.2285886326	0.00864650212895	0.0079256419836	0.000720860145352
CGAT	48679	3128009	3140876	43074	41054	13.2149687153	0.0135833719899	0.012902232293	0.000681139696968
ACAC	14889	990060	962808	4709	3939	11.4584504252	0.00473376231065	0.00407448898212	0.000659273328524
CCNC	202477	12998623	12652177	124541	112894	65.8847095001	0.00949016563384	0.00884397744439	0.000646188189449
NTAG	28159	1829638	1870867	11874	11078	11.3281417951	0.00644796232661	0.00588646320695	0.000561499119662
GNTG	222598	14283656	14533903	88381	83016	60.4582943034	0.00614951102617	0.00567944585312	0.000470065173044
CGTG	50303	3241747	3266815	18955	17791	10.9388502116	0.00581316538586	0.00541647917589	0.00039668620997
TTTC	20334	1366270	1365259	8619	8074	4.47815073748	0.00626886970512	0.00587912764056	0.000389742064553
TGNN	525800	33821445	34160206	376620	368900	38.8875034485	0.0110129038003	0.0106837402625	0.000329163537768
NGGC	384956	24084191	24455992	227129	225459	13.5242940696	0.00934252027451	0.00913475467873	0.00020776559578
CCNN	758339	48586373	47834356	604608	589053	7.87171028827	0.0122910335941	0.0121646330187	0.000126400575434
NNTG	525799	34003640	34330445	195168	193970	5.99273438282	0.00570686557262	0.0056183428452	8.85227274236e-05
