#Sequence	Occurrence	Forward Match	Backward Match	Forward Mismatch	Backward Mismatch	Strand Bias Score	FER (Forward Error Rate)	RER (Reverse Error Rate), ERD (Error rate Difference)
AGTCTNCN	652	0	10	27	0	8.54199104934	1.0	0.0	1.0
CTANAGTA	141	0	16	16	0	8.47790256386	1.0	0.0	1.0
CTAGNAAT	148	0	9	19	0	6.83928316822	1.0	0.0	1.0
CTANNAAT	942	0	9	19	0	6.83928316822	1.0	0.0	1.0
AGGAAGGN	248	6	39	88	0	26.9155348475	0.936170212766	0.0	0.936170212766
AGGAAGGT	66	6	39	88	0	26.9155348475	0.936170212766	0.0	0.936170212766
AGGNAGGT	154	6	39	88	0	26.9155348475	0.936170212766	0.0	0.936170212766
AGGAAGNT	257	7	40	88	0	26.7054921594	0.926315789474	0.0	0.926315789474
AGGAANGT	206	7	40	88	0	26.7054921594	0.926315789474	0.0	0.926315789474
CCTAGGNN	384	2	25	20	0	10.625948163	0.909090909091	0.0	0.909090909091
AGNAAGGT	466	9	42	88	0	26.3689575529	0.907216494845	0.0	0.907216494845
NANTCCAG	1186	1	30	8	0	6.83480027519	0.888888888889	0.0	0.888888888889
NACTCNAG	1053	1	52	8	0	8.51481738972	0.888888888889	0.0	0.888888888889
AGNAAGNT	1932	11	43	88	0	25.6984514874	0.888888888889	0.0	0.888888888889
NACTCCAG	235	1	30	8	0	6.83480027519	0.888888888889	0.0	0.888888888889
AGTCNCNC	776	4	46	27	0	16.144030642	0.870967741935	0.0	0.870967741935
GCTNGAGT	395	3	31	16	0	9.70596689764	0.842105263158	0.0	0.842105263158
CCGCTANA	359	2	29	10	0	7.2301001877	0.833333333333	0.0	0.833333333333
TCNCCGCT	601	2	29	10	0	7.2301001877	0.833333333333	0.0	0.833333333333
GCNAAAGG	544	12	111	30	0	21.7506199661	0.714285714286	0.0	0.714285714286
GCGAAAGG	126	12	111	30	0	21.7506199661	0.714285714286	0.0	0.714285714286
TNNGCTAG	853	4	72	10	2	7.87626255003	0.714285714286	0.027027027027	0.687258687259
NAGGAAGG	248	40	39	59	0	11.6187513244	0.59595959596	0.0	0.59595959596
GAGGNAGG	152	40	39	59	0	11.6187513244	0.59595959596	0.0	0.59595959596
GAGGAAGG	74	40	39	59	0	11.6187513244	0.59595959596	0.0	0.59595959596
GAGGAAGN	288	40	39	59	0	11.6187513244	0.59595959596	0.0	0.59595959596
GNGGAAGG	284	40	39	59	0	11.6187513244	0.59595959596	0.0	0.59595959596
NTAGNGTA	547	12	35	16	0	7.0807655144	0.571428571429	0.0	0.571428571429
TGGNCANA	1887	18	54	24	1	9.71085819216	0.571428571429	0.0181818181818	0.553246753247
AAGGTGGN	542	44	45	50	0	11.0627414846	0.531914893617	0.0	0.531914893617
AAGNTGGN	2259	46	47	50	0	11.2358950181	0.520833333333	0.0	0.520833333333
NNCCTCCG	361	29	44	34	1	8.88544680393	0.539682539683	0.0222222222222	0.51746031746
NCCGTCAT	351	56	175	41	0	21.306481984	0.422680412371	0.0	0.422680412371
NNCCCTAC	449	38	186	30	4	15.5520868817	0.441176470588	0.0210526315789	0.420123839009
ACCNTCAT	494	53	158	38	0	19.262728396	0.417582417582	0.0	0.417582417582
CNGTCATT	325	60	175	39	0	19.7887124092	0.393939393939	0.0	0.393939393939
CCGTCATT	76	60	175	39	0	19.7887124092	0.393939393939	0.0	0.393939393939
CCGTCNTT	225	60	175	39	0	19.7887124092	0.393939393939	0.0	0.393939393939
CCGTCATN	351	61	175	39	0	19.6404629351	0.39	0.0	0.39
CCGTNATT	357	65	180	39	0	19.394823442	0.375	0.0	0.375
CCGTNNTT	1331	65	180	39	0	19.394823442	0.375	0.0	0.375
NCNGTCAT	1326	72	181	41	0	19.3696017724	0.362831858407	0.0	0.362831858407
ATNTNAAA	2229	45	79	25	1	8.25107545716	0.357142857143	0.0125	0.344642857143
AAGGTGNT	660	104	152	56	1	17.2582227107	0.35	0.00653594771242	0.343464052288
CNGTCATN	1326	77	181	39	0	17.9351647369	0.336206896552	0.0	0.336206896552
CNGTNATT	1791	81	211	39	0	19.1988153844	0.325	0.0	0.325
NCCTTACC	277	65	72	33	1	7.88492438285	0.336734693878	0.013698630137	0.323036063741
AGGAAGNN	1036	189	158	89	0	19.952496707	0.320143884892	0.0	0.320143884892
GNAAGGTG	494	96	151	40	0	14.5097528328	0.294117647059	0.0	0.294117647059
AGNAANGT	1519	226	180	88	0	19.5127671484	0.28025477707	0.0	0.28025477707
ACNGTCAN	1373	104	91	40	0	9.50046299046	0.277777777778	0.0	0.277777777778
ANNGTCAT	1492	100	166	38	0	14.4308792292	0.275362318841	0.0	0.275362318841
AGNNAGGT	1075	249	272	94	1	24.7803078585	0.274052478134	0.003663003663	0.270389474471
AGGNANGT	681	274	371	92	0	30.8332143934	0.251366120219	0.0	0.251366120219
NGGAAGGT	293	270	341	88	0	27.8837070589	0.245810055866	0.0	0.245810055866
GNCTCAGA	230	89	135	30	1	9.61469492791	0.252100840336	0.00735294117647	0.24474789916
GGAAGNTG	388	99	89	32	0	7.82787967153	0.24427480916	0.0	0.24427480916
GNNTCAGA	1116	91	137	30	1	9.58244422162	0.247933884298	0.00724637681159	0.240687507486
GAGNAAGG	478	183	138	60	1	11.4317110487	0.246913580247	0.00719424460432	0.239719335643
CTCANAGC	390	113	151	35	0	11.6898805388	0.236486486486	0.0	0.236486486486
GAGNAAGN	2234	188	143	60	1	11.7215547267	0.241935483871	0.00694444444444	0.234991039427
AAGGNGGT	402	156	96	50	1	7.89062234114	0.242718446602	0.0103092783505	0.232409168251
CTCNGAGN	676	106	140	32	0	10.6228551826	0.231884057971	0.0	0.231884057971
GTCTCNNA	509	100	183	31	1	11.5028462484	0.236641221374	0.0054347826087	0.231206438765
GTCTCANA	126	100	183	31	1	11.5028462484	0.236641221374	0.0054347826087	0.231206438765
AGNTGGTT	562	107	80	32	0	6.86713351488	0.230215827338	0.0	0.230215827338
GCGAAAGN	697	100	249	30	1	13.6914752336	0.230769230769	0.004	0.226769230769
CCTCACCN	317	103	174	31	1	10.8967407462	0.231343283582	0.00571428571429	0.225628997868
NGGNAGGT	819	303	425	88	0	30.612963544	0.225063938619	0.0	0.225063938619
CNCTTACC	332	107	127	33	2	7.71415397621	0.235714285714	0.015503875969	0.220210409745
GGANGGTG	285	115	124	32	0	9.21254367911	0.21768707483	0.0	0.21768707483
AGGNAGGN	685	303	370	88	4	22.44523979	0.225063938619	0.0106951871658	0.214368751453
NAGGAAGN	1036	223	158	60	0	12.5643790392	0.212014134276	0.0	0.212014134276
CTNAGAGC	286	123	209	32	0	12.749794868	0.206451612903	0.0	0.206451612903
CCTANGNA	498	77	181	20	0	9.75565559894	0.20618556701	0.0	0.20618556701
NTNAGAGC	1315	124	209	32	0	12.6899405857	0.205128205128	0.0	0.205128205128
TCAANNGT	1925	174	272	52	7	12.5659928542	0.230088495575	0.0250896057348	0.20499888984
GAGGANGG	142	284	365	72	1	22.2101271569	0.202247191011	0.00273224043716	0.199514950574
GAGNTCTG	203	136	180	35	1	10.4380744905	0.204678362573	0.00552486187845	0.199153500695
ACCGTCNT	265	157	179	39	0	11.8532512106	0.198979591837	0.0	0.198979591837
GCGAANGG	366	122	273	30	0	14.2733225936	0.197368421053	0.0	0.197368421053
GNANGGTG	1477	164	247	40	0	14.7872781813	0.196078431373	0.0	0.196078431373
AAGGTNGT	431	206	118	50	0	8.8718673143	0.1953125	0.0	0.1953125
AAGNTNGT	1804	207	119	50	0	8.88312447024	0.194552529183	0.0	0.194552529183
CCCTNACC	191	135	142	33	1	8.23741507705	0.196428571429	0.00699300699301	0.189435564436
NCCTCACC	317	109	176	25	0	9.71225625205	0.186567164179	0.0	0.186567164179
CNCAGAGC	413	133	132	32	1	7.54179293033	0.193939393939	0.00751879699248	0.186420596947
ANACTGAC	400	132	177	32	2	8.71451274248	0.19512195122	0.0111731843575	0.183948766862
AGGANGGT	164	441	565	99	0	32.9829526458	0.183333333333	0.0	0.183333333333
ANACTNAC	1164	133	177	32	2	8.42108364311	0.193939393939	0.0111731843575	0.182766209582
AACNTTGN	2199	100	176	24	2	7.76133239943	0.193548387097	0.0112359550562	0.182312432041
TNGACAGN	835	117	188	27	1	9.24264615898	0.1875	0.00529100529101	0.182208994709
ANGTGGTT	623	144	126	32	0	7.99145564559	0.181818181818	0.0	0.181818181818
CTCAGNGC	432	145	113	32	0	7.13982886611	0.180790960452	0.0	0.180790960452
NGGAAGNT	1265	482	507	114	6	25.1723693622	0.191275167785	0.0116959064327	0.179579261352
NGAAACTG	553	90	195	20	1	8.24236572623	0.181818181818	0.00510204081633	0.176716141002
ATGTGANA	258	113	211	25	1	9.4907763157	0.18115942029	0.00471698113208	0.176442439158
AGNAAGGN	1586	430	303	91	0	19.2170284333	0.174664107486	0.0	0.174664107486
CNCTGGAC	123	110	181	25	2	7.75536798727	0.185185185185	0.0109289617486	0.174256223437
ATGTNANA	1025	115	213	25	1	9.4481920195	0.178571428571	0.00467289719626	0.173898531375
CTNCTCGA	332	246	396	59	9	14.0781335078	0.193442622951	0.0222222222222	0.171220400729
GTAGNNTT	1021	123	242	29	5	8.34364830165	0.190789473684	0.0202429149798	0.170546558704
TNACGTNG	1171	167	194	39	4	8.11116499363	0.18932038835	0.020202020202	0.169118368147
TTCCTNNG	844	155	183	34	2	8.32174190709	0.179894179894	0.0108108108108	0.169083369083
TTCCTCNG	207	154	158	34	2	7.29743806122	0.18085106383	0.0125	0.16835106383
GNGGNAGG	894	292	241	59	0	14.1599346906	0.168091168091	0.0	0.168091168091
NTANAATT	964	116	221	27	5	7.39164924042	0.188811188811	0.0221238938053	0.166687295006
NTAGAATN	601	116	220	27	5	7.36177673799	0.188811188811	0.0222222222222	0.166588966589
NTAGAATT	198	116	220	27	5	7.36177673799	0.188811188811	0.0222222222222	0.166588966589
GTAGANTT	213	116	220	27	5	7.36177673799	0.188811188811	0.0222222222222	0.166588966589
GTANAATT	217	116	220	27	5	7.36177673799	0.188811188811	0.0222222222222	0.166588966589
GTAGAATN	147	116	220	27	5	7.36177673799	0.188811188811	0.0222222222222	0.166588966589
GTAGAATT	50	116	220	27	5	7.36177673799	0.188811188811	0.0222222222222	0.166588966589
ANGTNGTT	1662	158	142	33	1	7.26505169305	0.17277486911	0.00699300699301	0.165781862117
GTANAANT	1243	117	221	27	5	7.34039107115	0.1875	0.0221238938053	0.165376106195
NTAGANTT	872	117	221	27	5	7.34039107115	0.1875	0.0221238938053	0.165376106195
GTAGANTN	573	117	220	27	5	7.3106282754	0.1875	0.0222222222222	0.165277777778
GTAGAANT	270	117	220	27	5	7.3106282754	0.1875	0.0222222222222	0.165277777778
GTNGAATT	348	117	220	27	5	7.3106282754	0.1875	0.0222222222222	0.165277777778
NTAGAANT	950	117	220	27	5	7.3106282754	0.1875	0.0222222222222	0.165277777778
GANATCNG	1510	172	156	37	2	7.24464072357	0.177033492823	0.0126582278481	0.164375264975
GAGATCNG	316	172	156	37	2	7.24464072357	0.177033492823	0.0126582278481	0.164375264975
CCNTTACC	478	161	168	33	1	8.25724004513	0.170103092784	0.00591715976331	0.16418593302
GTNGAATN	1231	118	220	27	5	6.98732992126	0.186206896552	0.0222222222222	0.16398467433
NTAGNATT	755	121	240	27	5	7.68589511234	0.182432432432	0.0204081632653	0.162024269167
GTAGNATT	188	121	240	27	5	7.68589511234	0.182432432432	0.0204081632653	0.162024269167
GTANAATN	810	120	222	27	5	6.97553352259	0.183673469388	0.0220264317181	0.16164703767
NAGGAANG	893	290	266	59	2	12.9139137386	0.169054441261	0.00746268656716	0.161591754694
GNGGAAGN	1396	331	367	65	1	18.1066692459	0.164141414141	0.00271739130435	0.161424022837
TTATCANC	682	164	197	31	0	9.96600145302	0.158974358974	0.0	0.158974358974
TTATCANN	2250	164	200	31	0	10.0727707416	0.158974358974	0.0	0.158974358974
GTNGANTT	1764	127	221	28	5	7.10839341453	0.18064516129	0.0221238938053	0.158521267485
NTCCTCNG	546	166	167	34	2	7.24746498609	0.17	0.0118343195266	0.158165680473
TTCCNNCG	1143	177	261	34	1	11.284928276	0.161137440758	0.00381679389313	0.157320646865
CNTTCAGN	1784	560	653	127	19	21.687557184	0.184861717613	0.0282738095238	0.156587908089
TNNACAGA	1075	124	159	24	1	6.83696657344	0.162162162162	0.00625	0.155912162162
TTATNANC	1631	168	202	31	0	9.98717806396	0.155778894472	0.0	0.155778894472
ACGGCGGG	56	49	289	9	0	7.23046961234	0.155172413793	0.0	0.155172413793
ACNGCGGG	180	49	289	9	0	7.23046961234	0.155172413793	0.0	0.155172413793
GTANNATT	903	128	247	27	5	7.53478635202	0.174193548387	0.0198412698413	0.154352278546
GTCAANNG	1345	238	415	50	9	12.451452812	0.173611111111	0.0212264150943	0.152384696017
CTANANTA	525	89	223	16	0	8.2762378769	0.152380952381	0.0	0.152380952381
CTGCTCGN	610	271	374	57	9	11.6094589513	0.173780487805	0.023498694517	0.150281793288
AGGNAGNT	840	492	500	91	4	20.7694026122	0.156089193825	0.00793650793651	0.148152685889
TCTCCNTG	202	149	180	27	1	7.54140559206	0.153409090909	0.00552486187845	0.147884229031
NCTCCCTG	126	149	180	27	1	7.54140559206	0.153409090909	0.00552486187845	0.147884229031
TCTCCCTN	157	149	180	27	1	7.54140559206	0.153409090909	0.00552486187845	0.147884229031
TCTCCCTG	46	149	180	27	1	7.54140559206	0.153409090909	0.00552486187845	0.147884229031
TTCNTCCG	323	181	264	36	5	8.53171532524	0.165898617512	0.0185873605948	0.147311256917
TCTCNCTG	317	150	181	27	1	7.53786044395	0.152542372881	0.00549450549451	0.147047867387
NANATCTG	1517	199	335	35	1	12.871873367	0.149572649573	0.00297619047619	0.146596459096
CTCAGANC	251	187	163	32	0	7.94078835911	0.146118721461	0.0	0.146118721461
TCAAGNNT	1880	239	320	50	9	9.51966725828	0.173010380623	0.0273556231003	0.145654757523
CCTCNCCN	780	176	221	31	1	8.98961802344	0.149758454106	0.0045045045045	0.145253949602
GCGANAGG	329	177	252	30	0	10.9139542274	0.144927536232	0.0	0.144927536232
GCNANAGG	1296	177	252	30	0	10.9139542274	0.144927536232	0.0	0.144927536232
AANGTGGT	726	303	243	51	0	12.0974963926	0.14406779661	0.0	0.14406779661
NAGGNAGG	685	340	372	59	2	15.0434177168	0.147869674185	0.00534759358289	0.142522080603
ANNGTGGT	2207	307	248	51	0	12.1005722997	0.142458100559	0.0	0.142458100559
AANGTGGN	2200	322	294	62	6	10.3148092492	0.161458333333	0.02	0.141458333333
ANTCTCNC	929	164	247	27	0	10.214436697	0.141361256545	0.0	0.141361256545
GTCNCANA	748	188	297	31	1	10.8328965374	0.141552511416	0.00335570469799	0.138196806718
NCCTTANC	1164	191	227	34	3	7.79605833953	0.151111111111	0.0130434782609	0.13806763285
TNAAACTG	755	113	175	18	0	6.94214906983	0.137404580153	0.0	0.137404580153
CTAGNAAN	619	120	257	19	0	9.00809364886	0.136690647482	0.0	0.136690647482
NCTAGNAA	619	119	253	20	2	7.41042703609	0.143884892086	0.0078431372549	0.136041754831
CNTTCNGT	1334	635	666	124	19	18.7147064908	0.163372859025	0.0277372262774	0.135635632748
ANGGTGGN	1685	344	353	55	1	14.2666093737	0.137844611529	0.00282485875706	0.135019752772
NTACTGAN	1704	191	215	32	2	7.58562487095	0.143497757848	0.00921658986175	0.134281167986
ANGNTGGT	2149	331	314	51	0	13.9667721146	0.133507853403	0.0	0.133507853403
GAGNNAGG	1040	467	415	73	1	17.3773213117	0.135185185185	0.00240384615385	0.132781339031
GGTGAGCN	755	253	262	46	6	7.75385255302	0.153846153846	0.0223880597015	0.131458094145
NCCTNACC	1013	377	471	58	1	17.9066022572	0.133333333333	0.0021186440678	0.131214689266
GNGGANGG	846	472	764	72	1	27.0706960629	0.132352941176	0.00130718954248	0.131045751634
TNTCTCAG	269	219	272	35	2	9.1127056285	0.137795275591	0.00729927007299	0.130496005518
TGTCNCAG	242	219	272	35	2	9.1127056285	0.137795275591	0.00729927007299	0.130496005518
TGTCTCAG	59	219	272	35	2	9.1127056285	0.137795275591	0.00729927007299	0.130496005518
GAGGAANN	923	387	340	61	2	12.9300770794	0.136160714286	0.00584795321637	0.130312761069
GTNTCANA	1034	198	325	32	3	9.68276970732	0.139130434783	0.00914634146341	0.129984093319
NGTCTCAG	157	220	273	35	2	9.11032224038	0.137254901961	0.00727272727273	0.129982174688
NAGNTCTG	1373	227	251	35	1	9.37968703845	0.13358778626	0.00396825396825	0.129619532291
TGNCTCAG	449	221	274	35	2	9.10794646115	0.13671875	0.00724637681159	0.129472373188
TCTCCCNG	133	176	251	27	1	8.68028599277	0.133004926108	0.00396825396825	0.12903667214
NGTCNCAG	744	225	273	35	2	9.05626926064	0.134615384615	0.00727272727273	0.127342657343
ANGTGGNT	1986	220	279	32	0	10.8370965087	0.126984126984	0.0	0.126984126984
NAGNTGGT	1989	378	455	56	1	16.6990400115	0.129032258065	0.00219298245614	0.126839275608
GCGCGGCG	193	228	291	33	0	11.2285338147	0.126436781609	0.0	0.126436781609
NGNAAGGT	1632	567	650	91	8	19.4457789841	0.13829787234	0.0121580547112	0.126139817629
GNCNCAGA	1112	210	315	31	1	10.4925630002	0.128630705394	0.00316455696203	0.125466148432
AAGGNGNT	1948	363	454	56	4	13.9918479504	0.133651551313	0.00873362445415	0.124917926859
CTCNNAGC	1094	253	291	36	0	11.3974897075	0.124567474048	0.0	0.124567474048
AGGAANNT	949	611	745	90	3	25.3029986413	0.128388017118	0.00401069518717	0.124377321931
TCANCTNG	1887	547	994	90	18	22.171119587	0.141287284144	0.0177865612648	0.12350072288
ACCGNCAT	549	263	224	40	2	7.8179760634	0.13201320132	0.00884955752212	0.123163643798
CTNTCNGT	1214	756	934	126	19	23.5157785814	0.142857142857	0.0199370409234	0.122920101934
TNTCNCAG	1067	234	276	35	2	8.93383346718	0.130111524164	0.00719424460432	0.122917279559
NAGGTGGN	1328	321	323	50	4	10.0011757602	0.134770889488	0.0122324159021	0.122538473586
AANATNGA	2390	373	383	66	11	9.61733650284	0.150341685649	0.0279187817259	0.122422903923
TTANCANC	1834	223	213	31	0	8.53362295172	0.122047244094	0.0	0.122047244094
TGNCGTCG	284	260	241	40	3	7.56662802831	0.133333333333	0.0122950819672	0.121038251366
TNAAGNGT	1713	300	348	49	7	9.07763613994	0.140401146132	0.0197183098592	0.120682836273
CTTNCNGT	1702	729	820	125	22	19.3102396802	0.146370023419	0.0261282660333	0.120241757386
ANACTGAN	1675	219	270	32	2	8.17942495451	0.127490039841	0.00735294117647	0.120137098664
GCGNAAGG	485	206	273	30	2	8.21532999349	0.127118644068	0.00727272727273	0.119845916795
GNCTCANA	1016	230	427	32	1	12.6589930595	0.12213740458	0.00233644859813	0.119800955982
AGGNNGGT	710	779	851	106	0	32.436224535	0.119774011299	0.0	0.119774011299
NTCAGAGN	1133	236	302	32	0	10.9398607547	0.119402985075	0.0	0.119402985075
GTCTCAGN	157	223	266	31	1	8.79635653047	0.122047244094	0.00374531835206	0.118301925742
NGGANGGT	892	738	884	99	0	32.3663210003	0.118279569892	0.0	0.118279569892
ANGGTNGT	1313	360	251	50	1	9.38651505015	0.121951219512	0.00396825396825	0.117982965544
CCNGGANA	373	190	289	27	2	8.20970377705	0.124423963134	0.00687285223368	0.1175511109
NCCTCNCC	780	182	222	25	1	7.02226319527	0.12077294686	0.00448430493274	0.116288641927
TCANGAGT	395	326	412	50	7	10.2617317456	0.132978723404	0.0167064439141	0.11627227949
NGGAANGT	972	702	707	92	0	26.5564739201	0.115869017632	0.0	0.115869017632
NNGGTGGT	2431	404	424	55	2	13.6397761856	0.119825708061	0.00469483568075	0.11513087238
GTCNCAGN	744	233	266	31	1	8.55564414784	0.117424242424	0.00374531835206	0.113678924072
GAGGANNG	622	533	532	72	3	16.539737422	0.119008264463	0.00560747663551	0.113400787827
CCTNGGAA	169	165	270	21	0	8.48482887602	0.112903225806	0.0	0.112903225806
ANANTGAC	1697	238	335	33	3	8.83371408493	0.121771217712	0.00887573964497	0.112895478067
NTTTCNGT	2118	787	808	126	21	18.1102299925	0.138006571742	0.0253317249698	0.112674846772
GAGNTCTN	885	269	337	35	1	10.5258442538	0.115131578947	0.00295857988166	0.112172999066
NGACGTCG	137	278	361	38	3	9.63589169291	0.120253164557	0.00824175824176	0.112011406315
NAGNAAGG	1586	464	310	62	2	10.5525722619	0.117870722433	0.00641025641026	0.111460466023
AANNTGGT	2814	401	335	56	4	9.52706950332	0.122538293217	0.0117994100295	0.110738883187
GTGANNCC	1447	419	386	67	11	8.73000239191	0.137860082305	0.0277078085642	0.11015227374
GAGATCNN	1537	280	283	37	2	8.35558085784	0.116719242902	0.00701754385965	0.109701699043
CTTTCNNT	2168	769	847	124	26	16.6734480458	0.138857782755	0.0297823596793	0.109075423075
CNGTCNTT	943	312	452	39	1	13.2016213682	0.111111111111	0.00220750551876	0.108903605592
GTCANNAG	1151	329	423	49	9	9.06769022424	0.12962962963	0.0208333333333	0.108796296296
NGGTGGTT	613	263	296	32	0	10.0430338559	0.108474576271	0.0	0.108474576271
GNNAAGAG	1609	337	469	49	9	9.72225665415	0.126943005181	0.0188284518828	0.108114553299
CCCTGGNC	48	198	246	24	0	8.07297098121	0.108108108108	0.0	0.108108108108
ANACTCAG	465	347	350	46	4	8.89497171421	0.117048346056	0.0112994350282	0.105748911028
ANACTNAG	1242	348	350	46	4	8.8941953669	0.116751269036	0.0112994350282	0.105451834007
GTCANGNG	876	362	539	50	9	10.9396220348	0.121359223301	0.0164233576642	0.104935865637
GNNAGGTG	1116	312	317	40	3	8.37457578316	0.113636363636	0.009375	0.104261363636
NNGAAGGT	1649	770	776	114	20	15.6578580771	0.128959276018	0.0251256281407	0.103833647877
CTANAGNA	827	156	238	18	0	6.97001790691	0.103448275862	0.0	0.103448275862
GAGNTCNG	959	310	339	38	2	9.21734298446	0.109195402299	0.0058651026393	0.10333029966
AANGNGGT	2004	429	340	51	1	10.8232319504	0.10625	0.00293255131965	0.10331744868
NANGTCAT	1458	711	968	102	22	17.6593717509	0.125461254613	0.0222222222222	0.10323903239
GAGANCTG	206	289	312	34	1	9.0002888609	0.105263157895	0.00319488817891	0.102068269716
AAGGNGGN	1271	422	249	50	1	8.19940050651	0.10593220339	0.004	0.10193220339
TGTCTCNG	194	300	371	36	2	9.74978763139	0.107142857143	0.00536193029491	0.101780926848
GAGANNTG	833	290	315	34	1	9.01935917755	0.104938271605	0.00316455696203	0.101773714643
NAGANCTG	1611	290	313	34	1	8.99940354759	0.104938271605	0.0031847133758	0.101753558229
GAGGNAGN	759	457	368	59	5	9.23085410104	0.114341085271	0.0134048257373	0.100936259534
TCANNAGT	1689	384	478	50	7	10.1922631274	0.115207373272	0.0144329896907	0.100774383581
AGGANGGN	596	870	937	99	2	27.1008117831	0.102167182663	0.00212992545261	0.10003725721
NGGCAAAC	830	261	252	29	0	7.99158829841	0.1	0.0	0.1
TGGCANAC	563	261	251	29	0	7.98461316497	0.1	0.0	0.1
TGGCAAAC	277	261	251	29	0	7.98461316497	0.1	0.0	0.1
NCNTTCAG	1784	618	666	83	13	13.3142828234	0.118402282454	0.019145802651	0.0992564798027
TGGCAAAN	1155	264	254	29	0	7.98416240334	0.098976109215	0.0	0.098976109215
CGTNGGNG	958	373	457	54	13	7.83606795061	0.126463700234	0.0276595744681	0.0988041257661
NTGTGANA	1195	237	408	28	3	8.69890618579	0.105660377358	0.00729927007299	0.0983611072855
GNGCGGCG	527	312	404	34	0	11.8217491981	0.0982658959538	0.0	0.0982658959538
TNCCTCNG	679	285	327	34	3	7.69449160952	0.1065830721	0.00909090909091	0.0974921630094
ANTTNCAG	1970	596	572	81	13	11.2775580463	0.11964549483	0.0222222222222	0.0974232726079
AGNANGGT	1289	883	1164	103	9	25.7885707481	0.104462474645	0.0076726342711	0.0967898403739
NNCGTCAT	1422	1118	1299	144	24	24.1839712795	0.11410459588	0.0181405895692	0.0959640063104
GCTCGCCG	152	189	312	20	0	8.18113367995	0.0956937799043	0.0	0.0956937799043
GCTCGCCN	598	189	312	20	0	8.18113367995	0.0956937799043	0.0	0.0956937799043
TGGCAANC	949	275	259	29	0	7.93019625387	0.0953947368421	0.0	0.0953947368421
NAGGNGGT	1078	458	325	50	1	9.65702842192	0.0984251968504	0.00306748466258	0.0953577121878
ANCNTCAT	2125	371	488	40	1	12.7104105121	0.0973236009732	0.00204498977505	0.0952786111982
ANCGTCNT	1188	359	353	39	1	9.78017810001	0.0979899497487	0.00282485875706	0.0951650909917
AANGTGNT	2679	521	545	57	2	14.1500955427	0.098615916955	0.0036563071298	0.0949596098252
GCNAANGG	1832	287	372	30	0	10.4519616801	0.0946372239748	0.0	0.0946372239748
ACTTTNAN	2066	610	585	84	16	10.3066901856	0.121037463977	0.026622296173	0.0944151678039
AGGANNGT	584	963	1049	100	0	30.7739894996	0.0940733772342	0.0	0.0940733772342
AGTNTCCC	117	271	334	28	0	9.42402237313	0.0936454849498	0.0	0.0936454849498
CTNAGANC	834	310	372	32	0	10.5734097676	0.093567251462	0.0	0.093567251462
AGTNTCCN	631	272	334	28	0	9.40108665616	0.0933333333333	0.0	0.0933333333333
GAGNAANG	1722	586	593	65	4	14.0486965442	0.099846390169	0.00670016750419	0.0931462226648
ANACTCNG	1271	412	535	46	4	11.5652933398	0.100436681223	0.00742115027829	0.0930155309444
GCGCGGCN	598	324	358	33	0	10.2911136337	0.0924369747899	0.0	0.0924369747899
GNAAGNTG	2052	394	473	40	0	13.2310246085	0.0921658986175	0.0	0.0921658986175
ACTNNCAG	1203	624	600	81	14	10.7918914079	0.114893617021	0.0228013029316	0.0920923140897
GAGATNNG	1116	338	296	37	2	7.35938508954	0.0986666666667	0.00671140939597	0.0919552572707
NTTTCAGN	2623	1029	1150	128	22	20.1640447288	0.110630942092	0.018771331058	0.0918596110336
NCGAAAGG	299	299	398	31	1	9.74907167636	0.0939393939394	0.00250626566416	0.0914331282752
TGTNTCAG	334	340	444	36	2	10.0367910935	0.0957446808511	0.00448430493274	0.0912603759183
ANNTTCAG	2150	678	709	82	12	13.1708697347	0.107894736842	0.0166435506241	0.091251186218
NCNAAAGG	1459	300	399	31	1	9.74417717146	0.0936555891239	0.0025	0.0911555891239
GNGANCCC	808	504	408	67	11	7.44627326307	0.117338003503	0.0262529832936	0.0910850202091
TGTNNCAG	1310	343	446	37	3	9.66662691201	0.0973684210526	0.00668151447661	0.090686906576
GAGNTNTG	1031	345	635	35	1	14.0185848086	0.0921052631579	0.00157232704403	0.0905329361139
GTNGNATT	1483	242	447	28	6	7.31895793315	0.103703703704	0.0132450331126	0.0904586705911
TCTCNCTN	1113	256	358	28	3	7.25671926925	0.0985915492958	0.00831024930748	0.0902812999883
ACNNTCAG	1616	937	665	122	17	12.3849974761	0.115203021719	0.024926686217	0.0902763355016
CTNAGAGN	810	323	411	32	0	11.0284404183	0.0901408450704	0.0	0.0901408450704
TNGCAAAC	684	293	360	30	1	8.56604794407	0.0928792569659	0.00277008310249	0.0901091738635
TGGANAGN	1241	238	400	25	2	8.22400946115	0.0950570342205	0.00497512437811	0.0900819098424
TCATCTNN	1969	670	643	90	19	10.2989343502	0.118421052632	0.0287009063444	0.0897201462872
AAGNTGNT	2759	529	639	57	5	13.4462188399	0.0972696245734	0.00776397515528	0.0895056494181
ACNTTCAN	2019	622	561	81	15	9.41839998	0.115220483642	0.0260416666667	0.0891788169749
GGAAGGTN	293	327	342	32	0	9.52831707523	0.0891364902507	0.0	0.0891364902507
NTATCACN	1531	318	265	31	0	7.81320898973	0.0888252148997	0.0	0.0888252148997
CGTNGGAN	670	592	780	76	20	11.3703605938	0.11377245509	0.025	0.0887724550898
ANNTGGTT	2452	329	341	32	0	9.48587437418	0.0886426592798	0.0	0.0886426592798
GGAAGNNG	1540	315	278	32	1	7.18356478247	0.0922190201729	0.00358422939068	0.0886347907822
NNGTGGTT	2390	330	427	32	0	11.1641733795	0.0883977900552	0.0	0.0883977900552
NTGGANGA	1974	412	605	48	10	9.68410755263	0.104347826087	0.0162601626016	0.0880876634853
ANNAAGGT	2326	824	625	109	19	10.2079359841	0.116827438371	0.0295031055901	0.0873243327808
TCATCNTN	2455	691	631	91	19	9.66552681332	0.116368286445	0.0292307692308	0.0871375172142
CCGNCATT	440	431	450	41	0	12.2546363555	0.0868644067797	0.0	0.0868644067797
GNGNAAGG	1555	924	866	93	4	20.3249147537	0.0914454277286	0.00459770114943	0.0868477265792
NCTCNCTG	1300	275	388	27	1	8.77667912437	0.0894039735099	0.0025706940874	0.0868332794225
NNGGAAGG	1002	621	781	60	1	19.0192105967	0.0881057268722	0.00127877237852	0.0868269544937
ACANTCAN	1527	374	355	40	4	7.17365784051	0.0966183574879	0.0111420612813	0.0854762962066
GNCANGAG	969	442	544	50	9	8.89483071884	0.10162601626	0.0162748643761	0.085351151884
TCTNCCTG	276	269	333	27	2	7.01399135016	0.0912162162162	0.00597014925373	0.0852460669625
GGTGANCC	452	385	394	44	7	6.86059247366	0.102564102564	0.0174563591022	0.0851077434619
GGANNGTG	945	358	629	39	9	9.19195054005	0.0982367758186	0.0141065830721	0.0841301927465
TTGGAANN	2018	428	616	47	10	9.2717835919	0.0989473684211	0.0159744408946	0.0829729275265
ACCGTCNN	1111	466	465	42	0	12.2126902945	0.0826771653543	0.0	0.0826771653543
NAGGTNGT	1275	535	454	55	5	8.86194290445	0.0932203389831	0.0108932461874	0.0823270927957
ANGTGNTT	2410	357	255	32	0	7.14737951869	0.0822622107969	0.0	0.0822622107969
TNTCCCTG	212	281	353	27	2	7.09613942172	0.0876623376623	0.0056338028169	0.0820285348454
GGNAGGTN	819	360	426	32	0	10.5210232214	0.0816326530612	0.0	0.0816326530612
ANGTGANA	1478	272	343	25	1	7.42294671905	0.0841750841751	0.00290697674419	0.0812681074309
GTCTNAGA	125	329	419	30	1	9.13796041694	0.08356545961	0.00238095238095	0.0811845072291
NCNAGAGT	1124	644	725	66	9	12.0798294894	0.0929577464789	0.0122615803815	0.0806961660974
NANGTGGT	2147	579	548	52	1	13.0046582347	0.0824088748019	0.00182149362477	0.0805873811771
ANGGTGNT	2204	590	500	60	6	9.44953891305	0.0923076923077	0.0118577075099	0.0804499847978
TCANNTTG	3202	810	861	94	21	11.8315858209	0.103982300885	0.0238095238095	0.0801727770754
NACNTCAT	1867	938	1165	108	28	14.9139259537	0.103250478011	0.0234702430847	0.0797802349268
ACNNTCAT	1430	401	427	38	3	8.26311788153	0.0865603644647	0.00697674418605	0.0795836202786
NGTGAGCN	2107	455	412	47	6	7.02665984678	0.093625498008	0.0143540669856	0.0792714310223
NAGGTGNT	1705	611	609	56	3	12.6455101512	0.0839580209895	0.00490196078431	0.0790560602052
TGTCTCAN	211	386	463	35	2	9.30848126977	0.083135391924	0.00430107526882	0.0788343166552
TNNCTCAG	1824	375	434	35	3	7.99326785673	0.0853658536585	0.00686498855835	0.0785008651002
TACGNCNT	1209	929	895	111	26	11.63768031	0.106730769231	0.028230184582	0.0785005846488
AANATTGN	2565	577	457	64	10	7.1653880585	0.0998439937598	0.0214132762313	0.0784307175285
CNGCTCGA	483	580	706	60	11	10.5381719197	0.09375	0.0153417015342	0.0784082984658
NCTTNCAG	2035	747	602	84	14	9.19803799247	0.101083032491	0.0227272727273	0.0783557597637
AGGTNGNT	1244	387	374	34	1	8.29700551911	0.0807600950119	0.00266666666667	0.0780934283452
NNACTCAG	1679	489	502	47	5	8.79387694427	0.0876865671642	0.00986193293886	0.0778246342253
GAGGNNGG	578	849	786	74	2	17.5748927356	0.080173347779	0.00253807106599	0.077635276713
TCNNGAGT	1137	513	593	50	7	9.57076272718	0.088809946714	0.0116666666667	0.0771432800474
CTGNTCGA	544	587	560	61	10	8.57832668955	0.0941358024691	0.0175438596491	0.07659194282
GNGATCTG	467	404	550	36	3	9.65982314032	0.0818181818182	0.00542495479204	0.0763932270261
GNGATNTG	1732	406	553	37	4	9.35590609404	0.0835214446953	0.00718132854578	0.0763401161495
NCAAGAGT	455	524	635	50	7	10.0622913697	0.0871080139373	0.0109034267913	0.076204587146
GTNAAGNG	1904	492	539	50	9	7.93283334874	0.0922509225092	0.0164233576642	0.075827564845
GCGCGGNG	448	408	602	34	1	11.7076660544	0.0769230769231	0.0016583747927	0.0752647021304
AAGGNNGT	1292	615	556	51	1	12.4258572846	0.0765765765766	0.00179533213645	0.0747812444401
ACTTTCNN	1752	728	613	81	16	8.30090039788	0.100123609394	0.0254372019078	0.0746864074865
AAGGTGNN	2332	668	627	60	5	11.2791154578	0.0824175824176	0.00791139240506	0.0745061900125
TTNCAGTN	1946	455	415	43	5	6.92112521346	0.0863453815261	0.0119047619048	0.0744406196213
ACTTNCNG	1641	854	841	86	15	11.7039702304	0.0914893617021	0.017523364486	0.0739659972161
NCCTTACN	956	364	428	33	4	7.01422175683	0.0831234256927	0.00925925925926	0.0738641664334
NTCNAGAG	1099	522	525	52	9	7.63329736349	0.0905923344948	0.0168539325843	0.0737384019105
GCGTNNGA	1239	542	637	58	15	7.69614016755	0.0966666666667	0.0230061349693	0.0736605316973
TCANGANT	1715	538	587	50	7	9.04661222967	0.0850340136054	0.0117845117845	0.0732495018209
ACACNCNG	1019	422	635	38	6	9.21509177817	0.0826086956522	0.00936037441498	0.0732483212372
NNTCTCCC	625	343	427	28	1	8.35620044135	0.0754716981132	0.00233644859813	0.0731352495151
NNGTCATT	1436	496	580	40	1	11.5309460109	0.0746268656716	0.00172117039587	0.0729056952758
NCGTCATT	337	496	579	40	1	11.5271734977	0.0746268656716	0.00172413793103	0.0729027277406
GCNCGCCG	440	255	395	20	0	7.91788432521	0.0727272727273	0.0	0.0727272727273
TTGGANNA	1889	459	525	46	10	6.85486851363	0.0910891089109	0.018691588785	0.0723975201258
TCANGNGT	1339	552	645	50	7	9.61383859779	0.0830564784053	0.010736196319	0.0723202820863
NCGTNATT	1586	501	585	40	1	11.5263876134	0.0739371534196	0.00170648464164	0.072230668778
TCTCCCNN	625	326	426	27	2	7.25718682775	0.0764872521246	0.00467289719626	0.0718143549284
GCGCGNCG	504	440	509	34	0	11.0462015369	0.0717299578059	0.0	0.0717299578059
NAGGANGG	596	903	942	73	3	18.0365796389	0.0747950819672	0.0031746031746	0.0716204787926
TCNAGAGN	1099	524	516	51	9	7.11881092506	0.0886956521739	0.0171428571429	0.0715527950311
CTTTCNGN	1946	1360	1635	125	21	22.1826739698	0.0841750841751	0.0126811594203	0.0714939247548
CNCAGANC	1244	401	408	32	1	8.19491612966	0.0739030023095	0.00244498777506	0.0714580145344
TCNNCTTG	2627	801	621	90	19	7.54340820276	0.10101010101	0.0296875	0.0713226010101
GTCNANAG	776	517	624	50	11	7.73159296492	0.0881834215168	0.0173228346457	0.0708605868711
GNGAGCNC	1115	660	621	70	16	7.4220783277	0.0958904109589	0.0251177394035	0.0707726715555
TGGNAAAC	727	459	520	38	3	8.7886158932	0.0764587525151	0.0057361376673	0.0707226148478
TNNTCACC	2775	456	396	36	1	8.19487450491	0.0731707317073	0.00251889168766	0.0706518400197
AGGNGGNT	895	579	488	44	0	11.1720096503	0.0706260032103	0.0	0.0706260032103
TGGNANAC	1539	460	520	38	3	8.78216748955	0.0763052208835	0.0057361376673	0.0705690832162
GAGANCTN	861	434	454	34	1	8.8899786625	0.0726495726496	0.0021978021978	0.0704517704518
ANTCTNCC	987	359	505	27	0	10.0403095664	0.0699481865285	0.0	0.0699481865285
TNGCANAC	1417	389	516	30	1	9.47157446645	0.0715990453461	0.00193423597679	0.0696648093693
NTGGAAGN	2027	577	747	53	11	9.28953324309	0.084126984127	0.0145118733509	0.0696151107761
TGCTNNAA	2713	478	441	42	5	6.91913461257	0.0807692307692	0.0112107623318	0.0695584684374
GCGNTGGA	659	563	855	55	17	9.04176929086	0.088996763754	0.019495412844	0.06950135091
ACNTTCNG	1445	897	889	82	13	12.0699596709	0.0837589376915	0.0144124168514	0.0693465208401
AANGTNGT	1674	665	526	51	1	11.0578989426	0.0712290502793	0.00189753320683	0.0693315170725
TTCNNCCG	1442	437	547	37	5	7.9637172594	0.07805907173	0.00905797101449	0.0690011007155
NTNAAGAG	2090	544	535	52	10	6.86583337975	0.0872483221477	0.0183486238532	0.0688996982944
TGGNAANC	2412	473	529	38	3	8.74370495618	0.0743639921722	0.00563909774436	0.0687248944279
TTNCANTA	1666	505	518	44	6	7.62854007868	0.08014571949	0.0114503816794	0.0686953378106
CTNTCAGN	1345	1383	1082	130	19	14.7232600733	0.0859220092531	0.0172570390554	0.0686649701977
AGNNTCCC	447	382	460	28	0	9.36754053313	0.0682926829268	0.0	0.0682926829268
TCATNTNG	1636	954	1093	91	21	12.6446916489	0.0870813397129	0.0188509874327	0.0682303522802
ACCGTNAT	466	523	481	38	0	10.4317701704	0.0677361853832	0.0	0.0677361853832
TNAAGAGN	2090	545	532	49	8	7.12237965548	0.0824915824916	0.0148148148148	0.0676767676768
NTGCTCGA	593	639	566	58	9	7.70278783358	0.0832137733142	0.015652173913	0.0675615994012
NTTCANTA	2137	518	539	43	5	8.07975751677	0.0766488413547	0.00919117647059	0.0674576648841
NTCAAGNG	1864	670	882	57	10	11.2909115756	0.0784044016506	0.0112107623318	0.0671936393188
NCGTNGGA	670	617	792	55	12	9.20906612768	0.0818452380952	0.0149253731343	0.0669198649609
GTNAGCCN	1579	745	661	70	13	8.23659005989	0.0858895705521	0.0192878338279	0.0666017367243
TGTCTNAG	217	478	578	36	2	9.71403268769	0.0700389105058	0.00344827586207	0.0665906346438
GTCTNANA	622	426	602	31	1	10.3042434353	0.0678336980306	0.0016583747927	0.0661753232379
GANGANGG	1465	908	680	72	5	11.4790005394	0.0734693877551	0.00729927007299	0.0661701176821
GNCAAGNG	1589	568	612	53	12	7.11034827957	0.085346215781	0.0192307692308	0.0661154465502
CTCAANCN	3037	395	422	30	2	6.80996722361	0.0705882352941	0.00471698113208	0.065871254162
TNGCAAAN	2856	411	407	30	1	7.50478616352	0.0680272108844	0.00245098039216	0.0655762304922
CTGCTNGA	691	671	701	58	10	8.90694798564	0.079561042524	0.014064697609	0.065496344915
TTNCNCCG	1678	528	586	38	1	10.6635691229	0.0671378091873	0.00170357751278	0.0654342316745
GNGNGCCC	568	800	664	71	11	8.48635464866	0.0815154994259	0.0162962962963	0.0652192031297
NGGCANAC	1587	412	410	31	2	6.88703058413	0.0699774266366	0.00485436893204	0.0651230577045
NCACNCAG	1749	487	658	39	6	8.4325152841	0.074144486692	0.00903614457831	0.0651083421137
ANCGTCAN	1947	546	594	40	2	10.0644987565	0.0682593856655	0.00335570469799	0.0649036809675
TGTNTCNG	1045	591	668	43	2	11.1678155427	0.0678233438486	0.00298507462687	0.0648382692217
GNGTNGGA	977	624	630	58	13	7.14114943649	0.0850439882698	0.0202177293935	0.0648262588763
ATNTGANA	1151	350	534	25	1	8.62885953372	0.0666666666667	0.0018691588785	0.0647975077882
CCCTNNCC	621	460	451	34	2	7.39306788688	0.0688259109312	0.00441501103753	0.0644108998936
CCTCACNN	903	441	623	31	1	10.310840746	0.0656779661017	0.00160256410256	0.0640754019991
CTCANANC	1319	512	424	35	0	8.88831217661	0.0639853747715	0.0	0.0639853747715
CCNTTACN	1329	429	531	33	4	7.1709654536	0.0714285714286	0.00747663551402	0.0639519359146
ATGNGANA	1080	352	414	25	1	6.93326413415	0.0663129973475	0.00240963855422	0.0639033587933
GGNAGNTG	1090	484	534	33	0	10.4003693322	0.063829787234	0.0	0.063829787234
CCGTCANT	423	555	478	39	1	8.94667021252	0.0656565656566	0.00208768267223	0.0635688829843
TNANGTCG	1437	515	559	38	3	8.59828840669	0.0687160940325	0.00533807829181	0.0633780157407
TGANGTCG	517	515	559	38	3	8.59828840669	0.0687160940325	0.00533807829181	0.0633780157407
NGTCTCNC	546	400	469	27	0	8.88354945973	0.0632318501171	0.0	0.0632318501171
GNGCGGNG	1250	508	728	35	1	11.8853533997	0.0644567219153	0.00137174211248	0.0630849798028
NNAAACTG	2902	288	465	20	1	7.04420658736	0.0649350649351	0.00214592274678	0.0627891421883
ANTTTCNG	2138	963	948	83	16	10.7748683243	0.0793499043977	0.0165975103734	0.0627523940243
CNTGNGAT	1404	888	845	87	23	8.24757180087	0.0892307692308	0.0264976958525	0.0627330733782
CTGCNCGA	576	778	983	61	10	11.8872187462	0.072705601907	0.0100704934542	0.0626351084529
AGTCTNNC	674	420	340	28	0	6.92626771451	0.0625	0.0	0.0625
CTNNTCGA	1410	794	813	64	10	10.0218073287	0.0745920745921	0.0121506682868	0.0624414063053
NTGNGCCC	895	850	990	71	15	10.8960623606	0.0770901194354	0.0149253731343	0.0621647463011
AGTCNCCN	888	395	446	27	1	7.41123012686	0.063981042654	0.00223713646532	0.0617439061887
GTGNGCCN	1243	824	708	70	12	8.36105140756	0.0782997762864	0.0166666666667	0.0616331096197
CNCTTNCC	1315	533	448	39	3	6.9571912114	0.0681818181818	0.00665188470067	0.0615299334812
ACCNTCAN	2254	575	472	39	1	8.5525542261	0.0635179153094	0.00211416490486	0.0614037504046
TCTCNCNG	883	418	557	29	2	8.238777458	0.0648769574944	0.00357781753131	0.0612991399631
NCAANAGT	1583	667	712	51	7	9.18043917809	0.0710306406685	0.00973574408901	0.0612948965795
AGTNNCCC	642	412	409	28	1	6.96149491515	0.0636363636364	0.00243902439024	0.0611973392461
NACGNCAT	1603	1099	1154	103	29	10.6359973184	0.085690515807	0.0245139475909	0.0611765682161
CTCNGANC	823	505	494	34	1	8.56899971286	0.0630797773655	0.0020202020202	0.0610595753453
TNTCTNAG	1031	529	726	36	2	10.8356006962	0.0637168141593	0.00274725274725	0.060969561412
TNCCNCCG	1117	614	601	43	3	9.0325720272	0.0654490106545	0.00496688741722	0.0604821232373
AACATNNA	1621	373	450	24	0	8.06345281977	0.0604534005038	0.0	0.0604534005038
GCGTCNGG	199	343	457	22	0	7.91402876444	0.0602739726027	0.0	0.0602739726027
CNNAGAGC	1502	514	571	35	2	8.7346452277	0.063752276867	0.00349040139616	0.0602618754709
GTNANCCC	1129	813	638	68	11	7.48661575193	0.0771850170261	0.0169491525424	0.0602358644837
AAGGTNNT	2019	814	866	56	4	12.3853576386	0.064367816092	0.00459770114943	0.0597701149425
NNTTTCAG	2623	1079	1171	86	17	12.373022682	0.0738197424893	0.0143097643098	0.0595099781795
CTNANAGC	1368	536	569	36	2	8.48860545292	0.0629370629371	0.00350262697023	0.0594344359668
AATCGCAN	861	322	556	21	1	7.81160477694	0.0612244897959	0.00179533213645	0.0594291576595
CTNCTCGN	1219	793	906	60	10	10.2477375932	0.0703399765533	0.0109170305677	0.0594229459857
ANCGTNAT	2025	603	581	38	0	10.586746712	0.0592823712949	0.0	0.0592823712949
GTGNNCCC	663	903	741	72	11	8.66559778476	0.0738461538462	0.0146276595745	0.0592184942717
TGTCTNNG	924	560	678	37	2	10.05134628	0.0619765494137	0.00294117647059	0.0590353729431
TCAAGNGN	1864	672	870	50	9	9.66188673636	0.0692520775623	0.0102389078498	0.0590131697125
CTCNGNGC	1257	590	530	37	0	10.0296890454	0.0590111642743	0.0	0.0590111642743
GNAAGGTN	1632	621	657	40	1	10.668226426	0.0605143721634	0.00151975683891	0.0589946153245
NGGCAANC	2701	553	458	36	1	7.77991829818	0.0611205432937	0.00217864923747	0.0589418940562
NTTTCANT	3163	1593	1642	126	24	17.3722793259	0.0732984293194	0.0144057623049	0.0588926670144
TGNTCGAA	502	589	529	43	5	6.85898766285	0.0680379746835	0.00936329588015	0.0586746788034
TNCNTCAT	1824	1311	1325	107	23	13.2389921349	0.0754583921016	0.0170623145401	0.0583960775615
GCGAAANG	490	580	628	38	2	9.46971967864	0.0614886731392	0.0031746031746	0.0583140699646
NGTNGGAA	1160	905	1132	74	20	10.3424897695	0.0755873340143	0.0173611111111	0.0582262229032
ANACTCAN	2008	693	591	48	4	8.31381189522	0.0647773279352	0.00672268907563	0.0580546388596
NCNTTACC	2099	660	555	46	4	7.77633587253	0.0651558073654	0.00715563506261	0.0580001723028
CTNCTNGA	1470	824	896	61	10	10.0468317599	0.0689265536723	0.0110375275938	0.0578890260785
TCANCNTG	2709	1025	906	92	23	8.18330744731	0.08236347359	0.0247578040904	0.0576056694996
CCNTCATT	429	639	743	39	0	12.7885663163	0.0575221238938	0.0	0.0575221238938
CCNTCNTT	1360	640	747	39	0	12.8231776566	0.0574374079529	0.0	0.0574374079529
CCNTNATT	1597	644	748	39	0	12.7808936547	0.0571010248902	0.0	0.0571010248902
GANGNAGG	1029	993	681	73	8	8.48527410729	0.0684803001876	0.011611030479	0.0568692697087
TGTNTNAG	1202	601	752	38	2	10.4936406838	0.0594679186228	0.0026525198939	0.0568153987289
TGNCTNAG	1690	569	715	36	2	9.89610706664	0.0595041322314	0.00278940027894	0.0567147319525
ANNCTGAC	1560	499	545	32	2	7.7851005545	0.060263653484	0.0036563071298	0.0566073463542
GTCTNNGA	661	503	543	31	1	8.39877571033	0.0580524344569	0.00183823529412	0.0562141991628
ANGGNGGT	1310	805	876	51	3	12.3350746747	0.0595794392523	0.00341296928328	0.0561664699691
TNCCTNCG	890	532	491	34	2	7.20855640198	0.0600706713781	0.00405679513185	0.0560138762462
TTNTCACN	2145	507	494	30	0	8.64014170546	0.0558659217877	0.0	0.0558659217877
CTNCTCNA	1576	787	700	59	10	7.4268150464	0.0697399527187	0.0140845070423	0.0556554456764
GNGAAAGG	435	542	564	33	1	8.56759373412	0.0573913043478	0.00176991150442	0.0556213928434
TGTCNCAN	914	588	525	37	2	7.66008352718	0.0592	0.00379506641366	0.0554049335863
ACNGTCNT	828	680	680	43	3	9.34289228613	0.0594744121715	0.00439238653001	0.0550820256415
GNCTNAGA	907	502	687	30	1	9.75568601226	0.0563909774436	0.00145348837209	0.0549374890715
NCCANGGT	1559	499	531	29	0	8.93770717627	0.0549242424242	0.0	0.0549242424242
ACTNTCNG	1224	1170	1305	81	13	13.6867638358	0.0647482014388	0.00986342943854	0.0548847720003
GGANGNTG	1267	552	639	32	0	10.4704404828	0.0547945205479	0.0	0.0547945205479
GTCNAGNG	671	697	729	52	11	7.01477591489	0.0694259012016	0.0148648648649	0.0545610363367
CTGCTNNA	2577	826	891	58	10	9.27349367221	0.0656108597285	0.0110987791343	0.0545120805942
GCGNGGCG	462	657	946	40	3	11.7883185157	0.0573888091822	0.0031612223393	0.0542275868429
GNGGAANG	1023	891	543	60	5	7.00946677233	0.0630914826498	0.00912408759124	0.0539673950586
NGNCTCCC	437	510	682	29	0	10.4861881158	0.0538033395176	0.0	0.0538033395176
GGAAGNTN	1265	565	516	32	0	8.70414530254	0.0536013400335	0.0	0.0536013400335
ACNGTNAT	1513	633	655	39	3	8.43101957261	0.0580357142857	0.00455927051672	0.053476443769
CTGCNCNA	2655	912	1177	61	11	11.6642181105	0.0626927029805	0.00925925925926	0.0534334437212
CTNGNGAT	1510	1011	902	87	24	7.13101579217	0.0792349726776	0.0259179265659	0.0533170461117
NCCGTNAT	1510	748	853	43	1	12.3488328449	0.0543615676359	0.00117096018735	0.0531906074486
TTNTCANC	2925	532	530	31	1	7.8399167337	0.0550621669627	0.00188323917137	0.0531789277913
TCNAGNGT	1061	766	854	51	8	9.03583710906	0.062423500612	0.0092807424594	0.0531427581526
NNCATGGT	1888	428	562	24	0	8.5723619905	0.0530973451327	0.0	0.0530973451327
GCTCGCNG	487	357	523	20	0	7.68841894342	0.053050397878	0.0	0.053050397878
TTGGNNGA	2647	651	824	47	12	7.180560784	0.067335243553	0.0143540669856	0.0529811765674
AACNNTGA	2100	451	447	25	0	7.24712084123	0.0525210084034	0.0	0.0525210084034
GTNTNAGA	783	521	516	30	1	7.53039161182	0.05444646098	0.00193423597679	0.0525122250032
GGTNAGCN	2324	707	711	48	8	7.18237206538	0.0635761589404	0.0111265646732	0.0524495942672
NCCGTCNT	859	804	1051	47	3	13.1879110651	0.0552291421857	0.00284629981025	0.0523828423754
GCGNNGGA	1327	885	1338	62	18	10.5970167136	0.065469904963	0.0132743362832	0.0521955686799
TGNCNCAG	1783	603	661	37	4	7.62288857991	0.0578125	0.00601503759398	0.051797462406
AGNTGNTT	2292	581	487	33	1	7.27936176377	0.0537459283388	0.00204918032787	0.0516967480109
NTCNGAGC	1168	606	705	33	0	10.8487368105	0.0516431924883	0.0	0.0516431924883
CTNGCGNT	2128	1430	1406	114	32	10.628459805	0.0738341968912	0.0222531293463	0.0515810675449
ATGTGNNA	1095	534	608	30	1	8.36964254237	0.0531914893617	0.00164203612479	0.0515494532369
NNACGTCG	847	844	900	49	3	11.6167570097	0.0548712206047	0.00332225913621	0.0515489614685
AGNTGGNT	1955	679	630	38	1	9.26603694926	0.0529986052999	0.00158478605388	0.051413819246
GAGNNCTG	779	624	569	35	1	8.35668740981	0.0531107738998	0.00175438596491	0.0513563879349
CTNGCGAN	1616	1097	1088	88	26	7.9113260093	0.0742616033755	0.0233393177738	0.0509222856017
NNAAGAGT	1772	820	1003	50	7	10.3597874193	0.0574712643678	0.00693069306931	0.0505405712985
GTGNGCNC	1141	953	922	70	17	7.47963457276	0.0684261974585	0.0181043663472	0.0503218311113
CGNGGGCN	674	784	825	54	12	7.00596701378	0.0644391408115	0.0143369175627	0.0501022232487
CNGTCANT	1640	721	695	39	1	9.6748657079	0.0513157894737	0.0014367816092	0.0498790078645
NGGCGGGT	299	325	561	17	0	7.27798539608	0.0497076023392	0.0	0.0497076023392
TGTNTCAN	1210	689	769	38	2	9.63592498813	0.0522696011004	0.00259403372244	0.049675567378
AATCNCAN	2485	626	873	35	3	9.8058971624	0.052950075643	0.00342465753425	0.0495254181087
TCANGAGN	1248	805	881	50	8	8.44077262806	0.0584795321637	0.00899887514061	0.0494806570231
ACCNTNAT	1911	732	842	38	0	12.4054436744	0.0493506493506	0.0	0.0493506493506
ACCNNCAT	1901	791	877	44	3	10.4082534364	0.0526946107784	0.00340909090909	0.0492855198694
NNTCTCAG	996	643	581	37	3	6.92348822266	0.0544117647059	0.00513698630137	0.0492747784045
TGANGTCN	1503	795	682	45	3	8.53319570996	0.0535714285714	0.0043795620438	0.0491918665276
TCAAGANN	2066	789	770	51	9	7.26802626627	0.0607142857143	0.0115532734275	0.0491610122868
NGNCTCAG	1115	796	867	43	2	10.9939770253	0.0512514898689	0.00230149597238	0.0489499938965
ATNTGNAA	1711	580	547	31	1	7.35611035201	0.050736497545	0.00182481751825	0.0489116800268
CNGNCATT	1852	761	861	42	3	10.1903253615	0.052303860523	0.00347222222222	0.0488316383008
NGGNGGTT	1325	644	610	33	0	9.35866726419	0.0487444608567	0.0	0.0487444608567
CTNAGNGC	1274	602	563	32	1	7.62465281493	0.0504731861199	0.00177304964539	0.0487001364745
GTCNNGAG	620	788	817	52	11	6.98099567489	0.0619047619048	0.0132850241546	0.0486197377502
AGTNTCNC	1017	548	494	28	0	7.51026383037	0.0486111111111	0.0	0.0486111111111
GGANGGNG	898	646	873	33	0	12.0421666136	0.0486008836524	0.0	0.0486008836524
CNTGCNAT	1518	1140	1177	85	25	8.36971468812	0.069387755102	0.0207986688852	0.0485890862168
GCGCNGCG	964	695	882	38	3	9.95390798171	0.0518417462483	0.00338983050847	0.0484519157398
CTCANAGN	1173	730	882	38	1	11.5099924178	0.0494791666667	0.00113250283126	0.0483466638354
CCCTGGNN	203	493	510	25	0	7.34634728629	0.0482625482625	0.0	0.0482625482625
CTTGCNNT	2269	1289	1178	104	32	7.77580634954	0.0746590093324	0.0264462809917	0.0482127283406
NGTCTNAG	605	676	779	36	2	9.44161925083	0.0505617977528	0.00256081946223	0.0480009782906
TTATCNCC	591	615	509	31	0	7.80340881203	0.0479876160991	0.0	0.0479876160991
TTATCNCN	2037	616	512	31	0	7.81106155736	0.047913446677	0.0	0.047913446677
CTCANNGC	1919	680	693	35	1	9.09097588435	0.048951048951	0.0014409221902	0.0475101267608
NTCANGAG	1248	803	885	50	10	7.64633623581	0.0586166471278	0.0111731843575	0.0474434627702
CTNGCNAT	1686	1280	1527	85	23	11.0375351878	0.0622710622711	0.0148387096774	0.0474323525936
CTCAGNGN	1467	621	610	32	1	8.06573705728	0.0490045941807	0.00163666121113	0.0473679329696
TGTCNNAG	915	673	865	36	3	9.41348551998	0.0507757404795	0.00345622119816	0.0473195192814
GTGANCCN	1481	1092	1134	69	14	9.43766882952	0.0594315245478	0.0121951219512	0.0472364025966
TNAAACNG	2885	649	835	33	1	10.3648718538	0.0483870967742	0.0011961722488	0.0471909245254
NCTTTCNG	1946	1413	1647	85	16	14.0496050561	0.0567423230975	0.00962116656645	0.047121156531
NCNATGGT	2063	510	516	25	0	7.30860499161	0.0467289719626	0.0	0.0467289719626
CGNTGGAN	1654	1129	1372	76	23	9.37049398009	0.0630705394191	0.0164874551971	0.046583084222
NANATTGA	2935	963	885	65	15	6.8654068866	0.0632295719844	0.0166666666667	0.0465629053178
TCTNCCNG	1056	503	676	27	3	6.84043678245	0.0509433962264	0.00441826215022	0.0465251340762
CTTGCGNN	2106	1444	1363	110	34	8.51253061342	0.0707850707851	0.0243378668576	0.0464472039275
CGTGGNNG	1269	859	853	54	11	7.06925166062	0.0591456736035	0.0127314814815	0.046414192122
CTTGNNAT	1750	1224	1164	85	22	8.35067307174	0.0649350649351	0.0185497470489	0.0463853178862
TNANGAGT	1526	922	971	56	11	8.15465021993	0.0572597137014	0.0112016293279	0.0460580843735
NGTCTCAN	641	656	811	36	5	7.64909569145	0.0520231213873	0.00612745098039	0.0458956704069
TGNNGTCG	1607	786	798	41	3	8.90688796776	0.049576783555	0.00374531835206	0.045831465203
NCAAGNGT	1619	1157	1293	68	13	10.7227649358	0.0555102040816	0.00995405819296	0.0455561458887
NTCTCAGN	996	645	575	32	1	7.45027711313	0.0472673559823	0.00173611111111	0.0455312448712
NCCNTCAT	1679	844	1047	42	2	12.0033190746	0.0474040632054	0.00190657769304	0.0454974855124
NCAAGANT	1748	909	1033	51	8	9.10568979857	0.053125	0.00768491834774	0.0454400816523
GTCTCANN	641	657	806	32	1	9.67687123558	0.0464441219158	0.00123915737299	0.0452049645428
ACNGNCAT	1597	747	714	41	5	7.02218123384	0.0520304568528	0.00695410292072	0.0450763539321
AAGNNGGT	2114	1170	1305	62	7	12.6036572417	0.0503246753247	0.00533536585366	0.044989309471
GCGTNGGN	1184	1214	1121	75	15	8.93325406642	0.0581846392552	0.0132042253521	0.0449804139031
TCCNGTNG	1023	1186	1478	91	40	7.60691703531	0.0712607674236	0.0263504611331	0.0449103062906
NCGNCGGG	637	768	924	37	1	11.1630853855	0.0459627329193	0.00108108108108	0.0448816518382
GCGNNGGG	1046	534	617	26	1	7.18982306703	0.0464285714286	0.00161812297735	0.0448104484512
TGNCGTCN	1071	832	703	44	4	7.2688419499	0.0502283105023	0.00565770862801	0.0445706018743
CNGCTCNA	2241	1122	1128	64	11	9.38452702498	0.0539629005059	0.00965759438104	0.0443053061249
CGTGGGNN	735	915	957	56	13	6.98568063289	0.0576725025747	0.0134020618557	0.044270440719
CNCTNACC	1517	666	689	34	3	7.05178158249	0.0485714285714	0.00433526011561	0.0442361684558
ACCGTNNT	1680	843	828	39	0	11.3606518044	0.0442176870748	0.0	0.0442176870748
CCGTNATN	1510	759	840	40	5	7.7343194888	0.0500625782228	0.00591715976331	0.0441454184595
ANCATTGN	2283	522	590	24	0	7.75295873697	0.043956043956	0.0	0.043956043956
NCTNTCAG	1345	1433	1089	86	14	8.88356118903	0.056616194865	0.0126926563917	0.0439235384734
CCNTCATN	1679	849	1049	39	0	13.4104533382	0.0439189189189	0.0	0.0439189189189
CCNTNACC	1794	714	694	35	2	7.88945444281	0.0467289719626	0.00287356321839	0.0438554087442
GNAAGGNG	1463	911	810	43	1	10.197715946	0.0450733752621	0.00123304562269	0.0438403296394
NCTCCCNG	440	731	1047	35	2	10.9310865619	0.0456919060052	0.00190657769304	0.0437853283122
ANANTCAG	2106	1003	1071	50	4	11.0732189162	0.0474833808167	0.00372093023256	0.0437624505842
CTCAGNNC	1228	723	681	33	0	9.33924316456	0.0436507936508	0.0	0.0436507936508
CCCNNACC	984	693	639	34	2	7.22037189981	0.0467675378267	0.00312012480499	0.0436474130217
TNGNAAAC	2072	816	926	41	4	9.12952848699	0.0478413068845	0.00430107526882	0.0435402316157
NGTGGGCN	1097	941	930	55	11	7.27043565893	0.0552208835341	0.0116896918172	0.0435311917169
ANNAGGGT	876	685	874	32	1	9.97670736171	0.044630404463	0.00114285714286	0.0434875473202
GNGNTGGA	2200	1020	1370	61	18	8.96944710307	0.0564292321924	0.0129682997118	0.0434609324806
ANCTCANC	2771	551	561	25	0	7.3186203958	0.0434027777778	0.0	0.0434027777778
GCGANNGG	1544	749	781	35	1	9.1268812803	0.0446428571429	0.00127877237852	0.0433640847643
NGTNTCCC	599	647	613	29	0	8.23240068449	0.042899408284	0.0	0.042899408284
GTCANGAN	1202	931	991	55	13	7.0606947895	0.0557809330629	0.0129482071713	0.0428327258916
NTNCTCGA	1351	1045	1040	61	13	7.71770402403	0.0551537070524	0.0123456790123	0.0428080280401
TTCCNCNG	1057	729	869	39	7	7.05965085446	0.05078125	0.00799086757991	0.0427903824201
NCATCNTG	2202	1480	1548	91	24	10.1780673438	0.057924888606	0.0152671755725	0.0426577130335
TGNTNGAA	2807	839	806	43	5	7.53703029511	0.0487528344671	0.00616522811344	0.0425876063537
GCNANGGT	1699	496	540	22	0	6.92436709994	0.042471042471	0.0	0.042471042471
GTCTNAGN	605	680	766	31	1	8.64015748692	0.0436005625879	0.0013037809648	0.0422967816231
TGTCNCNG	1068	723	1031	38	8	7.69603248203	0.0499342969777	0.00769971126083	0.0422345857168
GNCTCAGN	1115	794	859	36	1	9.95494140915	0.0433734939759	0.00116279069767	0.0422107032782
GNGATCTN	1513	713	1013	36	6	8.1205170713	0.0480640854473	0.00588812561335	0.0421759598339
GCGNANGG	1333	646	895	30	2	8.92191246706	0.0443786982249	0.00222965440357	0.0421490438213
TGNCTCAN	1720	773	834	38	4	7.83559309668	0.0468557336621	0.00477326968974	0.0420824639724
NCGCGGCG	594	775	853	36	2	8.99934321439	0.0443896424168	0.00233918128655	0.0420504611302
TGNCTCNG	1316	769	983	37	4	8.8092025379	0.045905707196	0.00405268490375	0.0418530222923
GGTGNGNC	1236	804	970	44	10	6.99392716317	0.0518867924528	0.0102040816327	0.0416827108202
TGNCGTNG	1660	851	690	41	3	7.11265490799	0.0459641255605	0.004329004329	0.0416351212315
NCGANAGG	954	690	715	31	1	7.94571528521	0.0429958391123	0.00139664804469	0.0415991910677
GAGANCNG	906	786	872	37	3	8.41113439498	0.044957472661	0.00342857142857	0.0415289012324
CGTNNGCG	1406	1064	1091	62	15	7.39674572192	0.0550621669627	0.0135623869801	0.0414997799826
GGAANGTN	972	763	709	33	0	9.01119852337	0.0414572864322	0.0	0.0414572864322
TGNTCNAA	2426	875	922	43	5	8.35587414574	0.0468409586057	0.00539374325782	0.0414472153478
CTGNTCNA	2196	1096	1076	64	15	7.24848401668	0.0551724137931	0.0137488542621	0.041423559531
NGNTGGTT	2577	676	950	33	5	7.8188060716	0.0465444287729	0.00523560209424	0.0413088266787
GAGNAGGG	240	723	816	32	1	8.9512147739	0.0423841059603	0.00122399020808	0.0411601157522
TGANGNCG	2248	799	703	38	3	7.09078111323	0.0454002389486	0.0042492917847	0.0411509471639
NGGCAAAN	3325	678	584	29	0	7.64548511578	0.041018387553	0.0	0.041018387553
NCAAGAGN	1919	1032	1114	52	8	8.89087515077	0.0479704797048	0.00713012477718	0.0408403549276
AGTNTNCC	971	659	707	28	0	8.7282332579	0.0407569141194	0.0	0.0407569141194
GCGNNAGG	1281	749	767	35	3	7.29998447118	0.0446428571429	0.0038961038961	0.0407467532468
ACCGTNAN	1730	919	745	39	0	9.58224591343	0.0407098121086	0.0	0.0407098121086
NCANTCAG	2278	842	873	42	6	7.15469685052	0.0475113122172	0.00682593856655	0.0406853736506
CTGCTNGN	2252	1070	1177	59	14	7.84215027808	0.052258635961	0.0117548278757	0.0405038080853
NGACGTCN	528	894	923	43	5	8.02545413384	0.0458911419424	0.00538793103448	0.0405032109079
NNCTTACC	1441	758	813	34	2	8.2992507429	0.0429292929293	0.00245398773006	0.0404753051992
NTATNACC	1339	715	558	30	0	7.34277647401	0.0402684563758	0.0	0.0402684563758
GGTGANCN	2464	972	1162	47	7	9.17290579472	0.0461236506379	0.0059880239521	0.0401356266858
TNTCTCAN	1352	756	726	35	3	6.82377553697	0.0442477876106	0.00411522633745	0.0401325612732
GAGCNNGG	1419	884	865	38	1	9.75845663323	0.0412147505423	0.00115473441109	0.0400600161312
CTCAGANN	1018	844	639	35	0	8.340658478	0.0398179749716	0.0	0.0398179749716
TTANNACC	1375	725	747	30	0	8.85262720529	0.0397350993377	0.0	0.0397350993377
GGAANGNG	1098	743	1047	33	3	9.25405637529	0.0425257731959	0.00285714285714	0.0396686303387
TGTCTNAN	907	826	913	36	2	9.01326212507	0.0417633410673	0.00218579234973	0.0395775487176
TNGCAANC	2384	661	765	30	3	6.87083221233	0.0434153400868	0.00390625	0.0395090900868
GGANGGTN	892	803	883	33	0	10.4749685921	0.0394736842105	0.0	0.0394736842105
GCTCNCCG	440	663	945	28	1	9.38581381679	0.040520984081	0.00105708245243	0.0394639016286
ATGNGNAA	1958	703	637	30	1	6.98260238815	0.0409276944065	0.00156739811912	0.0393602962874
GNGNGGCG	1490	918	1345	42	6	10.4228198843	0.04375	0.00444115470022	0.0393088452998
GTNAGCNC	1573	1218	1229	68	17	7.58314890475	0.0528771384137	0.0136436597111	0.0392334787026
NNCTGGAC	609	627	816	28	3	7.0143196895	0.0427480916031	0.003663003663	0.03908508794
NCCGTCAN	1488	981	932	41	1	10.1996505571	0.0401174168297	0.0010718113612	0.0390456054685
ACCNTCNT	1432	862	931	39	4	8.11034900582	0.0432852386238	0.00427807486631	0.0390071637574
CCNTTNCC	1529	819	1003	35	2	9.50580390235	0.0409836065574	0.00199004975124	0.0389935568061
TTATNNCC	1551	740	673	31	1	7.26788736428	0.0402075226978	0.00148367952522	0.0387238431726
GCGTTNGN	2226	993	1152	53	14	7.11357162418	0.0506692160612	0.0120068610635	0.0386623549977
NNCAGAGC	1926	1017	883	42	1	9.82836377488	0.0396600566572	0.00113122171946	0.0385288349378
NTGAGCCN	1929	1267	1040	69	14	6.91968808401	0.0516467065868	0.0132827324478	0.038363974139
ANCATTNA	2245	553	593	22	0	6.86131513725	0.0382608695652	0.0	0.0382608695652
NTCTNAGA	630	753	763	31	1	7.90619013334	0.0395408163265	0.00130890052356	0.038231915803
GCGNTNGA	2671	1031	1401	56	19	7.42410090646	0.0515179392824	0.0133802816901	0.0381376575923
TNTCNCTG	1856	696	873	31	4	6.99193865787	0.0426409903714	0.00456100342075	0.0380799869506
CNNTCATT	1710	961	1030	39	1	10.8081524075	0.039	0.000969932104753	0.0380300678952
NTATCNCC	1619	1165	1054	58	10	7.43166480924	0.0474243663123	0.0093984962406	0.0380258700717
GNGNCGGG	747	691	871	29	2	7.76060675834	0.0402777777778	0.00229095074456	0.0379868270332
TNNTCGAA	1550	977	853	46	6	6.88754398431	0.0449657869013	0.0069848661234	0.0379809207779
CCGTCANN	1488	986	923	40	1	9.87160332718	0.0389863547758	0.00108225108225	0.0379041036936
GGNAGGNG	831	884	836	37	2	8.10883748902	0.0401737242128	0.00238663484487	0.0377870893679
NNCAAGAG	1919	1041	1107	50	9	7.79841553181	0.0458295142071	0.00806451612903	0.0377649980781
NTCANAGC	1922	895	898	36	1	9.32424163119	0.0386680988185	0.00111234705228	0.0375557517662
CNNCTCGA	1210	1321	1720	63	14	10.7492998383	0.0455202312139	0.0080738177624	0.0374464134515
TNATCACN	2894	818	730	33	1	7.73609022019	0.0387779083431	0.00136798905609	0.037409919287
NCGTCNTT	1091	1010	1129	42	3	10.1384568155	0.0399239543726	0.00265017667845	0.0372737776942
ANTNTCCC	747	724	712	28	0	8.12634225591	0.0372340425532	0.0	0.0372340425532
GCGNTGNA	2912	1079	1295	57	17	7.10765542065	0.050176056338	0.0129573170732	0.0372187392649
TGGCANAN	2585	829	847	33	1	8.5037819782	0.038283062645	0.00117924528302	0.037103817362
CCGNNATT	1650	1092	1006	44	2	9.86995358259	0.0387323943662	0.00198412698413	0.0367482673821
CCTNGGAN	507	605	712	23	0	7.66496867831	0.0366242038217	0.0	0.0366242038217
AGNCNCCC	516	790	791	31	1	7.87257023926	0.0377588306943	0.00126262626263	0.0364962044316
ANACNGAC	1221	897	942	37	3	8.18753300362	0.0396145610278	0.0031746031746	0.0364399578532
GCGTNNGG	1219	583	754	22	0	7.8258183839	0.0363636363636	0.0	0.0363636363636
GANGAAGN	2665	1513	1163	64	5	10.1125157477	0.0405833861763	0.00428082191781	0.0363025642585
CTNCNCGA	1300	1445	1726	65	12	11.3874258871	0.0430463576159	0.00690448791715	0.0361418696987
NTNCTCCG	664	848	778	34	2	7.20620666834	0.0385487528345	0.0025641025641	0.0359846502704
CCTNGNAA	712	565	708	21	0	7.31139594112	0.0358361774744	0.0	0.0358361774744
GCNAAANG	2846	945	882	38	3	7.52871586926	0.0386571719227	0.00338983050847	0.0352673414142
TGGCANNC	2345	852	865	31	0	9.12670510984	0.035107587769	0.0	0.035107587769
TTATCNNC	2461	880	799	32	0	8.67376023668	0.0350877192982	0.0	0.0350877192982
NCGNTGGA	1654	1153	1391	57	17	7.10858404496	0.0471074380165	0.0120738636364	0.0350335743802
NCCNAGGT	1047	527	756	19	0	7.25121576978	0.0347985347985	0.0	0.0347985347985
NGGCGGGN	902	536	812	20	1	6.80046358511	0.0359712230216	0.00123001230012	0.0347412107215
TGGNAAAN	3117	946	1021	40	6	7.0457676866	0.0405679513185	0.00584225900682	0.0347256923116
CCGTNANT	1324	1056	1014	39	1	9.9279658912	0.0356164383562	0.000985221674877	0.0346312166813
NCGAANGG	1023	1034	1192	38	1	11.1682982977	0.035447761194	0.000838222967309	0.0346095382267
NTATCANC	1921	924	845	33	0	8.97783641776	0.0344827586207	0.0	0.0344827586207
GNNGAAGG	1564	1378	1040	62	9	7.17390174789	0.0430555555556	0.00857959961868	0.0344759559369
GNGAAAGN	2224	875	1000	33	2	8.52336176312	0.0363436123348	0.00199600798403	0.0343476043508
NNGCTCGA	1669	1451	1473	63	11	9.4141370297	0.0416116248349	0.00741239892183	0.034199225913
ACCGNNAT	2038	1114	1005	43	3	8.45021947567	0.0371650821089	0.00297619047619	0.0341888916327
NCGTCNGG	730	650	699	23	0	7.19938596852	0.0341753343239	0.0	0.0341753343239
NATCGCAN	2373	563	934	21	2	6.80417243266	0.0359589041096	0.00213675213675	0.0338221519728
TGGNNAAC	2357	940	977	38	5	6.99755489093	0.038854805726	0.0050916496945	0.0337631560315
TNCTCGAN	1351	1069	1036	45	7	6.88401917204	0.04039497307	0.00671140939597	0.033683563674
ANCNGGGT	1093	632	750	22	0	7.38265064745	0.0336391437309	0.0	0.0336391437309
CNGCTNGA	2005	1692	1647	74	14	9.80613627759	0.0419026047565	0.00842865743528	0.0334739473212
NCANGAGT	1259	1291	1478	52	8	9.66997177892	0.0387192851824	0.00538358008075	0.0333357051017
GNGNTCTG	1241	976	1171	37	4	8.50426255522	0.0365251727542	0.00340425531915	0.033120917435
CNGCTCGN	1650	1513	1696	66	15	9.27123581975	0.0417986067131	0.00876680303916	0.033031803674
GAGNAGNG	1222	915	1144	32	1	9.86747207328	0.0337909186906	0.000873362445415	0.0329175562452
GCNCGGCG	542	1178	1131	40	0	11.5247793377	0.0328407224959	0.0	0.0328407224959
CTGNNCGA	1811	1595	1709	66	12	10.3028717711	0.0397350993377	0.00697269029634	0.0327624090414
NGGNAAAC	2210	1159	1302	43	4	9.65544778106	0.0357737104825	0.00306278713629	0.0327109233462
CTGCTCNN	2433	1364	1426	57	11	8.3573861877	0.0401125967628	0.00765483646486	0.032457760298
CNTGGGNG	958	1278	1340	55	12	7.43709069691	0.0412603150788	0.00887573964497	0.0323845754338
GCNAAAGN	3177	962	1118	34	2	8.94226834317	0.0341365461847	0.00178571428571	0.032350831899
CTGCNCGN	1963	1648	1973	64	10	12.3277959856	0.0373831775701	0.00504286434695	0.0323403132231
CNGCNCGA	1645	1778	1954	72	13	11.5902363236	0.0389189189189	0.00660904931368	0.0323098696052
NGGNGGGT	720	932	1186	31	0	10.9244494261	0.0321910695742	0.0	0.0321910695742
GCGNTGGN	2773	1488	1706	69	21	7.93846081136	0.0443159922929	0.0121598147076	0.0321561775853
TTTCAGNN	2623	1111	1161	44	7	7.35043681258	0.0380952380952	0.00599315068493	0.0321020874103
ANCGNCAT	2672	1085	1122	43	7	7.04889896902	0.0381205673759	0.00620017714792	0.031920390228
GNGCGGCN	1748	1369	1486	48	3	11.456867343	0.0338743824982	0.00201477501679	0.0318596074814
TGNNTCAG	1919	1137	1465	39	2	11.4381419549	0.0331632653061	0.0013633265167	0.0317999387894
GGNNGGTG	1311	1226	1677	44	5	11.1298355973	0.0346456692913	0.00297265160523	0.0316730176861
GCGCNGNG	2442	1101	1469	40	5	9.4102344809	0.0350569675723	0.0033921302578	0.0316648373145
GCNCGNCG	1463	1842	1943	61	1	17.3272954416	0.0320546505518	0.000514403292181	0.0315402472596
GAGNAGGN	969	1292	1343	44	2	10.9940079602	0.0329341317365	0.00148698884758	0.0314471428889
TNACGNCG	1460	1040	1059	39	5	6.95682154768	0.0361445783133	0.0046992481203	0.031445330193
NTGCNCGA	1766	1611	1609	64	11	9.31675616842	0.0382089552239	0.00679012345679	0.0314188317671
NTGTGNAA	1613	873	1027	31	3	7.2436249361	0.0342920353982	0.00291262135922	0.031379414039
TGANGTNG	2251	1066	1038	40	5	6.79724777506	0.0361663652803	0.00479386385427	0.031372501426
GNGANCTG	1415	1030	1196	36	3	8.64047738419	0.0337711069418	0.00250208507089	0.0312690218709
GNGAANGG	1275	1057	1193	35	1	9.85219585373	0.0320512820513	0.000837520938023	0.0312137611133
TGTCTCNN	729	1008	1155	38	6	6.98257711796	0.0363288718929	0.00516795865633	0.0311609132366
TGANNTCG	2102	1243	1277	43	3	9.4681158777	0.0334370139969	0.00234375	0.0310932639969
GCGCGNNG	1997	1352	1609	45	2	12.4410129167	0.0322118826056	0.00124146492862	0.030970417677
GAGNNGGG	833	1157	1173	38	1	9.93828590436	0.0317991631799	0.000851788756388	0.0309473744235
GNGANAGG	1047	1004	920	33	1	7.83974386165	0.0318225650916	0.00108577633008	0.0307367887615
CCCNTNCC	811	1015	1062	34	2	8.18196987516	0.0324118207817	0.00187969924812	0.0305321215336
GCTCGNCG	463	764	824	24	0	7.53905794525	0.0304568527919	0.0	0.0304568527919
NCGTCANT	1602	1182	1192	40	3	8.6056619674	0.0327332242226	0.00251046025105	0.0302227639715
GCNTCNGG	1117	716	1048	23	1	7.74771330547	0.0311231393775	0.00095328884652	0.030169850531
NCCNTACC	1060	1059	1023	35	2	7.88737598009	0.0319926873857	0.0019512195122	0.0300414678735
TGGCNNAC	2153	915	1066	31	3	7.20552148283	0.0327695560254	0.00280636108513	0.0299631949402
NGGTGGNT	2013	1171	1315	39	3	9.32285820887	0.0322314049587	0.00227617602428	0.0299552289344
GCGNGGNG	1223	1321	1719	47	8	9.48984286125	0.0343567251462	0.00463231036479	0.0297244147814
NCGAAANG	1421	1125	1041	39	4	7.03939628074	0.0335051546392	0.00382775119617	0.029677403443
GCGAANNG	1707	1177	1246	38	2	9.40089211243	0.0312757201646	0.00160256410256	0.029673156062
GNGNAGGG	763	1015	1033	32	1	8.1921602365	0.0305635148042	0.000967117988395	0.0295963968158
CCGTCNNT	1006	1341	1176	42	1	9.8592771061	0.0303687635575	0.000849617672048	0.0295191458854
NGGCNAAC	2079	961	1130	31	2	8.10391616688	0.03125	0.0017667844523	0.0294832155477
CTNGGAAN	940	771	1022	25	2	6.98969882496	0.0314070351759	0.001953125	0.0294539101759
NTGCTNGA	2281	1710	1495	68	14	7.4672729348	0.0382452193476	0.00927766732936	0.0289675520182
NCCTTNCC	1061	1093	1237	37	5	7.32090503423	0.0327433628319	0.00402576489533	0.0287175979365
GCNCGCNG	1783	847	935	25	0	7.98944413276	0.0286697247706	0.0	0.0286697247706
GNNATCTG	1435	1181	1170	38	3	7.99793722999	0.0311730926989	0.00255754475703	0.0286155479419
TTANCNCC	1621	1054	910	31	0	8.2236613109	0.0285714285714	0.0	0.0285714285714
CNGNTCGA	1469	2000	2026	76	17	9.48979060146	0.0366088631985	0.00832109642682	0.0282877667716
GANNAAGG	2027	1787	1527	63	9	8.62580897446	0.0340540540541	0.005859375	0.0281946790541
GCGANAGN	1736	1074	1336	32	1	9.84857865664	0.0289330922242	0.00074794315632	0.0281851490679
CCGNCNTT	1323	1448	1415	44	2	10.4266111312	0.029490616622	0.00141143260409	0.0280791840179
GNGTCNGG	664	762	941	22	0	7.60515375868	0.0280612244898	0.0	0.0280612244898
GNGCNGCG	2333	1333	1603	42	4	10.0074284325	0.0305454545455	0.00248911014312	0.0280563444023
ANACNCAG	1660	1475	1700	49	7	9.54949840729	0.0321522309711	0.00410076157001	0.0280514694011
CGNNGGCG	1765	1604	1810	61	16	7.92505842337	0.0366366366366	0.00876232201533	0.0278743146213
NCGCGGNG	1360	1212	1632	37	3	10.2826965699	0.0296236989592	0.00183486238532	0.0277888365738
TNATCNCC	2591	1194	979	34	0	8.60100784189	0.0276872964169	0.0	0.0276872964169
NGGTGNTT	2455	1064	1185	32	2	7.85296860718	0.029197080292	0.0016849199663	0.0275121603257
GCNCNCCG	1206	1012	1287	30	2	8.37789119415	0.0287907869482	0.00155159038014	0.027239196568
NGNCGGGT	769	1195	1615	34	1	11.1953966397	0.0276647681041	0.000618811881188	0.027045956223
ATANNGAC	1227	1131	1287	35	4	7.48712190167	0.0300171526587	0.00309837335399	0.0269187793047
CTGNTNGA	2444	1773	1798	63	14	7.97118247412	0.0343137254902	0.00772626931567	0.0265874561745
NCTCNCCG	1196	1078	1448	31	2	9.10199977617	0.0279531109107	0.00137931034483	0.0265738005659
CCNNCATT	1616	1473	1609	42	2	10.7146708577	0.0277227722772	0.00124146492862	0.0264813073486
GNNAAAGG	2088	1289	1351	41	6	7.20072369838	0.0308270676692	0.00442151805453	0.0264055496146
NNGTCGGG	595	1075	1235	30	1	8.35760946201	0.027149321267	0.000809061488673	0.0263402597783
NNGCGGGT	1466	1203	1434	35	3	8.43030747113	0.0282714054927	0.00208768267223	0.0261837228205
CNTGGGCN	1209	1719	1640	58	11	7.56265360792	0.0326392796849	0.00666262870987	0.025976650975
NGACNTCG	962	1501	1546	44	4	9.22119885257	0.0284789644013	0.00258064516129	0.02589831924
CTGNTCGN	1836	1881	1748	63	12	7.89363757713	0.0324074074074	0.00681818181818	0.0255892255892
NGACGNCG	911	1703	1937	49	5	10.5830282587	0.0279680365297	0.00257466529351	0.0253933712362
GNGATCNG	1869	1401	1776	42	7	8.33794128582	0.029106029106	0.00392596747056	0.0251800616355
GNGCGGNT	1697	1200	1137	32	1	7.92369220083	0.025974025974	0.000878734622144	0.0250952913519
NCNTCATT	2002	1512	1479	41	2	9.61093004646	0.026400515132	0.00135043889264	0.0250500762394
NGGCNGGT	1059	1199	1486	34	4	7.82795695188	0.0275750202758	0.00268456375839	0.0248904565174
TTNTCNCC	2041	1220	1193	31	0	9.0076744194	0.0247801758593	0.0	0.0247801758593
GCGNGNCG	1346	1466	1562	41	5	7.88937587619	0.0272063702721	0.00319081046586	0.0240155598062
GCTCGNNG	1539	978	1040	24	0	7.48215830943	0.0239520958084	0.0	0.0239520958084
NGTNTCAG	1196	1354	1427	38	5	7.07372301741	0.0272988505747	0.00349162011173	0.023807230463
NGNCAAAC	2854	1147	1145	29	1	7.28274750862	0.0246598639456	0.00087260034904	0.0237872635965
TNATCANC	3472	1440	1277	35	0	9.46289432336	0.0237288135593	0.0	0.0237288135593
NNGATCTG	2098	1355	1660	38	6	7.71752673762	0.0272792534099	0.00360144057623	0.0236778128337
GNGAAANG	1830	1461	1588	41	6	7.55231896882	0.0272969374168	0.00376411543287	0.0235328219839
CNTCNCCA	2404	1397	1253	36	2	7.64226397748	0.0251221214236	0.00159362549801	0.0235284959256
GTNTCAGN	1196	1339	1411	35	3	7.67826779241	0.0254730713246	0.0021216407355	0.0233514305891
CCGNCATN	1737	1800	1803	44	1	11.6449165663	0.0238611713666	0.000554323725055	0.0233068476415
GCNCGGNG	1256	1685	1879	41	1	11.6211350197	0.0237543453071	0.000531914893617	0.0232224304135
GCGAAANN	2545	1513	1563	39	3	8.66995194816	0.0251288659794	0.00191570881226	0.0232131571671
GNTGNGCC	1847	1585	1578	45	7	7.19454570766	0.0276073619632	0.00441640378549	0.0231909581777
NCGNGGCG	1410	1700	1979	44	6	8.91715876292	0.0252293577982	0.00302267002519	0.022206687773
TGNCAAAN	3068	1367	1279	32	1	7.86080179373	0.0228734810579	0.00078125	0.0220922310579
GGCNGNGT	1354	1063	1194	24	0	7.7838419503	0.0220791168353	0.0	0.0220791168353
TTTCANTN	3163	1671	1660	44	6	7.51811181532	0.0256559766764	0.00360144057623	0.0220545361002
GCGANANG	1510	1580	1375	39	3	7.30421279568	0.0240889437925	0.0021770682148	0.0219118755777
TGCTNGAN	2281	1742	1504	46	6	6.84357302658	0.0257270693512	0.00397350993377	0.0217535594175
CCGNCANT	1853	1865	1648	47	5	7.70228470231	0.0245815899582	0.00302480338778	0.0215567865704
TGNCANAC	1688	1280	1320	30	2	6.99606012266	0.0229007633588	0.00151285930408	0.0213879040547
GCGCGNCN	1899	1638	1569	39	3	8.09276105106	0.0232558139535	0.00190839694656	0.0213474170069
GCGNCGGN	1347	1993	2090	48	5	9.67922570361	0.0235178833905	0.00238663484487	0.0211312485456
GANNAGGG	784	1452	1456	34	3	6.96156684809	0.0228802153432	0.00205620287868	0.0208240124645
ACCGNCNT	1473	1826	1743	43	4	8.15681767132	0.0230069555912	0.0022896393818	0.0207173162094
NTGCTCGN	2148	2181	2096	61	14	6.90764153195	0.0272078501338	0.00663507109005	0.0205727790438
GCNCGGCN	1679	1972	2208	44	3	10.7904913907	0.0218253968254	0.00135685210312	0.0204685447223
NCNCGGCG	1695	2083	2344	49	6	9.79835637865	0.0229831144465	0.00255319148936	0.0204299229572
GNTGAGCN	3373	1870	1863	48	9	6.857748878	0.0250260688217	0.00480769230769	0.020218376514
GCTCNCNG	1430	1382	1723	30	2	8.01409055641	0.0212464589235	0.00115942028986	0.0200870386337
GCTNNCCG	1520	1407	1799	31	3	7.88947997003	0.0215577190542	0.00166481687014	0.0198929021841
GCGNNGCG	2358	1962	2486	47	9	8.75253285195	0.0233947237432	0.00360721442886	0.0197875093143
GNGCNGGT	1438	2281	2541	54	9	9.43569210099	0.0231263383298	0.00352941176471	0.0195969265651
GCGCNNCG	2192	1899	1972	41	4	8.48335467243	0.0211340206186	0.00202429149798	0.0191097291206
GCNCNGCG	2313	2215	2172	46	3	10.1101794164	0.0203449800973	0.00137931034483	0.0189656697525
TGNCNAAC	2186	1736	1690	36	3	7.3981073143	0.020316027088	0.00177200236267	0.0185440247254
NCGNCATT	2263	2003	1990	43	5	7.8926681413	0.0210166177908	0.00250626566416	0.0185103521267
GCNNGGCG	1913	2438	2432	50	4	10.4630853947	0.0200964630225	0.00164203612479	0.0184544268977
GNGCGNCG	1426	1987	1820	36	0	9.8189256395	0.0177953534355	0.0	0.0177953534355
GCTCNNCG	1760	1826	2086	33	1	9.58324124508	0.0177514792899	0.000479156684236	0.0172723226057
GNNCGGCG	1415	2736	2968	51	5	10.916267284	0.0182992465016	0.0016818028927	0.0166174436089
NGNCGTCG	896	2206	2110	42	5	7.23777170099	0.0186832740214	0.00236406619385	0.0163192078275
NGANGTCG	1370	2366	2408	44	6	7.81281270954	0.0182572614108	0.00248550124275	0.015771760168
NCGCGNCG	1571	2333	2600	45	9	7.19294207764	0.0189234650967	0.00344959754695	0.0154738675498
NNGCGGCG	2615	2173	2479	40	7	7.13658352637	0.0180750112969	0.00281576830249	0.0152592429944
NCGGCGGN	1704	1691	2276	29	4	6.96380561154	0.0168604651163	0.00175438596491	0.0151060791514
GNTCGNCG	1477	2480	2497	44	7	6.97062136409	0.0174326465927	0.00279552715655	0.0146371194362
TGAAANNG	3499	1705	1676	25	0	7.23090916123	0.014450867052	0.0	0.014450867052
