#Sequence	Occurrence	Forward Match	Backward Match	Forward Mismatch	Backward Mismatch	Strand Bias Score	FER (Forward Error Rate)	RER (Reverse Error Rate), ERD (Error rate Difference)
GGGT	2842	230250	237287	6164	1914	9223372036854775807	0.0260729060039	0.00800163878914	0.0180712672147
AGGT	7856	667297	681182	18140	5824	9223372036854775807	0.0264648683978	0.00847736409871	0.0179875042991
NGGT	21742	1851789	1891169	42962	15076	9223372036854775807	0.0226742194621	0.00790874205572	0.0147654774064
TGGT	9807	849645	866891	16531	6448	9223372036854775807	0.0190850358357	0.00738315820088	0.0117018776348
CGGT	1237	104597	105809	2127	890	112.922216944	0.0199299126719	0.00834122156721	0.0115886911047
CGGG	493	40612	41538	866	398	40.4117123627	0.0208785380202	0.00949065242274	0.0113878855974
AAGT	16669	1424493	1443319	29970	14816	9223372036854775807	0.0206055430767	0.0101609247429	0.0104446183338
GCGG	483	39337	40514	757	388	28.8504826725	0.0188806305183	0.00948608869982	0.00939454181846
NAGT	38403	3327808	3368090	59900	30873	9223372036854775807	0.017681571139	0.00908306445231	0.00859850668665
GAGT	4059	351442	355556	6047	3086	214.704477461	0.0169152057826	0.00860468099107	0.00831052479148
AGGG	3361	269017	272140	5142	2945	134.553467339	0.0187555396686	0.0107057818492	0.00804975781934
ANGT	65909	5630922	5682063	94926	49238	9223372036854775807	0.0165785050529	0.00859106858984	0.00798743646304
CAGG	2543	216088	219656	3847	2119	114.692144493	0.0174915315889	0.00955472889189	0.00793680269698
GNGT	17427	1461174	1482220	23774	12161	9223372036854775807	0.0160099882285	0.00813781759806	0.00787217063049
GGGN	9438	764584	776869	13654	7601	9223372036854775807	0.0175447613712	0.00968934439813	0.00785541697307
GTGG	3948	329362	334736	5596	2995	179.382309109	0.0167065721673	0.00886800441772	0.00783856774954
AGGN	24828	2115240	2132270	35748	18889	9223372036854775807	0.0166193395779	0.00878084790571	0.0078384916722
CNGG	5495	469554	475221	8164	4461	243.846649254	0.0170895800451	0.00929991119116	0.00778966885397
AAGG	12376	1056230	1060127	20489	12213	9223372036854775807	0.0190291060156	0.0113891116623	0.00763999435324
TAGG	6213	526904	532669	9403	5363	247.738562742	0.0175328683012	0.00996780860618	0.007565059695
TAGT	13831	1215801	1229756	19187	9924	9223372036854775807	0.0155361833475	0.00800529168818	0.00753089165935
CCGG	468	38072	38430	708	417	17.6271912339	0.0182568334193	0.0107344196463	0.00752241377298
NGGG	9438	764369	775696	13912	8122	9223372036854775807	0.017875291829	0.0103620993649	0.00751319246414
NAGG	24828	2111878	2127450	38651	22797	9223372036854775807	0.0179727871607	0.0106020378124	0.00737074934834
NGGN	64045	5464903	5524534	88701	48140	9223372036854775807	0.0159717905706	0.00863858176524	0.00733320880536
NNGG	64045	5458390	5513794	94735	55768	9223372036854775807	0.0170597636466	0.0100129956359	0.00704676801067
NNGT	156485	13466916	13613478	205672	110207	9223372036854775807	0.015042653227	0.0080304233156	0.00701222991142
TGGG	3539	298782	303374	4977	2871	129.489515966	0.0163846997126	0.00937484693628	0.00700985277632
ANGG	28759	2472794	2489216	43719	26069	9223372036854775807	0.0173728488587	0.010364233079	0.00700861577976
TNGG	19619	1678729	1700465	28660	16845	9223372036854775807	0.0167858642641	0.00980894538552	0.00697691887857
GNGG	10172	837313	848892	14192	8393	9223372036854775807	0.0166669602645	0.00979020979021	0.00687675047426
CTGG	1991	174782	175597	2743	1527	76.7540239502	0.015451344881	0.00862107901809	0.00683026586291
CGGN	3741	319171	321926	5105	2901	135.595490616	0.0157427623383	0.00893090783709	0.00681185450116
TGGN	26038	2265908	2293469	34194	18749	9223372036854775807	0.0148662972338	0.00810866449444	0.00675763273934
TTGG	8504	734136	744583	12558	7596	278.494559258	0.0168181343362	0.0100986600264	0.00671947430975
NTGG	26038	2262848	2289155	37064	21756	9223372036854775807	0.0161153991979	0.00941446901244	0.00670093018545
GCGT	1118	91091	91891	1435	824	37.6973002548	0.0155091541837	0.00888745079006	0.00662170339363
GGGG	2045	155958	158644	2927	1908	50.9106623744	0.018422129213	0.0118840001993	0.00653812901364
ATGG	11595	1024568	1034239	16167	9638	9223372036854775807	0.0155342138008	0.00923288854913	0.00630132525169
NCGG	3741	319295	321493	5108	3093	110.474329425	0.0157458469866	0.00952906163544	0.00621678535118
TNGT	60790	5295423	5361570	72694	40010	9223372036854775807	0.0135418061864	0.00740709199901	0.00613471418741
TCGG	1363	118907	119839	1722	1015	41.5221955391	0.0142751742947	0.00839856355603	0.00587661073871
ACGT	5078	434500	436029	6536	3951	140.066228548	0.0148196519105	0.00897995363426	0.00583969827625
CCGT	1427	122455	123929	1805	1089	41.0029832399	0.0145259938838	0.00871074565263	0.00581524823117
GAGG	3696	312656	314998	4912	3102	91.8794500323	0.0154675534059	0.00975165042439	0.00571590298149
NCGT	13300	1148838	1155589	15971	9765	9223372036854775807	0.0137112608162	0.00837942805362	0.00533183276253
ACGG	1427	122979	122710	1921	1273	28.9456513725	0.0153803042434	0.0102675366784	0.00511276756498
CGCG	282	21065	21046	372	261	4.82210401863	0.0173531744181	0.012249495471	0.00510367894709
CNGT	12359	1079397	1087625	14278	8798	290.179722652	0.0130550666331	0.00802427530251	0.00503079133063
ATGT	36306	3104632	3121533	40280	24647	9223372036854775807	0.0128079895399	0.00783394465669	0.00497404488324
CAGT	3844	336072	339459	4696	3047	80.2710145446	0.0137806366795	0.00889619451922	0.00488444216028
AAAG	32523	2783293	2783480	54330	40314	9223372036854775807	0.0191463066094	0.0142765371695	0.00486976943994
GTGT	9408	788391	797486	10128	6337	198.530599831	0.0126834802929	0.00788357635947	0.00479990393342
ATAG	17622	1557330	1560776	23682	16206	9223372036854775807	0.014979013442	0.0102765916161	0.00470242182589
TTTG	31551	2706649	2741852	46568	34010	9223372036854775807	0.0169140318398	0.0122520499938	0.004661981846
TTNG	58880	5106323	5165812	81464	57791	9223372036854775807	0.0157030348393	0.0110634364824	0.00463959835688
TCGT	5677	500792	503740	6195	3901	116.333596475	0.0122192482253	0.00768456448553	0.00453468373977
NTGT	83040	7138481	7198630	86839	54493	9223372036854775807	0.0120187064379	0.00751303955551	0.0045056668824
TNGN	145874	12790513	12895396	162372	105938	9223372036854775807	0.0125355857016	0.00814824078821	0.00438734491335
ATNG	53103	4703592	4726667	68296	47517	9223372036854775807	0.0143121548536	0.00995290504095	0.00435924981265
CGGA	1573	137167	138219	1785	1185	28.0932594532	0.0128461627037	0.00850047344409	0.00434568925958
AAGN	68875	5981851	5985514	80575	54032	9223372036854775807	0.0132908838805	0.00894636782301	0.00434451605747
NTNG	145874	12758840	12863501	189376	134130	9223372036854775807	0.0146256441814	0.0103195728514	0.00430607133002
AANG	83270	7258681	7257606	119417	87291	9223372036854775807	0.0161853366545	0.0118845778232	0.0043007588313
ANAG	62551	5427674	5430787	91078	67667	9223372036854775807	0.0165033688776	0.0123065501685	0.00419681870914
NTAG	40472	3570482	3591570	50461	35393	9223372036854775807	0.0139358725061	0.00975830191816	0.00417757058798
GNGN	54141	4589679	4625557	61077	42036	9223372036854775807	0.0131327035863	0.00900592660928	0.00412677697697
TAGN	40472	3577435	3597658	44829	30004	9223372036854775807	0.0123759615533	0.00827089183061	0.00410506972272
TTGT	31475	2729185	2761183	30781	19737	9223372036854775807	0.0111526736199	0.00709729154381	0.00405538207609
ANGN	200765	17495448	17521763	224833	152635	9223372036854775807	0.0126878913489	0.00863593769926	0.00405195364964
ANNG	165992	14519863	14546849	220339	160746	9223372036854775807	0.0149481669247	0.0109294551557	0.00401871176906
GTNG	20079	1735291	1753154	23410	16450	278.019259699	0.0133109607602	0.0092958650636	0.00401509569665
NAGN	141869	12402105	12436560	159456	108974	9223372036854775807	0.0126939637518	0.00868627832024	0.00400768543156
TTAG	13086	1158415	1169521	15765	11217	175.480389093	0.0134263911836	0.00949999068379	0.00392640049984
CGNG	3691	308595	311324	4248	3039	46.5519226031	0.0135786960232	0.00966716821	0.00391152781325
GCGN	3337	274591	276201	3845	2775	39.6158186584	0.013809277536	0.00994709222299	0.00386218531296
TGGA	10634	944159	949279	10758	7087	168.204500873	0.0112659005966	0.00741034290219	0.0038555576944
TTGN	66598	5819654	5872956	69825	47619	9223372036854775807	0.0118558874223	0.00804296879948	0.00381291862282
TTGA	20552	1835662	1848544	20724	13789	9223372036854775807	0.0111636265303	0.00740415382211	0.00375947270814
TCCG	1573	137793	137785	1664	1139	22.1455066448	0.0119319933743	0.00819872736172	0.00373326601258
NTTG	66598	5799425	5853254	87562	66180	9223372036854775807	0.0148738225513	0.0111801229645	0.00369369958687
CCGN	3741	320740	321452	4246	3043	44.3818843468	0.0130651781923	0.00937764834589	0.0036875298464
GTAG	6382	556449	561747	7133	5103	77.8303665907	0.0126565433247	0.00900238158243	0.00365416174223
CTGT	5851	516273	518428	5650	3772	83.5428589406	0.0108253516323	0.00722328609728	0.00360206553505
GAGN	17331	1504121	1508925	18566	13262	195.079909015	0.0121929194903	0.0087124643687	0.00348045512165
TCGN	12766	1127516	1131313	13524	9566	150.151578988	0.0118523452289	0.00838476297662	0.0034675822523
TNNG	160754	13857729	13952284	204132	156942	9223372036854775807	0.0145167129728	0.0111233599915	0.00339335298123
CTAG	3382	298288	299526	3881	2867	34.7547513907	0.0128438059497	0.00948103957433	0.00336276637532
NCGN	33144	2875850	2880209	36259	26428	9223372036854775807	0.0124511136087	0.00909229463466	0.00335881897407
GGGA	3763	314536	316498	3901	2845	38.0866460525	0.0122504608447	0.00890891611841	0.00334154472628
NAAG	68875	5963587	5962125	97129	76689	9223372036854775807	0.0160259942885	0.0126993479183	0.00332664637015
NANG	200765	17457317	17473281	257865	198558	9223372036854775807	0.0145561586666	0.0112358425176	0.00332031614904
NTGN	199587	17452685	17533283	203374	145611	9223372036854775807	0.0115186520389	0.00823643153243	0.00328222050652
NGGA	27905	2436102	2444291	27409	19328	9223372036854775807	0.011125990507	0.00784536894707	0.00328062155998
GTCG	1490	126792	127898	1594	1181	14.9267898175	0.0124156839531	0.00914943561695	0.00326624833613
CNGN	37865	3319903	3331870	39508	28544	9223372036854775807	0.0117603949026	0.0084941914895	0.00326620341306
GTGN	24035	2046383	2063562	25012	18398	230.122742069	0.0120749543182	0.00883686526158	0.00323808905664
ATTG	19515	1729645	1739169	23648	18075	167.837317036	0.0134877627413	0.010285993294	0.00320176944727
NNAG	141870	12378033	12403001	180411	140115	9223372036854775807	0.0143657128224	0.011170669234	0.00319504358836
CANG	21694	1896378	1901982	25385	19299	183.279735602	0.0132092250709	0.0100448606945	0.00316436437643
TTCG	5739	507123	509856	6573	4968	51.0132733644	0.012795505513	0.00964989977157	0.00314560574142
CTNG	13812	1213634	1217868	16206	12372	114.678497145	0.0131773238795	0.010056574327	0.00312074955257
CNNG	44692	3892466	3904921	51474	39318	9223372036854775807	0.0130514155895	0.00996846286445	0.00308295272504
TNGA	51702	4633586	4652163	48633	34234	9223372036854775807	0.0103867418418	0.007304972242	0.00308176959985
NTCG	12766	1126085	1129522	14289	10801	107.814657227	0.0125300997743	0.00947187770483	0.00305822206946
ACGN	13300	1153003	1151243	14644	11044	108.554057491	0.012541461589	0.00950195605732	0.00303950553167
TNCG	12795	1109557	1112195	14466	11076	99.6951760789	0.0128698434107	0.00986048780748	0.00300935560319
ATCG	4371	392049	392483	4799	3598	38.3464095169	0.0120927911946	0.00908400049485	0.00300879069977
ATGN	93762	8245354	8252736	93866	68670	9223372036854775807	0.0112559687837	0.00825221122488	0.00300375755877
TNTG	87789	7530608	7584931	112796	90378	9223372036854775807	0.0147572992347	0.0117751611043	0.00298213813048
TCGA	4502	404564	404799	4649	3434	40.5822236475	0.0113608316451	0.00841186283323	0.0029489688119
AATG	32942	2938586	2933919	38635	29884	238.481955812	0.0129768666821	0.0100829913459	0.00289387533613
NCCG	3741	320902	321156	4051	3116	27.4405378969	0.0124664182205	0.00960921695367	0.00285720126681
CAGN	15191	1338698	1344463	15486	11676	119.83811541	0.0114356690081	0.0086097369075	0.00282593210055
ANTG	62473	5541504	5548298	72196	56436	9223372036854775807	0.0128606801218	0.0100693449502	0.00279133517167
AGNG	17260	1475020	1479925	19169	15015	112.74089138	0.0128290330072	0.0100438813598	0.00278515164742
NGNG	54141	4590707	4618185	59715	47026	9223372036854775807	0.0128407701495	0.010080144285	0.00276062586446
CTGN	15192	1341294	1344029	14671	10924	121.043170585	0.0108196008009	0.0080622722707	0.00275732853021
TANG	64504	5515300	5535267	81981	66638	9223372036854775807	0.0146465757213	0.0118955962302	0.00275097949111
NNTG	199586	17416307	17488973	234523	186932	9223372036854775807	0.0132867972781	0.0105755264016	0.00271127087647
CCGA	1363	119682	119464	1373	1041	10.5577689034	0.0113419520053	0.00863864569935	0.00270330630594
TNAG	40551	3538835	3554693	48210	38643	236.902838652	0.0134400321156	0.0107540736519	0.00268595846368
CGTG	1750	147515	148301	1799	1402	11.9386454063	0.012048434842	0.00936520978204	0.00268322505998
GTTG	8259	722688	728773	9087	7171	53.2365946663	0.012417751358	0.00974394790908	0.00267380344892
TGNG	22824	1945030	1956438	25819	20623	132.796501173	0.013100445544	0.0104311399598	0.00266930558426
TACG	4163	355894	355649	4855	3879	24.3202299546	0.013458110764	0.0107891457689	0.0026689649951
NNCG	33144	2874380	2876549	36432	28613	204.617438125	0.0125160951652	0.00984902046771	0.00266707469749
GNNG	67207	5857052	5878263	70156	54422	9223372036854775807	0.0118362642242	0.0091732495489	0.00266301467534
CAAG	7273	641547	642037	8647	6926	42.2771746858	0.0132991076509	0.010672411216	0.0026266964349
CNAG	13812	1214499	1218237	15547	12340	82.6423514062	0.0126393647067	0.0100278162195	0.00261154848714
AGGA	11935	1040240	1040295	10965	8211	86.4667568896	0.0104308864589	0.00783114259718	0.00259974386169
TGCG	1320	108747	108905	1374	1090	7.93375935943	0.0124771841883	0.00990954134279	0.00256764284551
CNCG	3691	310552	308741	4254	3422	19.3331156233	0.0135130842487	0.0109622216598	0.00255086258887
CATG	10128	890718	892921	10949	8657	60.0370620477	0.0121430639027	0.00960205328879	0.00254101061396
CTCG	1166	100121	99285	1323	1054	6.84406795426	0.0130416781673	0.0105043901175	0.00253728804976
ANCG	12209	1077891	1078548	13346	10574	70.6546721719	0.0122301571519	0.00970873786408	0.00252141928785
NGCG	3337	274897	276031	3457	2760	18.4058381138	0.0124194371196	0.00989988916428	0.00251954795535
AGCG	1172	99975	100426	1207	954	7.41001082746	0.0119289992291	0.00941014006707	0.00251885916204
GGNG	10366	862062	870498	10479	8349	57.5700617666	0.0120097508312	0.00949994708977	0.00250980374143
GCGA	1224	103180	103066	1235	974	7.3626098373	0.0118278025188	0.00936178392926	0.00246601858954
NATG	93762	8229356	8233866	107450	87136	9223372036854775807	0.0128886290505	0.0104718157741	0.00241681327639
CGAG	1166	99403	100439	1211	978	6.63704767635	0.0120360983561	0.00964335367838	0.00239274467772
CNGA	14546	1294455	1296596	13065	10034	88.0246748516	0.0099921989721	0.00767929712313	0.00231290184897
CNTG	21694	1897861	1902722	23509	19095	102.029566599	0.0122355402655	0.00993590961054	0.002299630655
CTGA	5179	460062	460805	4691	3622	31.0703108256	0.0100935335544	0.0077988575169	0.00229467603749
ACNG	12359	1082570	1082651	13457	10923	57.8582059156	0.012277982203	0.00998835012537	0.00228963207762
TCNG	14546	1291076	1294767	14868	11890	74.385296863	0.0113848679576	0.00909955711407	0.00228531084351
GGNT	20273	1762852	1775700	18649	14674	109.702331842	0.0104681389458	0.00819605289174	0.00227208605401
NACG	13300	1152496	1149840	14635	11936	58.7915872991	0.0125392950748	0.0102739254383	0.00226536963655
CACG	1750	148025	147368	1942	1597	7.71028161273	0.0129495155601	0.0107206390763	0.0022288764838
TAAG	16316	1401838	1403443	21070	17879	58.048877832	0.0148077036604	0.0125791340738	0.00222856958662
NCNG	37865	3320246	3327350	39145	31714	172.366395713	0.0116524096183	0.00944132055835	0.00221108905994
ACCG	1237	105295	105559	1377	1142	5.57826335728	0.0129087295635	0.0107028050346	0.00220592452889
TATG	37812	3230664	3243506	46653	39517	134.232896119	0.0142351197641	0.0120367722066	0.00219834755753
TGAG	5970	519488	521543	6467	5322	25.9462386175	0.012295728722	0.0101012593359	0.00219446938616
AACG	5429	480572	480080	5963	4880	24.0600805487	0.0122560555767	0.0100626855823	0.00219336999436
NCGA	12766	1131112	1129001	12375	9848	62.0525143428	0.0108221606367	0.00864732725761	0.00217483337911
GNCG	4449	376380	377065	4366	3541	19.8471017773	0.0114669622268	0.00930358428401	0.00216337794278
CCNG	5495	473859	473747	5635	4608	23.1304569256	0.0117519718703	0.00963301313878	0.00211895873157
GNGA	20141	1754949	1758801	17763	14019	98.0612252804	0.0100202401744	0.00790774021051	0.00211249996386
NTGA	71560	6422048	6423081	62317	48683	9223372036854775807	0.0096103473509	0.00752236948072	0.00208797787018
NNGA	176385	15692602	15681081	151142	117727	9223372036854775807	0.00953953812937	0.00745163812359	0.00208790000579
CTTG	7273	640443	643460	8259	6924	27.6617371774	0.0127315778277	0.0106460183522	0.00208555947549
GNTG	27630	2446334	2453022	26022	21023	118.622603692	0.0105251832665	0.00849742021669	0.0020277630498
GGTG	4118	346584	351710	3653	2990	17.4003318515	0.0104300802028	0.00842965886665	0.00200042133619
GANG	31297	2786958	2778426	31082	25330	123.746955174	0.0110296518147	0.00903430969029	0.00199534212445
ACAG	5851	515775	516829	6091	5081	21.1059577988	0.0116715785278	0.00973539499147	0.00193618353635
GCNG	5465	472741	476185	5185	4293	20.5041407885	0.0108489598808	0.00893485237618	0.00191410750464
GAGA	7484	659001	658874	5961	4722	32.0282506824	0.00896442202712	0.00711577526085	0.00184864676627
GNAG	24956	2197025	2199284	25576	21465	79.4374078683	0.0115072385912	0.00966565784787	0.00184158074331
TCTG	6431	575282	576957	6574	5511	21.8160854595	0.0112983281087	0.00946146397742	0.00183686413125
ACTG	3844	338521	337553	4068	3427	12.3113474544	0.0118742866817	0.0100504428412	0.00182384384049
TTTA	93715	7929823	7995170	96672	83012	249.30013343	0.0120441114085	0.010276074493	0.00176803691553
CAGA	6431	577544	578108	5216	4186	25.6017336515	0.00895051135974	0.00718880840263	0.00176170295711
NGAG	17331	1504577	1506174	18048	15362	48.2227677618	0.0118532140218	0.0100963762934	0.00175683772841
GATG	12880	1169388	1163520	11213	9078	47.2945941044	0.00949770498246	0.00774178362917	0.00175592135329
TAGA	16014	1449201	1449541	12502	9924	65.2733692606	0.00855303710809	0.0067997519639	0.00175328514418
GTGA	7670	678232	680363	6666	5478	26.9169945427	0.00973283613034	0.00798727401832	0.00174556211202
NGTG	24035	2046864	2060284	24298	20782	65.2391931849	0.0117315786983	0.00998622821189	0.00174535048645
NCTG	15191	1340662	1341569	15213	12834	44.9263902335	0.0112200608463	0.00947576164554	0.00174429920078
TTNA	210114	18152107	18242683	193797	162516	9223372036854775807	0.0105635023491	0.00882989637874	0.00173360597035
CCTG	2543	219185	218040	2502	2112	7.4691309534	0.0112861827712	0.00959337185217	0.00169281091903
GACG	1958	168005	166743	1875	1580	5.70356918897	0.0110372027313	0.00938671482804	0.0016504879033
TGTG	11995	1018013	1022616	13001	11340	27.0664689828	0.0126099160632	0.0109675846941	0.00164233136909
TTAA	64568	5602774	5609876	51089	42064	192.301872984	0.00903612273591	0.00744240030857	0.00159372242734
NCAG	15192	1339387	1343132	14773	12671	37.0547217652	0.0109093460152	0.00934575303344	0.0015635929818
NAGA	64154	5703340	5684708	49041	39868	199.036084511	0.0085253393334	0.00696435858306	0.00156098075034
AGAG	6555	571276	569702	6975	6066	14.0345944232	0.0120622359494	0.0105354934626	0.0015267424868
AGTG	6172	534752	537657	5845	5050	14.3800971053	0.010812120674	0.00930520520281	0.00150691547119
TCAG	5179	459094	460186	4908	4225	12.2650957045	0.010577540614	0.00909754506246	0.00147999555159
ANGA	89996	8009612	7973521	71681	59440	235.946592393	0.0088699914729	0.00739951308117	0.00147047839173
AGNT	44232	3919530	3922793	41592	35956	90.4600952172	0.0105000552874	0.00908266727696	0.00141738801041
GCTG	2373	207674	209019	2069	1784	5.69932428429	0.00986445316411	0.00846287766303	0.00140157550108
CCAG	1991	175261	176235	1808	1569	4.64316993454	0.0102107088197	0.0088243234123	0.00138638540743
AAGA	34225	3017594	2998185	25362	21036	82.3504047089	0.00833465879888	0.00696736012369	0.00136729867519
ACGA	5677	503686	501672	5118	4399	12.0008332699	0.0100588831849	0.00869245619686	0.00136642698802
TTTC	38465	3321265	3341245	50486	46211	47.3710094105	0.0149732290433	0.0136418008086	0.00133142823468
GAAG	12763	1136909	1133165	13082	11570	19.9104654174	0.0113757412015	0.0101071427011	0.0012685985003
GGAG	3640	314410	314490	3395	2996	6.15943176388	0.0106826513113	0.0094366365761	0.00124601473524
ATGA	38159	3448092	3433369	30236	25794	73.1395473994	0.00869268223123	0.0074567171307	0.00123596510053
TTCC	12818	1106603	1109956	13904	12652	14.4714815761	0.0124086685759	0.0112701851403	0.00113848343561
NGNT	153949	13623090	13661295	127401	113868	173.169074614	0.00926519642099	0.00826618167785	0.000999014743136
TTTN	367410	29539259	29929732	304259	279560	9223372036854775807	0.0101951452238	0.00925410631934	0.00094103890449
GGNN	64045	5499311	5524503	54248	49821	46.2191733815	0.00976815047792	0.00893758597455	0.000830564503368
TTNN	736008	61625761	62174964	585936	540061	9223372036854775807	0.00941842174792	0.00861134951314	0.000807072234788
TTNC	77375	6692280	6708019	89251	84292	34.1039620368	0.0131608924297	0.0124099146815	0.000750977748279
TCAA	20552	1848660	1843082	15060	13611	15.8500776114	0.00808061296761	0.00733077573945	0.000749837228167
CGAA	5739	511693	509208	4396	3999	4.35046574836	0.00851791067045	0.00779217742548	0.000725733244963
NTTA	217945	18809797	18905344	190484	179179	88.559869298	0.0100253254149	0.00938870727867	0.000636618136256
TNAA	210114	18264934	18204566	153681	141474	101.631414459	0.00834378697855	0.00771141892201	0.000632368056541
TTCA	31279	2783848	2789093	25312	23651	13.7865542104	0.00901052271854	0.00840851495906	0.000602007759477
TNNA	700968	59078011	59102540	534003	498021	274.917258028	0.00895797615561	0.00835597839423	0.000601997761382
NTNA	579010	50594545	50601021	464303	433551	229.145621158	0.00909348757731	0.00849524122589	0.000598246351426
TGNT	77235	6857979	6881384	57730	54237	27.2317895782	0.00834766182325	0.00782006398562	0.00052759783763
NTTC	84055	7380235	7409192	94294	90863	17.7056927854	0.0126153768351	0.0121149778235	0.00050039901162
TNTA	356704	28959375	29034689	272094	258409	85.1844546246	0.00930825611262	0.00882149781495	0.00048675829767
TGAA	31279	2791199	2787364	22984	21583	9.98212892298	0.00816720163543	0.00768366224069	0.00048353939474
CGNN	33144	2884741	2881358	27545	26212	7.62615047086	0.00945820568447	0.0090150882008	0.000443117483669
AGNN	141869	12446854	12435238	116571	111419	25.1410368383	0.00927860038166	0.00888037347319	0.000398226908475
NTAA	217945	18941391	18846592	157884	149632	40.4134269715	0.00826649179092	0.00787693385801	0.000389557932906
TGNN	199587	17497249	17526520	162682	156318	30.8171212999	0.00921192727197	0.00884009682156	0.000371830450407
NTTN	736008	61655530	62167536	570510	555890	72.3467471918	0.00916834817064	0.00886255798591	0.000305790184726
AAAA	203679	15828163	15602496	131923	125220	20.8325463221	0.00826580759026	0.00796174091648	0.000304066673778
TNTN	916396	75385312	75912114	690081	674325	67.6652564903	0.00907101459206	0.00880475719729	0.000266257394775
GTNN	156484	13555975	13602410	121402	119178	7.04901513661	0.0088761171093	0.00868543786623	0.000190679243067
NNAA	736008	62239592	61771545	505161	489576	31.4792197874	0.00805104771071	0.00786326992089	0.000187777789828
TATA	215008	16840663	16850044	139074	136012	8.59270657332	0.00819058622639	0.00800727373088	0.000183312495518
NAAA	367410	29973156	29655550	243026	235731	11.0677360287	0.00804290892873	0.00788627961445	0.000156629314286
ATNN	798468	67961366	67947683	584257	575126	16.1120233348	0.00852362228876	0.00839320524645	0.000130417042318
TATN	401792	32997627	33091756	281239	277830	7.66692207896	0.00845097906882	0.00832584497752	0.000125134091299
