#Sequence	Occurrence	Forward Match	Backward Match	Forward Mismatch	Backward Mismatch	Strand Bias Score	FER (Forward Error Rate)	RER (Reverse Error Rate), ERD (Error rate Difference)
TATATTTT	4520	4842	4850	63	15	7.46888621017	0.0128440366972	0.00308324768756	0.00976078900968
TTTTTTTT	35834	26475	28972	706	526	10.42211612	0.025974025974	0.0178317174046	0.00814230856946
TATNTTTT	10922	14161	14528	175	79	9.07608786952	0.01220703125	0.00540836585199	0.00679866539801
TNTTTTTT	43943	39440	42236	871	639	12.2569096789	0.021607005532	0.0149037900875	0.00670321544453
TATANTTT	6848	8779	8831	81	22	7.99193036779	0.00914221218962	0.00248503332204	0.00665717886758
TTTTTTTN	44441	39997	43514	1004	805	9.75780649192	0.0244872076291	0.018163767233	0.00632344039607
TTNTTTTT	43582	40958	43705	832	608	11.7495700967	0.0199090691553	0.0137205786112	0.00618849054406
TTTTTTNT	43457	40293	43295	813	600	11.3905432982	0.0197781345789	0.0136689827999	0.00610915177903
NTTTTTTT	44441	40095	43064	865	674	9.21988172366	0.0211181640625	0.0154099410124	0.00570822305011
TTTNTTTT	44354	41691	44371	784	582	10.2105443779	0.0184579164214	0.0129468556047	0.00551106081668
NTNTTTTT	59391	69449	72993	1189	846	17.2652635	0.0168322998952	0.0114573599317	0.0053749399635
TTTTNTTT	44292	42046	44582	753	554	10.061382757	0.0175938690156	0.0122740163063	0.00531985270936
TNTATTTT	10388	13410	13730	113	42	8.05637621584	0.00835613399394	0.00304966598896	0.00530646800497
TNTNTTTT	60048	67526	70953	1065	733	17.8652042756	0.0155268183873	0.0102251485646	0.00530166982268
TNNTTTTT	57358	68862	72455	1119	796	16.4090113564	0.0159900544433	0.0108667458465	0.00512330859688
TTTTTNTT	43545	41934	44580	743	555	9.38032521142	0.0174098460529	0.0122964440013	0.00511340205158
TNTTTTTN	59391	69540	73367	1376	1067	13.1724378207	0.0194032376333	0.0143348469785	0.00506839065472
TTTTTTNN	58641	69380	73861	1289	990	13.7906713065	0.0182399637748	0.0132262762021	0.00501368757273
NTCTNTTT	4967	14834	14801	115	42	7.96428121632	0.00769282226236	0.00282961665432	0.00486320560804
NNCTTTTT	6176	18553	18987	158	69	8.69599839529	0.00844423066645	0.00362090680101	0.00482332386545
TTNTTTTN	58988	70395	74095	1271	973	12.9541663219	0.0177350486981	0.0129615814994	0.00477346719869
TNTTTTNT	59112	67874	70897	1040	753	13.6249299496	0.0150912731811	0.0105094207955	0.00458185238553
TATNTTTN	22511	32401	33023	338	191	10.2107712399	0.0103240783164	0.00575058710182	0.00457349121456
TTNNTTTT	57276	71616	74892	1004	713	14.4865321476	0.0138253924539	0.00943059321473	0.00439479923913
TANNTTTT	16736	28441	29206	266	143	9.46668833126	0.00926603267496	0.00487239769668	0.00439363497827
NNTTTTTT	58641	68631	72727	1169	915	11.0314641645	0.0167478510029	0.0124249748785	0.0043228761244
TTNTNTTT	57571	68807	71591	930	652	13.9022637095	0.0133358188623	0.00902509585704	0.00431072300526
TTNTTTNT	59150	69564	72640	994	722	12.8485171382	0.0140877008986	0.00984160737166	0.00424609352689
NTANTTTT	15410	29883	30968	275	152	9.38946601352	0.00911864181975	0.00488431876607	0.00423432305368
ATATATNT	66191	19758	19034	159	72	7.07869724775	0.00798312998946	0.00376844970166	0.00421468028779
ANCNTTTT	3877	14754	15084	97	36	6.97963267699	0.00653154669719	0.00238095238095	0.00415059431624
TNTTNTTT	58718	69937	72673	956	697	11.8586909121	0.013485111365	0.00949979555677	0.00398531580825
NTATNTTT	22511	32351	33013	268	141	9.85129188629	0.00821607038842	0.00425288049707	0.00396318989135
TTTNTTTN	60628	69844	73240	1167	928	9.36385126923	0.0164340735942	0.0125121346133	0.00392193898092
ATANNTTT	17455	26143	26856	203	102	8.55549935094	0.00770515448265	0.00378366347652	0.00392149100613
NTTTTTTN	58641	68808	73012	1366	1153	7.82885141916	0.0194658990509	0.0155464167734	0.00391948227752
TTTTNTNT	58541	70062	73002	919	666	11.9340232473	0.0129471266959	0.00904056035185	0.00390656634403
TNTTTNTT	59842	69665	72390	936	688	11.173777105	0.0132576025835	0.00941459810066	0.00384300448287
NTCNTTTT	7385	23161	23045	163	73	8.02356230773	0.00698850968959	0.0031577126049	0.00383079708469
NTTTTTNT	58878	71143	74778	1072	833	10.0932320629	0.0148445613792	0.0110169155282	0.00382764585105
TTTTTNNT	56654	70035	73329	926	683	11.3367706449	0.0130494215132	0.00922823325947	0.00382118825375
TANANTTT	10691	18096	18277	108	39	7.81274647541	0.00593276203032	0.00212928587028	0.00380347616005
NTATTTTN	18371	31574	32015	316	197	7.04398811511	0.00990906240201	0.00611573326711	0.0037933291349
TATNNTTT	19150	30759	31329	227	112	9.6478520798	0.00732588911121	0.00356222766451	0.0037636614467
TTTNTTNT	58113	69975	73179	927	697	10.2358553301	0.0130743843615	0.00943472846391	0.0036396558976
NTTNTTTT	58988	70746	73866	1029	799	9.35932868117	0.0143364681296	0.0107011317217	0.00363533640788
NATNTTTT	20120	37789	39137	347	216	8.370145415	0.00909901405496	0.00548878103321	0.00361023302175
TTTNTNTT	58017	70866	73738	850	619	10.7670825114	0.0118523063194	0.00832470379386	0.00352760252551
NTTTNTTT	60628	69977	73010	957	735	9.27440069966	0.0134914145544	0.00996677740864	0.00352463714574
TTTNNTTT	57811	70988	74014	864	635	10.572774699	0.0120247174748	0.00850647697893	0.00351824049588
NTATATNT	80533	36044	35045	248	117	10.1526075049	0.00683346191998	0.00332745577612	0.00350600614386
ATNTNTTT	25971	36895	37894	330	205	7.79428631305	0.00886501007388	0.00538071865403	0.00348429141984
ATATNTTN	23538	30396	30480	247	141	7.03280204164	0.0080605684822	0.00460468306064	0.00345588542155
TNTANTTT	15841	25540	26037	150	65	8.32866067066	0.0058388478007	0.00249023063367	0.00334861716703
TTTTNTTN	58989	71197	74722	1104	902	7.50179495405	0.0152694983472	0.0119274304454	0.00334206790183
TTTTTNTN	58878	71593	75438	1100	902	7.51123636428	0.0151321310167	0.0118155619597	0.00331656905709
TTTTNNTT	57014	72084	75036	817	598	10.1521038678	0.0112069793281	0.00790649707803	0.0033004822501
TATNTTNT	23458	31677	31419	237	132	6.98328679133	0.00742620793382	0.00418370257678	0.00324250535704
TTNTTNTT	60569	76155	78874	899	671	9.78636294226	0.0116671425234	0.00843547677415	0.00323166574927
TATNTNTT	28036	32431	32371	246	140	6.96030581911	0.00752823086575	0.00430623481283	0.00322199605291
NTTTTNTT	58989	71090	74427	924	723	8.24838384348	0.0128308384481	0.00962075848303	0.00321007996505
ANANATTT	14600	24707	25058	134	60	7.00486530659	0.00539430779759	0.00238872521698	0.00300558258062
ATATNTNT	81024	40438	39777	287	163	7.6883406675	0.00704726826274	0.00408112168252	0.00296614658021
ATNTATNT	79506	36520	35517	220	115	7.21284391873	0.0059880239521	0.00322743601257	0.00276058793952
TNNATTTT	17149	32425	32835	182	94	7.00713823632	0.00558162357776	0.00285462662091	0.00272699695685
ANATATNT	80642	39023	38427	236	129	7.14860804965	0.00601136045238	0.00334578275755	0.00266557769483
NTNTATTT	22552	29712	29792	134	60	6.82030994784	0.0044897138645	0.00200991558355	0.00247979828096
