#Sequence	Occurrence	Forward Match	Backward Match	Forward Mismatch	Backward Mismatch	Strand Bias Score	FER (Forward Error Rate)	RER (Reverse Error Rate), ERD (Error rate Difference)
CCCC	1370	10327	10716	127	63	5.80729315875	0.0121484599196	0.00584469802394	0.00630376189571
NCCC	6654	51701	51994	361	216	8.82736899466	0.00693404018286	0.00413713847922	0.00279690170364
CCCN	6653	52162	52277	320	211	5.58480112383	0.0060973286079	0.00401996646853	0.00207736213938
TTGG	6064	43776	45127	186	112	5.13487474707	0.00423092670943	0.00247573995889	0.00175518675055
TTTT	147910	384188	404840	2910	2373	19.6438041803	0.00751747619466	0.00582741710112	0.00169005909353
CTTT	23538	126369	128450	368	182	15.1579449406	0.00290365086754	0.00141488898563	0.00148876188191
ATCT	13340	76542	77371	235	131	7.37217086964	0.00306081248291	0.00169027896054	0.00137053352236
TCTT	26990	179409	181351	423	189	20.8601826849	0.00235219538236	0.00104109287209	0.00131110251026
NTTT	266739	845219	874387	4146	3267	30.5601654068	0.00488129367233	0.00372242364303	0.0011588700293
GNGT	12785	84090	85789	278	185	5.13671914859	0.00329508818509	0.00215181333892	0.00114327484618
TNTT	288630	926897	954130	3969	3121	28.6748893978	0.00426377158474	0.00326037789462	0.00100339369012
CTNT	46140	279505	280709	799	522	13.7401255136	0.00285047662538	0.00185612539158	0.000994351233796
TTTN	266742	841478	868993	5321	4708	13.8677482718	0.00628366353763	0.00538857114734	0.000895092390291
TTNT	285608	892895	916407	4504	3799	18.2154738314	0.00501894920765	0.00412842341823	0.00089052578942
NCTT	54131	389628	390804	800	459	21.2148618908	0.00204903336851	0.0011731239601	0.00087590940841
NTCT	49507	327297	327507	1076	791	10.3191870035	0.0032767614877	0.00240939634113	0.000867365146569
NTGG	18897	144464	146524	460	346	4.52667225719	0.00317407744749	0.00235582487914	0.000818252568345
NTNT	672716	2135306	2171216	8020	6478	42.469975149	0.00374184795034	0.00297470627186	0.000767141678471
GTNT	47334	250692	255596	780	612	5.86684964545	0.0031017369727	0.00238868419409	0.000713052778612
ACAA	23473	123677	122986	218	129	5.51811940521	0.00175955446144	0.00104780083662	0.000711753624823
CNTT	60143	345162	347781	680	440	12.4189509808	0.0019662157864	0.00126356537946	0.000702650406942
NCCT	20922	194851	193585	620	483	4.16355296057	0.00317182599976	0.00248881835233	0.000683007647435
ANCT	36531	313177	312465	857	644	7.22803324645	0.00272900386582	0.00205679172429	0.000672212141536
NNTT	541369	2161827	2204470	6636	5295	39.7340387619	0.00306023206299	0.00239618239949	0.000664049663501
TCTN	49507	328484	327870	783	570	7.98061096369	0.00237800933589	0.00173547679942	0.000642532536473
NCCN	49057	417007	412941	1441	1171	6.25321307503	0.00344367758957	0.00282773742369	0.000615940165877
CTTN	54132	391473	390263	975	747	7.17639880954	0.0024844055773	0.00191043707322	0.000573968504079
CNCN	39576	308585	305443	886	701	4.98411770066	0.00286295000178	0.00228977213338	0.000573177868402
NNCT	112458	874652	871807	2569	2059	12.740161971	0.00292856646159	0.00235619648779	0.000572369973796
ATNT	293634	712214	718504	1937	1545	11.2145192247	0.00271231154196	0.00214568730739	0.000566624234565
NTTN	541370	2160704	2192857	8889	7937	15.8863843789	0.0040970818029	0.00360642568091	0.000490656121987
TNNT	588732	2292648	2322061	7554	6530	20.1081762688	0.0032840594	0.00280427090889	0.000479788491112
GNNT	108835	648507	660055	1761	1478	7.29944986597	0.00270811419292	0.00223420449169	0.000473909701229
TTNN	541373	2159754	2189023	9407	8537	12.7801458087	0.00433669976549	0.00388476310089	0.000451936664592
NTCN	131314	882098	871966	2488	2064	8.366811204	0.00281261516687	0.00236147500658	0.00045114016029
TNTN	672719	2140089	2168792	8350	7493	13.6135738393	0.00388654274103	0.00344302331726	0.000443519423773
NTAT	295392	655045	657877	1897	1664	4.21856766335	0.0028876217383	0.00252296672989	0.000364655008404
CNNT	120769	754704	755887	1789	1526	5.35444282861	0.00236485995244	0.0020147528495	0.000350107102936
CTNN	112460	880663	873090	2144	1843	5.1136099494	0.00242861690041	0.00210644700794	0.000322169892467
ANTT	154890	662183	670033	1437	1240	4.36324940073	0.00216539585908	0.00184723651927	0.000318159339806
NCTN	112458	880280	872159	1944	1660	5.02843416513	0.00220352200802	0.00189970691871	0.000303815089306
NCNT	152471	1018727	1012130	2208	1918	4.74044105318	0.00216272338592	0.00189142920256	0.000271294183353
ANNT	537482	2045269	2056765	5308	4811	6.71510434361	0.00258853971346	0.00233365153649	0.000254888176962
