#Sequence	Occurrence	Forward Match	Backward Match	Forward Mismatch	Backward Mismatch	Strand Bias Score	FER (Forward Error Rate)	RER (Reverse Error Rate), ERD (Error rate Difference)
AAAAAATT	1481	3937	4244	71	15	10.2091535506	0.0177145708583	0.00352195351021	0.0141926173481
TTTTTTNC	2498	7610	8366	203	119	7.23376143481	0.0259823371304	0.014024749558	0.0119575875724
AAAAANTT	2750	8354	8876	112	19	16.1843003759	0.0132293881408	0.00213603147836	0.0110933566624
TTTTTTTT	20082	24022	30420	718	593	13.6523223216	0.0290218270008	0.0191210137684	0.00990081323239
NAAAAATT	2765	8231	8779	115	35	11.0308748935	0.0137790558351	0.00397095529839	0.00980810053674
TTTTTTTN	25318	36613	44805	1123	922	18.2625925491	0.0297593809625	0.0201631421261	0.00959623883638
NTTTTTNC	4179	14462	15457	322	205	8.09461937866	0.0217803030303	0.0130890052356	0.0086912977947
NNTTTTTC	4461	16226	17308	401	281	7.04766123973	0.0241173994106	0.0159758940247	0.00814150538592
TNTTTTNC	4446	15524	16467	303	184	8.58142231407	0.0191444999052	0.0110503873641	0.0080941125411
NTNTTTTC	4391	16225	17235	348	234	7.09633858879	0.0209980088095	0.0133951571355	0.00760285167401
TTNTTTNC	4151	14877	15658	257	152	7.72633496465	0.0169816307652	0.00961416824794	0.00736746251722
NTTTTTTT	25318	37217	44364	937	783	12.449500552	0.0245583687163	0.0173433450728	0.00721502364349
ANAAAATT	2830	8602	9041	82	21	9.10370253772	0.00944265315523	0.00231736923416	0.00712528392106
AANAAATT	2685	8280	8634	79	21	8.41898784314	0.00945089125493	0.00242634315425	0.00702454810069
TNTTTTTT	25028	36668	43980	855	712	12.0116124375	0.0227860245716	0.0159312628658	0.00685476170576
TTNTTTTT	24680	37186	44419	840	693	12.0873701991	0.0220901488455	0.0153617662706	0.00672838257491
AAANAATT	2873	8758	8907	82	23	7.99593964542	0.00927601809955	0.00257558790594	0.00670043019361
TTTTTTNN	34022	61903	71921	1422	1161	18.0883578196	0.0224555862614	0.0158862647437	0.00656932151764
AAAANATT	3316	10011	10432	85	21	9.56901683883	0.00841917591125	0.00200899263369	0.00641018327756
NAAAANTT	5609	18987	20081	168	50	16.043667609	0.0087705559906	0.00248373155829	0.00628682443231
TTTTTTNT	24674	36285	43410	878	768	9.44937135374	0.0236256491672	0.0173842183892	0.00624143077794
NTTTTTTN	34022	61673	71249	1567	1346	14.5438782996	0.0247786211259	0.0185412218472	0.00623739927864
TTTNTTTT	25108	38188	45463	788	646	11.5346358097	0.0202175697865	0.0140102799887	0.00620728979781
TNTTTTTN	34389	62522	72303	1471	1239	15.4458828698	0.022986889191	0.0168475157053	0.00613937348569
TTTTNTTT	24943	37990	45046	773	638	10.7546816048	0.0199416969791	0.0139655021452	0.00597619483391
TTTTTNTT	24764	37762	44629	763	635	10.0344533869	0.01980532122	0.0140288087663	0.00577651245364
TTNTTTTN	33892	63061	72354	1354	1120	15.0531751264	0.0210199487697	0.0152434874922	0.00577646127752
NNTTTTNC	8016	31359	32746	504	339	9.34909042445	0.0158177196121	0.0102463351972	0.00557138441487
TTTNTTTN	34691	63147	72136	1258	1026	14.7576316838	0.019532644981	0.0140236734917	0.00550897148928
ANAAANTT	5512	18454	19059	135	36	13.8254564299	0.0072623594599	0.00188531029065	0.00537704916924
AAAANNTT	6723	23083	24144	163	41	17.767486938	0.00701195904672	0.00169526566053	0.00531669338618
NTNTTTNC	7785	30181	31258	437	283	9.07450046397	0.0142726500751	0.00897244855902	0.0053002015161
AANAANTT	5664	19366	19851	139	38	13.7433078301	0.00712637785183	0.00191060385138	0.00521577400046
TTTTNTTN	34050	64115	72622	1234	1008	13.6921526959	0.0188832269813	0.0136900719815	0.00519315499976
NAAAAANT	9707	27449	28925	445	316	7.00168974003	0.0159532515953	0.0108067439554	0.00514650763992
NTNTTTTT	34389	63318	72077	1192	974	13.6197640908	0.0184777553868	0.0133331508124	0.00514460457432
TTTTTNTN	34071	63487	72853	1202	996	13.3577932138	0.0185812116434	0.0134869801893	0.0050942314541
NTTTTNNC	7186	27470	28777	365	234	8.30872552012	0.0131129872463	0.00806590603564	0.00504708121063
NNTTTTTT	34022	62687	71321	1214	1013	12.3235634467	0.0189981377443	0.0140044792214	0.00499365852293
NTTNTTTT	33892	63785	72207	1093	870	13.9085545298	0.0168470051481	0.0119052506261	0.00494175452207
AAANANTT	6363	21027	21507	138	35	14.5104118011	0.00652019844082	0.00162473307957	0.00489546536126
NNAAAATT	5494	18286	19251	136	49	10.5553493326	0.00738247747259	0.00253886010363	0.00484361736896
NNTTTNTC	7545	30722	31741	447	309	7.17313179429	0.0143411723186	0.00964118564743	0.00469998667122
TNTNTTTT	34712	63570	72191	1014	804	13.4370886103	0.0157004830918	0.0110144530447	0.00468603004706
NANAAATT	5602	18229	18850	130	47	9.72753250477	0.00708099569693	0.00248716727523	0.0045938284217
TNNTTTTT	33149	62243	70652	1056	876	11.0308958268	0.0166827280052	0.0122469522425	0.0044357757627
TNTTTNNC	7496	28938	29929	344	221	7.43661004234	0.0117478314323	0.00733001658375	0.00441781484853
TNNTTTNC	7737	30808	31781	407	277	6.96040991522	0.0130386032356	0.00864058893256	0.00439801430306
NNAATTTT	5494	18711	18966	134	52	8.74870334957	0.0071106394269	0.00273425176149	0.00437638766541
NAANAATT	6027	20019	20639	138	53	9.45430256337	0.00684625688346	0.00256137637734	0.00428488050612
NTTTTTNN	50477	115268	127331	2076	1735	16.7970868989	0.0176915734933	0.0134427347249	0.00424883876845
ANNAAATT	5280	17654	18263	105	31	9.93884318251	0.00591249507292	0.00169454465945	0.00421795041347
NTTTTTNT	34071	63486	71757	1208	1054	8.93441955699	0.0186725198627	0.0144758346953	0.00419668516743
TTNTNTTT	33027	62440	70415	935	753	11.1002954897	0.0147534516765	0.0105805980216	0.00417285365495
TNTTTTNN	51453	116707	129108	1958	1613	17.5486882598	0.0165002317448	0.0123392568906	0.0041609748542
AAAAANNT	11128	30719	32254	344	225	7.43141122479	0.0110742684222	0.00692755318821	0.00414671523402
TTNNTTTT	32942	63114	71471	960	783	10.9090224086	0.0149826762806	0.0108367702826	0.00414590599794
NTTTNTTT	34691	63747	71723	1030	857	10.0442067731	0.0159007054973	0.0118076605125	0.00409304498478
NAAANATT	6647	21150	21949	136	51	9.76009963705	0.00638917598421	0.00231818181818	0.00407099416603
NNTNTTTT	51453	117832	129233	1566	1181	21.5235683015	0.0131157975845	0.00905577622034	0.0040600213642
TNTTTTNT	34035	61865	70547	1099	966	8.30968115131	0.0174544183978	0.0135080335044	0.00394638489342
TTTNNTTT	33011	63152	71071	879	704	10.657262232	0.0137277256329	0.00980842911877	0.00391929651412
ANAANTTT	5111	17933	18320	109	39	8.15176185496	0.00604145881831	0.00212429870908	0.00391716010923
TTNTTTNT	33897	62302	70366	1057	916	8.22627198446	0.0166827127953	0.0128503689571	0.00383234383824
TNTTNTTT	33769	63717	71610	957	794	9.47398462301	0.0147972910289	0.0109662449588	0.00383104607001
NTNTTTTN	51453	116412	128489	2058	1765	13.934814746	0.0173714864523	0.013550447587	0.00382103886524
ACNNNTTT	4485	19394	19572	110	36	8.9338192279	0.00563986874487	0.00183598531212	0.00380388343276
NNTTTTTN	50477	115122	127198	2225	1966	12.086623088	0.0189608596726	0.0152209594005	0.00373990027214
TTTTTNNN	50477	116163	128534	1662	1351	16.2799807256	0.0141056651814	0.0104015090272	0.0037041561542
TTNTTTNN	50650	114915	125994	1748	1439	14.9292659305	0.0149833280475	0.0112922084546	0.00369111959281
TTTTNNNC	7664	30105	31416	280	175	6.96296616108	0.00921507322692	0.00553955240417	0.00367552082276
NTTTTNTT	34050	64537	72246	1002	850	8.44711074304	0.0152886067837	0.0116285432855	0.0036600634982
NCNANTTT	3501	16377	16563	89	29	7.37772827755	0.00540507712863	0.00174783027965	0.00365724684898
TNTNTTTN	53941	116854	127796	1784	1472	14.7528265461	0.0150373404811	0.0113871955937	0.00365014488748
ANNATTTT	7148	23845	24443	157	71	8.18508664701	0.0065411215732	0.00289630415273	0.00364481742047
NCANNTTT	5785	26250	26777	145	50	11.1548153514	0.00549346467134	0.00186379393894	0.0036296707324
AANNAATT	5329	17695	17994	97	33	7.69540491598	0.00545188848921	0.00183058745216	0.00362130103705
NNNTTTTT	50477	116689	127959	1656	1344	15.4718634294	0.013992986607	0.01039419039	0.00359879621694
NTNNTTTT	49941	116624	127338	1482	1151	17.2714684075	0.0125480500567	0.00895796527329	0.00359008478344
TNTTTNTT	34688	63607	71592	934	789	8.42025112795	0.0144714212671	0.0109006507233	0.00357077054385
TTTNTNTT	33455	63973	71914	861	706	9.18706312577	0.0132800690995	0.00972183971358	0.00355822938597
TTTTTNNT	32704	60978	68937	1001	881	7.1068793677	0.0161506316656	0.0126185224441	0.0035321092215
TNNTTTTN	49941	115531	127046	1889	1618	12.6221588828	0.0160875489695	0.0125753901635	0.00351215880598
ANANAATT	6353	20018	20189	107	37	8.15353458201	0.00531677018634	0.00182932858697	0.00348744159937
NTTNTTTN	50650	114712	125532	1832	1557	12.4893130281	0.0157193849533	0.0122512569931	0.00346812796019
NNAAANTT	11516	42591	44091	226	80	17.0134880541	0.00527827731976	0.00181114305766	0.00346713426209
TTNNTTTN	49429	113826	123845	1593	1300	13.7166051104	0.0138018870377	0.010387949978	0.00341393705964
NNAANTTT	11516	43052	43867	230	84	16.1069571734	0.00531398733885	0.00191121931242	0.00340276802643
ANANATTT	8726	23495	23580	123	43	9.09370641836	0.00520789228554	0.00182025991618	0.00338763236936
TTTTNTNT	33512	62262	70413	968	850	7.02306482704	0.0153091886763	0.0119276482887	0.00338154038753
TNNNTTTT	49274	114029	124263	1335	1027	16.2381532826	0.0115720675427	0.00819698299944	0.00337508454329
NTNTNTTT	53941	117773	127762	1419	1100	16.1338547223	0.0119051614202	0.00853626359982	0.00336889782041
AANANTTT	5664	19938	20599	111	45	7.17074525031	0.00553643573246	0.00217981011432	0.00335662561814
TTTNTTNN	51007	116781	127057	1636	1343	13.5613613386	0.0138155839111	0.0104595015576	0.00335608235346
ANAANATT	7236	22768	23332	113	37	9.42421639489	0.00493859534111	0.00158329410758	0.00335530123353
NANAANTT	12863	45944	46848	236	83	17.3627492836	0.0051104374188	0.00176855383435	0.00334188358444
NNTATTTT	11191	30318	31269	201	102	8.39890576757	0.00658606114224	0.0032514105384	0.00333465060384
NNAAAANT	18810	60242	62740	688	504	8.63440097538	0.0112916461513	0.00796913541205	0.00332251073927
TTTTNNTT	32767	62994	70722	837	700	7.94907743598	0.0131127508577	0.00980090168295	0.00331184917478
TTTTNTNN	50895	117134	128357	1592	1310	13.6671769203	0.0134090258242	0.0101028017923	0.00330622403188
NNNATTTT	21176	68635	70442	430	210	18.5091254651	0.00622601896764	0.00297231500878	0.00325370395886
NNTTTNNC	14368	61628	62670	605	409	9.70833364222	0.00972153037777	0.00648393284611	0.00323759753166
TTNTTNTT	34430	67493	75008	922	777	7.77164442371	0.0134765767741	0.0102526885268	0.00322388824735
NTATNTTT	13663	32955	33870	239	136	7.46255333997	0.00720009640296	0.00399929424219	0.00320080216077
ANNAAANT	18588	58650	60950	581	406	9.02377988614	0.009809052692	0.00661711976009	0.00319193293191
NANAATTT	5254	18383	18386	87	28	7.17790144999	0.00471034109367	0.00152058216574	0.00318975892792
ANATNTTT	11346	29602	30604	191	99	7.70391589758	0.00641090188971	0.00322444060841	0.0031864612813
NANAAANT	19090	59229	61160	624	447	8.37943335252	0.0104255425793	0.00725566899865	0.00316987358067
AAANNATT	6511	21899	22368	105	36	8.29043222006	0.00477185966188	0.00160685591859	0.00316500374329
NAAAANNT	21430	68224	70836	611	407	11.3979100286	0.00887629839471	0.00571284196342	0.00316345643129
NNNNTTTT	83289	234972	250482	2337	1686	33.6645059877	0.00984791980077	0.00668601884458	0.00316190095619
TTNTNTTN	50135	115996	125911	1541	1266	12.5616179127	0.0131107651208	0.00995463016111	0.00315613495966
TTTNNTTN	49387	113114	122522	1435	1161	12.7261824339	0.0125273900252	0.00938690038243	0.0031404896428
NNANTTTT	18810	61572	63489	449	262	12.747942696	0.00723948340078	0.00410973945507	0.00312974394572
ANNANTTT	13503	48059	48947	249	103	14.5058530296	0.00515442576799	0.0020998980632	0.00305452770479
TNTNNTTT	49975	114970	124333	1206	919	14.8274959057	0.0103808015425	0.00733720818829	0.00304359335419
ANAANNTT	14972	52865	54023	248	88	18.0931196093	0.00466929000433	0.00162628670695	0.00304300329738
ANANANTT	16990	51504	51869	244	88	16.9367984852	0.00471515807374	0.00169370825875	0.00302144981499
ANANNTTT	19404	60649	62061	339	158	16.033885394	0.00555847051879	0.00253941721982	0.00301905329897
NTNTTTNT	53432	118636	128294	1600	1336	11.3962933564	0.0133071625803	0.0103062562678	0.00300090631242
NTTNNTTT	49429	114682	123820	1255	977	13.6719141237	0.0108248445276	0.00782871383126	0.00299613069637
NAAANNTT	14054	51099	53062	259	109	15.3149977192	0.00504303127069	0.00204998965602	0.00299304161467
NNTANTTT	18283	55535	56452	298	133	15.0965886365	0.00533734529758	0.00235044623133	0.00298689906625
ANNAANTT	11773	43006	43754	200	72	14.3132132042	0.00462898671481	0.0016428604025	0.00298612631231
NTTTNTTN	51007	116536	126545	1752	1516	9.88404726611	0.014811307994	0.0118381084015	0.00297319959258
NTTTTNTN	50895	116611	127808	1706	1480	10.1986369239	0.0144188916217	0.0114473114287	0.00297158019291
NNNTTTNC	15539	66865	68271	727	537	7.81868524268	0.010755710735	0.00780432507848	0.00295138565652
TTNNNTTT	47017	111140	120440	1147	882	13.6697061159	0.0102148957582	0.00726990982674	0.00294498593145
NNTTTTNT	50895	116717	127110	1634	1406	9.9013288433	0.0138063894686	0.0109402720284	0.00286611744023
NNTTNTTT	50650	116025	125930	1388	1139	11.4691634498	0.0118215189119	0.00896363393117	0.0028578849807
TNTTTNTN	53432	118895	129418	1623	1388	10.2560380897	0.0134668680197	0.0106111340458	0.00285573397388
NTANNTTT	21107	60407	61834	367	199	12.4784569704	0.00603876657781	0.00320796995148	0.00283079662634
NNNANTTT	37749	134316	136730	665	288	34.7628534979	0.00492661930198	0.00210191361719	0.00282470568479
ANAAANNT	22755	67232	69584	541	361	9.96767694488	0.00798252991604	0.00516119808421	0.00282133183183
TNNTNTTT	48772	113357	122609	1248	1001	11.6482980993	0.0108895772436	0.00809805031955	0.00279152692402
NAANANTT	14107	50334	51628	238	100	13.7737676666	0.0047061615123	0.00193318898856	0.00277297252374
NNNAAATT	11542	41481	42966	185	72	12.4057827564	0.00444007104114	0.00167294019239	0.00276713084875
TNTTNTTN	53083	124459	134050	1672	1421	10.1635518587	0.0132560591766	0.0104893298197	0.0027667293569
AANNANTT	12912	46044	46549	193	66	14.5750232306	0.00417414624651	0.00141585326612	0.0027582929804
NANANTTT	15344	52363	53258	262	119	12.9540014981	0.00497862232779	0.00222942465856	0.00274919766923
AANNAANT	19019	56890	58684	471	323	7.7573876797	0.00821115391991	0.00547392682224	0.00273722709767
ANANAANT	22182	63369	64740	521	353	8.55844234272	0.00815464078886	0.0054230101547	0.00273163063415
NNNAATTT	11542	42346	42510	176	60	13.2114435848	0.00413903391186	0.00140944326991	0.00272959064195
TTNNATTT	8769	26552	27025	114	42	8.14301604281	0.00427510687767	0.00155170502826	0.00272340184941
AANANNTT	16177	56170	57731	257	107	15.1131581151	0.00455455721552	0.0018499948131	0.00270456240242
TTTTNNTN	49848	118162	128152	1379	1142	10.7031778413	0.0115357910675	0.00883258310517	0.00270320796233
NNTTTTNN	83289	232657	248119	3070	2591	17.5770034713	0.0130235399424	0.0103346495951	0.00268889034724
TTTNTNTN	52561	117778	128134	1392	1164	10.3573435035	0.0116807921457	0.00900245943479	0.00267833271088
NTNANTTT	15677	52009	52970	256	118	12.374564282	0.00489811537358	0.00222272453285	0.00267539084073
AAANNNTT	15144	55273	56931	235	90	15.7738486986	0.00423362398213	0.00157836586521	0.00265525811692
ANNNTTTT	21602	69158	71994	562	392	8.8999046773	0.00806081468732	0.00541541181997	0.00264540286736
NTNTTTNN	85988	230091	243961	2810	2321	18.1123540791	0.0120652122576	0.00942415604876	0.00264105620881
NNTNNTTT	82200	229073	241980	1933	1394	26.8096625702	0.00836774802386	0.00572780987287	0.00263993815099
NNATNTTT	24936	74125	76246	451	261	13.0045277273	0.00604752199099	0.00341145254683	0.00263606944416
NANNTTTT	21430	69202	71976	495	324	10.0510732403	0.00710217082514	0.00448132780083	0.00262084302431
NTNNNTTT	82382	224918	237421	1882	1356	26.1374792292	0.00829805996473	0.00567893892628	0.00261912103845
TNNTTTNT	50111	113146	123076	1425	1222	8.86592305699	0.0124377023854	0.00983121208708	0.00260649029834
NAAANANT	19643	61365	63084	523	371	7.28286032983	0.00845074974147	0.00584666298952	0.00260408675195
AAANANNT	25332	70167	72275	490	315	10.1951373334	0.00693491090762	0.00433944069431	0.00259547021331
NCNNNTTT	14946	66916	68075	364	193	12.8349932785	0.00541022592152	0.00282709322084	0.00258313270069
NTTNTNTT	50135	116596	125839	1211	978	10.7303836001	0.0102795249858	0.00771189982416	0.00256762516163
NTNTTNNC	15047	63758	65138	535	377	7.42708343997	0.00832127914392	0.00575440738762	0.0025668717563
TNTNTNTT	55937	119898	129326	1200	957	11.4129204848	0.00990932963385	0.00734554776909	0.00256378186476
AAAANNNT	21602	68552	71375	458	292	10.2717070421	0.00663671931604	0.00407439965396	0.00256231966209
NNANNTTT	43969	152223	155570	791	407	29.4789168281	0.00516946161789	0.00260935907217	0.00256010254572
NANNAATT	12055	41782	42564	179	73	10.834700135	0.00426586592312	0.00171212796397	0.00255373795914
NNATTTNT	23208	68254	69644	445	277	10.0061408954	0.00647753242405	0.00396161382131	0.00251591860274
NTTTNNNC	14329	61188	62077	487	337	7.12695977741	0.00789623023916	0.00539942961515	0.00249680062401
NNNTNTTT	85988	232535	245851	2078	1574	22.6899899372	0.00885713920371	0.00636152369405	0.00249561550966
TNNNNTTT	77725	217413	228977	1737	1253	23.7852559147	0.00792607802875	0.00544238370325	0.00248369432549
TANNNTTT	19255	56994	57987	358	219	8.53860154895	0.00624215371739	0.00376249871147	0.00247965500592
TNNANTTT	17132	54026	54854	257	124	11.2806227978	0.00473444724868	0.0022554476336	0.00247899961508
TNNTTTNN	82200	227107	240770	2605	2155	16.6579267232	0.011340286968	0.00887105073582	0.00246923623221
TNTNTTNT	53577	117402	127241	1339	1135	8.85410518402	0.0112766441246	0.00884121642675	0.00243542769786
NATNNTTT	22630	72079	74537	438	270	10.7012385248	0.00603996304315	0.00360928790086	0.00243067514228
TTNTTNTN	52579	123656	133402	1500	1288	8.62357633222	0.0119850426668	0.00956269953226	0.00242234313449
NNANATTT	17878	56982	57353	227	90	13.8170382985	0.00396790714748	0.00156677053775	0.00240113660973
NTNTTNTT	53083	124986	134023	1328	1100	9.52628927591	0.0105134822743	0.00814073103765	0.00237275123669
AANAANNT	21831	68115	70224	492	339	7.91023398467	0.00717127989855	0.00480421750776	0.00236706239079
TNANNTTT	16413	54802	55695	288	160	9.13470214692	0.00522780903975	0.00286456002148	0.00236324901827
NTTNTTNT	52579	123496	132485	1438	1225	8.42095558541	0.0115100773208	0.00916161842794	0.00234845889288
NNTTTNTT	51007	117275	126857	1330	1135	8.25837581651	0.0112136925087	0.00886774173386	0.00234595077489
NNNAAANT	37749	131634	135773	1068	779	12.6762090176	0.00804810779039	0.00570478645498	0.00234332133541
GNNNNTTT	11146	50069	51649	243	129	9.10417886168	0.00482986166322	0.00249140561628	0.00233845604694
TNNNTTTN	82382	223364	236640	2448	2035	15.0804542397	0.0108408764813	0.00852623860899	0.00231463787233
ANNNNTTT	47204	157073	160872	879	525	22.1524751686	0.00556498176661	0.00325284856596	0.00231213320065
TNTTNNNC	15867	68401	69024	477	320	7.76258878846	0.00692528819071	0.00461467466544	0.00231061352528
ANNNATTT	17814	53293	53170	219	95	11.3160618729	0.00409253999103	0.00178353515442	0.00230900483661
NNTNTTTN	85988	230242	244314	2834	2431	13.7052411214	0.0121591240625	0.00985227664188	0.00230684742066
CNNNNTTT	14667	65905	68000	404	259	8.65408270437	0.00609268726719	0.0037943714382	0.00229831582899
NTTTTNNN	83289	233691	248678	2510	2093	15.6335927963	0.010626542648	0.00834626013375	0.00228028251425
NNAAANNT	43969	149428	153752	1005	682	16.360244485	0.00668071500269	0.00441612598262	0.00226458902007
NTTTTNNT	49848	117660	126955	1419	1241	7.0942479482	0.0119164588215	0.00968048925083	0.00223596957062
NNNTTTNT	85084	230612	243902	2337	1918	15.6232686744	0.0100322388162	0.00780245708242	0.0022297817338
NTATTTNN	23462	64303	64723	435	292	7.02946700374	0.00671939201087	0.0044912712451	0.00222812076578
TNTNTTNN	90121	236512	249424	2438	2008	15.5139215678	0.0102029713329	0.00798625473289	0.00221671660002
NNNAANTT	28152	109212	111036	401	161	23.9943127475	0.00365832519865	0.00144788078815	0.0022104444105
NTNNATTT	21636	62830	63481	253	116	12.1196395433	0.00401058922372	0.00182398540812	0.0021866038156
NTTTNTNT	52561	117357	126938	1373	1202	6.97438939573	0.0115640528931	0.00938036522553	0.00218368766758
TTTNNNTT	47157	111986	120845	988	799	8.80293336814	0.00874537504205	0.00656834697971	0.00217702806233
NNAANNTT	32020	122063	124581	463	201	24.5064129175	0.00377878980788	0.00161080925133	0.00216798055654
ANNTNTTT	25332	71382	73686	493	348	7.20251161652	0.00685913043478	0.00470054299376	0.00215858744102
TNTTTNNN	85988	231500	245303	2361	1964	14.5284859566	0.0100957406323	0.00794283102881	0.00215290960345
NNNTTTTN	83289	232651	248416	3136	2804	10.9260259163	0.0133001395327	0.0111615317252	0.00213860780753
NTNNTTTN	82200	226977	240493	2574	2207	12.4060543597	0.0112131944535	0.00909353110836	0.00211966334516
ANNNAATT	11906	40690	41102	142	56	8.98544456459	0.0034776645768	0.00136061033092	0.00211705424588
ATNNNTTT	24922	70614	72175	455	311	7.30962556911	0.00640222881988	0.00429048367961	0.00211174514027
ANANNNTT	42506	145286	147860	562	258	26.5472714772	0.00385332675114	0.00174185446738	0.00211147228375
TTNTNTNT	53006	115279	124582	1220	1051	7.06051379871	0.0104721928944	0.00836563641718	0.00210655647718
NANNNTTT	43830	156490	160322	835	515	19.0743759762	0.00530748450659	0.00320199953991	0.00210548496669
NTTNTTNN	85355	238305	250275	2507	2096	13.7687481402	0.0104106107669	0.00830523316863	0.00210537759828
NNTNTTNT	90064	244325	257015	2170	1734	16.7703611975	0.00880342400454	0.00670147517478	0.00210194882976
AANNNTTT	15144	55352	57004	262	150	8.06698583266	0.00471104398173	0.0026244882248	0.00208655575694
NTTTNNTT	49387	113537	122204	1125	952	7.24669763968	0.00981144581466	0.00773003345351	0.00208141236115
TNNTTNTT	51410	119779	128692	1196	1014	7.45801184949	0.00988634015292	0.00781767998396	0.00206866016896
NATNTTNT	26591	76994	79603	475	325	7.98557620165	0.00613148485201	0.00406615954359	0.00206532530842
NANAANNT	46577	155094	157663	931	618	15.7290368951	0.00596699246916	0.00390444841769	0.00206254405147
NNANAATT	13568	46881	47496	188	92	8.12079563229	0.00399413626803	0.00193326048584	0.0020608757822
ANNNAANT	39908	131425	133928	821	560	12.6316407374	0.00620812727795	0.0041639402772	0.00204418700075
TTTTNNNN	83289	235113	249669	2054	1668	15.3123472195	0.0086605640751	0.00663650795545	0.00202405611965
TTNTNNTT	49376	117495	125888	1058	875	7.76028432374	0.0089242785927	0.0069026450936	0.0020216334991
TNNNATTT	18084	58480	59195	222	105	10.140183489	0.00378181322613	0.00177065767285	0.00201115555328
TTNNTNTT	49755	119358	128084	1086	904	7.69693452237	0.00901663843778	0.00700840388253	0.00200823455525
NNAANATT	14697	50711	51943	185	85	9.28746691509	0.00363486325055	0.00163373568079	0.00200112756976
ACNNNNTT	9486	43979	44230	145	57	9.12324991651	0.00328619345481	0.00128705940795	0.00199913404686
NNTNTNTT	90121	237448	250035	1851	1446	16.6936416164	0.00773509291723	0.00574993737101	0.00198515554621
TNTTNNTT	49941	116036	124374	1076	903	7.15211188077	0.00918778605096	0.00720802701214	0.00197975903882
TTNNNTTN	77675	216172	226952	1937	1578	13.0400793325	0.00888088066059	0.00690500153153	0.00197587912906
NAANNATT	14201	49471	50630	187	91	8.39420582753	0.00376575778324	0.00179412866466	0.00197162911858
TTNNTTNN	80374	221593	232643	2115	1754	12.4499529074	0.00945428862624	0.00748303092616	0.00197125770008
NNNTATTT	23462	64757	65299	263	136	9.75530497986	0.00404490925869	0.00207839841064	0.00196651084805
ATANNNTT	20040	56036	56826	238	129	8.0808517878	0.00422930660696	0.00226494601001	0.00196436059695
NNNNATTT	44355	150035	150892	553	260	24.1886184764	0.00367227136292	0.0017201227903	0.00195214857262
ANNNANTT	34447	115454	115866	401	176	20.0829822719	0.00346122308057	0.00151669223212	0.00194453084845
NTTTNTNN	85084	231371	244057	2390	2041	11.5109466289	0.0102241177955	0.00829344407512	0.0019306737204
NAANNTTT	14054	51782	52785	224	126	7.06866577576	0.00430719532362	0.0023813573737	0.00192583794991
ANNANNTT	36503	132603	134986	482	230	21.2307802772	0.003621745501	0.00170098213229	0.0019207633687
NTNTNTTN	90121	236200	248943	2481	2128	11.3983784345	0.0103946271383	0.00847569014343	0.00191893699489
TNTNNTTN	86723	232590	243625	2151	1778	12.7309053067	0.00916329060539	0.007245225201	0.00191806540439
TTTNTNNN	85084	232557	245137	2024	1659	13.4257445681	0.0086281497649	0.00672215108835	0.00190599867655
NNANANTT	36168	125532	126849	444	206	20.3325549358	0.0035244808535	0.00162134508677	0.00190313576672
NANNATTT	15454	55063	55253	204	99	8.69477831182	0.00369117194709	0.00178855325914	0.00190261868795
NNNGTNTT	10851	46655	47768	169	82	7.6882580951	0.00360926020844	0.00171368861024	0.0018955715982
ANATNNTT	21254	64311	65674	252	133	9.27730187942	0.0039031643511	0.00202106158919	0.00188210276191
NANNAANT	39190	132006	134706	852	615	10.186554369	0.0064128618525	0.00454474915202	0.00186811270049
NNNNAAAT	44355	146090	149797	1150	898	8.95418499795	0.00781037761478	0.00595905637214	0.00185132124264
NAANANNT	51839	164764	168260	913	618	14.5777225002	0.00551072267122	0.00365944646431	0.00185127620691
NAAANTNT	15344	51223	53156	207	116	7.01493970245	0.00402488819755	0.00217750412975	0.0018473840678
NNANTTNT	42646	141001	143603	710	456	13.8858270772	0.005010196809	0.00316536974434	0.00184482706466
NNAATNTT	14697	51022	51738	188	95	7.6146308607	0.00367115797696	0.00183280921421	0.00183834876275
ANNTANTT	16373	43935	43872	150	69	7.14821640508	0.00340251786322	0.00157028743087	0.00183223043235
NAAANNNT	43830	154380	158835	845	576	13.6257451894	0.00544371074247	0.00361330146602	0.00183040927645
NANNANTT	32591	120759	122023	416	196	18.5280708024	0.00343305137198	0.00160367864244	0.00182937272955
ANANNATT	16430	54440	55120	172	74	9.4556772306	0.00314949095437	0.00134072544117	0.0018087655132
NAANATNT	23623	66907	68239	254	135	9.16140978472	0.0037819567904	0.00197443472665	0.00180752206375
NNANAANT	42646	139994	142881	930	688	9.76265483605	0.0065993017513	0.00479212086175	0.00180718088955
NTTNNTTN	80374	221525	232428	2160	1839	10.245679594	0.00965643650669	0.00785001728797	0.00180641921873
AAANNTNT	19404	59401	61598	233	130	7.9004167089	0.00390716705235	0.00210601347849	0.00180115357387
ANATNTNT	59304	88385	89066	440	282	8.52888592714	0.00495356037152	0.00315619823611	0.00179736213541
TNTTNTNN	90064	245207	257638	2297	1943	11.6020321862	0.00928065809037	0.00748513951329	0.00179551857708
ANANTNTT	17438	57066	58345	234	134	7.09152232577	0.00408376963351	0.00229142085193	0.00179234878158
NANANNTT	42557	141451	144173	553	304	17.6233306878	0.00389425649982	0.00210414114357	0.00179011535624
TNNNTTNT	82949	221531	233256	1834	1508	11.8673800834	0.00821077608399	0.0064234720826	0.00178730400139
TTTNNTNN	81801	227777	239232	1948	1613	11.7032257335	0.00847970399391	0.00669725342025	0.00178245057366
NCNANNTT	9229	45267	45912	134	54	8.31518125175	0.00295147683972	0.00117478136014	0.00177669547958
NTNNTTNT	87466	239479	250625	2023	1670	12.0586547248	0.0083767422216	0.00661923541885	0.00175750680274
AANNANNT	47103	150608	153693	763	507	13.1994602261	0.00504059562268	0.00328793774319	0.00175265787948
TTNTTNNN	85355	239451	251348	2143	1802	11.3138550137	0.00887025340033	0.00711830930278	0.00175194409755
TTNTNTNN	87448	232509	244689	2072	1746	11.0154852995	0.00883276991743	0.00708503256437	0.00174773735306
ANNATTNT	19014	61649	62920	257	152	7.03206973082	0.00415145543243	0.00240994419077	0.00174151124166
TNNNTNTT	87527	235571	246347	1642	1284	14.1650471564	0.00692204896022	0.00518513433294	0.00173691462728
ANNAANNT	44834	151629	154867	859	606	11.5045820469	0.00563323015582	0.00389778289478	0.00173544726104
NNAAATNT	17878	55392	57099	206	113	7.21204020993	0.00370516925069	0.00197511011676	0.00173005913393
NTNNTNTT	84942	239684	250823	1723	1365	13.7439453352	0.00713732410411	0.00541262867385	0.00172469543026
TNTNNNTT	84445	224747	235020	1479	1137	14.1720120701	0.00653771007753	0.00481459368132	0.00172311639621
AAANNNNT	47204	154653	159341	735	482	13.9689633164	0.00473009498803	0.00301583626887	0.00171425871916
ANANANNT	90610	186665	188792	985	671	14.5707902094	0.00524913402611	0.00354158859513	0.00170754543098
NTNTNNTT	86723	233433	243892	1642	1296	13.2980729295	0.00698500478571	0.00528573992202	0.00169926486369
NTATNTNT	63454	92424	92761	486	330	7.33668161619	0.0052308685825	0.00354491841317	0.00168595016933
NTATNNTT	25993	71694	72670	312	193	7.16022412072	0.00433297225231	0.00264880666456	0.00168416558775
ANAANNNT	49339	162507	165994	796	533	13.3906146004	0.00487437462876	0.00320068217166	0.0016736924571
NNNTTNTT	85355	239769	251994	1895	1564	11.7480305646	0.00784146583686	0.00616821397866	0.00167325185821
NNNNCTTT	13334	60834	62313	190	90	9.0033763985	0.0031135291033	0.00144223835393	0.00167129074938
NTNTNTNT	129439	259983	270571	2102	1729	12.2859072645	0.00802029875804	0.00634961439589	0.00167068436215
ANNATNTT	18717	61617	62758	240	139	6.95341734049	0.00387991658179	0.00220996231935	0.00166995426245
NCANNTNT	15497	64847	64769	240	132	7.48962269155	0.00368737228632	0.00203386696661	0.00165350531971
NANAATNT	19725	60249	60665	205	106	7.69496632962	0.00339100803917	0.00174425301542	0.00164675502375
TNNAANNT	33040	112939	114380	507	325	9.9401321389	0.0044690866139	0.00283335512837	0.00163573148552
NANNTTNT	46577	155026	159378	788	551	11.4116997624	0.00505731192319	0.00344527884249	0.0016120330807
NCANNNTT	12562	60750	60746	188	90	8.20520533978	0.00308510289146	0.00147938720494	0.00160571568652
NNATNTNT	95994	197569	198969	919	605	15.4026325868	0.00463000282133	0.00303145700342	0.00159854581791
TANNTTNN	44251	137042	138413	780	565	8.71279401225	0.00565947381405	0.00406539164472	0.00159408216933
NNAANTNT	36168	123539	126340	458	266	12.8321095272	0.0036936377493	0.00210100627142	0.00159263147788
NAANNNTT	34762	131921	134715	454	249	14.7700778036	0.00342965061379	0.00184493642749	0.00158471418629
NTTNNNTT	77675	216984	227167	1435	1139	11.4657605644	0.00656994125969	0.00498891838147	0.00158102287822
NNTTTNTN	85084	230786	244235	2489	2241	7.4529584627	0.0106698103097	0.0090921631315	0.00157764717822
NNATTTNN	44355	148605	149358	889	656	8.66755159673	0.00594672695894	0.00437292519365	0.00157380176529
NNTTNTNT	87448	231749	243887	1971	1685	9.34337453767	0.00843316789321	0.00686153144495	0.00157163644825
TNNTNTTN	84942	238864	250177	2253	1960	8.64047528914	0.00934401141355	0.00777355168024	0.00157045973331
AANNNNTT	35938	134046	136858	466	261	14.3309542197	0.00346437492566	0.00190345612205	0.0015609188036
AANANNNT	47175	158305	162280	750	514	11.7075031131	0.00471535003615	0.00315736452203	0.00155798551412
NNTTNTTN	85355	238590	250730	2571	2305	7.42431596464	0.010660927762	0.00910941174146	0.00155151602049
NNAANANT	43339	147299	150686	867	651	8.5615341471	0.00585154488884	0.00430165788935	0.00154988699949
NNTTTNNT	81801	226544	238361	1992	1723	8.50356701367	0.00871635103441	0.00717665483747	0.00153969619694
TANNNTNT	48335	133459	134714	612	409	9.97702291399	0.00456474554527	0.00302687181309	0.00153787373218
ANANATNT	59304	88298	88715	370	235	7.41134955868	0.00417286958091	0.0026419336706	0.00153093591031
NANANTNT	43932	139169	141626	504	295	13.5123840938	0.00360842825743	0.00207862120475	0.00152980705268
NTNTTNTN	90064	244523	257207	2342	2066	8.16976967533	0.00948696656067	0.00796843481581	0.00151853174486
TTTNNNTN	81389	225276	236129	1700	1419	9.54726936067	0.00748977865501	0.00597352956034	0.00151624909467
NNANTNTT	43339	149232	151736	600	379	12.475918321	0.00400448502323	0.00249153600894	0.00151294901429
NNNCNTTT	17415	78780	80089	263	146	8.42612503027	0.00332730286047	0.00181965476413	0.00150764809634
ANANNTNT	86586	180317	182444	734	466	14.5465155008	0.00405410630154	0.00254770105516	0.00150640524638
ANNNTTNT	49339	162841	166399	863	629	9.90902598996	0.00527170991546	0.00376583566827	0.00150587424719
NANANANT	48458	144096	146097	852	642	7.81775129292	0.00587797003063	0.0043751150001	0.00150285503053
NTANNNTT	43417	137030	138445	514	310	12.2473377922	0.00373698598267	0.00223415372419	0.00150283225848
TNTNNTNT	88488	227426	238272	1670	1387	9.71978179676	0.00728952055034	0.0057873895827	0.00150213096764
NATNNTNT	55427	170326	173657	748	500	12.6082717757	0.00437237686615	0.00287097274298	0.00150140412317
ANANNANT	47200	149695	152278	716	498	10.1329262402	0.00476029013835	0.00325967429439	0.00150061584396
TTNNNNTT	76392	219891	229801	1369	1083	11.0698185968	0.0061872909699	0.00469066717486	0.00149662379504
NNNATNTT	52955	172079	174727	659	407	14.641414719	0.00381502622469	0.00232393481563	0.00149109140906
NAANNANT	39797	133867	136610	722	532	7.87897888115	0.00536448000951	0.00387919091161	0.0014852890979
NTTTNNTN	81801	227217	238925	2009	1752	7.9045262755	0.00876427630374	0.00727946584011	0.00148481046363
TNTNTNNT	92104	231530	242104	1737	1452	9.44275999862	0.00744640262017	0.00596166795316	0.00148473466701
NAANNTNT	42557	140095	142783	515	312	12.4991186324	0.00366261290093	0.00218036968448	0.00148224321646
NNTANNTT	44251	137542	139222	492	291	12.563390813	0.00356433922077	0.00208582712722	0.00147851209355
NNNATTNT	48843	159262	162311	649	422	12.2339365836	0.00405850754482	0.00259320482017	0.00146530272466
NNNNAATT	28412	103988	105364	301	150	12.204652568	0.00288621043447	0.00142161229789	0.00146459813657
TNNTNTNT	89193	227390	238152	1779	1510	8.6491229514	0.00776283005118	0.00630053992706	0.00146229012412
NTTNTNTN	87448	232054	244330	2091	1839	7.66359509068	0.00893036366354	0.00747047759872	0.00145988606482
AANNNANT	39170	128049	130596	641	463	7.77534799951	0.00498096200171	0.00353276005463	0.00144820194708
ANNANANT	44858	144132	146809	786	588	7.77563061634	0.0054237568832	0.00398922637503	0.00143453050817
TTTNNNNT	76922	215106	225283	1514	1260	8.71351999094	0.00698919767335	0.00556185801371	0.00142733965963
NTTNTNNT	84832	239087	249211	1807	1526	8.77859166477	0.00750122460501	0.00608605830013	0.00141516630488
NNNTTTAN	39273	127340	128324	671	493	6.95317698318	0.00524173703822	0.00382713461733	0.0014146024209
ANNTNTNT	90610	187456	189573	943	685	10.3328663217	0.00500533442322	0.00360037422868	0.00140496019454
NTTNNTNT	85401	233089	243256	1752	1482	8.5056459554	0.00746036680137	0.0060554552215	0.00140491157987
NNTTNNTT	80374	222711	233299	1572	1315	8.69017475405	0.00700900201977	0.00560495111119	0.00140405090858
TANNANNT	40821	125156	125698	482	308	9.26458492331	0.00383641891784	0.00244432804787	0.00139209086997
NNNAATNT	40807	133251	134377	433	250	11.7939884593	0.00323898147871	0.00185698262607	0.00138199885264
NATNTTNN	52955	171193	173392	992	764	7.84532844806	0.00576124517234	0.00438687154046	0.00137437363189
NTNTTNNT	88447	246658	256141	1965	1684	8.06103379513	0.00790353265788	0.00653156210608	0.0013719705518
ANNNTNTT	47175	159908	163222	738	528	9.32246073084	0.00459395191913	0.00322442748092	0.00136952443821
TNANNTNT	44058	135845	136546	530	345	9.48788373053	0.00388634280477	0.00252025334025	0.00136608946452
NTNNANTT	37355	122398	123411	362	196	11.8232409549	0.00294884327142	0.00158567071444	0.00136317255698
TNNANNTT	41422	135712	137456	462	280	11.0087324099	0.00339271814003	0.00203287448452	0.00135984365551
ANNANTNT	42439	139542	141650	490	305	10.7636500773	0.00349920018282	0.00214856820824	0.00135063197458
TTNNTNTN	85401	233850	244269	1859	1609	7.40265077676	0.00788684352316	0.00654389575318	0.00134294776998
TTNNNTNT	81684	217950	228196	1541	1305	7.70302173277	0.00702078900729	0.00568624973312	0.00133453927418
TNNTNNTT	81577	230409	239977	1481	1219	8.87572022429	0.00638664884212	0.00505398099471	0.00133266784741
TANANNNT	44894	123823	124175	513	348	7.72129487485	0.00412591687042	0.0027946644395	0.00133125243091
NNATNNTT	50133	167345	169833	609	391	11.8570068083	0.00362599283137	0.00229697339976	0.00132901943161
TANNNNTT	44532	132549	134019	556	383	8.10548819506	0.00417715337515	0.0028496599753	0.00132749339986
NANNATNT	52778	162590	164041	524	310	13.1761145319	0.00321247716321	0.0018862069595	0.00132627020372
TTNTNNTN	84832	239963	250209	1834	1577	7.63312196112	0.00758487491574	0.00626325530411	0.00132161961163
AANNNTNT	42506	143380	146763	514	332	10.2481837058	0.00357207388772	0.00225704476699	0.00131502912074
TNTTNNTN	88447	247795	257228	1960	1692	7.48909543282	0.00784769073692	0.00653483701529	0.00131285372163
TNTNTNTN	129439	261305	271686	2223	1950	7.29379934519	0.0084355362618	0.00712625531728	0.00130928094452
NTANNTNT	86131	167604	168487	717	499	9.53480346238	0.00425971803875	0.00295290734144	0.00130681069731
TNNNANTT	34278	120657	121867	356	202	10.3486835371	0.00294183269566	0.00165480179243	0.00128703090323
ANNTNNTT	47103	152875	155458	631	441	8.80242018912	0.0041105885112	0.00282875451414	0.00128183399706
TNNANTNT	40915	124526	125622	428	273	8.50317107517	0.00342526049586	0.00216847372811	0.00125678676776
ANATNNNT	86730	179164	180856	671	451	10.6365866261	0.00373119804265	0.00248749358822	0.00124370445443
NNANATNT	91174	187848	188979	660	428	11.8785520127	0.00350117766885	0.00225968417218	0.00124149349667
NANNANAT	59222	173120	174367	900	689	7.1732829716	0.00517181933111	0.00393588337446	0.00123593595665
ATNNNNTT	48235	152899	154557	609	424	8.40871824987	0.00396721994945	0.00273581922945	0.00123140071999
NTNANNTT	36083	130059	131437	385	227	10.0062416721	0.00295145809696	0.0017240855511	0.00122737254586
NNNTANTT	39947	125105	125214	369	215	9.62244937426	0.00294084830323	0.00171411714994	0.00122673115329
NANNTNTT	51839	167061	170458	703	508	8.47799078386	0.00419041033833	0.00297135102886	0.00121905930947
NNTANTNT	46485	136803	137394	483	317	8.40246916465	0.00351820287575	0.0023019221413	0.00121628073445
NATNNNTT	49894	157130	159877	616	432	8.50204943856	0.0039050118545	0.00269479567585	0.00121021617865
NATNANNT	40064	130208	130352	427	269	8.59180422267	0.00326864929001	0.0020593932063	0.00120925608371
NNNNTTAA	27318	98281	97975	296	177	7.14036052936	0.00300272883127	0.0018033254544	0.00119940337687
NNATTNNT	46035	150515	152094	605	429	7.66993160092	0.00400344097406	0.00281269054503	0.00119075042903
NNTNANTT	34422	120975	121520	328	201	7.4793047492	0.00270397269647	0.00165131735691	0.00105265533956
NTATNNNT	91204	181649	182229	689	499	7.49274172891	0.00377869670612	0.00273083490215	0.00104786180397
NNNTATNT	95936	186791	187303	671	479	7.84502272326	0.00357939209013	0.00255083021802	0.00102856187211
TNNNATNT	52385	153183	154333	463	307	7.87677680626	0.00301342046002	0.00198525607863	0.00102816438138
ANNNATNT	86730	180010	180102	618	439	7.35941748722	0.00342139646124	0.00243158063819	0.000989815823042
NNANNATT	38310	136738	138256	340	210	7.73013102897	0.00248033966063	0.00151661779787	0.00096372186276
