#Sequence	Occurrence	Forward Match	Backward Match	Forward Mismatch	Backward Mismatch	Strand Bias Score	FER (Forward Error Rate)	RER (Reverse Error Rate), ERD (Error rate Difference)
TTNAGGGT	452	4108	4891	59	16	8.12378716005	0.0141588672906	0.0032606480538	0.0108982192368
TNNAGGGT	586	4764	5496	62	16	7.96092379435	0.0128470783257	0.00290275761974	0.009944320706
TTNAGGGN	598	4805	5658	61	18	7.2850716697	0.0125359638307	0.00317124735729	0.00936471647337
NTNAGGGT	620	5006	5816	61	17	7.4768386144	0.0120386816657	0.00291445225441	0.00912422941127
TTNAGNGT	728	5289	6032	62	17	7.47992723279	0.0115866193235	0.0028103818813	0.00877623744219
TTNNGGGT	684	5374	6229	62	19	6.99217421094	0.0114054451803	0.0030409731114	0.00836447206888
TNTTTTTT	39493	35752	41053	597	483	7.86850084164	0.0164241107046	0.0116284668721	0.00479564383245
TCTTTTNN	5763	17621	18395	144	65	7.89661966458	0.00810582606248	0.00352112676056	0.00458469930192
TTTTTTNT	39024	35738	40945	571	469	6.92909223272	0.0157261285081	0.011324672816	0.00440145569213
TCNNTTTT	5751	18200	18770	126	47	9.02584431207	0.00687547746371	0.00249774140405	0.00437773605966
TNNTTTTT	51801	62767	69112	767	579	11.0845303112	0.0120722762615	0.00830810291142	0.00376417335011
TNTNTTTT	54019	60821	67782	719	545	10.8788730063	0.0116834579136	0.00797634902747	0.00370710888608
TATNNTTT	17132	27313	28682	180	84	9.33322377274	0.00654712108537	0.0029201140235	0.00362700706187
TNTTTTNT	53145	60755	67011	750	581	9.70940325009	0.0121941305585	0.00859569179785	0.00359843876065
NTNTTTTT	53563	62985	70024	789	621	9.83382604236	0.0123718129645	0.00879043102838	0.00358138193615
TNTTTTAN	13989	23864	24500	161	78	7.40547850186	0.00670135275754	0.00317356985922	0.00352778289832
NNTTTTTT	53140	63447	69743	828	659	9.11455449794	0.0128821470245	0.00936052953041	0.00352161749409
NTTTTTAN	13459	25374	26133	152	69	7.98001238369	0.00595471284181	0.00263338676437	0.00332132607744
NATNTTTT	18324	33826	35746	262	159	7.47552019402	0.00768598920441	0.00442835259713	0.00325763660728
TATNTNTT	24945	28480	29499	192	103	7.20550502139	0.00669642857143	0.00347949462874	0.00321693394269
TTNTTTNT	53041	61456	67731	689	539	8.52461053678	0.0110869740124	0.00789512230848	0.00319185170391
TNTTNTTT	52713	61673	67999	675	533	8.00304684884	0.0108263296337	0.00777738866515	0.00304894096852
NTTTTTNT	53116	63824	70150	741	597	7.70451811179	0.0114768063192	0.00843852036129	0.00303828595793
NTTNTTTT	53002	63283	69640	703	569	7.21151833325	0.0109867783578	0.00810437408309	0.00288240427467
TTTTNTNT	52572	61801	67787	652	520	7.1491208548	0.0104398507678	0.00761268976825	0.00282716099953
NTTNTTAT	19187	32433	33226	133	59	7.24385688874	0.00408401400233	0.00177257022683	0.0023114437755
