#Sequence	Occurrence	Forward Match	Backward Match	Forward Mismatch	Backward Mismatch	Strand Bias Score	FER (Forward Error Rate)	RER (Reverse Error Rate), ERD (Error rate Difference)
GGGT	1444	11768	12085	265	46	35.2038204206	0.0220227707139	0.00379193801006	0.0182308327038
AGGT	4153	36498	37425	763	166	86.6298923365	0.0204771745256	0.00441595062648	0.0160612238992
AAGT	7548	70819	71842	1281	313	130.456144118	0.0177669902913	0.00433788372254	0.0134291065687
NGGT	10288	93195	94841	1597	361	173.633121708	0.0168474132838	0.00379193714418	0.0130554761396
TGGT	4198	40015	40387	506	127	50.6655712444	0.0124873522371	0.00313471886262	0.0093526333745
NAGT	17677	163879	165052	2184	630	188.489501164	0.0131516352228	0.003802464963	0.00934917025978
ANGT	29759	280964	284285	3518	897	9223372036854775807	0.0123663360072	0.00314535980532	0.00922097620188
CGGT	493	4914	4944	63	22	5.04475619001	0.0126582278481	0.00443012484897	0.00822810299913
GNGT	7775	72892	73754	796	215	74.59872518	0.0108023015959	0.00290662304479	0.00789567855113
ACGT	2356	22211	22306	214	53	21.9357011464	0.00954292084727	0.00237041012568	0.00717251072159
NNGT	68846	655581	662655	6675	1949	9223372036854775807	0.0100791838806	0.00293257338204	0.00714661049851
GAGT	1683	16574	16528	178	59	13.5820769762	0.0106255969436	0.00355700247182	0.00706859447183
TAGT	6755	60396	60618	582	196	42.6512642786	0.00954442585851	0.0032229420857	0.0063214837728
ATGT	15702	151436	152712	1260	365	109.305844446	0.00825168963169	0.00238442091235	0.00586726871934
NCGT	5807	56585	56841	468	146	37.7713990445	0.00820289905877	0.00256198782178	0.00564091123699
AACC	3320	29820	29815	230	64	21.0874388329	0.00765391014975	0.00214197262291	0.00551193752684
GTGT	4164	39871	40516	318	100	26.226497617	0.00791261290403	0.00246208390782	0.00545052899621
GGGN	4309	40301	40040	394	172	19.3639168751	0.00968177908834	0.0042773301502	0.00540444893814
AGGN	11664	109045	109410	1051	459	51.5919958899	0.00954621421305	0.00417770253666	0.00536851167639
GACC	1558	12796	12894	86	19	9.99851503519	0.00667598199037	0.00147138542554	0.00520459656483
TNGT	26133	249929	252909	1993	694	140.277384325	0.00791117885695	0.00273656068737	0.00517461816957
CAGT	1691	16090	16064	143	62	7.56342902184	0.00880921579499	0.00384472280789	0.0049644929871
TGCC	917	8882	8949	57	14	6.25450695036	0.00637655218705	0.00156197701662	0.00481457517042
TCGT	2358	23480	23836	180	67	12.3018760181	0.00760777683855	0.0028029954399	0.00480478139864
NTGT	35074	341922	345921	2426	812	179.296164325	0.00704519846202	0.00234185958648	0.00470333887554
NGGN	28393	271209	271433	2358	1098	100.616074052	0.00861946068056	0.00402889946465	0.00459056121592
TACC	3651	35247	35030	242	85	16.9134514803	0.00681901434247	0.00242061796953	0.00439839637294
GNCC	3452	30517	30651	192	57	16.7555504148	0.00625223875737	0.00185619382571	0.00439604493165
NACC	10288	94394	94301	608	197	46.3227371956	0.00639986526599	0.0020847002053	0.0043151650607
CNGT	5179	51796	51707	368	143	22.2299452074	0.00705467372134	0.00275795564127	0.00429671808007
ANCC	9033	85232	85414	539	189	37.5490758387	0.00628417530401	0.00220786654673	0.00407630875727
AAAC	9764	94397	93874	1106	715	18.5565726478	0.0115807880381	0.00755901849052	0.00402176954755
ATCC	3646	37377	37701	225	82	15.486069442	0.00598372426999	0.00217028822486	0.00381343604512
AAGN	29645	289606	289730	2095	991	86.65101076	0.00718201171748	0.00340876648058	0.0037732452369
TGGN	10882	106864	106947	792	399	29.0823840729	0.00735676599539	0.00371695265776	0.00363981333763
AANC	21757	211833	211462	1883	1105	44.5236069213	0.00881075820247	0.00519836098736	0.00361239721512
NNCC	28393	270410	272508	1584	646	88.1156398677	0.00582365787481	0.00236496628276	0.00345869159205
GTCC	1296	12140	12177	70	28	4.47431648586	0.00573300573301	0.00229414174519	0.00343886398782
TNCC	11442	111609	112597	686	302	34.0226038708	0.00610890956855	0.00267495726269	0.00343395230586
TTGT	12822	126038	128068	725	304	39.7664808171	0.00571933450613	0.00236811765806	0.00335121684807
AGNT	19710	191441	192619	1324	681	46.5205048913	0.00686846678598	0.00352302121055	0.00334544557543
CTGT	2386	24577	24625	123	43	9.06583446996	0.00497975708502	0.00174314901897	0.00323660806605
ANGN	86193	843890	843542	5561	2803	197.696833046	0.00654658126249	0.00331188817799	0.0032346930845
NTCC	11799	117092	118639	684	318	30.9646262142	0.00580763483222	0.00267323486638	0.00313439996584
ATAC	10856	104683	103629	905	574	16.1902406315	0.0085710497405	0.00550847864265	0.00306257109785
GGNT	9033	85661	85860	547	284	19.0439184611	0.00634511878248	0.00329680534918	0.0030483134333
NGCC	1997	18980	19010	106	48	5.36035794637	0.00555380907471	0.0025186273481	0.00303518172662
NAGN	62053	601487	600979	3777	1964	124.743922122	0.00624025218748	0.00325735600214	0.00298289618533
ANAC	27109	260187	258161	2409	1610	34.0018096682	0.00917378787186	0.00619776649434	0.00297602137753
TTCC	5264	51275	52222	317	170	10.9858743863	0.0061443634672	0.00324477019392	0.00289959327328
GNGN	23486	227371	226581	1413	763	42.5851411677	0.00617613119799	0.00335614751214	0.00281998368585
ACGN	5807	56771	56735	333	174	11.5735231091	0.00583146539647	0.00305751287143	0.00277395252504
AATC	6381	65262	65208	394	215	12.175067532	0.00600097477763	0.00328630603916	0.00271466873847
NCCC	4309	39944	40558	186	83	9.6203863507	0.00463493645652	0.00204227258188	0.00259266387464
TAGN	18654	174546	173985	975	528	29.4641406185	0.00555489086776	0.00302556256554	0.00252932830222
TNGN	61348	595820	599135	3412	1964	87.3363242748	0.00569395492898	0.00326734863974	0.00242660628923
NCGN	13740	134627	134717	730	403	21.4181042645	0.00539314553366	0.00298253404381	0.00241061148985
NGNT	65384	642512	646332	3420	1873	101.075900006	0.00529467498127	0.00288951797657	0.0024051570047
ANNC	62068	602845	601100	4583	3136	58.8562167639	0.0075449271354	0.00519002508953	0.00235490204586
ATGN	39077	388468	387667	2082	1179	54.8442406215	0.00533094354116	0.00303204867737	0.00229889486379
GTGN	10583	101892	101579	540	306	14.7269755024	0.0052717900656	0.00300338617068	0.00226840389492
TCGN	5082	50720	50925	260	148	7.48162732778	0.00510003923107	0.00289781293443	0.00220222629664
GAGN	7281	73054	73034	403	251	8.40723059054	0.00548620281253	0.00342498464897	0.00206121816356
NTGN	82863	818259	821017	4237	2554	92.7287824123	0.00515139283352	0.00310112910727	0.00205026372626
NANC	65383	642199	640225	4090	2784	53.938958577	0.00632843820644	0.00432964390856	0.00199879429788
ACNC	7775	73361	73121	426	278	7.37981160078	0.0057733747137	0.00378751754111	0.00198585717259
NAAC	25137	242402	241018	2021	1534	14.7333569158	0.00826845264153	0.00632441703222	0.0019440356093
TTAA	27318	265197	265939	1104	592	34.8313822779	0.00414568477024	0.00222112999989	0.00192455477035
CGNT	4929	49408	49639	228	133	6.20208669252	0.00459344024498	0.00267218516435	0.00192125508063
TTGN	26730	263690	267278	1385	889	25.8976956649	0.00522493633877	0.00331509842747	0.0019098379113
ATNC	27472	271100	270050	2002	1498	16.2040545555	0.00733059442992	0.00551652009958	0.00181407433034
NTAC	26408	252861	251882	1690	1239	15.568754761	0.00663914107586	0.0048948921662	0.00174424890966
TGNT	31712	316002	318214	1321	775	32.6805942353	0.00416295068432	0.00242955086226	0.00173339982206
CGTT	2297	22878	22956	62	23	4.44668448964	0.0027027027027	0.00100091387789	0.00170178882481
CAGN	6473	64281	64230	304	194	5.94347035038	0.00470697530386	0.0030113001366	0.00169567516727
CNCC	4466	43052	43846	167	98	4.80547588032	0.00386404127814	0.00223011105043	0.00163393022771
NNAC	68845	659003	657403	4577	3520	30.3368417192	0.00689743512463	0.00532588516363	0.001571549961
TANC	23603	231279	229959	1327	972	12.3088571386	0.00570492592624	0.00420904945633	0.00149587646991
GANC	8452	83057	82806	514	388	4.39380121647	0.00615045889124	0.00466379787004	0.0014866610212
NATC	24009	246802	246555	1126	763	15.9506978657	0.00454164112162	0.00308509691976	0.00145654420186
CNGN	16022	158501	158888	716	489	10.2119293675	0.00449700722913	0.00306819679126	0.00142881043787
TNAA	87430	861911	859581	2724	1525	73.8264883173	0.00315046233382	0.00177097825355	0.00137948408027
NCAC	10583	101131	101674	517	382	5.24828078989	0.00508617975759	0.0037430430352	0.0013431367224
TATC	10101	103039	102746	513	378	5.0397786308	0.00495403275649	0.0036654900896	0.00128854266689
TCAA	8043	82552	81625	255	149	6.47850618258	0.00307944980497	0.00182209504243	0.00125735476253
NCNC	23486	226001	227472	1057	790	9.5708569615	0.00465519823129	0.00346093524108	0.00119426299021
GTNT	27109	260414	263206	907	608	14.3889928643	0.00347082706709	0.00230465403656	0.00116617303054
TATT	50240	488232	489882	1463	904	30.0678292168	0.00298757389804	0.00184194333172	0.00114563056632
ANGG	12418	120691	120218	560	419	4.97344077113	0.00461851861016	0.00347322960617	0.00114528900398
TGAA	12796	129663	128900	405	257	7.7445350859	0.00311375588154	0.00198982633539	0.00112392954615
ANTC	19222	192228	192428	1208	991	5.41023625149	0.00624495957319	0.00512359178778	0.00112136778542
TAAA	39273	384499	383117	960	527	28.011626783	0.00249053725558	0.00137366933928	0.0011168679163
GATT	6381	65405	65915	177	105	4.7450073236	0.00269891128663	0.00159042714329	0.00110848414334
NATT	98271	965749	969788	2928	1892	50.3573158608	0.00302267938642	0.00194714309238	0.00107553629404
TNNC	71589	697911	701199	4629	3893	15.453339579	0.00658894867196	0.00552126531006	0.0010676833619
AATT	28412	278630	279978	923	638	12.4548477556	0.00330169949884	0.00227356957551	0.00102812992334
NTNC	80752	789434	792498	5577	4774	15.0945821818	0.00701499727677	0.00598791880312	0.00102707847365
GNNT	62068	605109	608427	2505	1921	18.3658755017	0.00412268315082	0.00314738477066	0.000975298380161
NAAA	150742	1470145	1461613	3355	1924	83.5585630578	0.00227689175433	0.00131462340891	0.00096226834542
TNAC	23021	218184	218394	1246	1038	4.85191895303	0.00567834844825	0.00473039483758	0.000947953610672
TTNC	32295	312846	316273	2545	2278	4.55909832951	0.00806934884001	0.00715113121604	0.000918217623974
AAAA	83289	801542	797021	1720	977	44.5990829148	0.00214126897575	0.0012243138454	0.000916955130353
CATT	13238	133482	134013	365	245	5.93383025189	0.00272699425463	0.00182484470199	0.000902149552642
GAAA	15538	156933	155372	367	226	7.72425311124	0.00233312142403	0.00145246082855	0.000880660595485
CNAA	25068	244447	242947	678	459	9.67794979258	0.00276593574707	0.0018857382316	0.000880197515471
CAAA	12642	127171	126103	308	194	6.1161948449	0.00241608421779	0.00153606182253	0.000880022395263
NNAA	303795	2977037	2960779	7972	5366	108.608644546	0.00267067871487	0.00180908215883	0.000861596556042
NTAA	91739	889410	886847	2959	2221	23.3527834531	0.00331589286495	0.00249812162849	0.000817771236455
GTTT	9764	94607	95982	202	129	4.3561406	0.00213059941567	0.00134219808347	0.000788401332201
GNTT	21757	212964	214649	503	340	7.89186526964	0.00235633610816	0.00158147626158	0.000774859846581
NGTT	25138	242683	244810	617	433	8.13349115879	0.00253596383066	0.00176559575605	0.000770368074616
ATNT	164648	1553741	1557461	5562	4377	32.3253708213	0.00356697832301	0.00280246734937	0.000764510973641
AGNN	62053	602995	601625	2597	2135	10.4163253939	0.00428836576441	0.0035361733139	0.000752192450509
ANTT	86237	843257	847865	2108	1495	24.370541738	0.00249359744016	0.00176014881793	0.000733448622225
TGAN	28947	293249	293164	1045	836	5.76025721503	0.00355087089781	0.00284353741497	0.000707333482844
NGAA	34584	348963	346860	927	680	8.7275198125	0.00264940409843	0.00195660931116	0.000692794787273
NCAA	26730	268519	265459	731	541	6.44348629556	0.00271494893222	0.00203383458647	0.000681114345753
GNAA	32295	319100	316539	808	595	7.42756909583	0.00252572614627	0.0018761785239	0.000649547622362
ANAA	159002	1551579	1541712	3762	2787	31.2290583574	0.00241876218784	0.00180446863352	0.000614293554324
NNTT	303796	2955507	2981182	6586	4841	62.3276855412	0.0022234278262	0.00162121993032	0.000602207895881
CNTT	34160	341209	343344	745	544	7.86359647648	0.00217865560865	0.00158191038943	0.00059674521922
ATTT	44355	436710	439277	841	615	8.71395760941	0.00192206165681	0.00139807043547	0.000523991221342
TNTT	161642	1558077	1575324	3230	2462	25.3963863939	0.00206877955457	0.00156041440347	0.000508365151091
ANNT	300354	2870381	2875608	13826	12376	18.9569256541	0.00479369199229	0.00428534230107	0.000508349691222
NTNT	376578	3605434	3632823	10190	8735	27.7823167796	0.00281832402927	0.00239869857901	0.000419625450254
NTTT	150742	1456003	1474172	2415	1997	10.6362055248	0.00165590386295	0.00135282613305	0.000303077729902
ATAN	163999	1542175	1536965	5915	5445	4.59702323323	0.00382083728982	0.00353018976796	0.000290647521861
AANA	161642	1571915	1562759	3688	3264	5.85244815507	0.00234069115126	0.00208426057599	0.000256430575267
AANN	303796	2963394	2953842	13834	13087	4.71295796398	0.00464660415662	0.00441095826695	0.000235645889669
