#Sequence	Occurrence	Forward Match	Backward Match	Forward Mismatch	Backward Mismatch	Strand Bias Score	FER (Forward Error Rate)	RER (Reverse Error Rate), ERD (Error rate Difference)
AGGTAGGT	19	155	218	29	2	8.09707342834	0.157608695652	0.00909090909091	0.148517786561
NGGTAGGT	31	253	309	35	5	7.03830142734	0.121527777778	0.015923566879	0.105604210899
AGGTAGGN	29	244	304	29	2	7.62528632799	0.106227106227	0.00653594771242	0.0996911585147
AGGTNGGT	28	279	319	30	2	7.3599429156	0.0970873786408	0.00623052959502	0.0908568490458
AGNTAGGT	43	324	430	33	2	9.42633866204	0.0924369747899	0.00462962962963	0.0878073451603
AGGNAGGT	38	337	434	36	4	8.5071441069	0.0965147453083	0.00913242009132	0.087382325217
NGGNAGGT	83	673	818	59	7	12.5547794389	0.0806010928962	0.00848484848485	0.0721162444113
NGNCAGGT	57	503	568	50	11	7.26920148997	0.0904159132007	0.0189982728843	0.0714176403164
NGGTNGGT	65	566	632	39	5	7.51848025469	0.0644628099174	0.00784929356358	0.0566135163538
TTTTTTTG	1048	8700	9784	760	240	70.1321885339	0.0803382663848	0.023942537909	0.0563957284758
AGGTNGGN	55	520	555	32	3	6.86816467433	0.0579710144928	0.00537634408602	0.0525946704067
AGGNNGGT	83	809	904	51	7	9.6640079868	0.0593023255814	0.00768386388584	0.0516184616956
AGGTANGT	76	614	678	33	3	7.28945768619	0.0510046367852	0.00440528634361	0.0465993504415
AAAAAAGT	361	3369	3536	190	26	32.3629888144	0.0533857825232	0.00729927007299	0.0460865124502
NGNTAGGT	102	866	968	47	8	8.04078983021	0.0514786418401	0.00819672131148	0.0432819205286
AAAAAAAG	1173	10444	10881	767	288	50.2233321586	0.0684149496031	0.0257856567284	0.0426292928746
NGGANGGT	80	743	823	34	1	9.48287307403	0.043758043758	0.00121359223301	0.042544451525
AAAAAAAC	568	4967	5432	322	105	28.1515671362	0.060881073927	0.0189633375474	0.0419177363796
TGGCNNGT	60	509	560	22	0	6.97903395534	0.0414312617702	0.0	0.0414312617702
AGGNAGGN	91	809	928	39	6	7.25770039087	0.0459905660377	0.00642398286938	0.0395665831684
AGNNAGGT	165	1372	1548	61	5	13.9486967959	0.0425680390789	0.0032195750161	0.0393484640628
CANAAGGT	101	853	862	37	3	7.80355231989	0.0415730337079	0.00346820809249	0.0381048256154
AAGAAAGT	95	857	929	36	3	8.06498516677	0.040313549832	0.00321888412017	0.0370946657119
TTTTTTNG	1633	14304	15626	806	274	66.3618907829	0.0533421575116	0.0172327044025	0.0361094531091
AAAAAGGT	166	1574	1544	65	6	12.5627269058	0.0396583282489	0.00387096774194	0.035787360507
AANAAAGT	622	5850	6082	250	32	38.4450173169	0.0409836065574	0.00523388943409	0.0357497171233
ANGTAGGT	141	1044	1158	41	3	9.7941937948	0.0377880184332	0.00258397932817	0.035204039105
TTTTNTTG	1702	14380	15576	825	315	57.7497100553	0.0542584676093	0.019822541061	0.0344359265484
AAANAAGT	671	6435	6685	273	43	38.2725418153	0.0406976744186	0.00639120095125	0.0343064734674
TTTNGGGT	212	938	928	37	4	7.00085573594	0.0379487179487	0.00429184549356	0.0336568724552
NTTTTTTG	1613	14132	15298	795	307	54.8006246136	0.0532591947478	0.0196731816725	0.0335860130752
AGNTNGGT	99	912	975	35	4	6.9983040236	0.0369588173178	0.00408580183861	0.0328730154792
NAAAAAGT	758	7137	7388	300	56	38.167449488	0.040338846309	0.00752283718431	0.0328160091247
AANAAGGT	282	2797	2816	104	10	19.9784847609	0.0358497069976	0.00353857041755	0.03231113658
NNGCAGGT	79	721	830	25	1	6.87011974054	0.0335120643432	0.00120336943442	0.0323086949087
AAAANAGT	632	5880	6070	237	41	31.5238058533	0.0387444825895	0.00670921289478	0.0320352696947
AAAAANAG	1735	15834	16427	854	328	54.2590038057	0.0511744966443	0.0195762458967	0.0315982507475
ANAAAAGT	729	7021	7294	273	45	37.4913758343	0.0374280230326	0.00613162556207	0.0312963974706
TTNTTTTG	1750	15796	17009	809	309	56.1575432026	0.0487202649804	0.01784270701	0.0308775579704
TNTTTTTG	1645	14468	15546	799	341	46.7729992282	0.0523351018537	0.0214640901366	0.0308710117171
AGGNANGT	183	1677	1788	65	12	10.0268328467	0.0373134328358	0.00666666666667	0.0306467661692
AAAAAANC	1065	9680	10179	431	129	38.6530651979	0.0426268420532	0.0125145518044	0.0301122902488
TTTTTNTG	1871	16509	17718	836	332	54.5624617727	0.0481983280484	0.0183933518006	0.0298049762479
TTTNTTTG	1754	15760	16863	833	353	48.8860505502	0.0502018923642	0.0205041821561	0.0296977102081
AAAAANAC	1174	10646	11183	460	140	40.4631190568	0.0414190527643	0.0123642144308	0.0290548383335
AAAANGGT	369	3536	3529	114	10	22.5488933412	0.0312328767123	0.00282565696524	0.0284072197471
ANAAAGGT	306	2996	3004	98	11	17.6808397031	0.0316742081448	0.00364842454395	0.0280257836008
NGTNAGGT	130	1108	1112	34	2	7.77584636584	0.0297723292469	0.00179533213645	0.0279769971105
TNNAGGGT	329	1482	1481	52	10	7.29577367984	0.0338983050847	0.00670690811536	0.0271913969694
AAAANAAG	1905	17893	18203	875	364	47.1886370041	0.0466219096334	0.019604674961	0.0270172346725
AAANAAAC	1063	9781	10230	439	168	29.0814357718	0.0429549902153	0.0161569532602	0.026798036955
AAANAAAG	1829	16889	17201	875	396	40.711883022	0.0492569241162	0.0225038358811	0.0267530882351
NAAAAAAC	976	8847	9241	375	133	27.5572624728	0.0406636304489	0.0141881800725	0.0264754503764
AAAAANGT	1136	10926	11100	358	59	47.6537286946	0.031726338178	0.00528721211578	0.0264391260622
NAANGGGT	188	1769	1877	53	5	11.0800533139	0.0290889132821	0.00265674814028	0.0264321651418
TTNNGGGT	396	2000	2122	61	7	11.7545510523	0.0295972828724	0.00328792860498	0.0263093542674
NGGTANGT	158	1369	1433	44	7	7.36241950884	0.0311394196745	0.00486111111111	0.0262783085633
NAAAAGGT	363	3440	3556	109	17	17.484041463	0.0307128768667	0.00475790652113	0.0259549703456
NGNAAGGT	173	1579	1654	46	4	9.87817237703	0.0283076923077	0.00241254523522	0.0258951470725
AANNAAGT	1301	12128	12460	384	63	51.9953081125	0.0306905370844	0.00503074343208	0.0256597936523
AAANGGGT	115	1070	1177	30	2	7.25335082642	0.0272727272727	0.00169635284139	0.0255763744313
AAGANAGT	157	1502	1558	43	4	9.00230520817	0.0278317152104	0.00256081946223	0.0252708957481
AAAAAANG	2399	22339	22696	982	390	56.9390503532	0.0421079713563	0.0168933552803	0.025214616076
AAGNAAGT	204	1693	1698	49	5	9.4792968434	0.0281285878301	0.00293599530241	0.0251925925277
ANNAAAGT	1301	12450	12768	384	63	51.8935522687	0.0299205236092	0.00490998363339	0.0250105399758
AAANAGGT	284	2820	2794	84	11	14.0995306848	0.0289256198347	0.00392156862745	0.0250040512073
ANAGAAGT	188	1851	1785	54	6	9.65278304412	0.0283464566929	0.00335008375209	0.0249963729408
NANAAAGT	1358	12997	13325	419	84	50.3177976569	0.0312313655337	0.0062644492505	0.0249669162832
ANGNAGGT	308	2711	2938	79	10	14.837971009	0.0283154121864	0.0033921302578	0.0249232819286
NAGAAAGT	180	1732	1799	50	6	9.45592562711	0.0280583613917	0.00332409972299	0.0247342616687
CNNAAGGT	219	1885	1922	55	7	9.73966719739	0.0283505154639	0.00362882322447	0.0247216922394
CNANAGGT	194	1780	1833	55	10	8.31227340336	0.0299727520436	0.00542593597396	0.0245468160696
NNGTAGGT	228	1965	2035	58	9	9.61332552837	0.0286702916461	0.00440313111546	0.0242671605306
AANNGGGT	193	1753	1912	50	7	9.29129953791	0.0277315585136	0.00364773319437	0.0240838253192
AANANGGT	706	6932	6923	195	23	29.7887232709	0.0273607408447	0.00331125827815	0.0240494825665
ANANAAGT	1590	15229	15592	450	78	58.8407060138	0.0287008100006	0.00497766432674	0.0237231456739
NAAAAAAG	1941	18304	18678	822	367	39.6471651537	0.0429781449336	0.0192701496456	0.023707995288
CANANGGT	266	2527	2468	74	12	11.034841179	0.0284505959246	0.00483870967742	0.0236118862472
AANAAAAC	1092	10264	10645	389	140	27.7160743785	0.0365155355299	0.0129809921187	0.0235345434112
ANAAAAAG	2057	19253	19473	855	377	41.2452921983	0.0425203898946	0.0189924433249	0.0235279465696
AANANAGT	1205	11455	11554	336	60	42.5111877658	0.0284963107455	0.00516617874978	0.0233301319957
AANAAAAG	1926	18058	18414	851	410	35.2457606476	0.0450050240626	0.0217807054824	0.0232243185803
NAANAAGT	1503	14337	14671	434	96	48.6298894717	0.0293818969603	0.00650098191914	0.0228809150411
NNAAAAGT	1653	15868	16294	471	99	54.9321987362	0.0288267335822	0.0060391630574	0.0227875705248
ANNAAGGT	703	6323	6464	168	21	25.9536072796	0.0258819904483	0.00323824209715	0.0226437483512
NAAANAGT	1368	13117	13295	395	89	43.1048496474	0.0292332741267	0.00664973102212	0.0225835431046
AAANNGGT	656	6260	6299	162	19	25.1570645246	0.0252257863594	0.00300728078506	0.0222185055743
AAAANAAC	1061	9850	10234	380	156	22.5640066986	0.0371456500489	0.0150144369586	0.0221312130903
TAAAAAGT	216	2116	2152	59	11	8.46194516561	0.0271264367816	0.00508552935737	0.0220409074242
AAANNAGT	1325	12068	12412	345	72	40.7566172533	0.0277934423588	0.00576738224928	0.0220260601095
NAANAGGT	638	6236	6389	179	38	21.0931448127	0.0279033515199	0.00591255640268	0.0219907951172
CNTNAGGT	172	1337	1397	33	3	7.09227042365	0.0240875912409	0.00214285714286	0.021944734098
AAAAANNC	2329	21738	22268	681	191	62.2431807112	0.0303760203399	0.00850438576962	0.0218716345703
AANNAGGT	549	5466	5469	144	21	20.3859411205	0.0256684491979	0.00382513661202	0.0218433125858
NAAANGGT	764	7409	7519	196	30	27.4298706301	0.0257725180802	0.0039740362962	0.021798481784
CANNAGGT	266	2016	2068	54	9	8.58196309467	0.0260869565217	0.00433317284545	0.0217537836763
ANCNAGGT	142	1219	1293	27	0	8.40987550355	0.0216693418941	0.0	0.0216693418941
NANAAGGT	677	6582	6723	182	36	22.3600581312	0.0269071555293	0.00532623169108	0.0215809238382
ANGAAAGT	233	2162	2167	58	10	8.69396078673	0.0261261261261	0.00459347726229	0.0215326488638
TNTNGGGT	310	1848	1810	48	7	7.83289105782	0.0253164556962	0.00385250412768	0.0214639515685
AAAAATAC	379	3556	3607	99	21	12.7396971512	0.0270861833105	0.00578831312018	0.0212978701904
NNAAAGGT	698	6833	7035	180	32	23.8335800281	0.0256666191359	0.00452808829772	0.0211385308382
ANAAAAAC	1121	10521	11112	379	156	23.2840245697	0.0347706422018	0.013844515442	0.0209261267599
ANAANGGT	711	6948	6983	172	23	25.3370846731	0.0241573033708	0.00328290037111	0.0208744029997
NTTNGGGT	315	1963	1930	50	8	7.77462118672	0.0248385494287	0.00412796697626	0.0207105824524
AGGNAGNT	169	1700	1758	43	7	7.0652094774	0.0246701090075	0.00396600566572	0.0207041033417
AANGAAGT	251	2353	2387	60	10	9.20362991978	0.0248653128885	0.00417188151856	0.02069343137
AANAANGT	2042	20063	20444	500	75	70.0052546999	0.0243155181637	0.0036551488864	0.0206603692773
ANAANAGT	1481	14251	14562	381	80	44.3658509509	0.0260388190268	0.00546373446251	0.0205750845643
TTTTTTTC	1595	14586	15448	672	372	22.8577396208	0.0440424695242	0.0235145385588	0.0205279309654
AAAAAAGG	356	3288	3274	99	29	9.29195115955	0.0292294065545	0.00877989706328	0.0204495094912
ATAAAAGT	224	2234	2242	59	12	7.9413350433	0.025730484082	0.00532386867791	0.0204066154041
NCAAAAGT	170	1766	1774	43	6	7.3051112072	0.0237700386954	0.00337078651685	0.0203992521786
AAAANNGT	2067	19791	20136	511	97	62.8627563702	0.0251699339967	0.00479414817378	0.0203757858229
NTTTTTNG	2658	24062	25418	862	370	48.6361614492	0.034585138822	0.0143477586474	0.0202373801746
GAAANAGT	185	1885	1838	47	8	6.8072199665	0.0243271221532	0.00433369447454	0.0199934276787
TTTTNTNG	2881	25780	27358	904	396	49.8258829856	0.0338779793134	0.0142682135908	0.0196097657226
AAGAANGT	256	2463	2702	53	4	12.3659307751	0.0210651828299	0.00147819660015	0.0195869862297
AAANANAG	2926	27480	27911	1020	462	47.3858095943	0.0357894736842	0.0162830860325	0.0195063876517
NACANGGT	171	1650	1631	37	4	7.00389767508	0.0219324244221	0.00244648318043	0.0194859412416
ANNGAAGT	442	4174	4178	98	15	15.4442944396	0.0229400749064	0.00357739088958	0.0193626840168
AAAAANCC	234	2186	2273	47	4	10.1163532123	0.0210479175996	0.00175669740887	0.0192912201908
NAAGAAGT	223	2033	2084	48	8	7.68276780257	0.0230658337338	0.0038240917782	0.0192417419556
AAANANGT	2311	22647	22830	551	104	67.1175261241	0.0237520475903	0.00453475189675	0.0192172956936
AAAANNAG	3076	29273	29963	1018	442	52.1528388744	0.0336073421148	0.0145370827167	0.0190702593982
ANAAANGT	2263	22178	22536	541	108	64.3651828653	0.0238126678111	0.00476947535771	0.0190431924534
NAAAANGT	2454	23841	24348	589	124	68.0584827044	0.0241097011871	0.0050670153645	0.0190426858226
ANTAAGGT	252	1903	1937	43	6	7.3177484913	0.0220966084275	0.00308800823469	0.0190086001929
NAAAAANC	1919	18054	18586	516	169	40.6531830564	0.0277867528271	0.00901093041856	0.0187758224086
AAANANAC	2407	22689	23053	691	253	45.7846534375	0.0295551753636	0.010855573672	0.0186996016915
TTNTTTNG	2842	26616	28038	871	373	49.1074307857	0.031687706916	0.0131287177502	0.0185589891658
NAGANAGT	305	3066	3109	66	8	11.8553907494	0.0210727969349	0.00256657042028	0.0185062265146
TTTNTTNG	2865	26143	27510	901	414	44.7583148781	0.0333160775033	0.0148259561667	0.0184901213366
AANATGGT	310	3000	2923	65	8	11.1538867712	0.021207177814	0.00272944387581	0.0184777339382
ANANAGGT	888	7532	7702	167	25	23.9945183533	0.021691128718	0.00323540830853	0.0184557204095
NAGANGGT	186	1861	1907	40	5	7.46013084173	0.0210415570752	0.00261506276151	0.0184264943137
AAAAANNG	3871	36508	37019	1158	464	66.3031589463	0.0307439069718	0.0123789451218	0.01836496185
NAGNAAGT	441	3723	3693	81	11	13.5760214897	0.0212933753943	0.00296976241901	0.0183236129753
TTTTTNNG	3089	28220	29721	932	413	49.5071925041	0.0319703622393	0.0137054489945	0.0182649132448
AAANTGGT	225	2045	2051	43	5	7.92043607082	0.0205938697318	0.00243190661479	0.018161963117
ANGTAGGN	233	1916	2066	42	7	7.18972044853	0.0214504596527	0.00337674867342	0.0180737109793
NAAAANAC	2182	19847	20280	562	194	40.9058231481	0.0275368709883	0.00947543225554	0.0180614387327
ATNAAAGT	424	4158	4167	94	17	13.4437035348	0.02210724365	0.00406309751434	0.0180441461357
ANGTNGGT	257	2296	2388	50	8	8.24372833932	0.0213128729753	0.00333889816361	0.0179739748117
AAANAANC	2126	20314	20606	594	221	38.5041265134	0.0284101779223	0.0106112258126	0.0177989521097
NTTTNTTG	2821	25098	26427	872	427	38.4020772684	0.0335772044667	0.0159007969018	0.0176764075649
TNTTTTNG	2761	25305	26589	857	411	39.1627965477	0.0327574344469	0.0152222222222	0.0175352122247
GANANAGT	333	3214	3221	78	20	8.61060195204	0.0236938031592	0.00617093489664	0.0175228682625
TTNTNTTG	3018	27543	28778	919	432	42.9775254533	0.0322886655892	0.0147894556659	0.0174992099233
GTGNGNGT	160	1518	1502	28	1	6.97211331034	0.0181112548512	0.000665335994677	0.0174459188566
TTNAGNGT	434	2465	2474	52	8	8.34689081052	0.020659515296	0.00322320709106	0.0174363082049
GNAGANGT	274	2493	2618	59	15	7.19631090907	0.0231191222571	0.00569692366122	0.0174221985958
AAAAATNC	844	8134	8115	183	38	21.1123072077	0.0220031261272	0.00466086103275	0.0173422650945
ANANGGGT	248	2192	2350	46	8	7.60001195562	0.0205540661305	0.00339270568278	0.0171613604477
ANGNAAGT	541	4559	4584	96	16	14.4615303334	0.0206229860365	0.00347826086957	0.017144725167
TTTNNTTG	2881	26067	27416	915	472	35.9273313554	0.0339114965533	0.016924842226	0.0169866543272
NNGAAAGT	487	4489	4540	98	21	12.4873768053	0.0213647264007	0.00460425345319	0.0167604729475
TNNTGGGT	199	1836	1993	36	5	6.86917332349	0.0192307692308	0.0025025025025	0.0167282667283
ANAAANAG	3204	30577	30826	978	450	43.4263201536	0.0309935034068	0.0143880291597	0.016605474247
NGTCANGT	258	2082	2174	38	3	8.47082859715	0.0179245283019	0.00137804317869	0.0165464851232
AANAAANC	2219	21259	21925	550	194	39.7578093498	0.0252189463066	0.00877074008771	0.0164482062189
AAAGANGT	249	2557	2554	50	7	8.41905274558	0.0191791331032	0.00273330730184	0.0164458258013
ANATAAGT	504	4679	4819	100	22	12.8058501928	0.0209248796819	0.00454451559595	0.016380364086
NAAGANGT	564	5525	5697	113	21	14.8706751008	0.0200425682866	0.00367261280168	0.0163699554849
ANGANAGT	434	4188	4191	81	11	13.6634970551	0.0189739985945	0.00261780104712	0.0163561975474
TTTTNNTG	3229	29351	30651	940	458	40.9152845371	0.031032319831	0.0147224275933	0.0163098922377
AGNTANGT	399	3205	3263	59	6	11.6725685996	0.0180759803922	0.00183542367697	0.0162405567152
AAAANANC	2192	20955	21148	552	204	35.8563905815	0.0256660622123	0.00955414012739	0.0161119220849
NNGATGGT	256	2586	2725	54	12	7.40593994132	0.0204545454545	0.00438436244063	0.0160701830139
ANAAAANC	2138	20388	20830	527	193	35.608510645	0.0251972268707	0.00918042144318	0.0160168054275
NAAATGGT	271	2681	2629	51	7	8.5748629221	0.0186676427526	0.00265553869499	0.0160121040576
CTNNAAGT	215	2270	2315	42	5	7.95018891942	0.0181660899654	0.00215517241379	0.0160109175516
NAANAAAC	1991	18606	18899	527	222	28.4367857168	0.0275440338682	0.0116102714293	0.0159337624389
NAAAANAG	3057	29344	29690	924	440	38.7281129516	0.0305272895467	0.0146033853302	0.0159239042165
AANNAAAC	2043	19720	19885	569	244	29.205744423	0.0280447533146	0.0121218142978	0.0159229390168
NNAGAAGT	468	4373	4386	86	15	12.6267114867	0.0192868356134	0.00340831629175	0.0158785193216
TTNNTTTG	3030	28680	30084	920	465	37.5598629776	0.0310810810811	0.0152214475106	0.0158596335705
ANNTAGGT	942	6783	7101	126	17	19.6810064249	0.0182370820669	0.00238831132341	0.0158487707435
GANNAAGT	416	3767	3837	86	25	8.61572276409	0.0223202699195	0.00647332988089	0.0158469400387
ACNTNGGT	415	2683	2793	46	3	10.6875148462	0.0168559912056	0.00107296137339	0.0157830298322
AAAANNAC	2268	21388	21710	574	229	33.7055690453	0.0261360531828	0.0104380327271	0.0156980204557
AANAANAG	3082	29614	29996	963	486	35.6524569955	0.0314942603918	0.0159438357063	0.0155504246855
NCANAAGT	419	4251	4305	82	15	11.7349642751	0.0189245326564	0.00347222222222	0.0154523104341
TNAAAAGT	528	5157	5298	107	26	11.7371836946	0.0203267477204	0.00488354620586	0.0154432015145
GANGANGT	331	3110	3175	70	21	6.9030926338	0.0220125786164	0.00657071339174	0.0154418652246
NTTNTTTG	2995	28037	29151	909	475	33.5983810753	0.0314033027016	0.0160332140687	0.0153700886329
TTTTTTNC	2498	22978	24000	807	454	25.269933054	0.0339289468152	0.0185654698618	0.0153634769534
TNTTNTTG	3008	27589	28749	894	469	32.974497658	0.0313871432082	0.0160517489219	0.0153353942863
NANGAAGT	517	4760	4862	90	16	13.3747217426	0.0185567010309	0.00328003280033	0.0152766682306
AAGANNGT	434	4400	4573	80	12	13.2899987796	0.0178571428571	0.00261723009815	0.015239912759
AAAAATTC	266	2630	2636	52	11	6.82909043124	0.0193885160328	0.00415564790329	0.0152328681295
NTTTTNTG	3258	29937	31414	906	451	38.3033797515	0.0293745744577	0.014153459909	0.0152211145487
ANTAAAGT	248	2328	2387	42	6	7.3565688158	0.0177215189873	0.00250731299624	0.0152142059911
AAAAAATC	274	2696	2675	53	11	7.01794487198	0.0192797380866	0.00409530900968	0.0151844290769
ACNTAGGT	347	2142	2206	35	2	8.41035205054	0.016077170418	0.000905797101449	0.0151713733166
ATANAAGT	588	5595	5691	110	24	12.8545711515	0.0192813321648	0.00419947506562	0.0150818570992
ANAAANAC	2372	22431	23098	570	227	34.6875288094	0.0247815312378	0.0097320471597	0.0150494840781
TAAANAGT	409	3968	3984	79	18	9.64102499754	0.0195206325673	0.00449775112444	0.0150228814429
NTGNAGGT	318	2878	2928	52	8	8.61151691858	0.017747440273	0.00272479564033	0.0150226446327
NCNAAAGT	280	2860	2827	55	11	7.44476604398	0.0188679245283	0.00387596899225	0.0149919555361
TTTTTGGN	368	3379	3517	70	19	7.67813209688	0.020295737895	0.00537330316742	0.0149224347276
AAANNAAG	3347	31536	31598	1005	513	35.0768779377	0.0308841154236	0.0159758338264	0.0149082815972
AAANAANG	3943	37842	38110	1141	556	44.8162604164	0.029269168612	0.0143795582682	0.0148896103437
NNTTTTTG	2855	26127	27419	875	492	27.8250172603	0.0324050070365	0.017627458708	0.0147775483285
NAAANAAG	3331	32605	32682	1003	500	37.0486083821	0.0298440847417	0.0150684105841	0.0147756741577
NAAAATAC	745	6571	6648	133	34	13.5616179179	0.019838902148	0.00508829691709	0.0147506052309
AAAANANG	4302	41318	41379	1177	544	50.8466196132	0.0276973761619	0.0129761705985	0.0147212055634
NTTAAAGT	213	2262	2221	39	5	6.84192899786	0.0169491525424	0.00224618149146	0.0147029710509
TANAAAGT	415	4130	4186	86	24	8.75075238045	0.0203984819734	0.00570071258907	0.0146977693844
TTTNNGGT	677	5310	5538	94	15	13.7031927178	0.0173945225759	0.00270124257158	0.0146932800043
NTNAAGGT	502	4556	4641	83	15	12.2307910926	0.0178917870231	0.00322164948454	0.0146701375385
GAANNAGT	429	4287	4273	76	12	11.8385151238	0.0174192069677	0.00280046674446	0.0146187402232
NTNTTTTG	3172	29307	30584	883	457	33.8008385729	0.0292480953958	0.0147224638381	0.0145256315577
ATGGNNGT	235	2463	2488	40	4	7.822450706	0.0159808230124	0.0016051364366	0.0143756865758
AANAANAC	2484	23430	23597	562	216	34.3962475789	0.0234244748249	0.00907067568135	0.0143537991436
AAAAANTC	627	6148	6124	115	25	13.0486300309	0.0183618074405	0.00406570174012	0.0142961057004
NAGAANGT	493	4903	5077	83	12	12.5941122036	0.0166466105094	0.00235802711731	0.0142885833921
ANGAANGT	638	6173	6411	107	18	15.0544597672	0.0170382165605	0.00279981334578	0.0142384032147
ATAANAGT	539	5326	5421	98	21	11.664955604	0.0180678466077	0.00385887541345	0.0142089711942
AAAANAGG	576	5473	5470	121	41	9.12980943447	0.0216303181981	0.0074396661223	0.0141906520758
GAANANGT	765	7573	7769	156	47	13.9019070277	0.0201837236382	0.00601330603889	0.0141704175994
TTTTTNTC	2410	22797	23661	742	418	22.7860870385	0.031522154722	0.0173595248972	0.0141626298247
ATNNAAGT	1134	10652	10889	188	35	24.1034692074	0.0173431734317	0.00320395459539	0.0141392188363
NANATGGT	776	7725	7462	136	24	16.771848803	0.0173005978883	0.00320598450441	0.0140946133839
NCNTAGGT	431	2872	2979	45	4	9.5648995759	0.0154268083648	0.0013409319477	0.0140858764171
TAANNGGT	364	3660	3736	65	13	9.09310646267	0.0174496644295	0.0034675913577	0.0139820730718
ANATAGGT	455	3263	3426	54	8	9.2528831683	0.0162797708773	0.00232964472918	0.0139501261481
GNANAAGT	521	4937	5022	92	22	10.1394588469	0.0182938954066	0.00436161776368	0.013932277643
AAANNAAC	2101	20153	20545	551	264	23.6621310322	0.0266132148377	0.0126868182037	0.0139263966341
NTAAAAGT	479	4650	4723	92	26	9.42020144886	0.0194010965837	0.00547483680775	0.013926259776
AAAAAAGN	1941	18768	18829	354	87	35.8216486322	0.0185127078757	0.00459928103193	0.0139134268438
TNNTTTTG	3107	29344	30764	879	474	31.0077070876	0.0290838103431	0.0151738267495	0.0139099835936
AAAAAGNT	775	7735	7690	136	26	16.6544974754	0.0172786177106	0.00336962156558	0.013908996145
ANAATGGT	278	2682	2679	44	6	7.52860357333	0.0161408657373	0.00223463687151	0.0139062288658
ANAGANGT	461	4721	4643	77	10	12.8992271298	0.0160483534806	0.00214915108532	0.0138992023953
AANNTGGT	581	5636	5489	96	16	12.5051725542	0.0167480809491	0.00290644868302	0.013841632266
AAGNANGT	544	5066	5361	78	8	13.7716967536	0.0151632970451	0.00149003538834	0.0136732616568
CNAAANGT	514	4958	5046	100	31	8.70902778686	0.0197706603401	0.00610596809139	0.0136646922487
ANANAAAC	2354	22646	22953	572	255	27.810971224	0.0246360582307	0.010987590486	0.0136484677446
GNNAAAGT	482	4393	4330	91	29	7.73914402325	0.0202943800178	0.00665290204175	0.0136414779761
TTNTTNTG	3471	32451	33692	913	470	34.8753945259	0.0273648243616	0.0137579766993	0.0136068476623
ANAANAAG	3621	34990	34990	1014	518	35.1827564045	0.0281635373847	0.0145882618002	0.0135752755846
NNTAAGGT	494	4129	4184	76	19	8.60724917358	0.0180737217598	0.00452058053771	0.0135531412221
AAAAANGG	710	6697	6653	131	38	11.5588763223	0.0191857059168	0.00567927066208	0.0135064352547
TTTTNGGT	286	2712	2839	43	6	7.69875190745	0.0156079854809	0.00210896309315	0.0134990223878
ANNATGGT	667	6400	6424	109	21	13.570364704	0.0167460439392	0.00325833979829	0.0134877041409
AAGNNAGT	526	4251	4332	68	10	11.3893858897	0.0157443852744	0.00230308613542	0.0134412991389
NAANTGGT	504	4809	4813	85	19	10.4816563733	0.0173682059665	0.0039321192053	0.0134360867612
AAAATNGT	592	5440	5572	96	22	11.0199362371	0.0173410404624	0.00393278512692	0.0134082553355
AAAANTAC	689	6550	6567	130	40	10.974616895	0.0194610778443	0.00605418495535	0.013406892889
TAANAAGT	436	4242	4277	80	22	8.27220528688	0.0185099490976	0.00511746917888	0.0133924799188
ATNANAGT	1043	10100	10284	169	32	21.4035434834	0.0164572986659	0.00310197751066	0.0133553211552
NTNAAAGT	997	9628	9639	168	37	18.8019754224	0.0171498570845	0.00382389417115	0.0133259629134
AANAAANG	4125	39767	39984	1122	573	39.5296275358	0.0274401428257	0.0141282639248	0.0133118789009
NCAANAGT	341	3369	3342	62	16	6.83640361445	0.0180705333722	0.00476474091721	0.013305792455
AAANATAC	910	8922	8763	182	59	13.7548352601	0.0199912126538	0.00668782588982	0.013303386764
TTNANGGT	619	4247	4388	77	20	8.71644536656	0.0178075855689	0.00453720508167	0.0132703804872
AANANAAG	3408	32575	32513	996	543	29.1334401574	0.0296684638527	0.0164266698935	0.0132417939592
NANTAGGT	415	3496	3511	58	11	8.17952782958	0.0163196398424	0.00312322544009	0.0131964144023
ATAAANGT	664	6552	6560	114	26	12.6066226217	0.017101710171	0.00394776799271	0.0131539421783
TATATNCC	332	3007	3083	47	7	8.01143505271	0.0153896529142	0.00226537216828	0.0131242807459
ANANAAAG	3447	33084	33106	1000	546	29.3857515538	0.0293392794273	0.0162248900511	0.0131143893762
GNAANAGT	511	4828	4712	83	18	10.149982071	0.0169008348605	0.00380549682875	0.0130953380318
ATNNAGGT	739	5987	6236	102	23	12.1170324873	0.0167515191329	0.00367470841988	0.013076810713
NNAAAAAC	2025	19132	19759	465	213	22.6970991177	0.0237281216513	0.0106649309033	0.013063190748
ANTNAGGT	649	4889	4922	83	18	10.511623791	0.0166934835076	0.00364372469636	0.0130497588113
NANAAAAC	2120	20182	20428	472	203	24.5423895263	0.0228527161809	0.00983956182444	0.0130131543564
AAANAAGG	572	5634	5540	116	40	8.33069379775	0.0201739130435	0.00716845878136	0.0130054542621
NAANAAAG	3273	31524	31556	960	532	27.154121096	0.029553010713	0.0165794066318	0.0129736040812
GNAAATGT	326	3317	3283	56	12	7.21445427694	0.0166024310703	0.00364188163885	0.0129605494314
AANNAAAG	3149	29935	30160	978	576	23.6508234233	0.0316371752984	0.0187402394586	0.0128969358398
TANANAGT	927	8737	8776	157	42	15.1396513576	0.0176523498988	0.00476298480381	0.012889365095
AATNNGGT	442	4375	4282	78	20	8.30869125869	0.0175162811588	0.0046490004649	0.0128672806939
TNANAGGT	432	4328	4509	74	18	9.13597185237	0.0168105406633	0.00397614314115	0.0128343975222
CANAANGT	562	5428	5459	95	24	9.84290133098	0.0172007966685	0.00437716578515	0.0128236308833
NAAANAAC	1952	18547	18603	470	225	19.481975819	0.0247147289267	0.0119502868069	0.0127644421199
ANANTGGT	596	4968	5129	79	15	10.4480194364	0.015652863087	0.00291601866252	0.0127368444245
TATNTACC	275	2627	2588	37	3	7.71151065617	0.0138888888889	0.00115785411038	0.0127310347785
CANAAGGN	301	2939	2971	45	7	7.20832315401	0.0150804289544	0.00235057085292	0.0127298581015
TNAANGGT	444	4458	4637	74	17	9.55328566288	0.0163283318623	0.0036527718092	0.0126755600531
ANAGNAGT	460	4551	4433	73	14	9.77255156575	0.0157871972318	0.00314818979087	0.012639007441
ANTANGGT	527	4423	4409	71	14	9.65041954213	0.0157988429016	0.00316527243952	0.0126335704621
ANAAAANG	4535	43611	43568	1111	539	43.2341469116	0.0248423594651	0.0122202824948	0.0126220769703
ANNAACGT	354	3270	3259	51	9	7.54417048318	0.0153568202349	0.00275397796818	0.0126028422667
ACNNAGGT	534	3526	3602	49	4	10.5512043702	0.0137062937063	0.00110926234054	0.0125970313658
NAAAAANG	4462	43317	43296	1097	531	42.9764229192	0.0246994191021	0.0121158190157	0.0125836000864
TTTNTNTG	3646	33892	35164	971	548	29.4829476283	0.0278518773485	0.0153449820789	0.0125068952696
ANNAAAAC	2180	21394	21708	479	207	24.8531764741	0.0218991450647	0.00944558521561	0.0124535598491
GAAANNGT	622	6405	6459	110	29	10.9727774234	0.016884113584	0.00446979038224	0.0124143232018
NAAAANCC	478	4457	4509	64	8	11.3139746007	0.0141561601416	0.00177108700465	0.0123850731369
ANAAANCC	498	4779	4790	66	6	13.2000009935	0.0136222910217	0.00125104253545	0.0123712484862
TNTNTTTG	3161	29433	30317	920	555	22.4846921844	0.030310018779	0.0179774552993	0.0123325634797
AANGANGT	633	6236	6297	100	22	11.5614567308	0.0157828282828	0.00348156353853	0.0123012647443
ACATANGT	454	3795	3859	55	8	9.35039173411	0.0142857142857	0.00206878717352	0.0122169271122
TAAAANGT	704	6860	7145	109	25	12.7693191026	0.0156406945042	0.00348675034868	0.0121539441556
GNAAANGT	729	7236	7204	129	39	10.9734185283	0.0175152749491	0.00538450918128	0.0121307657678
AANGNAGT	479	4720	4749	73	15	9.66153546855	0.0152305445441	0.00314861460957	0.0120819299346
ACNTAGGN	399	2540	2623	35	4	6.8720042336	0.0135922330097	0.00152264940997	0.0120695835997
ANATNGGT	748	5783	6137	88	18	11.5230087672	0.0149889286323	0.00292445166531	0.0120644769669
ANAATAGT	474	4560	4569	74	18	8.56481562157	0.0159689253345	0.00392413342054	0.0120447919139
TTTNTTTC	2395	22546	23554	755	490	15.4194131662	0.0324020428308	0.0203793046082	0.0120227382226
AAAGNNGT	509	5174	5126	75	12	10.3140282174	0.0142884358926	0.00233553912028	0.0119528967723
TNTTTNTG	3324	30634	31823	908	545	23.2834038278	0.0287870141399	0.0168376173999	0.01194939674
TNNAAAGT	1008	10154	10286	175	52	15.4349029371	0.0169425888276	0.00502998645773	0.0119126023698
AANANAAC	2193	20997	21175	492	236	20.6058821074	0.0228954348737	0.0110223716781	0.0118730631955
AGNNAAGT	435	3560	3558	56	13	6.81384917323	0.0154867256637	0.00364043685242	0.0118462888113
NTAAANGT	1449	14212	14368	227	56	23.4644591119	0.0157213103401	0.0038824181919	0.0118388921481
TTNTTTTC	2496	23627	24685	749	477	16.35355736	0.0307269445356	0.0189571576186	0.011769786917
NTTTTGGT	325	3121	3264	45	8	7.041714837	0.0142135186355	0.00244498777506	0.0117685308604
ANAAATAC	783	7511	7539	126	36	11.5235386097	0.0164986251146	0.00475247524752	0.011746149867
NGANAAGT	444	4280	4323	66	15	8.12877143866	0.0151863782789	0.00345781466113	0.0117285636177
ATNAANGT	1304	12644	12606	191	40	21.9542757334	0.0148811842618	0.00316305551162	0.0117181287502
NTAANGGT	466	4490	4621	74	21	7.71241225547	0.0162138475022	0.00452391210685	0.0116899353953
AAAANNCC	531	4984	5034	66	7	10.9967625799	0.0130693069307	0.00138861337036	0.0116806935603
NNAATGGT	591	5815	5825	87	18	10.4281059413	0.0147407658421	0.00308060927606	0.011660156566
ANNTAAGT	1213	9931	10087	152	35	16.905355894	0.0150748785084	0.00345781466113	0.0116170638472
NTGNAAGT	460	3999	4089	56	9	9.05896598017	0.0138101109741	0.00219619326501	0.0116139177091
AATAANGT	494	5023	5035	69	10	10.1234457484	0.0135506677141	0.001982160555	0.0115685071591
TNAANAGT	1057	10344	10570	165	44	16.4030226521	0.0157008278618	0.00414546824948	0.0115553596124
NACAANGT	425	4261	4280	61	11	8.8657471425	0.014113836187	0.00256350501049	0.0115503311765
NTNCAAGT	369	3796	3952	57	13	7.36842347514	0.0147936672723	0.00327868852459	0.0115149787477
NANATAGT	995	9093	9054	153	46	13.0055401372	0.0165476963011	0.00505494505495	0.0114927512462
ANGTANGT	813	6719	6972	86	8	15.2361122551	0.0126377663483	0.00114613180516	0.0114916345431
ANNAAAAG	3811	36829	37012	997	559	27.7063610865	0.0263575318564	0.0148784967129	0.0114790351435
ANNAAACC	472	4564	4558	65	12	9.26924000795	0.0140419096997	0.00262582056893	0.0114160891308
ANAAAAGG	637	6131	6046	109	37	8.06671343622	0.0174679487179	0.00608252506987	0.0113854236481
NTANAAGT	1178	11197	11443	178	49	17.1580309648	0.0156483516484	0.0042638357118	0.0113845159366
ANTNAAGT	807	7266	7489	106	23	12.7315323656	0.014378730331	0.00306176783813	0.0113169624929
AAAANTNC	1637	15917	15913	262	78	22.2473804692	0.01619383151	0.00487774373085	0.0113160877791
NTANAGGT	664	5762	5867	88	22	9.41955704294	0.0150427350427	0.00373577857022	0.0113069564725
ATNANGGT	552	5077	5193	80	22	7.99466287126	0.015512895094	0.00421860019175	0.0112942949023
AAATANGT	715	7006	7008	107	27	10.9595691332	0.0150428792352	0.00383795309168	0.0112049261435
GANAANGT	593	6008	5996	111	42	7.29680580915	0.01814021899	0.00695594567738	0.0111842733127
ANCATNGT	385	3905	3886	50	6	9.01875637885	0.0126422250316	0.00154162384378	0.0111006011878
NNTAAAGT	653	6523	6500	106	32	9.13857950606	0.0159903454518	0.00489895897122	0.0110913864806
NNATAAGT	1017	9700	9868	153	44	14.123933456	0.0155282655029	0.0044390637611	0.0110892017418
AANAANCC	546	5450	5617	74	13	10.2318948424	0.01339608979	0.00230905861456	0.0110870311754
GAANATGT	392	3937	4059	56	12	7.57572965067	0.0140245429502	0.00294767870302	0.0110768642471
NAAGNAGT	489	4467	4553	64	14	8.3961756953	0.0141249172368	0.00306546967375	0.0110594475631
AAANGNGT	620	6056	6096	88	20	9.95663897071	0.0143229166667	0.00327011118378	0.0110528054829
AGNAANGT	504	4619	4824	74	23	7.25618510649	0.0157681653527	0.00474520321849	0.0110229621342
ANCAANGT	316	3226	3192	41	5	7.3669696864	0.0125497398225	0.00156396621833	0.0109857736041
NNATAGGT	699	5609	5769	84	22	8.81448708791	0.0147549622343	0.00379899844586	0.0109559637885
ACANANGT	852	7681	7857	107	22	13.1711979066	0.013739085773	0.00279223251682	0.0109468532562
TTTNGNGT	641	5000	5224	69	14	8.98008351347	0.0136121522983	0.00267277586865	0.0109393764296
NAAAATNC	1639	15414	15427	235	64	21.9092473696	0.0150169339894	0.00413143115357	0.0108855028358
GTNAANGT	521	4688	4574	62	10	9.24744512435	0.0130526315789	0.0021815008726	0.0108711307063
GNAANTGT	587	5879	5865	83	18	9.60601428374	0.0139215028514	0.00305966343702	0.0108618394144
NTGANAGT	414	3816	3830	54	12	6.81541283232	0.0139534883721	0.0031233732431	0.010830115129
ATNTAAGT	455	3951	4109	55	12	7.37167420589	0.0137294058912	0.00291191458384	0.0108174913073
ATANNGGT	793	6097	6376	92	26	9.24131216727	0.0148650832122	0.00406123086535	0.0108038523468
NTTNAAGT	743	7517	7594	100	18	13.1359251717	0.013128528292	0.00236468733579	0.0107638409562
TANNAAGT	939	9030	9055	148	49	11.477647641	0.0161255175419	0.00538224956063	0.0107432679813
TTTTTNGA	759	7274	7406	129	50	8.47501182487	0.017425368094	0.00670600858369	0.0107193595103
TTTTNTTC	2614	24683	25860	787	533	13.9007507413	0.0308990969768	0.0201947486076	0.0107043483693
ATCANNGT	310	3055	3240	34	1	9.30956400517	0.0110067983166	0.000308546744832	0.0106982515718
NAANACGT	392	3771	3678	51	10	6.9582263873	0.0133437990581	0.0027114967462	0.0106323023119
GTGNANGT	348	2976	3021	35	3	7.50445888259	0.0116240451677	0.000992063492063	0.0106319816757
AACANNGT	373	3840	3601	51	9	7.09477196531	0.0131071703932	0.00249307479224	0.010614095601
TNNAAGGT	433	4223	4376	61	16	6.9639061295	0.0142390289449	0.00364298724954	0.0105960416954
NTAANAGT	1121	10755	10983	158	43	15.4443678774	0.0144781453313	0.00389987302739	0.0105782723039
NTTTNGGT	650	6009	6207	83	19	9.73655745777	0.013624425476	0.00305171859942	0.0105727068766
AAAAATGT	540	5375	5368	84	26	7.17493070685	0.0153874335959	0.00482017055988	0.010567263036
NANAACGT	376	3553	3564	45	7	7.1953883443	0.0125069483046	0.00196023522823	0.0105467130764
TNAAANGT	1606	15815	16318	223	55	23.8498797085	0.0139044768674	0.00335918890857	0.0105452879589
TNTTTTTC	2661	24988	25835	758	499	14.1125466762	0.0294414666356	0.0189488873699	0.0104925792657
NAAAAAGG	713	6894	6764	123	48	7.41992093043	0.0175288584865	0.00704638872578	0.0104824697608
NAAATNGT	1325	12790	13082	183	48	18.4405606326	0.014106220612	0.0036557501904	0.0104504704216
NACATNGT	398	3945	3807	48	6	8.35976553213	0.0120210368144	0.00157356412274	0.0104474726917
TTTTTNNC	4067	38408	39454	944	542	26.5456675117	0.0239886155723	0.0135513551355	0.0104372604368
GAANNTGT	707	7070	7340	94	20	11.6208596651	0.0131211613624	0.00271739130435	0.010403770058
AANATNGT	1431	14031	13819	197	48	19.8346626322	0.0138459375879	0.00346145525348	0.0103844823344
AAAANAGN	3057	29844	29782	455	142	36.1196110059	0.0150169972606	0.00474535489908	0.0102716423616
CATNANGT	448	4233	4266	51	7	8.66736456641	0.0119047619048	0.00163819330681	0.010266568598
TNANAAGT	1097	10711	10922	161	50	13.7863468191	0.014808682855	0.00455705432009	0.010251628535
TCNAANGT	333	3402	3514	41	6	7.14567438395	0.011908219576	0.00170454545455	0.0102036741214
NGAAANGT	619	6208	6317	87	23	8.8949600256	0.0138204924543	0.00362776025237	0.010192732202
NAAAAATC	520	5314	5331	72	17	7.95815799514	0.013367991088	0.00317875841436	0.0101892326736
AAANANCC	539	5256	5240	61	7	9.78957189368	0.0114726349445	0.00133409567372	0.0101385392708
TAANNAGT	804	7673	7728	112	33	10.064309472	0.0143866409762	0.00425202937766	0.0101346115986
ANAAATNC	1713	16694	16685	246	74	20.7134709858	0.0145218417946	0.00441553791992	0.0101063038746
NNTTAGGT	572	4396	4398	60	15	6.83842590356	0.0134649910233	0.00339904826649	0.0100659427569
ATANNAGT	1423	13101	13139	184	50	17.3930263846	0.0138502070004	0.0037910379862	0.0100591690142
NCAAANGT	590	5926	6071	90	30	7.39626631343	0.014960106383	0.00491722668415	0.0100428796988
ANTAANGT	1147	10314	10376	131	26	16.0030177141	0.0125418860699	0.00249951932321	0.0100423667467
TTTTNGGN	717	6669	6669	98	30	8.42117683735	0.0144820452194	0.00447828034035	0.0100037648791
AAAAAATT	1481	13835	14292	202	63	17.4822454735	0.014390539289	0.00438871473354	0.0100018245555
NAATNAGT	704	6629	6756	98	31	8.41224208996	0.0145681581686	0.00456755562104	0.0100006025475
NNAAAAAG	3663	35370	35626	954	589	19.8813451438	0.0262636273538	0.0162639790142	0.0099996483396
AAAANTGT	928	9171	9224	132	39	11.7153870348	0.0141889712996	0.00421029903919	0.00997867226039
AAANATGT	1190	11815	11749	165	45	15.383946684	0.0137729549249	0.00381549940648	0.0099574555184
AAAAANGN	4462	43811	43509	617	172	54.4063720396	0.0138876384262	0.00393763879032	0.0099499996359
AATNANGT	1271	12306	12423	162	38	17.5883609814	0.0129932627526	0.00304951448519	0.00994374826745
NNAAAACC	506	4861	4788	60	11	8.55554229227	0.0121926437716	0.00229214419671	0.00990049957488
NTNTAAGT	916	8435	8726	108	24	12.8349441557	0.0126419290647	0.00274285714286	0.00989907192187
AAANAAGN	3331	33158	32890	480	146	38.745232597	0.0142695760747	0.00441942123744	0.00985015483724
ATNATAGT	470	4621	4686	58	12	7.94616312415	0.0123958110707	0.00255427841635	0.00984153265439
ANATNAGT	1155	10119	10221	148	47	12.2078215884	0.0144151163923	0.00457732761979	0.00983778877254
AAAAAANT	5530	51555	52847	1345	837	28.951686856	0.0254253308129	0.0155912376127	0.00983409320016
GNANATGT	898	8871	8982	118	30	12.2093300362	0.0131271554122	0.00332889480692	0.00979826060525
NGAATNGT	382	3939	3987	44	5	8.43235130415	0.0110469495355	0.00125250501002	0.00979444452551
ANAANAAC	2422	23934	24368	487	251	17.9680973457	0.019941853323	0.0101953775539	0.00974647576904
ANNATAGT	1010	9644	9533	131	35	12.4353643898	0.0134015345269	0.00365802675585	0.009743507771
AANTANGT	1322	12412	12542	165	43	16.4588907819	0.0131191858154	0.00341676599126	0.00970241982412
ATAANNGT	1482	14420	14484	191	49	19.0346354019	0.0130723427555	0.00337163696415	0.00970070579131
AANAAAGN	3273	32041	31796	446	129	38.0696805319	0.0137285683504	0.00404072043853	0.00968784791189
ANAAAAGN	3464	33955	34158	473	139	40.6510771226	0.0137388172418	0.00405283260927	0.00968598463251
NAACANGT	565	5646	5566	81	25	6.8021932819	0.0141435306443	0.00447147200859	0.00967205863573
NTAAATGT	657	6516	6509	83	19	9.26910528542	0.0125776632823	0.00291053921569	0.00966712406663
ANGTAGNT	454	4108	4196	51	11	6.87745263971	0.0122625631161	0.00261468980271	0.00964787331342
NANAAAAG	3464	33502	33811	942	610	16.6660738549	0.0273487399837	0.0177217396357	0.00962700034805
NATANAGT	860	7862	7918	124	47	8.2457820923	0.015527172552	0.00590081607031	0.00962635648166
TATANNCC	571	5233	5221	66	15	7.47748159988	0.0124551802227	0.00286478227655	0.00959039794614
TTTTTTTA	2593	23411	24615	727	516	10.842386985	0.0301184853758	0.0205324101707	0.00958607520505
ANAATNGT	1426	13704	13824	177	44	18.2837726478	0.0127512427059	0.00317277184886	0.009578470857
GTANANGT	617	5791	5786	71	15	8.45052177937	0.0121119071989	0.00258576107568	0.00952614612323
TNTTNGGT	623	6019	6098	77	19	8.327904224	0.0126312335958	0.00310609776034	0.00952513583546
ATGNANGT	1001	9072	9310	101	14	15.3768373039	0.0110105745122	0.0015015015015	0.00950907301065
TGAANNGT	540	5425	5549	62	10	8.93563544265	0.0112994350282	0.00179888469149	0.00950055033676
NTGAANGT	591	5405	5428	63	11	8.50785003386	0.0115215801024	0.00202243059386	0.00949914950855
AAANNTAC	1643	16194	16024	260	102	15.2805125757	0.0158016287833	0.00632518913556	0.00947643964772
NANAAACC	505	4891	4901	62	15	7.257655421	0.012517666061	0.00305126118796	0.00946640487302
NAAAAAGN	3663	35849	35873	505	160	39.5582617257	0.013891181163	0.00444037410152	0.00945080706149
AAANAATC	598	6157	6125	85	26	7.30362653992	0.0136174303108	0.00422695496667	0.00939047534413
NNAATAGT	1025	9908	10015	131	37	12.2640456897	0.0130491084769	0.00368085953044	0.0093682489465
ANTNGTGT	420	4033	4161	42	4	8.73066381882	0.0103067484663	0.000960384153661	0.0093463643126
TANATNCC	533	5098	5167	56	8	8.46481927861	0.0108653473031	0.00154589371981	0.00931945358326
AAAANATC	663	6593	6437	87	24	8.00904759112	0.0130239520958	0.00371459526389	0.00930935683192
TTNTNGGT	580	5504	5817	67	16	7.97223793509	0.0120265661461	0.00274301388651	0.00928355225961
NTNTTGGT	654	6186	6487	76	19	8.58496404749	0.0121366975407	0.0029203811866	0.00921631635412
TTNTTGGN	665	6285	6488	90	32	6.96069240333	0.0141176470588	0.00490797546012	0.0092096715987
NATNAAGT	812	7858	7961	121	48	7.65009677434	0.01516480762	0.00599325758522	0.00917155003479
NANTAAGT	807	7251	7222	110	42	7.12985503268	0.0149436217905	0.00578193832599	0.00916168346453
TAAANNGT	1258	12271	12567	161	48	14.5058348663	0.0129504504505	0.0038049940547	0.00914545639575
AAANTNGT	1210	11443	11556	155	49	12.8277359561	0.0133643731678	0.00422231796639	0.00914205520139
ANCNTTGT	343	3486	3683	36	4	7.21922919927	0.0102214650767	0.00108489286683	0.00913657220983
TAANANGT	1551	15104	15366	184	45	19.5045595937	0.0120355834642	0.00291999221335	0.0091155912508
AAANNACC	541	5408	5197	57	7	8.5688155522	0.0104300091491	0.00134511913912	0.00908489001001
TANAANGT	1438	13881	14206	181	54	16.208015475	0.0128715687669	0.00378681626928	0.0090847524976
TTTNTGGN	750	7277	7536	99	33	8.26198152668	0.0134219088937	0.00435988902101	0.0090620198727
AANANACC	616	5441	5416	63	13	7.61995599727	0.0114462209302	0.00239454779886	0.00905167313137
NTTAANGT	852	8162	8118	97	22	10.7675628143	0.0117447632885	0.0027027027027	0.00904206058583
AANTNAGT	850	7070	7321	92	28	8.48499207463	0.012845573862	0.00381004218261	0.00903553167944
AAANAGNT	1485	15083	15001	189	51	17.7321700961	0.0123755893138	0.00338825405262	0.00898733526116
NAAAATGT	1155	11571	11724	152	47	12.9731991434	0.0129659643436	0.00399286381786	0.00897310052574
AAANATNC	2034	20252	19832	305	117	18.0261551921	0.0148367952522	0.00586495563687	0.00897183961535
ANTANAGT	655	6153	6183	80	24	7.16292142719	0.0128349109578	0.0038666022233	0.00896830873451
NTTTTGGN	766	7382	7412	100	33	7.97228757208	0.0133654103181	0.00443250503694	0.00893290528116
ANATANGT	3454	30680	30991	362	86	38.2060548511	0.011661619741	0.00276731988287	0.00889429985812
TTTNTTNC	4071	38412	39664	939	603	18.9311837452	0.0238621636045	0.0149750415973	0.00888712200714
TANNTGGT	539	5397	5256	64	15	6.84925363111	0.0117194652994	0.00284575981787	0.00887370548152
NAATGNGT	484	4601	4690	51	10	7.33988439689	0.0109630266552	0.00212765957447	0.00883536708073
NAAANACC	464	4591	4595	51	10	7.05000046416	0.0109866436881	0.00217155266015	0.00881509102791
NANGATGT	628	6021	6287	66	13	8.76758868703	0.0108427796944	0.00206349206349	0.00877928763094
AANAATGT	992	10072	10166	119	30	12.3440107604	0.0116769698754	0.00294233032562	0.00873463954976
AAATNNGT	1474	14069	14155	182	58	14.7381951166	0.0127710336117	0.00408077112503	0.00869026248665
ANAAATGT	1072	10665	10735	143	49	10.7592875313	0.0132309400444	0.00454376854599	0.00868717149842
TTTTTTNA	5217	48507	50495	1067	657	25.4944033349	0.0215233791907	0.012844072568	0.00867930662267
AAAAAGGN	713	6944	6785	92	30	7.10582729165	0.0130756111427	0.004402054292	0.00867355685069
NAANATAC	1841	17272	17231	258	105	14.6010754934	0.0147176269253	0.00605676049838	0.00866086642689
NAAANTAC	1341	12352	12358	174	65	11.4545209388	0.0138911064985	0.00523223054013	0.00865887595836
ANAANACC	587	5741	5526	67	16	6.92569326406	0.0115358126722	0.00288704438831	0.00864876828387
AANAAGNT	1561	15822	15762	198	59	16.8824133594	0.0123595505618	0.00372922065609	0.00863032990571
TATATNGT	728	6527	6576	78	21	7.77795743151	0.0118092354277	0.00318326512051	0.0086259703072
NTTTTTTC	2507	23666	24451	722	524	8.91561055842	0.0296047236346	0.020980980981	0.00862374265359
NTTANAGT	618	6164	6125	76	22	6.93781065911	0.0121794871795	0.00357898161705	0.00860050556244
TTNTTTNC	4151	39560	40752	927	592	18.8961487068	0.0228962382987	0.0143188854489	0.0085773528498
ATGTANGT	544	4534	4675	43	4	8.99746224659	0.00939480008739	0.00085488352212	0.00853991656527
NAANATGT	2674	26636	26823	313	83	30.0524529486	0.0116145311514	0.00308481379618	0.00852971735525
AAANNAGG	1026	9990	9956	147	60	8.49651758101	0.014501331755	0.00599041533546	0.00851091641949
TTTTNTNC	4315	40811	42240	998	660	18.2096258424	0.0238704585137	0.0153846153846	0.0084858431291
AANNATGT	2245	22146	22313	252	62	25.965881489	0.011251004554	0.00277094972067	0.00848005483331
NAACNTGT	545	5358	5365	59	13	6.91335123521	0.0108916374377	0.00241725548531	0.00847438195239
TNTANAGT	809	7771	7775	103	36	7.60761206757	0.0130810261621	0.0046088849059	0.00847214125615
GANNATGT	738	7392	7536	87	24	8.60791895139	0.0116325711994	0.0031746031746	0.00845796802476
ANAAANTC	1273	12672	12587	155	46	13.3270711039	0.0120838855539	0.00364125702525	0.00844262852866
NAATANGT	1624	15968	15950	194	57	16.8774161548	0.0120034649177	0.00356094208784	0.00844252282987
AAGANAGN	604	5962	5976	68	17	7.21040272589	0.0112769485904	0.00283664274987	0.00844030584051
NATNTGGT	766	7774	7436	97	29	7.9141524271	0.0123237199848	0.00388479571333	0.00843892427143
NATAANGT	1263	12375	12400	154	48	12.7731316019	0.0122914837577	0.00385604113111	0.00843544262658
ATGNNAGT	747	6197	6139	65	12	8.3500805887	0.0103800702651	0.00195090229231	0.00842916797278
ACATNNGT	801	7143	7150	83	22	8.27798931847	0.0114862994741	0.00306748466258	0.00841881481154
ATNTNGGT	776	6450	6747	81	27	6.96537378133	0.0124023886082	0.00398582816652	0.00841656044166
AANAATAC	904	8356	8291	124	52	6.86892219094	0.0146226415094	0.00623276998682	0.00838987152262
AAANNTGT	2170	21563	21471	264	80	21.8959800073	0.0120951115591	0.00371212472739	0.00838298683169
NNAAATGT	2360	23616	23886	291	91	23.9326107005	0.0121721671477	0.00379530383284	0.00837686331486
AATANNGT	1220	12334	12267	141	36	14.0459292561	0.0113026052104	0.00292611558157	0.00837648962886
AAAANNGG	1255	11820	11797	167	66	10.1061221824	0.013931759406	0.00556351681699	0.00836824258903
NNGAATGT	520	5143	5357	53	10	7.26598254728	0.0102001539646	0.00186323830818	0.00833691565641
NANCATGT	702	6790	6829	70	13	9.12038416271	0.0102040816327	0.00190002923122	0.00830405240143
AANGNTGT	547	5607	5661	54	7	8.46704219995	0.00953895071542	0.00123500352858	0.00830394718684
TNTATNCC	650	6101	6206	69	18	7.22551470237	0.0111831442464	0.00289203084833	0.00829111339802
NATNTACC	612	5831	5718	59	10	7.87099829109	0.0100169779287	0.00174581005587	0.00827116787283
TNTTTGGN	743	7179	7229	90	30	7.17807646914	0.0123813454395	0.00413280066125	0.00824854477829
NAANTAGT	771	7107	7237	91	32	6.95242904643	0.0126424006669	0.00440225615628	0.00824014451057
AATNNAGT	730	7003	7142	84	26	7.45928492229	0.0118526880203	0.00362723214286	0.00822545587746
ATANANGT	3210	29127	29343	327	85	31.9579845508	0.0111020574455	0.00288840560011	0.0082136518454
NAANAACC	483	4808	4779	48	8	7.34719855959	0.00988467874794	0.00167119281387	0.00821348593407
TANNTACC	503	4701	4690	48	9	6.84358643733	0.0101073910297	0.0019153011279	0.00819208990179
AAANANGG	1237	12004	11993	158	58	10.6773099622	0.0129912843282	0.00481287859929	0.00817840572895
NAAANTGT	1985	19750	20023	237	74	19.7327576505	0.0118577075099	0.00368214161318	0.00817556589671
NANAATCC	461	4656	4791	45	7	7.53867185244	0.00957243139757	0.00145894122551	0.00811349017206
NNTATAGT	912	8300	8348	111	43	7.19828657468	0.0131970039234	0.00512453819569	0.00807246572775
ANAAAGNT	1574	16182	16012	194	61	15.4371482242	0.0118466047875	0.00379518447085	0.00805142031664
NAAGNTGT	430	4443	4510	42	6	7.31304854534	0.00936454849498	0.00132860938884	0.00803593910614
TTTNTNTC	3908	38025	38650	872	567	15.784485072	0.0224181813507	0.0144580156565	0.00796016569427
AAAAANNT	11128	105000	107522	1916	1087	54.4781950655	0.0179206105728	0.0100083786795	0.0079122318933
TNNATAGT	900	8483	8521	99	31	8.38346650852	0.0115357725472	0.00362488306829	0.0079108894789
TNTNTAGT	955	8899	9013	104	33	8.78886394887	0.0115517049872	0.00364802122485	0.00790368376238
NAAANAGG	1123	11049	10880	153	63	8.47402234665	0.013658275308	0.00575710499863	0.00790117030935
TNTNTGGT	750	7394	7441	80	21	8.13372026551	0.01070377308	0.00281425891182	0.00788951416819
TTNNAAGT	843	8311	8454	97	31	8.22756687905	0.0115366317793	0.00365350618739	0.00788312559187
TTNTNAGT	905	8416	8455	88	21	9.59585904412	0.0103480714958	0.00247758376593	0.00787048772984
ANNAATCC	426	4322	4499	40	6	6.92227336914	0.00917010545621	0.00133185349612	0.0078382519601
NTCATNGT	412	4192	4345	37	4	7.41941008811	0.00874911326555	0.00091975166705	0.0078293615985
NNAAATAC	1511	14090	14108	172	60	12.434340923	0.0120600196326	0.00423489553924	0.00782512409335
AANANTGT	1895	19226	19294	212	60	19.253362414	0.0109064718592	0.00310013433915	0.00780633752009
AANAAGGN	1174	11770	11598	141	47	10.547525795	0.0118377969944	0.00403606698154	0.00780173001284
TNTNTACC	642	6174	6077	65	16	6.80467530572	0.0104183362718	0.00262596422124	0.0077923720506
NAANATCC	478	4849	4862	39	1	10.1568418223	0.00797872340426	0.000205634382069	0.00777308902219
NTTNTGGT	718	6900	7022	72	18	7.79712664677	0.0103270223752	0.00255681818182	0.0077702041934
TTNAANGT	1099	11039	11222	120	34	11.3669787259	0.0107536517609	0.00302061122957	0.00773304053134
NANAATGT	2224	22248	22493	241	68	22.1496543368	0.0107163502157	0.00301405079562	0.00770229942004
AAAANNTC	1528	15219	15132	187	68	12.5818494608	0.0121381280021	0.00447368421053	0.00766444379155
ANNAATGT	2006	19848	20024	217	64	19.0805374364	0.0108148517319	0.00318598168061	0.00762887005127
ACNTANGT	1126	8434	8451	83	18	9.69177720632	0.00974521545145	0.00212539851222	0.00761981693923
AANAANGG	1196	11530	11379	150	60	8.75369392496	0.0128424657534	0.00524521374246	0.00759725201096
NTATNAGT	1054	9227	9254	105	34	8.52304408409	0.0112516073725	0.00366063738157	0.00759096999091
AANAATNC	2010	19620	19536	250	98	14.9705915291	0.0125817815803	0.00499134155037	0.0075904400299
NATATNCC	767	7261	7212	79	23	7.15713238455	0.0107629427793	0.00317899101589	0.0075839517634
AANAANTC	1545	15451	15622	186	68	12.8601839142	0.0118948647439	0.00433397068196	0.00756089406191
AANTATGT	764	7345	7350	80	24	7.12071030392	0.0107744107744	0.00325467860049	0.00751973217392
AATNATGT	690	6710	6733	65	14	7.72785900504	0.00959409594096	0.00207499629465	0.00751909964631
TTTTTNGN	2658	24789	25688	302	117	19.915787452	0.0120361882747	0.00453400503778	0.0075021832369
TANATNGT	1314	12282	12361	129	36	12.1530618001	0.0103940053179	0.00290392836977	0.0074900769481
ANAANAGG	1067	10394	10241	137	57	7.52496501342	0.0130092109011	0.00553505535055	0.0074741555506
TNTTTTNC	4446	42099	43161	941	631	15.6619063929	0.0218633828996	0.0144090244794	0.00745435842027
NAAAANTC	1218	12371	12287	144	50	10.3954924728	0.0115061925689	0.00405284915295	0.00745334341596
NTTNGTGT	630	5912	6198	50	6	8.46519016624	0.00838644750084	0.000967117988395	0.00741932951244
TATANNGT	1345	12432	12483	139	46	10.8787573757	0.0110571951317	0.00367148216139	0.00738571297027
ATTNANGT	1137	10724	10777	112	32	10.3576788915	0.0103359173127	0.00296049588306	0.0073754214296
NTGTANGT	874	7701	7895	68	11	9.79312694185	0.00875273522976	0.00139134834303	0.00736138688673
ANANTAGT	1052	9696	9768	108	36	8.54118237714	0.0110159118727	0.00367197062424	0.00734394124847
TNNTAAGT	825	7684	7753	85	28	6.92562379389	0.0109409190372	0.00359850918905	0.00734240984815
ANAAAGGN	1212	11848	11692	139	50	9.48299366056	0.0115958955535	0.00425821836144	0.00733767719208
ANAANTGT	1914	18871	19068	213	74	15.6279280528	0.0111611821421	0.00386584473932	0.00729533740279
AAAANGNT	2377	24049	23907	260	82	20.6045718542	0.010695627134	0.00341823335696	0.00727739377703
TTTTTNGT	1254	11700	12269	108	23	13.4988696029	0.00914634146341	0.00187113569801	0.0072752057654
NTTTNAGT	780	7804	7917	76	19	8.17182044236	0.00964467005076	0.00239415322581	0.00725051682495
ATATANGT	2150	18557	18818	184	49	18.0863250401	0.00981804599541	0.00259712725924	0.00722091873618
ANANATGT	3944	37360	37417	386	113	33.2556413302	0.010226249139	0.00301092459366	0.00721532454532
TTTTNNTC	4236	41377	42520	902	610	14.7018054982	0.0213344686487	0.0141432877348	0.00719118091398
ATNTANGT	3395	29684	30073	281	66	30.2611277343	0.00937760720841	0.00218985367796	0.00718775353045
TAATNTGT	694	6776	6831	58	9	8.39258637543	0.0084869768803	0.00131578947368	0.00717118740662
NAAAAGNT	1794	18159	18409	204	73	14.5352809183	0.0111092958667	0.00394978898388	0.00715950688281
NCATANGT	862	7920	7953	80	23	7.47085933799	0.01	0.00288365095286	0.00711634904714
ANAANTAC	1601	15423	15401	183	72	11.1266279087	0.0117262591311	0.00465326698119	0.00707299214991
TAATNNGT	1107	10927	10948	100	22	11.47430062	0.00906864967806	0.00200546946217	0.00706318021589
AAAANGGN	1484	14401	14183	158	54	11.3982151049	0.0108523937084	0.00379293390461	0.00705945980374
NAATATGT	1019	10126	10076	98	26	9.60660291778	0.00958528951487	0.00257374777272	0.00701154174215
AAANANTC	1429	14643	14416	173	68	10.2422007684	0.0116765658747	0.00469483568075	0.00698173019398
NTNAATGT	1395	13760	13798	134	37	12.6579270159	0.00964445084209	0.00267437658113	0.00697007426096
TTTTTTAA	1562	14870	15352	172	69	10.9532093951	0.0114346496477	0.00447441800143	0.00696023164623
TTTTTTGN	1613	14814	15541	178	77	10.4382545479	0.0118729989328	0.00493020873351	0.00694279019925
ANAAANGG	1311	12690	12545	146	56	9.12576576765	0.011374259894	0.00444409173875	0.0069301681553
CANNATGT	656	6735	6783	59	12	7.35688942895	0.00868413305858	0.00176600441501	0.00691812864357
TTTNNAGT	922	9209	9361	93	29	8.11298045774	0.00999784992475	0.00308839190628	0.00690945801846
NTGNATGT	965	9073	9191	74	11	10.8847537965	0.00809008418061	0.00119539230602	0.00689469187459
ANTTANGT	1387	12090	12122	115	31	11.1740450989	0.00942236788202	0.00255081049947	0.00687155738255
ANGNATGT	873	8410	8686	65	7	11.1018263731	0.00766961651917	0.000805245599908	0.00686437091927
NATATNGT	1746	16981	16882	181	63	12.9231850863	0.0105465563454	0.00371791088817	0.00682864545725
TTNTTNTC	4304	41865	43025	852	573	14.2595136765	0.0199452208723	0.0131428047158	0.00680241615644
TNTAANGT	1060	10455	10631	104	33	8.86086539527	0.00984941755848	0.00309452363091	0.00675489392757
NANAAATC	1251	12627	12936	130	45	10.0584635409	0.010190483656	0.00346660503813	0.0067238786179
TNTTTNTC	4231	40941	41862	857	585	13.1741684378	0.0205033733671	0.0137818927133	0.00672148065388
TNNTATCC	568	6044	5926	46	5	7.46699092685	0.00755336617406	0.00084302815714	0.00671033801692
ANATATGT	2359	21529	21537	197	52	19.052016188	0.00906747675596	0.00240863402659	0.00665884272937
NATTANGT	1257	11861	11992	117	38	9.5613618679	0.00976790783102	0.00315876974231	0.00660913808871
NTGTATGT	527	4812	4868	35	3	7.49417078455	0.00722096141943	0.000615889960994	0.00660507145844
ANGAAAGN	884	8654	8579	82	24	7.35723358636	0.00938644688645	0.0027897245147	0.00659672237174
NTTTTTNC	4179	39616	40448	901	644	11.1475462344	0.0222375792877	0.0156721502969	0.00656542899081
TTTTNNGT	2534	24021	24828	206	49	22.849369888	0.00850290997647	0.00196969087913	0.00653321909735
NAAAANGG	1484	14351	14155	171	76	8.30184981854	0.0117752375706	0.00534045393858	0.006434783632
NTATANGT	3313	29694	29882	266	74	24.5451344025	0.0088785046729	0.00247028975831	0.00640821491459
NAAANATC	1292	12990	12759	125	40	9.81899223416	0.00953107129241	0.0031252441597	0.00640582713271
NNCATTGT	441	4507	4629	30	1	7.95111838289	0.00661229887591	0.000215982721382	0.00639631615453
ATATATGT	1604	14269	14356	122	30	12.8609602895	0.00847752067264	0.00208536076741	0.00639215990523
AAANAGGN	1123	11118	10899	123	50	6.98925067921	0.0109420870029	0.00456662708923	0.0063754599137
NATNATGT	2050	19834	20016	166	39	18.0289053209	0.0083	0.00194465220643	0.00635534779357
TATNTNGT	1922	17572	17850	166	54	13.4487638105	0.0093584395084	0.00301608579088	0.00634235371752
NANAATAC	1795	16605	16385	193	85	9.46934838515	0.0114894630313	0.00516089860352	0.00632856442779
NANTATGT	2022	19797	20018	170	44	17.1082654843	0.0085140481795	0.00219320107666	0.00632084710283
TATNANGT	1401	13348	13463	131	46	9.66544423924	0.00971882187106	0.00340513731586	0.0063136845552
NTNATAGT	1006	9769	9860	98	36	6.94723608555	0.00993209688862	0.00363783346807	0.00629426342055
AAAAANTT	2750	26457	27182	250	84	19.6359188383	0.00936084172689	0.00308075992078	0.00628008180611
TANTANGT	1385	13269	13290	119	35	10.6168483066	0.00888855691664	0.00262664165103	0.00626191526561
ATNTATGT	2395	21535	21631	177	41	19.2557663721	0.00815217391304	0.00189184200812	0.00626033190492
NAAAAGGN	1387	13646	13569	155	68	7.90372376711	0.0112310702123	0.00498643396641	0.00624463624589
ANNTATGT	3784	34365	34392	291	75	28.4666174386	0.00839681440443	0.00217599442945	0.00622081997498
TATNATGT	862	8195	8402	65	14	7.97870552217	0.00786924939467	0.00166349809886	0.00620575129581
TTTANNGT	1178	10310	10457	100	36	7.33785201131	0.00960614793468	0.00343085866768	0.00617528926699
NAATNTGT	1952	19253	19247	170	50	14.8963193613	0.00875250991093	0.00259107633311	0.00616143357782
TNNTTTTC	4395	42356	43470	894	640	11.3036598545	0.0206705202312	0.0145091815915	0.00616133863974
NNGTATGT	760	7160	7230	47	3	8.98647545329	0.00652143749133	0.000414765657404	0.00610667183392
ATANATGT	2113	19349	19402	166	47	15.1980496579	0.00850627722265	0.00241657668775	0.0060897005349
NTANATGT	3512	33023	33049	278	75	26.1326629766	0.00834809765473	0.00226421929719	0.00608387835754
TTANANGT	1535	15195	15325	136	43	11.3228844093	0.00887091513926	0.00279802186361	0.00607289327565
NAANTTGT	1388	13692	13868	116	33	10.9110290487	0.00840092699884	0.0023739299331	0.00602699706574
AAGAANGN	917	9103	9255	77	22	7.40648673561	0.00838779956427	0.00237145628975	0.00601634327452
AAATNNAC	1581	15532	15291	206	109	6.80191555281	0.0130893379082	0.00707792207792	0.00601141583033
TNNAATGT	1618	15831	16299	135	40	12.4723008259	0.00845546786922	0.00244813024053	0.00600733762869
AANNATAC	1907	18428	18119	239	124	8.16162426468	0.0128033427975	0.00679712766541	0.00600621513204
ANNAAATC	1278	12732	12862	118	41	8.89831091084	0.00918287937743	0.00317755560722	0.00600532377021
ATNNTAGT	1303	11540	11507	101	31	8.62934527947	0.00867623056438	0.00268677413763	0.00598945642675
NNATATGT	4120	38852	38845	323	88	29.9297117337	0.00824505424378	0.00226029332443	0.00598476091935
AANNAATC	1247	12760	12931	135	59	7.3132865333	0.0104691740985	0.00454195535027	0.00592721874822
TTTNANGT	1462	14244	14359	115	30	11.6106820195	0.0080089142698	0.00208492598513	0.00592398828467
ANNTGTGT	1034	9840	9816	89	30	6.90549685012	0.00896364185719	0.00304692260817	0.00591671924902
ATATNNGT	3579	31528	31725	279	91	21.7460081319	0.00877165403842	0.00286019612773	0.00591145791068
AANAAATT	2685	25678	26161	255	103	15.3624797273	0.0098330312729	0.00392171794091	0.00591131333199
ANANATAC	2941	27751	27395	369	199	11.289028845	0.0131223328592	0.00721171269116	0.00591062016801
NTTTTNTC	4005	38720	39583	827	603	9.40537289992	0.0209118264344	0.0150052257005	0.00590660073388
NTTTANGT	1600	15022	15127	121	32	12.0266769985	0.00799049065575	0.00211095718715	0.0058795334686
TANATAGN	1138	10751	10735	100	36	7.11834699105	0.00921574048475	0.00334230804939	0.00587343243536
AANANTAC	1749	16400	16364	181	83	8.51284228578	0.0109161087992	0.00504651304189	0.00586959575734
AANTNTGT	1700	16515	16827	152	55	10.9375338005	0.00911981760365	0.00325790783083	0.00586190977282
TANNATGT	1937	18583	18995	149	40	14.8572026653	0.00795430279735	0.00210139217231	0.00585291062504
NTAANTGT	1305	12667	12595	112	37	8.73012073414	0.00876437905939	0.00292906903103	0.00583531002836
ANANAATC	1324	13498	13350	124	44	8.71689182113	0.00910292174424	0.00328505300881	0.00581786873543
AAAAACAN	1212	11415	11754	109	43	7.2603480389	0.00945852134675	0.00364499449012	0.00581352685663
TTTTTNTA	5026	46359	48115	945	693	11.2685583093	0.0199771689498	0.0141984920505	0.00577867689929
ATNATNGT	1549	15242	15519	130	42	10.7784404658	0.00845693468644	0.00269905533063	0.00575787935581
TTNNTTTC	4031	38585	39851	853	643	8.6280107081	0.0216288858461	0.0158788956389	0.00574999020728
ATNTNAGT	1327	11012	11039	101	37	7.07983126616	0.00908845496266	0.00334055615746	0.0057478988052
ATNAAAGN	1661	16605	16435	143	46	11.2606263541	0.00853833293528	0.0027910927735	0.00574724016178
TTTNTNGA	1546	15350	15403	170	81	7.56567723275	0.0109536082474	0.00523120640661	0.00572240184081
ANNAATAC	1750	16453	16561	175	80	8.48024544534	0.0105244166466	0.00480740340124	0.00571701324538
ATNNATGT	3474	32383	32373	258	71	23.817058775	0.00790416960265	0.00218838614228	0.00571578346037
NNAAAAGG	1387	13626	13570	148	69	6.8020804478	0.0107448816611	0.00505902192243	0.00568585973867
AAAANANT	10247	96819	98402	1706	1158	25.4223149663	0.0173154021822	0.0116311771796	0.0056842250026
NTNTTAGT	1189	10072	9949	77	19	8.03231113125	0.00758695437974	0.00190609951846	0.00568085486128
AAAAATGN	1593	16043	15741	143	50	10.0109047676	0.00883479550229	0.00316636058514	0.00566843491714
NTATATGT	2399	21840	21835	170	45	16.4762627644	0.0077237619264	0.00205667276051	0.00566708916589
NAAAAATT	2765	26303	26734	252	103	14.8389765588	0.00948973827904	0.00383798487163	0.00565175340741
TTNTTNGT	2456	23202	23793	185	54	17.0292877163	0.00791037756018	0.00226443577809	0.0056459417821
TTTNNTTC	4208	40350	41942	923	714	8.34992975284	0.0223632883483	0.0167385596399	0.0056247287084
TTTTTGNN	2855	26927	27880	283	134	13.4425540388	0.0104005880191	0.0047833226244	0.00561726539471
AATNNTGT	1661	16505	16758	131	38	12.0848051083	0.00787448905987	0.00226244343891	0.00561204562096
AAAANTGN	2566	25516	25355	228	83	15.20574883	0.00885643256681	0.00326283512855	0.00559359743826
AATTNNGT	1051	10053	10298	85	29	6.85266019815	0.00838429670546	0.00280817275104	0.00557612395442
TTTTTNNA	10617	101246	103696	1465	914	31.364089252	0.014263321358	0.00873721441545	0.00552610694254
AAAAAANN	34022	309021	311977	3381	1672	129.36461937	0.0108225939655	0.00533079971561	0.00549179424986
NAAAAANT	9707	92314	93750	1693	1194	21.1338006367	0.01800929718	0.0125758341759	0.00543346300406
NAANAATC	1258	13247	13198	119	46	7.5780459343	0.00890318719138	0.00347327091513	0.00542991627625
NTNTATGT	4065	37533	37611	274	69	27.4604799946	0.00724733514958	0.00183121019108	0.00541612495849
NTTTTTAA	2937	28278	28894	245	92	16.5462172204	0.00858955930302	0.00317394604292	0.0054156132601
TTNTNTTC	4467	43338	44628	912	689	8.92000105311	0.0206101694915	0.0152040073262	0.00540616216536
AAANAATT	2873	27462	28084	252	104	14.8230254522	0.00909287724616	0.00368951326806	0.0054033639781
TTNTTTAA	2838	27166	27637	239	92	15.4622053431	0.00872103630724	0.00331782610264	0.00540321020461
TTTTNTTA	4791	44624	46267	966	743	8.86858699616	0.0211888572055	0.0158051478409	0.00538370936464
ANATNTGT	3871	36122	35991	303	106	21.2127953183	0.00831846259437	0.00293653212178	0.00538193047259
AAAAANAT	6800	63279	64827	1253	923	13.370096225	0.019416723486	0.0140380228137	0.00537870067233
ATANTNGT	1771	16222	16250	132	44	10.2434952592	0.00807141983613	0.00270038050816	0.00537103932796
TTNTANGT	1805	17328	17313	131	37	12.0673906533	0.00750329343032	0.0021325648415	0.00537072858882
NANATTGT	1668	16760	17052	130	40	11.3481108948	0.00769686204855	0.00234027615259	0.00535658589596
NTNTGTGT	1363	13048	13300	95	25	9.77673912115	0.00722818230237	0.00187617260788	0.00535200969449
ATGNNTGT	945	9265	9223	67	17	6.96731370327	0.0071795970853	0.00183982683983	0.00533977024547
TTNTTNGA	1616	16068	16024	172	85	6.98593164941	0.0105911330049	0.00527655347942	0.0053145795255
TNTTANGT	1683	16047	16103	126	40	10.3927322544	0.00779076238175	0.00247785417828	0.00531290820347
AAAAACNN	2025	19422	19827	170	67	10.871787718	0.00867701102491	0.0033678496029	0.00530916142201
AANAAANT	9975	94499	95538	1725	1221	20.6383644645	0.0179269205188	0.01261898118	0.00530793933874
ATATNTGT	2428	22127	22124	169	51	14.4408200402	0.00757983494797	0.00229988726043	0.00527994768754
ANAANATC	1527	15186	14884	130	48	8.49157015722	0.00848785583703	0.00321457272971	0.00527328310733
ANTNATGT	1845	17089	17081	131	40	11.1678306813	0.00760743321719	0.0023363121313	0.00527112108589
TTTTNNGA	1811	17448	17704	192	100	7.24152597161	0.0108843537415	0.00561671534487	0.00526763839663
TTTNTTAA	2846	27537	28342	239	95	15.1319391771	0.00860455069124	0.00334071807856	0.00526383261268
TTTTNTNA	10187	96879	99601	1473	978	25.5195662503	0.01497681796	0.00972369977828	0.0052531181817
TNTTTNGT	2549	23891	24584	189	64	14.9141650827	0.0078488372093	0.00259655955858	0.00525227765072
AANANATC	1703	17175	16947	158	66	8.59945539971	0.00911555991461	0.00387938635161	0.005236173563
NTANTAGT	1328	11924	11930	92	29	7.73022421834	0.00765645805593	0.00242495191906	0.00523150613687
TNTATNGT	1515	14044	14125	122	48	7.71640911397	0.00861216998447	0.00338672123051	0.00522544875396
TTTNTNGT	2358	21659	22508	166	54	14.0373735222	0.00760595647194	0.00239340484	0.00521255163194
ANAAAATT	2830	26984	27645	241	101	13.9204048528	0.00885215794307	0.00364016434801	0.00521199359505
NTAAAAGN	1831	18211	18420	146	51	10.856560071	0.00795336928692	0.00276108494397	0.00519228434295
AANNTTGT	1511	15327	15484	121	41	9.40027425653	0.00783272915588	0.00264090177134	0.00519182738454
NTTTTNGT	2347	22344	23274	167	52	14.8589244989	0.00741859535338	0.00222927205693	0.00518932329645
AAAATGNT	1053	10891	10745	80	23	7.26417864785	0.00729195150852	0.00213595839525	0.00515599311328
TNATANGT	1766	17414	17211	132	41	10.8256542809	0.00752308218397	0.00237653605379	0.00514654613018
TAANNTGT	1477	14381	14585	104	30	9.73113675552	0.00717984121505	0.00205268559699	0.00512715561806
AAANAANT	10812	102965	104473	1915	1391	20.4239614637	0.018258962624	0.0131394997355	0.00511946288844
TNTNTTTC	4471	42672	43606	898	688	7.73761385581	0.0206105118201	0.0155325777758	0.00507793404429
TANTNTGT	1969	18525	18945	131	37	12.5537549665	0.00702186963979	0.00194921504583	0.00507265459396
TANANTGT	1434	13615	13862	108	39	7.9265627424	0.0078699992713	0.0028055535573	0.005064445714
AAANNATC	1530	15754	15504	143	62	7.30983840961	0.0089954079386	0.00398303995888	0.00501236797972
AAAAAAAN	25318	225776	227935	2459	1323	77.0676445543	0.0107739829562	0.00577079098657	0.00500319196959
AATNTNGT	1314	13134	13209	105	39	7.26256325179	0.0079311126218	0.00294384057971	0.00498727204209
NATANTGT	1702	16987	17217	126	41	10.3002626957	0.00736282358441	0.00237570981574	0.00498711376867
TTTTTTTN	25318	220069	230352	2416	1363	75.2261709135	0.0108591590444	0.0058822260104	0.00497693303403
TTTTTNAA	3574	35121	35748	277	105	18.2451677451	0.00782530086446	0.00292862521965	0.00489667564481
TATNNTGT	2203	20469	20947	144	44	12.741409745	0.00698588269539	0.00209613643943	0.00488974625596
NNAATTGT	1294	12463	12726	92	32	7.1788676012	0.00732775786539	0.00250823013011	0.00481952773528
TTTTNTGN	3258	30766	31761	279	134	12.8174193531	0.008986954421	0.00420128546794	0.00478566895306
ATNTNTGT	4106	38055	38329	267	85	21.487051039	0.00696727728198	0.00221273494039	0.00475454234159
TNANATGT	2310	22886	23087	156	47	13.6135448638	0.0067702456384	0.00203164173943	0.00473860389897
TTNNATGT	2170	21283	21418	142	41	12.927388707	0.00662777129522	0.00191062025257	0.00471715104264
ATAANAGN	1633	16288	16184	131	53	7.71114584992	0.00797856142274	0.00326414978136	0.00471441164138
ATANNTGT	3430	31985	31949	232	80	16.7886496518	0.0072011670857	0.00249773642636	0.00470343065934
AAANATNG	1770	17260	17315	156	74	7.04834134499	0.00895728066146	0.00425556386221	0.00470171679925
TNATATGT	1174	11622	11520	75	20	7.38547159893	0.0064119004873	0.00173310225303	0.00467879823427
NTATNTGT	4080	38392	38367	268	87	20.7826543476	0.00693222969477	0.00226244343891	0.00466978625586
TATTTATT	2713	25481	25971	168	49	15.3795807067	0.00654996296152	0.00188316679477	0.00466679616675
ANAAAANT	10187	97100	98502	1692	1245	16.9246993703	0.0171268928658	0.0124815783933	0.00464531447248
AAAANATT	3316	31732	32243	272	125	13.0739701385	0.0084989376328	0.00386183885319	0.00463709877961
TNTNATGT	2101	20438	20675	137	42	11.8641226966	0.00665856622114	0.002027320558	0.00463124566315
TTTTNTAA	3197	30541	31361	250	110	13.3795656812	0.00811925562664	0.00349528137015	0.00462397425649
TTTTNTGT	1623	15229	15803	95	25	10.0645910956	0.00619942573741	0.00157947940359	0.00461994633382
TTNAATGN	1406	14112	14480	93	28	8.56403751603	0.0065469904963	0.00192996967191	0.0046170208244
AAAAAATN	5787	55346	55940	487	231	21.2167626431	0.00872244013397	0.0041124423635	0.00460999777047
NNTAATGT	1463	14140	14231	101	36	7.40021798821	0.00709219858156	0.00252330553024	0.00456889305132
TTTTTTNN	34022	302685	315650	3080	1748	92.9877393744	0.010073095351	0.00550728107928	0.00456581427173
AAAAANCN	1919	18404	18629	148	64	8.10623592201	0.00797757654161	0.00342374150752	0.0045538350341
AAANTGNT	1733	17629	17599	124	43	9.15095347601	0.00698473497437	0.00243736537808	0.0045473695963
ANTTNTGT	1921	18269	18573	124	41	10.0230422732	0.00674169521013	0.00220264317181	0.00453905203833
AAAAANAN	34389	312946	315956	3099	1675	95.7875840126	0.00980556566312	0.00527341474856	0.00453215091456
ANNATTGT	1517	15171	15404	107	39	7.72740030231	0.00700353449404	0.00252541604611	0.00447811844794
TNAAAAGN	2076	20965	21272	163	71	8.82034630839	0.007714880727	0.00332661762639	0.00438826310061
NATTNTGT	2239	21308	21899	140	47	11.2839088539	0.0065274151436	0.00214162034084	0.00438579480277
TNTTTTAA	3000	28924	29776	227	102	11.8412545586	0.00778703989572	0.00341388312471	0.00437315677101
NTTTTTNA	9569	91376	93557	1356	970	16.7163778488	0.0146227839365	0.0102616183736	0.00436116556292
TNNTATGT	2527	24749	24721	149	41	14.0015011874	0.00598441641899	0.00165576286245	0.00432865355654
AAAANCAN	2250	22078	22204	177	82	8.35853617052	0.00795326892833	0.00367944000718	0.00427382892115
TANNTTGT	1767	16446	16823	106	36	8.47288651471	0.00640405993233	0.00213535796904	0.0042687019633
TTATNNGT	1789	17403	17316	118	43	8.14350903038	0.00673477541236	0.00247710121551	0.00425767419685
TTNTTTGN	2995	28823	29507	254	133	9.55345662831	0.00873542662586	0.00448717948718	0.00424824713868
ATANAAGN	1915	18711	18494	146	65	7.19363943126	0.0077424828976	0.00350234387629	0.00424013902131
ATTTNNGT	1517	14477	14857	97	36	7.03148919672	0.00665568821188	0.00241724300007	0.00423844521182
AANATGNT	2451	25074	24951	165	58	11.7337945571	0.0065375014858	0.00231916510056	0.00421833638523
TTNTNTCA	2365	23458	23450	207	107	7.58123044574	0.00874709486584	0.00454217430063	0.0042049205652
TNATNTGT	2522	25493	25480	156	48	13.104628361	0.00608210846427	0.00188028831087	0.00420182015339
TTTNTTGN	2821	25802	26727	227	122	8.37860477179	0.00872104191479	0.00454393087266	0.00417711104213
TTNTNTGT	3405	32793	33426	204	68	16.0781783326	0.00618238021638	0.00203021436675	0.00415216584963
NNTTATGT	2209	21334	21368	131	43	10.3632570969	0.00610295830422	0.00200831348372	0.00409464482049
AAAAATNT	4146	39222	40357	353	196	11.4938708976	0.0089197725837	0.00483318126896	0.00408659131475
TAAAANGN	2088	20548	20771	166	82	7.02972477896	0.00801390364005	0.0039322879202	0.00408161571985
NTNTTTAA	5808	56520	56811	378	146	23.3751265475	0.0066434672572	0.00256333725442	0.00408013000278
TTNNTTAA	5377	52017	52794	351	140	21.1767550161	0.0067025664528	0.00264480296218	0.00405776349062
TTANNTGT	1990	19600	19625	125	45	8.84961727871	0.0063371356147	0.00228774783935	0.00404938777535
AAAAATTN	2765	26285	26679	205	99	9.06716966001	0.00773876934692	0.00369706475465	0.00404170459227
AAANACAN	2594	24714	24893	191	91	8.54186801352	0.00766914274242	0.0036423310919	0.00402681165052
ANAAATGN	3117	31485	31118	239	110	10.7506078722	0.00753372840751	0.0035224798258	0.00401124858172
TNTTTTGT	1640	15139	15669	96	36	6.98822701955	0.00630127994749	0.00229226361032	0.00400901633717
AAANATGN	3334	33489	33185	245	109	11.8114436027	0.00726270231814	0.00327386315853	0.00398883915961
AANAATGN	3025	30972	30737	202	77	12.6812778246	0.00647975877334	0.00249886415266	0.00398089462068
AAAAANTN	9707	93135	94070	734	363	28.8987796934	0.00781940789824	0.00384399521354	0.0039754126847
AAAAAGNN	3663	36105	35855	276	130	11.9229098068	0.00758637750474	0.00361261636793	0.00397376113681
ATAAANGN	2149	21356	21036	165	78	7.13685928625	0.00766692997537	0.00369423131571	0.00397269865966
NTTNTTAA	5726	55863	56720	361	140	22.7164585474	0.00642074558907	0.00246218782976	0.00395855775931
ANAATGNT	2265	23452	23281	149	55	9.93642889177	0.00631329180967	0.00235687350017	0.0039564183095
TNTAATGN	1540	15180	15403	92	32	7.09995150003	0.00602409638554	0.00207321023648	0.00395088614907
NAAAATGN	3319	33135	32722	246	113	11.068682289	0.00736946166981	0.00344144967261	0.00392801199721
TATNTATT	7801	71964	71787	462	180	27.5830119736	0.00637892469555	0.00250114635875	0.0038777783368
AAAANAAN	33892	310758	311992	2948	1743	68.9789524378	0.00939733380936	0.00555564409454	0.00384168971482
TNTTNTGT	3297	31334	32003	182	63	13.8297625041	0.00577484452342	0.00196469781077	0.00381014671265
TANTTATT	3789	35690	36068	197	61	16.6248639506	0.00548945300527	0.00168839436464	0.00380105864063
TNTTTTGN	3172	30026	30949	251	140	8.29208385169	0.00829012121412	0.00450320048892	0.0037869207252
NTTTNTGT	3112	29448	30380	167	57	13.2031474062	0.00563903427317	0.00187272070178	0.00376631357139
TATATATT	4413	40058	39382	271	118	13.2635281859	0.00671973021895	0.00298734177215	0.0037323884468
AAANAAAN	34691	317956	319422	3212	2016	61.3405950134	0.0100009963633	0.00627181602673	0.00372918033654
TTTTTNTN	34071	304509	316851	2847	1765	65.6178486038	0.00926287432163	0.0055395836995	0.00372329062213
NANTTTGT	1872	17679	18207	111	46	6.89035948133	0.00623946037099	0.00252013367666	0.00371932669434
TTTNTTNA	10403	99172	101197	1573	1219	12.1086874899	0.0156136780982	0.0119024371192	0.00371124097897
TTTNNTGT	2842	26471	27401	152	55	11.3088424316	0.00570934905908	0.00200320512821	0.00370614393088
NTTTTNAA	6860	68087	69022	412	162	25.2219601197	0.00601468634579	0.00234158186864	0.00367310447715
TNNTTTGT	3029	29359	29985	178	72	10.9601128431	0.00602633984494	0.00239544864757	0.00363089119737
TTNTTTNA	9760	92841	95229	1432	1115	11.1501654334	0.0151899271265	0.0115731130117	0.00361681411483
NTTTTTGN	2855	26863	27834	219	125	7.00088670088	0.00808655195333	0.00447083229014	0.00361571966319
TTTNNTAA	6386	62092	63260	395	172	20.7763865384	0.00632131483349	0.00271156514062	0.00360974969286
AANAANTT	5664	55002	56004	344	148	18.5345483435	0.00621544465725	0.00263570309161	0.00357974156564
TATTNATT	3843	36373	36862	191	62	15.4006976945	0.00522371731758	0.00167912468855	0.00354459262903
TTNTTNAA	6845	67712	68131	406	165	23.240143437	0.00596024545641	0.00241595408223	0.00354429137418
NTTTNTAA	6304	60737	61821	402	188	18.4979598927	0.0065751811446	0.00303181796191	0.0035433631827
NATTTATT	3986	38081	38784	204	70	15.5169167309	0.00532845762048	0.0018016163072	0.00352684131328
AAAAATNN	10767	103748	104505	771	405	26.1700480815	0.00737664922167	0.00386045181584	0.00351619740583
TTTTNTTN	34050	304710	317039	2896	1883	56.5533596961	0.00941464080675	0.00590426499269	0.00351037581405
NATNTTGT	2417	23378	24037	133	52	8.86366900285	0.00565692654502	0.00215866162979	0.00349826491523
AANAAAAN	34050	311879	312794	2959	1859	56.0146226801	0.00939848429986	0.00590809558466	0.0034903887152
TNTTTTNA	10211	97861	100274	1385	1063	11.7383748486	0.0139552223767	0.0104897520156	0.00346547036117
NNTTTTAA	5761	56368	57049	357	162	17.2220192995	0.00629352137506	0.00283162328923	0.00346189808583
NAAAAAAN	34022	310804	311885	2840	1766	55.9858109944	0.00905485199781	0.00563046188279	0.00342439011501
ANAAAAAN	34071	311729	312731	2923	1867	52.0891642299	0.00928962790639	0.00593455775307	0.00335507015332
TTTNTNAA	7022	69448	70527	399	169	21.8306245381	0.00571248586196	0.00239051714383	0.00332196871813
NAAAANTT	5609	54435	55717	339	161	15.4664210274	0.00618906780589	0.0028812770679	0.003307790738
TTTTNNTA	9616	90812	93379	1330	1051	9.62936384207	0.0144342427992	0.0111299375199	0.0033043052793
AAAANTNT	7485	71845	73107	535	301	15.9326486672	0.00739154462559	0.00410037053182	0.00329117409377
AAAANNTT	6723	65839	66860	394	179	19.0621820835	0.00594869626923	0.00267008756097	0.00327860870826
AAAANNAT	11655	111055	112416	1646	1288	11.2092829706	0.0146050168144	0.0113276577781	0.00327735903631
TTTTNNAA	7788	77104	77904	431	179	24.0162533931	0.00555877990585	0.00229243241166	0.00326634749418
TNTNTTGT	3062	27957	28883	159	70	8.83895200271	0.00565514297909	0.00241771146341	0.00323743151568
AAANANTT	6363	62282	63167	358	157	18.4678282428	0.00571519795658	0.00247931274082	0.00323588521575
TNTTTNAA	6998	68639	69371	392	170	20.3820497569	0.00567860816155	0.00244460102673	0.00323400713482
TNTNTTAA	6323	61074	61970	363	168	16.9782093028	0.00590849162557	0.00270365959638	0.00320483202919
ANAAANTT	5512	53861	54739	317	146	15.1080812239	0.00585108346561	0.00266010749749	0.00319097596812
TNNTTTAA	5696	54860	55793	337	164	14.3993668506	0.00610540427922	0.00293082188109	0.00317458239813
NNTTTTGT	3108	29444	30390	161	69	9.32720800619	0.0054382705624	0.00226534029351	0.0031729302689
TTTNTTTN	34691	311281	322913	3022	2121	42.6601671749	0.00961492572454	0.00652547118148	0.00308945454306
NNAAAATT	5494	53029	54068	328	166	13.0044470617	0.00614727214798	0.00306081056164	0.00308646158634
ANNAAATT	5280	51372	51909	341	183	11.4675210151	0.00659408659331	0.00351301543423	0.00308107115908
ATTNTTAA	1927	18865	18907	88	30	6.8199276949	0.00464306442252	0.00158420024291	0.00305886417961
TTTTTTAN	4584	43522	44880	310	181	8.97540993228	0.00707245847782	0.0040167772575	0.00305568122033
ANANAATT	6353	61123	61998	358	173	15.3712265381	0.00582293716758	0.00278264785833	0.00304028930925
AANNAATT	5329	52079	52630	331	173	11.8858865471	0.00631558862812	0.00327632899646	0.00303925963167
NANAAATT	5602	53914	54341	345	181	12.1566580028	0.00635839215614	0.00331976083049	0.00303863132565
TTNTTTTN	33892	304025	315757	2845	1987	41.3594242819	0.00927102681917	0.00625346190644	0.00301756491273
NAANAATT	6027	57940	59025	347	176	13.6250800598	0.00595330004975	0.00297292275468	0.00298037729507
TNTTTTTN	34389	307952	318390	2838	1975	40.9875777211	0.00913156793977	0.0061648432257	0.00296672471407
AANANATT	7555	72859	72999	444	228	15.9803583504	0.00605705087104	0.00311360563726	0.00294344523378
ATNTATGN	3917	35853	35758	245	138	7.11774004727	0.0067870796166	0.00384443949187	0.00294264012473
NTTTTTTN	34022	304015	315359	2727	1888	40.9903297554	0.00889020740557	0.00595119890811	0.00293900849747
TANNTATT	10864	101342	100955	536	235	26.1360244909	0.00526119476236	0.00232236386995	0.00293883089242
NATNTATT	12470	117156	116738	613	266	30.3620479976	0.00520510490876	0.00227342654952	0.00293167835924
NATATATT	7235	66675	65651	373	174	15.8656861964	0.0055631786183	0.00264337257881	0.0029198060395
TTNTNTAA	6800	65196	66066	398	209	14.1255737134	0.00606762813672	0.00315352697095	0.00291410116577
TTTNATAA	2425	23762	24012	119	50	6.91065516551	0.00498304091118	0.00207796525642	0.00290507565476
ATATNTGN	4151	38352	37947	253	140	7.49470330877	0.00655355523896	0.00367579489065	0.00287776034831
TNTTTAAA	2565	25239	25216	105	32	9.0765767682	0.00414299242424	0.00126742712294	0.0028755653013
AAANNATT	6511	63426	64102	389	210	12.817375653	0.00609574551438	0.00326533150889	0.00283041400548
TATNNATT	10697	100113	99392	535	248	23.2571447238	0.00531555520229	0.00248896025692	0.00282659494536
AAANAATN	10676	103146	104130	665	376	18.8708628661	0.00640587221007	0.00359787954759	0.00280799266249
AAAAATAN	5889	56076	56754	391	236	9.4788566692	0.00692439832114	0.004141077382	0.00278332093915
TTNTTAAA	2534	25394	25660	103	33	8.6230083009	0.00403969094403	0.00128439652824	0.0027552944158
NANTTATT	6719	64760	65335	279	101	19.2550950166	0.004289733852	0.00154349287854	0.00274624097346
NAAANATT	6647	64829	64936	393	215	12.1618938552	0.00602557419276	0.00330002609323	0.00272554809953
TANTNATT	6375	60265	60940	264	100	17.2377447882	0.00436154570536	0.00163826998689	0.00272327571847
TANATATT	5979	55282	54338	310	156	11.2449179924	0.0055763419197	0.00286270048079	0.00271364143891
TNTATATT	6834	64084	63193	340	164	13.6057190246	0.00527753632187	0.00258850640024	0.00268902992163
ANAANATT	7236	69862	70879	394	208	13.8691044957	0.00560806194489	0.00292599209419	0.00268206985069
TATANATT	5555	50935	49836	300	160	9.33965904306	0.00585537230409	0.00320025602048	0.00265511628361
NTTTTAAA	2429	24607	24780	99	34	7.62427088278	0.0040071237756	0.00137019424518	0.00263692953042
AAANATNT	11346	107822	109015	733	452	15.9845433638	0.00675233752476	0.00412909826706	0.0026232392577
AAAANATN	12322	118416	118443	774	464	17.7213255549	0.00649383337528	0.00390220928961	0.00259162408567
NAAAAATN	10767	104020	104673	650	384	16.0593460191	0.00620999331231	0.00365515862817	0.00255483468414
TATATNTT	8087	74901	73796	368	175	15.0884031344	0.00488913098354	0.00236579199957	0.00252333898397
AANAATNT	8662	83442	85295	514	313	12.3894288819	0.00612225451427	0.00365620035511	0.00246605415916
TNTTNTAA	6988	67079	68582	363	201	11.6788125739	0.0053824026571	0.00292223369146	0.00246016896563
AANAAATN	11693	113140	113561	686	408	16.4084418947	0.006026742572	0.00357992085567	0.00244682171632
NATTNATT	6443	62485	63451	263	111	14.710332785	0.0041913686492	0.00174632642145	0.00244504222775
AAAANTTN	5609	54316	55513	349	221	7.58211939267	0.00638434098601	0.0039652635734	0.0024190774126
NTANTTAA	3640	35188	34814	153	67	7.77573861862	0.00432924931383	0.00192081649035	0.00240843282348
TTTTNAAA	3096	31696	32003	120	44	8.46707711227	0.00377168720141	0.00137298343059	0.00239870377082
ATTNNTAA	4666	45338	45398	206	97	9.26315576856	0.00452309854207	0.00213210242884	0.00239099611323
AAANANAT	15581	146351	148048	1981	1648	8.23678805032	0.0133551762263	0.0110089781958	0.00234619803049
ATNNTTAA	4366	42833	42565	178	78	9.05059917394	0.00413847620376	0.00182913960087	0.00230933660289
TATATANT	7401	66928	65902	469	309	7.34428376658	0.00695876671068	0.00466689824954	0.00229186846115
NNTTTAAA	5138	51176	51365	175	59	13.3187310589	0.00340791805418	0.0011473242066	0.00226059384758
ANAAATNT	9305	88901	90073	575	381	9.88647522923	0.00642630426036	0.00421208570102	0.00221421855934
ANTTTNAA	3938	39467	39903	160	73	7.94544839633	0.00403765109647	0.00182609565739	0.00221155543908
AAAANTAN	9417	89561	90410	571	375	10.0029726284	0.00633515288688	0.00413063832131	0.00220451456557
NTNATTAA	3817	37329	37532	148	66	7.59034721952	0.00394908877445	0.00175541252194	0.00219367625251
ATNTTNAA	5330	52591	52444	209	93	10.3379544806	0.00395833333333	0.00177018101528	0.00218815231805
TATNTANT	12538	115892	115220	720	464	12.5151181562	0.00617432168216	0.00401092631652	0.00216339536564
NATANATT	10031	94106	92665	458	250	13.394886455	0.00484328074109	0.00269063122208	0.002152649519
TNNTTAAA	5028	49698	49673	171	64	11.2916677685	0.00342898393792	0.00128676840179	0.00214221553612
NAAAATNT	8271	79687	81303	507	342	8.45384937572	0.0063221687408	0.00418886643395	0.00213330230685
TNNATTAA	4355	42434	42419	174	83	7.67526084386	0.0040837401427	0.00195284927768	0.00213089086502
TATNTNTT	16752	158176	157764	656	317	26.3613671979	0.0041301500957	0.00200530107983	0.00212484901587
TNTNTATT	14377	136621	137162	587	296	21.9575318499	0.00427817619964	0.00215338503397	0.00212479116566
ANTNTTAA	4104	40258	40052	162	76	7.3269589528	0.00400791687284	0.00189393939394	0.0021139774789
NTNTTAAA	5529	55229	55288	187	70	12.3348919499	0.00337447668543	0.00126449654973	0.0021099801357
TTANTNAA	4386	42791	42550	164	73	8.16409072501	0.00381794901641	0.00171269033151	0.0021052586849
TTNANTAA	4386	42454	42927	168	79	7.86566808956	0.00394162639013	0.0018369529833	0.00210467340682
ANAAAATN	11240	108424	108522	630	401	11.8985380676	0.00577695453628	0.00368149977507	0.00209545476121
TATTTNTT	6899	65990	66669	244	108	12.4823422954	0.0036839085666	0.00161732332989	0.00206658523671
NTTANTAA	4570	43935	44064	182	91	7.32866801494	0.00412539383911	0.00206092175292	0.00206447208619
TNTTNAAA	6664	66607	66588	213	75	15.1230106571	0.00318766836277	0.0011250618784	0.00206260648436
NNTATATT	12158	113445	112367	504	269	15.8713569569	0.00442303135613	0.00238822401364	0.0020348073425
NANATATT	11541	109446	107989	523	295	13.9711018639	0.00475588574962	0.00272431753537	0.00203156821425
NTATTNAA	4978	49220	48650	184	83	8.74904278193	0.00372439478585	0.00170315802434	0.00202123676151
TNTTTATT	5939	56820	58171	215	102	10.0692291916	0.00376961514859	0.00175038182349	0.00201923332511
NATATNTT	13973	132253	130535	537	271	19.1361244826	0.0040439792153	0.00207177040809	0.00197220880722
ATTNTNAA	4965	49440	49247	181	83	8.5189043024	0.00364764918079	0.00168254611798	0.00196510306281
TTNNTAAA	5736	57085	57616	189	83	9.9089565003	0.0032999266683	0.00143849980069	0.00186142686761
ATNTNTAA	8042	75601	74922	394	251	7.33425417844	0.00518455161524	0.00333896478789	0.00184558682735
ATTTNNAA	5066	50014	50286	195	103	6.96069983086	0.00388376585871	0.00204409692592	0.00183966893279
TANANATT	8689	81628	80295	410	257	7.82319732008	0.0049976840001	0.00319048564902	0.00180719835108
AAANATAN	13663	129848	129887	813	576	9.58485982794	0.00622220861619	0.00441504487862	0.00180716373757
TNNATATT	10841	104180	102772	435	245	11.775145068	0.00415810352244	0.00237824825029	0.00177985527215
TTNATNAA	5010	50223	50483	167	78	7.80857387391	0.00331414963286	0.0015426910069	0.00177145862596
TNTNTAAA	7307	70371	70448	222	98	11.2160702155	0.00314478772683	0.00138916451677	0.00175562321006
TATANNTT	11030	102549	101843	433	251	11.0374587466	0.00420461828281	0.0024585186201	0.00174609966271
TNTANATT	9516	90903	89429	399	236	9.28134453255	0.00437011237432	0.00263201918251	0.00173809319181
TTNTNAAA	6601	66426	66628	201	87	10.6128326195	0.00301679499302	0.00130405456044	0.00171274043258
AAATNTNT	8726	83336	83884	416	275	7.17797284425	0.00496704556309	0.00326762437767	0.00169942118542
TTTNTTAN	9016	86270	88398	461	322	6.84389623837	0.00531528519215	0.00362939585212	0.00168588934003
TANATNTT	11490	108345	106850	438	251	11.2617984348	0.00402636441356	0.00234358222612	0.00168278218743
TNTANTAA	5897	56971	56197	206	109	6.88939705871	0.00360284729874	0.00193585053103	0.00166699676771
TNTATNAA	7268	69334	68807	231	115	8.98465505895	0.00332063537699	0.00166855285685	0.00165208252013
NTTATNAA	5262	52307	51940	172	85	6.9397557632	0.00327750147678	0.00163382988948	0.0016436715873
TTTNANAA	6601	66460	66714	231	122	8.11714386102	0.00346373573646	0.00182536357652	0.00163837215994
TTTANNAA	5736	57398	57341	197	103	7.06441496588	0.00342043580172	0.00179305062322	0.0016273851785
NTTNTAAA	5630	55934	56139	164	75	7.95799075876	0.00292345538165	0.00133418721315	0.0015892681685
TNTATNTT	15132	144017	143989	498	271	15.3891992581	0.0034460090648	0.00187855261334	0.00156745645147
NTAATNAA	5329	52223	51590	151	68	7.28576645555	0.00288310994005	0.00131634983933	0.00156676010072
NTTTNAAA	6080	62068	62338	186	89	8.22625292201	0.00298775982266	0.00142566517693	0.00156209464574
TANNTAAA	7330	69595	69601	190	82	10.0435459257	0.00272264813355	0.00117675760228	0.00154589053127
NATNTAAA	7609	74827	74293	196	80	11.1508016715	0.00261253215681	0.00107565917739	0.00153687297942
TATTNNTT	11333	108492	109063	317	151	13.7833449927	0.00291336194616	0.00138260662552	0.00153075532064
TATNTNAA	7189	68458	67199	224	117	7.57397703648	0.00326140764684	0.00173807118664	0.00152333646019
NTANTAAA	5811	56849	56084	165	78	7.18960536385	0.00289402602869	0.0013888394288	0.0015051865999
TNTTNATT	9920	95994	97737	287	146	11.307219674	0.00298085811323	0.00149157667828	0.00148928143495
AAAAAAAA	20082	177968	178486	447	190	23.5715243343	0.00250539472578	0.00106337728626	0.00144201743952
TATATNNT	15916	146955	144898	718	498	8.76380903398	0.00486209395082	0.00342512861427	0.00143696533656
TANTTNTT	10578	100940	101711	300	157	10.7291751545	0.00296325563019	0.00154121019358	0.0014220454366
AANATNTT	7956	78370	78179	267	155	7.10617529522	0.00339534824574	0.0019787065642	0.00141664168154
TTTNNAAA	7236	73547	73921	210	106	8.26390096872	0.0028471873856	0.00143190997879	0.00141527740681
TNNTTATT	11419	111829	114091	332	177	11.7289224814	0.0029600306702	0.00154899009346	0.00141104057673
NNTTTATT	10099	97153	99321	291	158	9.96898718301	0.0029863306104	0.00158827491229	0.00139805569811
TANTNAAA	5595	55061	54216	135	57	7.28595487776	0.00244582940793	0.00105024597866	0.00139558342926
AAANAAAA	24943	226359	226334	544	233	27.9504537809	0.00239750025341	0.00102839336708	0.00136910688633
AAAAAANA	25028	225447	226255	623	316	22.9499486583	0.00275578360685	0.00139470629516	0.00136107731169
TANATNAA	8372	79309	78743	223	117	7.72480145109	0.00280390283156	0.00148364189703	0.00132026093453
TATNNAAA	8330	80720	79381	190	82	9.65186283138	0.00234828822148	0.0010319268087	0.00131636141278
AAAANAAA	25108	228045	227666	547	246	25.6215928404	0.00239290963813	0.00107936396504	0.00131354567309
ANAAAAAA	24674	222895	222618	542	249	24.4037030593	0.00242573969396	0.00111725827511	0.00130848141885
AANAAAAA	24764	224554	224241	537	242	25.0866502951	0.00238570178283	0.00107803263499	0.00130766914785
ANATATNT	45094	392615	392257	1777	1261	19.8540986436	0.0045056694862	0.00320442775172	0.00130124173448
AANNAAAA	32767	304049	302718	715	330	31.3969346759	0.00234607762072	0.00108893640611	0.0012571412146
NAAAAAAA	25318	228830	228358	536	248	23.7577405626	0.0023368764333	0.00108483591857	0.00125204051473
NATTTNTT	11693	113614	114747	319	180	9.47498740129	0.00279989116411	0.00156621159519	0.00123367956892
ANAANAAA	33668	311716	309767	736	351	30.04908703	0.00235556181429	0.00113182723995	0.00122373457434
AAANNAAA	33011	306504	305236	706	329	30.4402622941	0.00229810227532	0.00107669399309	0.00122140828222
ATATATNT	36524	312312	312075	1368	989	14.0464207561	0.00436113236419	0.0031590984591	0.00120203390509
TATANNAA	8978	85289	83073	229	123	7.04227993707	0.00267779882598	0.00147843646329	0.00119936236269
NATATNAA	8962	87063	85590	232	125	7.28174314871	0.00265765507761	0.00145832118066	0.00119933389695
AANANAAA	33455	311561	309583	716	340	29.5118737676	0.00229283616789	0.00109704668579	0.0011957894821
ANNAAAAA	32704	301935	300427	709	348	27.3310141	0.00234268645669	0.00115701105478	0.00118567540192
NAANAAAA	34050	315414	313779	699	324	30.388464961	0.00221123459016	0.0010315087726	0.00117972581756
AAANAANA	33769	312090	311931	816	447	24.3118797502	0.00260781193074	0.00143095864626	0.00117685328448
ANANAAAA	33512	310019	308757	723	356	27.7343218665	0.00232668902176	0.00115168239446	0.0011750066273
NANAAAAA	34071	315246	313664	712	339	29.2972091864	0.00225346406801	0.00107960751967	0.00117385654834
AAAANANA	34712	320232	319572	887	520	21.5547361523	0.00276221587636	0.00162453294678	0.00113768292958
TANANAAA	11552	110671	109605	248	121	9.98272296688	0.00223586581199	0.00110274684213	0.00113311896985
NNAAAAAA	34022	314240	312610	711	355	26.3637182582	0.00225749402288	0.00113431214353	0.00112318187935
ATNTATNT	44170	385200	385088	1558	1127	15.896443762	0.00402835881869	0.00291806377277	0.00111029504592
AAAAANAA	24680	223187	223519	532	284	17.3262378781	0.00237798309486	0.00126897315943	0.00110900993543
NATANAAA	11351	110925	109808	246	122	9.55293177813	0.00221280729687	0.00110979714364	0.00110301015323
NAAANAAA	34691	321748	320389	720	366	25.6792417796	0.00223277968667	0.00114105781671	0.00109172186995
ATATATAN	35739	304165	304022	1496	1164	9.78485801134	0.00489431101776	0.00381406748671	0.00108024353105
ATANATNT	42487	369599	368782	1578	1179	13.2207780858	0.00425134100443	0.00318682239479	0.00106451860963
NANATAAA	12289	119825	118744	268	139	9.38111964481	0.00223160384036	0.00116921679298	0.00106238704738
NNTAAAAA	9139	89917	89511	198	102	7.27590229107	0.00219719247628	0.0011382277125	0.00105896476378
TAANNAAA	9287	90393	89922	204	108	7.00185097248	0.00225173018974	0.00119960013329	0.00105213005645
AANAAANA	34688	320566	319652	812	473	20.132792007	0.00252661974373	0.00147754783288	0.00104907191085
NTATATNT	44846	389923	389158	1624	1214	13.5662372871	0.00414765021824	0.00310985419036	0.00103779602787
ATNTATAN	41225	356490	355875	1702	1333	10.4392649857	0.0047516415777	0.00373171933439	0.00101992224331
AAAAANNA	33149	305050	305355	843	532	16.2362149524	0.00275586561314	0.0017392043467	0.00101666126644
NAAAAANA	34389	316478	316621	795	476	18.3267680726	0.0025057285051	0.00150111795444	0.00100461055066
AAAANNAA	32942	304823	303976	705	397	19.419734454	0.00230748082009	0.00130432068547	0.00100316013461
ANATATAN	44846	389441	388650	1937	1541	10.453466913	0.00494917956554	0.00394934788347	0.000999831682063
ANAAAANA	34035	313542	312993	800	489	17.0761962316	0.00254499875931	0.00155989817597	0.000985100583341
ANANATAT	45429	396028	396507	1925	1536	10.4337863328	0.00483725465067	0.00385887956829	0.000978375082387
ANATATAT	36524	311815	312165	1448	1144	8.61833579833	0.00462231415775	0.00365134739187	0.000970966765881
ATATNTNT	45429	396947	396323	1563	1176	12.6109065307	0.00392210985923	0.0029584980088	0.000963611850426
NAAAANAA	33892	314192	312954	718	414	18.3754508301	0.00228001651265	0.00132113042812	0.000958886084532
ATATNTAN	42184	365215	364714	1713	1366	9.20499806491	0.00466849082109	0.00373142482517	0.000937065995913
ATATATAT	30882	260462	260783	1163	923	6.81887135242	0.0044452938366	0.00352685838307	0.000918435453527
AAANANAA	33027	306017	305032	712	432	15.5706740134	0.00232126730762	0.00141424194013	0.000907025367493
NTATATAN	43086	371376	370413	1774	1432	8.53467105635	0.00475412032695	0.00385106697683	0.000903053350115
AANAANAA	34430	321714	320336	727	436	16.4348612505	0.00225467604926	0.00135922087963	0.000895455169634
ATATANNT	42444	367158	366852	1663	1337	8.43610522725	0.00450896234217	0.00363128719218	0.00087767514999
ANATNTAT	42487	368642	369415	1619	1311	7.96455440019	0.00437259122619	0.00353630444048	0.000836286785713
ATATATNN	46628	404411	402487	1977	1638	7.33692065563	0.00486480900027	0.00405320136097	0.000811607639301
ANAAANAA	33897	313768	312824	744	547	7.16474594473	0.00236556951722	0.00174553484528	0.000620034671941
