#Sequence	Occurrence	Forward Match	Backward Match	Forward Mismatch	Backward Mismatch	Strand Bias Score	FER (Forward Error Rate)	RER (Reverse Error Rate), ERD (Error rate Difference)
GGGT	2354	15254	16360	99	44	6.07443865206	0.00644825115613	0.00268227261644	0.00376597853969
TTTT	126702	257131	271119	1800	1249	29.3459930327	0.00695165893616	0.00458570757211	0.00236595136406
CTTT	20171	77077	78490	238	99	13.7844919042	0.00307831598008	0.00125971828118	0.0018185976989
NTTT	227409	555237	575729	2744	1856	45.535551077	0.00491773017361	0.00321337984885	0.00170435032475
NTGG	16778	93770	96055	356	241	6.13451307756	0.00378216433292	0.00250270000831	0.00127946432461
TNTT	244400	570740	590779	2362	1687	30.7475904097	0.0041214303911	0.00284742078026	0.00127400961084
TTNT	241695	562181	579446	2614	1970	25.0679631222	0.00462822794111	0.00338827964831	0.0012399482928
TTTN	227407	552885	572180	3482	2983	13.3675675077	0.00625845889494	0.00518635586781	0.00107210302712
CTNT	39028	161627	163577	445	275	9.95717987425	0.00274569327213	0.0016783438713	0.00106734940083
ATTT	66257	163574	165905	431	262	10.2726506534	0.00262796865949	0.00157672702763	0.00105124163186
NTNT	568223	1333753	1359268	4874	3668	43.1501675863	0.00364104414449	0.0026912488921	0.000949795252388
TCTT	21483	87501	88317	159	81	6.32920868246	0.00181382614648	0.000916310323763	0.000897515822712
NNTT	454983	1294014	1325236	3974	2902	43.1189775792	0.00306166158701	0.00218501390669	0.000876647680323
CTTN	43363	190576	191023	548	398	5.9618395283	0.00286724848789	0.0020791867141	0.000788061773791
CNTT	51670	212879	214315	429	268	9.09473540103	0.00201117632719	0.00124893397893	0.000762242348262
NTTN	454982	1291594	1318389	5751	4915	19.152902361	0.00443289949859	0.00371418812306	0.00071871137553
NCTT	43363	190537	191286	326	190	8.66078797378	0.0017080314152	0.000992291462115	0.000715739953088
TTNN	454980	1291233	1316583	5675	4904	16.6075924845	0.004375792269	0.00371097105004	0.00066482121896
ATNT	247314	462431	464601	1294	992	9.80710013592	0.00279044692436	0.0021306162249	0.000659830699462
NTNG	92091	438478	446153	1742	1480	6.42642728381	0.00395711235291	0.00330627992127	0.00065083243164
TNNT	497465	1375135	1398702	4311	3579	18.5350561388	0.00312516763976	0.00255227019406	0.0005728974457
ANTT	126135	361206	365418	770	573	7.55820589543	0.00212721285389	0.00156561226915	0.000561600584737
ATTN	147675	389065	391987	1125	938	4.68821341462	0.00288321074348	0.00238722402494	0.000495986718543
CTNN	90181	439094	436261	1082	873	5.28293423156	0.00245810766602	0.00199709928763	0.000461008378392
CNNT	103938	467286	467443	1052	873	4.30942090432	0.00224624096272	0.00186412593206	0.000382115030661
TNTN	568221	1337012	1357011	5220	4800	6.06244359394	0.00388904451689	0.00352471818777	0.000364326329128
ANNT	443410	1123554	1129097	3069	2727	5.50089962531	0.00272407007491	0.00240938520477	0.000314684870138
ATNN	493112	1208946	1206084	3295	2928	5.25035223482	0.00271810638314	0.00242181219045	0.000296294192687
