#Sequence	Occurrence	Forward Match	Backward Match	Forward Mismatch	Backward Mismatch	Strand Bias Score	FER (Forward Error Rate)	RER (Reverse Error Rate), ERD (Error rate Difference)
GGGT	1705	122084	129599	1673	653	111.1096471	0.0135184272405	0.00501335872002	0.00850506852046
AGGT	4729	336129	343222	3965	1410	274.728547755	0.0116585414621	0.00409132059704	0.00756722086502
AAGT	9849	700187	707146	7040	2298	9223372036854775807	0.00995437108595	0.00323915629704	0.0067152147889
NGGT	12742	910392	933782	8806	3206	9223372036854775807	0.00958009047017	0.00342160198423	0.00615848848594
GAGT	2376	168997	170243	1527	483	119.957647021	0.00895475123736	0.00282909457259	0.00612565666477
CGGT	732	52065	53135	441	179	26.0103997394	0.0083990401097	0.00335746708182	0.00504157302788
GNGT	10368	726506	741628	5539	1886	9223372036854775807	0.00756647473857	0.00253660321124	0.00502987152734
NAGT	22528	1610599	1624670	12169	4310	9223372036854775807	0.00749891543338	0.00264582745031	0.00485308798308
TTTG	18336	1283377	1317089	17481	11420	9223372036854775807	0.0134380539613	0.00859610284913	0.00484195111217
TGGT	5576	400114	407826	2727	964	190.741959927	0.00676942019308	0.00235817901612	0.00441124117696
ANGT	38522	2694878	2706004	17552	6212	9223372036854775807	0.00647095040241	0.00229037805249	0.00418057234992
GTGT	5631	389552	395261	2082	656	166.5470105	0.00531618807356	0.00165691293882	0.00365927513474
GCGT	656	45873	46525	257	94	17.7187109383	0.00557121179276	0.00201634526695	0.00355486652581
TTTC	22928	1624512	1654663	22108	16580	193.55505208	0.0134262914334	0.00992075957835	0.00350553185501
GGGN	5668	400025	409923	3100	1732	92.266690007	0.00768992248062	0.00420740668764	0.00348251579298
NNGT	91842	6496276	6560704	34594	13579	9223372036854775807	0.00529699718414	0.00206547238687	0.00323152479727
TAGT	7984	575718	578722	2874	1097	175.445249731	0.00496723079476	0.00189196973538	0.00307526105937
AGGN	15438	1107079	1116822	6265	3224	217.985155016	0.00562719159577	0.00287845320639	0.00274873838938
TTNG	34492	2447294	2503521	21313	15252	248.828661523	0.00863361401795	0.00605532932106	0.00257828469688
GGGA	2312	164980	164926	874	456	29.4050554443	0.00526969503298	0.00275725290539	0.00251244212759
NGGN	38288	2742396	2775338	14932	8135	9223372036854775807	0.00541538765065	0.00292260783561	0.00249277981505
ATGT	21202	1467448	1465352	5734	2097	9223372036854775807	0.00389225499633	0.00142901048009	0.00246324451624
GCGA	682	49767	48296	214	95	9.92165596818	0.00428162701827	0.00196317497055	0.00231845204771
CGGN	2142	153118	154705	689	349	25.8527519973	0.0044796400684	0.00225082874353	0.00222881132486
GNGN	31681	2253805	2268426	10379	5450	9223372036854775807	0.00458399140706	0.00239678856719	0.00218720283987
GCGN	1813	128895	128431	518	244	22.0577240614	0.00400268906524	0.00189625024286	0.00210643882238
ACGT	2742	191114	190284	813	407	29.8831962257	0.00423598555701	0.00213434299469	0.00210164256232
TTNC	45943	3257878	3296771	28736	22071	207.359530768	0.00874334497449	0.00665021112786	0.00209313384664
TNGT	35582	2544199	2578714	9552	4354	9223372036854775807	0.00374038032682	0.0016855924815	0.00205478784532
AAGN	41844	3017745	3018479	11921	5882	9223372036854775807	0.00393475716465	0.00194487364438	0.00198988352027
GTGN	13877	983320	988541	3958	2033	137.478456435	0.00400900253019	0.00205234540781	0.00195665712238
NTGT	48990	3436848	3462001	11681	5043	9223372036854775807	0.00338724134261	0.00145455321594	0.00193268812667
TGGN	15040	1082174	1093888	4878	2830	123.921973387	0.00448736582979	0.00258042632655	0.00190693950324
NTTG	38985	2769775	2810146	24171	19117	144.852261728	0.0086512051414	0.00675688332969	0.00189432181172
GAGN	10323	741565	741531	2803	1441	95.9094167279	0.00376561055822	0.00193950781456	0.00182610274366
CAGT	2319	165697	168559	728	432	18.4011538249	0.00437434279706	0.00255634915469	0.00181799364237
TNTC	46681	3345102	3356471	28328	22430	153.515023891	0.00839738782189	0.0066382530888	0.00175913473309
GNGA	11953	867216	858017	2956	1446	110.034634886	0.00339702955278	0.00168244589936	0.00171458365342
NCGT	7582	538437	540251	1938	1020	63.5585404624	0.00358639833449	0.00188445344384	0.00170194489065
ANGN	120177	8611090	8598893	30593	16292	9223372036854775807	0.00354016688647	0.00189107952992	0.00164908735655
GAGA	4467	324630	320407	837	307	52.8228826462	0.00257168929569	0.000957239160124	0.00161445013556
NAGN	85181	6152625	6159685	21325	11568	9223372036854775807	0.00345402862025	0.00187449777217	0.00157953084808
CNGT	7370	530693	534358	1951	1127	50.1570827288	0.00366285924557	0.00210463411674	0.00155822512884
TTGA	11941	868964	873681	2961	1647	83.9619636912	0.00339593428334	0.00188158039044	0.0015143538929
NTTC	50929	3651450	3690943	32529	27377	109.154910596	0.00882985489331	0.0073627337077	0.00146712118561
TTCC	7998	569970	578812	1859	1070	49.8596972431	0.00325097188145	0.00184520298957	0.00140576889188
ACCC	1705	129045	122398	489	299	8.66073614179	0.00377507063782	0.00243689739765	0.00133817324017
AACC	4308	320460	312231	1095	649	23.256071525	0.00340532723795	0.00207427767834	0.00133104955961
GTGA	4492	327839	324388	1031	588	26.2689440394	0.00313497734667	0.00180936438383	0.00132561296284
TCCC	2312	164074	164720	504	287	13.9546489718	0.00306237771756	0.00173932015005	0.0013230575675
CTTA	9978	710690	710013	4116	3164	27.7891117624	0.00575820572295	0.00443648631406	0.00132171940889
CCTA	3788	281162	276684	1831	1433	10.0131190022	0.00647012470273	0.00515250775753	0.0013176169452
CGGA	866	62952	62637	207	123	5.20336645456	0.00327744264475	0.00195984703633	0.00131759560842
NGGA	17024	1234173	1234410	4107	2487	87.5530790753	0.00331669735439	0.00201067671762	0.00130602063677
CCTG	1693	125851	124538	882	711	4.26671519002	0.0069595133075	0.00567669202948	0.00128282127803
TGGA	6245	454708	456675	1478	905	31.4466141021	0.00323990652935	0.00197779623235	0.001262110297
TNGN	85189	6130094	6180732	19719	12188	9223372036854775807	0.00320643896001	0.00196805384213	0.00123838511788
TAGN	23817	1722301	1723004	5131	3071	113.610614167	0.00297030505398	0.00177918109005	0.00119112396393
NTGN	117372	8395464	8417631	24879	14924	9223372036854775807	0.002954630233	0.00176980760873	0.00118482262427
TNCC	16312	1164076	1163803	3345	1962	79.2770911317	0.00286529024234	0.00168301501589	0.00118227522645
TCGT	3332	240764	242750	661	379	18.0049765821	0.00273791032412	0.00155884324782	0.00117906707629
ATGN	55313	3944314	3928029	10989	6343	267.221410078	0.002778295367	0.00161220138818	0.00116609397883
NCCC	5668	408991	401293	1401	906	22.0136434271	0.00341380923605	0.00225261624221	0.00116119299384
GGNT	12253	893941	912647	3122	2147	44.7277096759	0.00348024609197	0.00234697647776	0.0011332696142
TNGA	30163	2197935	2200404	5926	3432	146.027770223	0.00268891731375	0.00155728466184	0.00113163265192
TCGA	2530	187640	185905	422	210	15.8709004276	0.00224394082802	0.00112833463181	0.00111560619621
TTGN	38985	2791257	2827380	8448	5413	153.955099892	0.00301746076819	0.00191083499571	0.00110662577248
TTAA	38010	2688515	2698742	6459	3549	187.23511287	0.00239668360437	0.00131333005957	0.0010833535448
ATAC	15381	1059283	1038702	7784	6509	20.477634609	0.00729476218457	0.00622745072526	0.00106731145931
TTGT	18690	1327603	1349416	3290	1914	85.0649513748	0.0024720244227	0.00141638237884	0.00105564204386
ANCC	12253	903251	884860	2706	1716	44.8643004051	0.00298689672909	0.00193553626536	0.00105136046373
TNNC	100599	7186937	7185238	43050	35448	160.096395253	0.0059543675528	0.00490922884612	0.00104513870668
ACGN	7582	541952	535563	1418	843	31.2921604004	0.00260963984026	0.0015715707878	0.00103806905246
TACC	4729	340983	331360	838	470	21.188279358	0.00245157553222	0.00141638790947	0.00103518762275
NACC	12741	931018	912056	2472	1477	51.1587268499	0.00264812692155	0.00161679983099	0.00103132709057
NCGA	7347	541111	532670	1222	662	35.2739993999	0.00225322818268	0.00124125310313	0.00101197507955
AGNT	26417	1915795	1929327	7091	5210	66.4285925981	0.00368768611348	0.00269315086762	0.000994535245854
NCGN	18884	1360144	1354573	3584	2224	69.0463314304	0.00262809005901	0.00163915456771	0.000988935491309
GACC	1423	104179	103060	271	166	5.92377172319	0.00259454284347	0.00160812198477	0.000986420858694
AGGA	7601	551533	550172	1548	1003	25.9730994523	0.00279886671211	0.00181974871865	0.000979117993463
AAAC	13468	959347	951466	10401	9372	10.6696043288	0.0107254668223	0.00975398558342	0.000971481238891
NTCC	17024	1226618	1232225	3306	2119	58.6667136854	0.00268797096406	0.00171670134096	0.000971269623104
NNCC	38287	2765896	2746515	7493	4793	125.86486432	0.0027017486548	0.00174208049408	0.000959668160727
TCTC	4467	318844	323508	1088	794	11.7745182347	0.00340072265356	0.00244833519374	0.000952387459825
NTNC	114307	8133436	8156815	52391	44703	137.672861341	0.00640020855559	0.00545057634453	0.000949632211067
AANC	30790	2223736	2202927	15048	12837	34.6402960536	0.00672150596038	0.00579348703201	0.000928018928366
NTNG	85190	6096237	6156316	34507	29308	104.245306083	0.00562851751761	0.00473808301313	0.000890434504484
NNGA	105149	7684674	7653106	17367	10578	9223372036854775807	0.00225485686197	0.00138027611786	0.00087458074411
AATC	9475	692609	689481	2633	2019	17.9348492486	0.00378717051041	0.00291973969631	0.0008674308141
TNTG	51929	3610095	3632704	28351	25352	41.4569307403	0.00779206287519	0.0069304570515	0.00086160582369
ATCC	5295	388223	383307	995	663	14.4197189437	0.00255640797702	0.00172669739823	0.000829710578786
NTGA	42327	3098922	3087628	7528	4939	115.846450096	0.00242334497578	0.00159705513252	0.00082628984326
ACTC	2376	169698	170061	469	329	6.11801327907	0.0027561160507	0.00193086448735	0.000825251563351
CTGT	3467	252245	251972	575	376	9.80236839487	0.00227434538407	0.00149000586492	0.000784339519151
NNTC	105149	7601548	7612967	44579	38629	95.2114827418	0.00583027197953	0.00504848923022	0.000781782749306
CCGN	2142	154935	154119	386	263	5.62021350131	0.0024851758616	0.00170356647796	0.000781609383645
ANAC	37298	2610119	2576370	20689	18442	22.9454497722	0.00786412387373	0.00710725863762	0.00075686523611
TATT	72818	5082509	5070954	11467	7633	166.371436878	0.00225109030745	0.00150297710761	0.000748113199844
TCGN	7347	534362	536460	1262	874	16.5566882948	0.00235613041985	0.00162654885044	0.000729581569411
ACGA	3332	244262	239888	465	282	9.8296613034	0.00190007641168	0.00117416829746	0.000725908114219
NAGA	38451	2810468	2798398	4510	2490	125.896288458	0.00160214395992	0.000889003773089	0.000713140186828
TTTN	216980	15086959	15340675	84269	74822	159.11176812	0.00555452729337	0.00485368716948	0.000700840123898
CNGN	22678	1655640	1659176	4029	2921	39.9474936002	0.00242759248983	0.00175741849002	0.000670173999812
CNTA	38799	2753486	2724285	9428	7535	42.6619796784	0.00341233929105	0.00275823443712	0.000654104853938
ANNC	87678	6247977	6187203	34987	30656	54.1866451617	0.00556855013016	0.00493031443782	0.000638235692346
CTNA	24460	1787484	1773374	6103	4921	26.5361887793	0.00340267854305	0.00276725740105	0.000635421142004
AAGA	20768	1520668	1516319	2237	1267	58.8323996423	0.00146890318175	0.00083487855054	0.000634024631208
NCTC	10323	742231	744069	2031	1567	14.1516553917	0.00272887773392	0.00210156161988	0.000627316114037
CNGA	8641	640726	635678	1257	849	17.4033198393	0.00195799577247	0.00133380045151	0.000624195320961
GGAA	7998	580881	577776	879	517	20.9125357015	0.00151093234323	0.000894010475659	0.000616921867576
CTGA	3203	239785	236931	558	405	5.60098229838	0.00232168192958	0.00170644150066	0.000615240428918
ANGA	54392	3978797	3959007	7228	4851	100.210328888	0.00181333534035	0.00122380771461	0.00058952762574
NGNT	91044	6607398	6661440	17592	13817	106.452660172	0.00265540023457	0.00206988285245	0.000585517382116
TAGA	9447	686623	684143	1065	670	20.1712666665	0.00154866741895	0.000978369277452	0.000570298141493
TTGG	4918	350554	359461	1147	973	4.82399000975	0.00326129297329	0.0026995233524	0.00056176962089
ATNC	39948	2823375	2795831	15444	13715	19.683514485	0.00544029048699	0.00488157161335	0.000558718873645
GNCC	3746	269945	268910	571	420	5.58491620589	0.00211078087803	0.00155942524041	0.000551355637614
AATA	72818	5081873	5085818	9273	6510	106.701288435	0.00182139738283	0.00127839369341	0.000543003689414
TNAA	124184	8832345	8841549	12754	8080	229.998714129	0.0014419284623	0.000913032625435	0.000528895836869
CATA	22568	1586851	1563541	3070	2223	27.8096781417	0.00193091354853	0.00141975419029	0.000511159358248
ATGG	6742	485988	483778	1134	882	7.3766006076	0.00232795890968	0.00181983245987	0.000508126449809
CTGN	9197	676573	673681	1484	1135	10.6333644016	0.00218860656258	0.00168193996586	0.000506666596718
TTNN	435764	30615650	31007603	119750	106059	220.83221881	0.00389615882663	0.00340875979176	0.00048739903487
AAAA	120201	8454847	8430624	10149	6045	224.579155568	0.00119893736512	0.000716515013212	0.000482422351909
TCNC	11953	853238	861793	2326	1941	9.23917930464	0.00271867446503	0.00224721963012	0.000471454834914
CCNA	11528	852319	836569	2917	2477	6.89877148627	0.00341075445842	0.00295216233675	0.000458592121669
CAGN	9197	671014	676671	1470	1174	8.56394456653	0.0021859256131	0.00173195937124	0.000453966241857
TTNA	124184	8760549	8797669	52470	48730	34.5304517426	0.00595369191874	0.00550845603957	0.000445235879169
CAGA	3769	278547	277529	371	246	6.11569582686	0.00133014004116	0.000885608856089	0.00044453118507
AANA	232755	16427491	16381112	23442	16218	282.549906873	0.00142496477251	0.000989063463381	0.000435901309134
ANTC	28271	2039611	2037212	9126	8255	10.1170998943	0.0044544516939	0.00403575320452	0.000418698489372
CNCC	5976	428624	428942	871	695	5.03147971896	0.00202796307291	0.00161764466282	0.000410318410091
GCAA	3436	250020	248167	326	222	4.78809137007	0.0013021977583	0.00089375938548	0.000408438372822
TTCA	18718	1360543	1364990	4587	4041	8.72990174091	0.00336011954905	0.00295172278787	0.000408396761184
NTGG	15040	1080446	1089602	2788	2368	9.05864527285	0.00257377445686	0.00216855774426	0.000405216712598
ATGA	22691	1662334	1652628	2978	2299	19.097771223	0.00178825349244	0.00138918514231	0.000399068350133
NTGC	11015	779248	778400	2882	2574	4.40041620115	0.00368480943066	0.00329588437003	0.000388925060627
NAAA	216980	15362593	15324233	16547	10726	267.947727774	0.00107593792631	0.000699447582481	0.000376490343827
NTAC	35339	2476120	2455247	13674	12633	7.94791508022	0.005492020625	0.00511896850738	0.000373052117617
CTAA	7801	584210	575768	756	537	8.17264479414	0.00129238280515	0.000931798266543	0.000360584538612
GGNN	38287	2761703	2787802	7498	6608	15.0237148405	0.00270764021824	0.00236472099656	0.000342919221682
TCAA	11941	879426	874353	984	682	12.3895275808	0.00111766108972	0.000779397395533	0.000338263694187
TGAA	18718	1367516	1364868	1581	1117	18.0930025467	0.00115477573905	0.000817724938414	0.000337050800631
GGNA	16312	1175029	1175514	2547	2159	7.79428211427	0.00216291772251	0.00183327629996	0.00032964142255
ATNT	236147	15569533	15541151	30397	25479	93.2663454982	0.00194853438445	0.00163677045064	0.000311763933812
NCNC	31681	2261170	2250673	6677	5944	9.37461821658	0.00294420214415	0.00263403138415	0.000310170760001
NATC	35405	2598981	2568126	8147	7250	10.0098511385	0.00312489451995	0.00281512291797	0.000309771601973
NATT	142807	10129445	10138794	18202	15127	63.4086915152	0.0017937163167	0.00148976932162	0.000303946995074
NANC	91043	6606750	6531469	30299	27981	15.6059743672	0.00456513128048	0.00426575398852	0.000299377291963
ANGG	17407	1242419	1245121	3347	2986	5.38314093376	0.00268670039157	0.00239242308552	0.000294277306046
ATAT	140272	8793496	8777157	21072	18470	37.2379885164	0.00239058794487	0.00209990714704	0.000290680797826
CCTN	15438	1132239	1119789	3435	3070	4.31179367421	0.00302463559085	0.00273409217008	0.000290543420771
CNNA	95411	6897480	6814976	15526	13358	30.9761137821	0.00224591154702	0.00195626048755	0.000289651059466
NGAA	50929	3723842	3707610	4153	3066	35.6209615832	0.00111400364003	0.000826264540477	0.000287739099549
GANA	46681	3416930	3398176	4317	3322	28.0285486419	0.00126182061687	0.000976628532488	0.000285192084381
GNAA	45943	3340447	3322641	3883	2919	29.6294881675	0.00116106963129	0.000877746905784	0.000283322725502
TANC	32694	2362033	2316807	9723	8888	5.76791076973	0.00409949421441	0.00382165331224	0.000277840902178
CNAA	34492	2537501	2503811	2590	1860	24.9623911519	0.00101964850866	0.000742316130091	0.000277332378565
GGAN	17024	1234800	1239067	2631	2299	5.86571423108	0.00212617915666	0.00185199207969	0.000274187076963
NNAA	435764	31065762	30939481	41068	32444	213.422873982	0.00132022452947	0.00104752933503	0.000272695194433
GTNT	37298	2622745	2649939	4943	4272	13.0898929863	0.00188112135078	0.00160951785672	0.000271603494065
TGNT	45432	3294578	3314828	6358	5510	15.2650226495	0.00192612034889	0.00165946960821	0.00026665074068
TAAA	55515	3896888	3903586	3730	2732	34.9437884968	0.000956258726181	0.000699379825196	0.000256878900985
CAAA	18336	1335733	1322667	1169	821	13.3833494953	0.000874409642592	0.000620330520564	0.000254079122028
CTTN	41844	3032469	3051164	8636	7942	8.10115140893	0.00283975725929	0.00259618332938	0.000243573929908
AGNN	85181	6163738	6176464	14805	13360	17.7375361178	0.00239619599637	0.00215838123992	0.000237814756451
GAAA	22928	1675125	1667356	1499	1128	11.8945004027	0.000894058536678	0.0006760628211	0.000217995715579
NANA	541934	37295130	37071578	61310	52985	122.285087836	0.00164121634717	0.0014272221871	0.000213994160068
NNAC	91841	6518195	6468121	36620	34984	6.38752087023	0.00558673280634	0.00537958406023	0.000207148746112
CANA	51929	3714462	3668791	5460	4707	11.0700630152	0.00146777271136	0.00128134001978	0.000186432691578
TNTN	541934	36928249	37060263	143317	136925	37.8704765537	0.00386595483989	0.0036810578262	0.000184897013691
AATN	142807	10104634	10122460	21740	19960	18.1850107593	0.00214686915573	0.00196797214077	0.00017889701496
TNTT	232755	16294060	16481520	20196	17924	36.4567366853	0.00123793570482	0.00108633963666	0.000151596068165
ANNT	423488	28833610	28896838	96653	92456	23.2961310458	0.00334089600222	0.00318931533828	0.000151580663948
NCAA	38985	2847418	2816695	3251	2792	7.3398398102	0.0011404340525	0.000990251063403	0.000150182989095
AANN	435764	30836453	30859385	114023	109578	20.9142865104	0.00368404673324	0.00353831673343	0.000145729999805
NATA	237513	15642185	15520838	35111	32771	14.7444049229	0.00223960815692	0.00210697080015	0.000132637356764
ANAA	231145	16355469	16271480	21841	19585	25.2878604158	0.00133361339561	0.00120219273571	0.000131420659895
NTAA	128870	9131909	9090943	17117	15860	10.1019684081	0.00187090953726	0.00174155518682	0.000129354350435
GNNA	100599	7311594	7276240	13865	12883	7.66072631714	0.00189271416303	0.00176742798825	0.00012528617478
ATAN	237513	15616900	15538293	40818	38728	10.6414320875	0.00260689329058	0.00248622634585	0.000120666944734
TTAN	128870	9055382	9117556	18665	17716	7.71185012287	0.00205696532099	0.00193929638877	0.00011766893222
NTTN	435764	30673897	30996613	128610	126823	9.1542684905	0.00417530949672	0.00407483929474	0.000100470201988
NTAN	425540	28914362	28891561	66921	64982	6.67007382031	0.00230911102176	0.00224412147541	6.49895463461e-05
NTNT	541934	37050715	37318879	54978	53452	8.21563719375	0.00148165943161	0.00143025598269	5.14034489186e-05
NATN	471038	32294798	32131941	77323	75306	4.51205863505	0.00238856761965	0.00233816941883	5.03982008235e-05
