#Sequence	Occurrence	Forward Match	Backward Match	Forward Mismatch	Backward Mismatch	Strand Bias Score	FER (Forward Error Rate)	RER (Reverse Error Rate), ERD (Error rate Difference)
ATNTTTTT	6800	12437	13041	176	89	7.76968578542	0.0139538571315	0.00677837014471	0.00717548698682
TTTTTTTT	20082	19891	23765	439	356	7.12955072791	0.0215937038859	0.0147589237594	0.0068347801265
ATATNTTT	7129	9684	9736	90	29	7.44998662721	0.00920810313076	0.00296979006656	0.00623831306419
CNCTNTNT	1479	8092	8130	64	14	7.55647267252	0.0078469838156	0.00171905697446	0.00612792684114
NTATTTTT	5889	10527	10959	101	38	7.36729812195	0.00950319909673	0.00345548786033	0.0060477112364
NTTTTTTT	25318	30980	35615	589	459	9.25580850791	0.018657543793	0.0127238454288	0.00593369836412
TTTTTTNT	24674	30019	34625	534	408	9.32716800984	0.0174778254181	0.0116461621899	0.00583166322819
CNNTTTTT	3871	14443	15132	159	79	7.31961543369	0.0108889193261	0.00519360988758	0.00569530943854
TNTTTTTT	25028	29703	34316	536	419	8.57194220348	0.0177254538841	0.012062760904	0.00566269298007
NTNTTTTT	34389	52554	58151	797	546	17.219746978	0.014938801522	0.00930200862054	0.00563679290145
ATNTNTTT	15581	26613	27810	247	107	14.1307345882	0.00919583023083	0.00383279005624	0.00536304017459
CTNNTTTT	3076	12501	12948	110	44	7.27221896685	0.00872254381096	0.00338669950739	0.00533584430357
TTNTTTTT	24680	30531	34989	513	401	7.9235216167	0.0165249323541	0.0113308844306	0.00519404792345
NNCTTTTT	3663	14203	14850	122	52	7.44210815127	0.00851657940663	0.00348946450141	0.00502711490522
ATNNTTTT	11655	26299	27537	235	107	12.4467903773	0.00885656139293	0.00387064100709	0.00498592038584
TTTNTTTT	25108	31076	35509	489	378	7.84685248636	0.0154918422303	0.0105330621116	0.00495878011869
NNTGTTTT	2568	9399	9780	58	12	7.50703746095	0.00613302315745	0.00122549019608	0.00490753296137
NTATNTTT	13663	23773	24414	170	54	14.4319786165	0.00710019629954	0.00220696419814	0.00489323210141
TNTNTTTT	34712	50983	56358	665	463	13.6457988783	0.0128756195787	0.00814839583957	0.00472722373912
ATANNTTT	10310	18649	19151	134	48	9.99229984229	0.00713411063195	0.00250013021512	0.00463398041684
NNTTTTTT	34022	52803	59040	791	604	11.6814591012	0.0147591148263	0.0101267520622	0.00463236276405
ANNTTTTT	11128	26045	27389	265	150	8.93657384939	0.0100722158875	0.00544682087222	0.00462539501528
NTANTTTT	9417	20434	21474	152	60	10.3739881398	0.00738365879724	0.00278629144609	0.00459736735116
NTTTTTNT	34071	53699	59165	748	548	12.3392611464	0.0137381306592	0.00917723108871	0.00456089957047
NNNTTTTT	50477	101259	110004	1170	786	24.8352055337	0.0114225463492	0.007094503114	0.00432804323518
NTTNTTTT	33892	52888	58432	686	500	11.770067397	0.0128047187068	0.00848435484966	0.00432036385718
ATNTTTNT	13959	27217	27923	238	122	9.48012767406	0.00866873065015	0.00435015154216	0.00431857910799
TNTTTTNT	34035	50280	55820	666	494	10.8913660574	0.0130726651749	0.00877224136094	0.00430042381395
ATATNTNT	45429	28119	27933	193	73	12.2998517837	0.00681689742865	0.00260658430336	0.00421031312529
TNNTTTTT	33149	51654	57615	674	504	10.8871287107	0.0128802935331	0.00867186290198	0.00420843063112
CNNTTTNT	7522	31963	32450	242	111	11.7217622053	0.00751436112405	0.0034089862105	0.00410537491355
NTTGTNTT	2392	8848	9108	40	4	7.09412883199	0.004500450045	0.000438981562774	0.00406146848223
NNGTNTTT	4467	17290	18437	104	37	8.51890170338	0.00597907324365	0.0020028147667	0.00397625847695
NTATATNT	44846	24373	23930	164	65	9.58902469866	0.00668378367364	0.00270889768702	0.00397488598662
NTNNTTTT	49941	100190	107835	994	636	24.1160591384	0.00982368753953	0.00586331830628	0.00396036923326
NTNTNTTT	53941	96199	103050	955	612	22.6708264994	0.00982975482224	0.00590380274353	0.00392595207871
ATNNNTTT	24922	56538	58808	372	155	22.1199174627	0.00653663679494	0.00262876719299	0.00390786960195
CNNNTTTT	7527	32852	34275	237	113	11.4500661186	0.00716250113331	0.00328603001047	0.00387647112284
NTNTTTNT	53432	99438	105809	1045	698	20.8740947571	0.0103997691152	0.00655355985992	0.00384620925526
NNTNTTTT	51453	99475	107231	1029	690	21.4092284516	0.0102383984717	0.00639356566377	0.00384483280793
ATNTATNT	44170	25034	24852	158	61	9.86221360824	0.00627183232772	0.00244852085257	0.00382331147516
TTNTTTNT	33897	51434	56641	646	491	9.15372669911	0.0124039938556	0.00859413288525	0.00380986097036
TTTNTTNT	33668	51815	57126	612	455	9.64977737118	0.0116733744063	0.00790191208906	0.00377146231726
TTTTTNNT	32704	51534	57031	608	457	9.31859912233	0.0116604656515	0.00794948510994	0.00371098054155
TTTTNTNT	33512	51345	56464	601	449	9.17862034228	0.0115697070034	0.00788923444556	0.00368047255787
ATANATNT	42487	23433	23301	151	64	8.20466215252	0.0064026458616	0.00273913973893	0.00366350612268
NNCTNTTT	5935	25368	26004	161	69	9.17762522466	0.00630655333151	0.00264641583247	0.00366013749903
ATNNATTT	9719	16829	17331	90	29	7.79672678017	0.00531946332526	0.00167050691244	0.00364895641281
NTTTNTTT	34691	52353	57834	638	492	8.60271804771	0.0120397803401	0.0084353461578	0.00360443418226
NGNNTTTT	4421	18897	20391	111	46	7.60998882992	0.00583964646465	0.00225081959192	0.00358882687273
CNNTNTTT	6914	28031	28815	195	96	8.61151260169	0.00690852405584	0.00332053543634	0.0035879886195
TNNNTTTT	49274	96704	104337	906	598	20.0966799753	0.00928183587747	0.0056987659027	0.00358306997477
TTNNTTTT	32942	52466	58026	598	450	9.10464527493	0.0112694105231	0.00769546480607	0.00357394571707
NNATTTTT	10767	26485	27717	196	105	7.58724303109	0.00734605149732	0.00377399180505	0.00357205969227
NNTTTTNT	50895	100036	107881	1049	745	17.5547602076	0.0103774051541	0.00685839485943	0.00351901029465
ANATNTTT	11346	22493	22921	141	63	7.45291832151	0.00622956613944	0.0027410372433	0.00348852889614
ATNTNTNT	63776	68314	69034	436	200	20.381442009	0.00634181818182	0.00288875408037	0.00345306410145
TTNTNTTT	33027	51096	56052	578	437	8.29760029606	0.0111855091535	0.00773601940201	0.00344948975153
ANNTNTTT	25332	58373	60656	383	187	17.1215585979	0.00651848321874	0.00307348421347	0.00344499900527
NTANNTTT	21107	48587	50299	277	113	17.0216137672	0.00566879502292	0.00224152979449	0.00342726522843
CTNTNTNT	6100	23636	23781	148	67	7.39107899297	0.00622267070299	0.00280945991278	0.00341321079021
NNNNTTTT	83289	211421	224436	1672	1011	45.3506839245	0.00784633939172	0.0044844242771	0.00336191511462
TNTTNTTT	33769	51657	56660	599	463	7.73309647969	0.0114627985303	0.00810531659752	0.00335748193279
ANNNTTTT	21602	60180	62824	411	218	15.5295180043	0.00678318562163	0.0034580121189	0.00332517350272
ATANNTNT	56957	54636	54747	301	125	16.6587648405	0.00547900322187	0.00227802886718	0.00320097435469
NNANTTTT	18810	54504	57063	340	174	14.1447452686	0.00619940194005	0.00303999161382	0.00315941032623
NTATNTNT	63454	60647	61043	336	144	17.7547543408	0.00550973222045	0.00235344109043	0.00315629113003
NGNTNTTT	4159	18451	19461	85	28	7.53032516704	0.00458567112646	0.0014367078865	0.00314896323996
NNNGTTTT	4464	19234	20154	95	36	7.0005301675	0.00491489471778	0.00178306092125	0.00313183379653
NCNNTTTT	7497	32267	33467	206	108	8.13765543797	0.00634373171558	0.00321667907669	0.00312705263889
TNTTTNTT	34688	51605	56841	579	457	6.92112416356	0.0110953548981	0.00797584557925	0.0031195093188
CTNNNTTT	5667	25367	26116	141	64	7.4342809269	0.00552767759134	0.00244461420932	0.00308306338202
ANATATNT	45094	26355	26289	151	69	7.25108777771	0.00569682336075	0.00261780104712	0.00307902231363
CNANTNTT	3764	18815	19312	81	24	7.64639714194	0.0042866215072	0.00124120810923	0.00304541339797
TTTNTNTT	33455	52967	57773	539	409	7.43773560338	0.0100736366015	0.0070296655323	0.00304397106921
CNCTNNNT	3127	19620	19650	90	30	7.14194247432	0.00456621004566	0.0015243902439	0.00304181980176
ANNTTTNT	22755	56977	58631	384	215	12.2082383891	0.00669444396018	0.00365360432315	0.00304083963703
TNNGTNTT	5015	20560	21163	86	24	8.59844645833	0.00416545577836	0.00113277009487	0.00303268568349
TNTNTTNT	53577	94189	100639	852	603	13.9999817888	0.00896455214066	0.00595602615515	0.0030085259855
NTNTATTT	13256	20509	21175	94	33	7.4109368941	0.00456244236276	0.00155601659751	0.00300642576525
TTTNNTTT	33011	52200	57461	530	410	7.01964235441	0.0100512042481	0.00708472291821	0.00296648132984
NTTTNTNT	52561	98183	104341	883	626	14.0215596691	0.00891324975269	0.00596377909248	0.00294947066021
NNTGTNTT	5805	21336	22158	87	25	8.59012801674	0.00406105587453	0.00112698913582	0.0029340667387
NTTNTTNT	52579	102913	109317	914	648	14.4565656769	0.00880310516532	0.00589278406766	0.00291032109767
NNTGNTTT	4984	21935	22718	93	30	8.11990018112	0.00422189940076	0.0013187972569	0.00290310214386
NNNTNTTT	85988	201104	211683	1474	931	33.9173977917	0.00727620965751	0.0043788273585	0.00289738229902
CTNNTNTT	5858	26751	27093	133	56	7.68263469776	0.0049471804791	0.00206269107518	0.00288448940392
TNTNNTTT	49975	95314	101606	779	535	14.3435237246	0.00810672993871	0.00523785747153	0.00286887246717
NNNTTTNT	85084	203289	213873	1600	1065	30.4867178627	0.00780910639419	0.00495491723195	0.00285418916225
NTNGTNTT	4234	18572	18922	64	11	8.91790213693	0.0034342133505	0.000580996144298	0.00285321720621
ATNNATNT	55827	53970	53975	281	126	13.5953840446	0.00517962802529	0.00232897728323	0.00285065074206
TNTNTNTT	55937	95853	101711	787	546	13.6402571252	0.00814362582781	0.00533948776123	0.00280413806659
NTNTNTNT	129439	206451	212897	1455	899	33.2511890346	0.00699835502583	0.0042049430298	0.00279341199602
TNNTNTTT	48772	94691	101349	802	574	12.7265535924	0.00839852135759	0.00563170236355	0.00276681899404
NTNTTNTT	53083	103769	109924	876	621	13.7143463577	0.00837115963496	0.00561762178298	0.00275353785197
ATNNTTNT	27143	62680	63964	347	177	13.5261340483	0.00550557697495	0.00275954537659	0.00274603159836
NTANATNT	55510	49560	49133	248	110	12.0482719499	0.00497911982011	0.00223382003533	0.00274529978477
NNTTNTTT	50650	97979	105235	904	678	11.7588230454	0.00914211745194	0.00640148046038	0.00274063699156
TNNTTTNT	50111	94916	102099	869	652	11.3996254235	0.00907240173305	0.00634543702738	0.00272696470567
ANATNTNT	59304	60524	60819	308	145	13.6925690297	0.00506312467123	0.00237845285742	0.0026846718138
NNNCTTTT	7172	31156	32216	129	47	9.58039875795	0.00412338181237	0.0014567771131	0.00266660469927
NNATNTTT	24936	60467	62007	305	147	13.6570801398	0.00501875863885	0.00236509315571	0.00265366548314
TNTTNTNT	52476	93704	99720	800	583	11.4158293552	0.00846525014814	0.00581238846296	0.00265286168518
NNCNTTTT	8863	38216	39365	199	100	8.47246599419	0.00518026812443	0.00253389078931	0.00264637733512
CNNTNTNT	15017	64044	64359	336	166	13.470945227	0.00521901211556	0.00257264626114	0.00264636585442
NTNNNTTT	82382	196963	207023	1293	806	31.0049404748	0.00652187071261	0.00387818831828	0.00264368239433
NTTNNTTT	49429	97055	104171	784	564	12.3577308212	0.00801316448451	0.00538501933451	0.00262814515
NNCTTNTT	6716	30254	30596	147	68	7.15752979296	0.00483536725766	0.00221758413775	0.0026177831199
ANANNTTT	19404	50343	51764	254	126	10.9021729685	0.00502006047789	0.00242821352862	0.00259184694928
TTNTNTNT	53006	93802	99371	784	571	10.977535848	0.00828875309242	0.00571331372196	0.00257543937047
TTTNNTNT	48886	93902	100101	742	532	11.5182131159	0.00783990532945	0.00528653622569	0.00255336910375
ANNNNTTT	47204	138280	142805	676	332	28.8596849697	0.00486484930482	0.00231945618533	0.00254539311948
ATNNNTNT	92572	150662	152441	731	349	31.2303750388	0.00482849273084	0.00228418090189	0.00254431182895
TNTTTNNT	50361	93120	99921	790	590	10.5200430424	0.00841230965818	0.00587000427814	0.00254230538004
NTTTTNNT	49848	102684	109811	883	662	11.2649252459	0.00852588179633	0.00599241443611	0.00253346736022
ATNNTNTT	24140	60175	61503	304	156	11.824833816	0.0050265381372	0.00253004427577	0.00249649386143
NTTNTNTT	50135	98313	104879	777	566	11.2686410958	0.00784135634272	0.00536772725117	0.00247362909155
ATCNNNTT	3907	20317	20636	68	18	7.05650108917	0.00333578611724	0.000871501888254	0.00246428422899
NANNTTTT	21430	60067	62743	361	221	9.45272980316	0.00597405176408	0.00350994218919	0.0024641095749
NCANNTTT	5785	26915	27296	104	38	7.4971667466	0.00384914319553	0.00139020999488	0.00245893320065
NNNATCTT	3441	17716	17835	48	5	8.14994447902	0.00270209412295	0.000280269058296	0.00242182506465
NTNTATNT	61810	58538	58371	278	137	11.0739409646	0.00472660500544	0.00234156012853	0.00238504487691
NNTNTTNT	90064	208086	217135	1436	975	24.5408657551	0.00685369555464	0.00447022144789	0.00238347410675
NNTNNTTT	82200	201331	211602	1283	841	25.9485493221	0.00633223765386	0.00395870892428	0.00237352872959
NTNNTTNT	87466	207860	216000	1392	930	24.9039226827	0.00665226616711	0.0042870972203	0.00236516894681
NNNATTTT	21176	59772	62062	278	142	11.4726607123	0.00462947543714	0.00228281139477	0.00234666404237
NNTTTNTT	51007	99771	107067	875	685	9.13443237799	0.00869383780776	0.00635719058579	0.00233664722197
ANNTATNT	57710	54030	54324	243	117	10.4693321338	0.00447736443535	0.00214911555629	0.00232824887906
CNNNNTTT	14667	71302	73120	356	194	12.0520674797	0.00496804264702	0.00264615216739	0.00232189047963
ANTNTTNT	22602	54870	56360	283	159	9.02955478125	0.00513118053415	0.00281321325572	0.00231796727843
ANTNNTTT	19777	50960	52784	255	141	8.75165953239	0.00497901005565	0.00266414737837	0.00231486267728
TTNNTTNT	49128	95528	101669	788	600	9.13954496591	0.00818140288218	0.00586688048187	0.00231452240031
ATNANTNT	18144	41155	42011	167	73	9.12113515957	0.00404143071487	0.00173462598612	0.00230680472875
CNNNTTNT	15668	75051	75851	379	207	12.1511589171	0.00502452605064	0.00272160719451	0.00230291885613
TTNTTNNT	50527	100406	106411	778	577	10.0467523375	0.00768896268185	0.00539312820129	0.00229583448055
CNNNTNTT	15217	72275	73912	313	150	14.0630685611	0.00431200749435	0.00202533012881	0.00228667736554
TANNNTTT	19255	45423	46966	244	144	7.04174070252	0.00534302669324	0.003056675865	0.00228635082824
NNAANTTT	11516	39757	41098	181	93	7.47351874582	0.00453202463819	0.00225777475662	0.00227424988157
NTANNTNT	86131	128919	129876	586	296	22.052473809	0.00452492181769	0.00227391451311	0.00225100730458
NNTNTNTT	90121	201529	210952	1268	851	23.1035392918	0.0062525579767	0.00401788454366	0.00223467343304
ATNTNNTT	27113	59141	60663	290	161	9.48572808741	0.00487960828524	0.00264698145469	0.00223262683055
NNCTNTNT	12039	54453	55124	253	133	9.15547245156	0.00462472123716	0.00240693486798	0.00221778636918
TTTNTNNT	48872	96723	102864	741	557	9.16687098412	0.00760280719035	0.00538575337697	0.00221705381337
NCNNNTTT	14946	71614	73104	320	164	12.4121516348	0.00444852225651	0.00223835780968	0.00221016444683
ANNTNTNT	90610	147753	149845	706	383	22.6917287842	0.00475552172654	0.00254945815693	0.0022060635696
ANNTTNTT	21831	58870	60614	321	197	7.98392659729	0.00542312175838	0.00323954547697	0.00218357628141
TNNNNTTT	77725	191462	201051	1169	786	21.5126798126	0.00606859747393	0.00389423148382	0.00217436599011
TNNTTNTT	51410	99361	105795	755	571	9.11165094176	0.00754125214751	0.00536825677378	0.00217299537373
TANNTNTT	25593	51338	52508	243	134	8.10266009843	0.00471103700975	0.00254549599179	0.00216554101796
NTCNTNTT	8492	39703	39964	157	71	7.84641202427	0.00393878575013	0.0017734482328	0.00216533751733
ATATNTNN	62716	58727	58425	330	201	7.37803768319	0.00558782193474	0.00342851294647	0.00215930898827
NNATATNT	62716	58169	58315	263	137	9.42612581932	0.00450095837897	0.00234380346267	0.0021571549163
NTNNTNTT	84942	210197	218679	1197	770	24.8805021427	0.00566241236743	0.00350878791883	0.00215362444859
NNTTNTNT	87448	198496	207400	1325	934	19.5449821468	0.00663093468654	0.00448318565381	0.00214774903274
TTTTNNNT	47979	95330	101859	718	546	8.62666129392	0.00747542895219	0.00533177090962	0.00214365804257
ANTNTNTT	20841	49894	51516	244	141	7.42592742861	0.00486656827157	0.00272954294674	0.00213702532483
NNANNTTT	43969	136239	140237	590	306	22.2592533962	0.00431195141381	0.00217726959009	0.00213468182372
ATNTANNT	54214	50343	50673	218	111	8.4223117167	0.00431162358339	0.00218572778828	0.00212589579511
NNNTTNTT	85355	210076	219694	1342	933	21.0893715345	0.00634761467803	0.00422885684889	0.00211875782914
NGNNNTTT	9584	45804	48193	164	70	9.98607921331	0.00356769926906	0.00145038642438	0.00211731284467
TNNANTTT	17132	46302	47685	184	88	8.69045101366	0.00395818095771	0.00184204466958	0.00211613628812
NANANTTT	15344	44803	45859	189	96	7.76317211424	0.00420074679943	0.0020890001088	0.00211174669063
NNNTATAT	61566	51325	51028	238	129	7.59849411187	0.00461571281733	0.00252164904119	0.00209406377614
NATNTNTT	29372	60562	62220	300	177	8.36021168035	0.00492918405573	0.00283667484014	0.0020925092156
NNNGTNTT	10851	49358	50702	166	64	11.149714284	0.00335191018496	0.0012606862861	0.00209122389886
NNTATNTT	27471	55042	55862	226	112	9.45005680116	0.00408916552074	0.00200092900275	0.00208823651798
TTNNNTTT	47017	95197	101609	704	537	8.29342205585	0.00734090364021	0.00525718089793	0.00208372274228
NTNTNTAT	60176	57545	57142	289	167	7.61909386867	0.00499706055262	0.00291402746515	0.00208303308747
NNTANTTT	18283	45197	46680	176	84	8.42899291745	0.00387895885218	0.00179625352836	0.00208270532383
ATTNNTNT	24651	54163	55559	250	140	8.07686793518	0.00459449028725	0.00251351011688	0.00208098017037
ATANANNT	54485	51335	51441	251	144	7.04011769077	0.00486566122591	0.00279150915964	0.00207415206627
TNANNTTT	16413	47074	48627	200	106	7.64848096869	0.00423065532851	0.00217511747686	0.00205553785165
TNNNTTNT	82949	190664	199465	1234	877	17.7210797825	0.00643049953621	0.00437751445029	0.00205298508592
NTTNNTNT	85401	200475	208469	1205	822	20.0291817391	0.00597481158271	0.0039275458572	0.0020472657255
TNNNTNTT	87527	202291	210151	1137	748	21.7055068202	0.00558920109326	0.00354672141641	0.00204247967685
TTNNTNTT	49755	100960	106960	690	511	9.03128653265	0.00678799803246	0.00475477105452	0.00203322697795
NTATNNTT	25993	53408	53996	205	97	9.36846679952	0.00382369947587	0.00179320799364	0.00203049148223
NANATNTT	23623	53481	54075	220	112	8.60805336824	0.00409675797471	0.00206691641907	0.00202984155564
NATNTTNT	26591	62037	63473	312	190	7.78378358168	0.00500408988115	0.0029844650739	0.00201962480725
ANNNATAT	59107	60266	60288	275	154	8.14469659489	0.00454237624089	0.00254789715761	0.00199447908329
ATNNNTAT	56828	55281	55029	241	130	7.81302900492	0.00434062173553	0.00235682300259	0.00198379873294
NTNTTNNT	88447	217476	225346	1320	920	19.6463239011	0.00603301705698	0.00406601080145	0.00196700625554
ANANATNT	59304	59981	60694	268	151	8.12097689219	0.00444820660924	0.00248171583532	0.00196649077392
TNTNNTNT	88488	187875	195301	1136	793	17.1654335737	0.00601023220871	0.00404397890807	0.00196625330063
NNTTNTAT	23966	47897	48529	204	111	6.91536955558	0.0042410760691	0.00228207236842	0.00195900370068
ANNNATTT	17814	43512	44498	160	76	7.58793443168	0.00366367466569	0.00170502983802	0.00195864482767
NATNNTTT	22630	60082	61751	279	165	7.77298982422	0.00462218982456	0.00266490083339	0.00195728899117
ANNNTTNT	49339	139946	143058	631	365	17.5896595987	0.00448864323467	0.00254491957357	0.0019437236611
CTNNNTNT	12280	58705	58975	262	148	7.71199026672	0.00444316312514	0.00250325592409	0.00193990720105
ANANNTNT	86586	141626	143390	590	322	18.7009419108	0.00414861900208	0.0022405922957	0.00190802670638
NNCNNTTT	15004	71235	72341	295	161	9.75935849162	0.00412414371592	0.00222062839646	0.00190351531947
NTANTNTT	20942	47910	48583	183	93	7.33489306701	0.00380512756534	0.00191059248911	0.00189453507623
TNNTNTNT	89193	188012	195983	1158	832	15.5893326231	0.00612147803563	0.00422732007215	0.00189415796348
CNNTNNTT	12952	59797	60695	244	133	8.18069148792	0.00406388967539	0.00218649306241	0.00187739661298
NNNANTTT	37749	123274	127141	466	242	17.7871807989	0.00376596088573	0.00189978254555	0.00186617834018
CNNTTNNT	14647	69466	70433	304	176	8.53966312675	0.0043571735703	0.00249260009347	0.00186457347683
NNNTTTCN	15538	74039	74424	358	221	7.92942195685	0.00481202199013	0.00296068055463	0.00185134143551
NNATNTNT	95994	150371	152163	633	358	18.1586127101	0.00419194193531	0.00234721776018	0.00184472417514
NNTTTNNT	81801	201131	211180	1291	963	14.9932404301	0.00637776526267	0.00453939088257	0.0018383743801
ANNNTNTT	47175	138412	141704	565	317	17.2986193817	0.00406542089698	0.00223206427219	0.0018333566248
ATNTTNNT	26414	67247	68464	324	204	7.1144959939	0.00479495641621	0.00297081610066	0.00182414031556
ATNNNNTT	48235	129251	131589	489	258	17.2807458909	0.00376907661477	0.00195681357938	0.00181226303539
NTNTNNTT	86723	198520	206400	1099	766	16.7594143543	0.00550548795455	0.00369751793248	0.00180797002207
ATATNNNT	59107	61099	61126	261	150	7.22744950765	0.00425358539765	0.00244794046609	0.00180564493157
NNTGNNTT	11363	51211	52569	154	63	9.51538886881	0.00299815049158	0.00119699042408	0.0018011600675
NNCNTNTT	17612	82677	82907	290	141	12.0562900028	0.0034953656273	0.00169781331278	0.00179755231451
TNNATNTT	25014	56790	57076	214	112	7.74678219702	0.00375412251772	0.00195845282227	0.00179566969545
NNGNTNTT	10570	54423	56147	169	75	9.22333656527	0.00309569167644	0.00133399736758	0.00176169430886
NNCTTNNT	13314	68100	68197	262	142	8.50768493618	0.00383253854481	0.00207787646878	0.00175466207602
NNNTATTT	23462	48964	50075	162	78	7.48182184009	0.00329764279608	0.00155524096265	0.00174240183342
TNTNTNNT	92104	191085	198295	1124	818	13.9307681224	0.00584780109152	0.0041082199555	0.00173958113602
CTNTNNNT	12093	56407	57139	220	123	6.92400301598	0.00388507249192	0.00214802137543	0.00173705111649
NNGTNNTT	9986	45543	47048	148	72	6.91672779849	0.003239149942	0.00152801358234	0.00171113635966
NCNNTNTT	14463	67066	68138	259	146	7.96316713579	0.00384701076866	0.00213812899069	0.00170888177797
NNCTNNTT	11711	59120	59198	206	105	7.85670027719	0.00347233927789	0.00177056809942	0.00170177117847
ANNATNTT	18717	50638	51690	166	83	7.06136426966	0.00326745925518	0.0016031522222	0.00166430703298
NTNNATTT	21636	51022	52388	169	86	7.03093868691	0.00330136156746	0.00163890688722	0.00166245468024
NTNNATNT	87746	141401	141865	550	317	14.60741572	0.00387457643835	0.00222953679087	0.00164503964747
NNNCTNTT	12481	59769	60737	177	80	9.0032501135	0.00295265739165	0.00131542167486	0.00163723571679
NANNTNTT	51839	144574	148146	564	334	14.8898335011	0.00388595681352	0.0022494612069	0.00163649560662
NNNATNTT	52955	148906	151567	498	258	18.3502648663	0.00333324408985	0.00169932488062	0.00163391920923
TTNNNTNT	81684	187504	194231	1067	786	12.3689297306	0.00565834619321	0.00403041786101	0.0016279283322
NTTNTNNT	84832	209368	217811	1183	875	13.6860410776	0.00561859122018	0.00400117062821	0.00161742059197
ANNNATNT	86730	141126	142666	534	308	14.5536611102	0.00376958915714	0.00215423783345	0.00161535132368
NNNTATNT	95936	137216	138303	510	291	14.2182823678	0.00370300451621	0.00209965799385	0.00160334652236
ATNNANNT	78615	127076	127475	494	290	12.4847780114	0.00387238378929	0.00226979219661	0.00160259159268
NTTTNNNT	81389	198540	207234	1141	862	12.0751949959	0.00571411401185	0.00414231892972	0.00157179508212
TNNTTNNT	82187	195581	203820	1107	831	12.0264729178	0.00562820304238	0.00406057141182	0.00156763163056
NANNNTTT	43830	140391	144656	609	400	11.6278450237	0.00431914893617	0.00275755570263	0.00156159323355
ATNTNTNN	95994	151301	151545	802	565	9.80373629342	0.00527274281244	0.00371441719808	0.00155832561436
TNTNNNTT	84445	192817	200882	973	698	13.280318879	0.00502089891119	0.00346264510368	0.00155825380751
NNANTTNT	42646	125444	128393	523	337	10.4981628933	0.00415188104821	0.0026178823895	0.00153399865871
NNANTNTT	43339	129480	132694	456	268	12.4443340109	0.00350942002216	0.00201561348355	0.00149380653861
ANTNNTNT	47200	127293	130015	472	288	11.3444691109	0.00369428247173	0.00221023307215	0.00148404939958
NTATNTNN	95936	138205	138310	623	417	9.68660314974	0.00448756734953	0.00300590368133	0.0014816636682
ANTNNNTT	39170	112532	114476	387	224	10.8496824935	0.00342723545196	0.0019529206626	0.00147431478936
ATANNNNT	86658	133457	133743	518	322	10.8255652129	0.00386639298377	0.00240182001268	0.00146457297109
NNANATNT	91174	144116	145108	529	319	12.4322630362	0.00365722976944	0.00219354040171	0.00146368936772
NNNNCTTT	13334	65256	66537	182	88	8.21383323489	0.00278125859592	0.00132082551595	0.00146043307998
NTANNNTT	43417	113815	115681	373	210	11.2748254519	0.00326654289417	0.00181204752742	0.00145449536676
NNNTNTAT	92285	126516	126779	509	325	9.68440352134	0.00400708521944	0.0025569612286	0.00145012399084
ANNTNNTT	47103	133338	136191	493	306	11.1908317473	0.00368375040163	0.00224180751225	0.00144194288937
NANNTTNT	46577	136491	140093	578	390	9.82218135011	0.00421685428507	0.00277613661439	0.00144071767067
ANNTTNNT	44834	138626	141240	551	357	10.6089627505	0.00395898747638	0.00252123985678	0.0014377476196
TTTNNNNT	76922	190564	198967	1000	757	10.5741467166	0.00522018750914	0.00379023051811	0.00142995699102
ATANNTNN	86740	122334	121980	539	362	8.20199063065	0.00438664311932	0.00295891844175	0.00142772467757
NTANANNT	77465	112107	112323	435	275	8.66004996975	0.00386522364984	0.00244231691504	0.00142290673479
TNTTNNNT	82859	192063	199368	1024	778	10.2389016768	0.00530330887113	0.00388716237147	0.00141614649966
NANANNTT	42557	122360	124123	410	240	10.9868927716	0.00333957807282	0.00192983443629	0.00140974363653
TANNNNTT	44532	111255	112790	396	242	9.30775927739	0.00354676626273	0.00214098662326	0.00140577963947
ATNTNNNT	92013	159383	161461	616	397	11.7299740563	0.00385002406265	0.00245276724042	0.00139725682223
ANANANNT	90610	146760	148510	671	471	8.91263727123	0.00455128161649	0.00316147696686	0.00138980464962
NTATNNNT	91204	134324	134770	471	285	10.8732259526	0.00349419488853	0.00211025137907	0.00138394350947
ANNANNTT	36503	118808	121065	357	197	11.495478303	0.00299584609575	0.00162458148472	0.00137126461103
NTTNNNTT	77675	193132	201754	944	711	10.3235807789	0.00486407386797	0.00351171807473	0.00135235579324
NNNNTCTT	14514	74640	74447	172	71	9.77884404679	0.00229909640165	0.00095278992995	0.0013463064717
TTNTNNNT	83934	195067	201386	1002	761	9.72810101232	0.00511044581244	0.00376458715687	0.00134585865557
NNTANNTT	44251	118433	120755	342	186	11.4715268763	0.00287939381183	0.00153793998727	0.00134145382456
NNAAANNT	43969	135833	137610	670	494	7.03097628148	0.00490831703333	0.00357701442391	0.00133130260941
NTNNNTAT	88987	130823	130206	523	347	8.31756136131	0.0039818494663	0.00265792436788	0.00132392509841
TTNNTNNT	81112	206994	213942	1058	810	9.85071028331	0.00508526714475	0.00377179257935	0.0013134745654
NTNTNTAN	85400	120221	119806	522	362	6.90422618637	0.0043232319886	0.00301244923773	0.00131078275087
TNNANTNT	40915	104271	105599	362	228	7.72233716924	0.00345971156327	0.00215445963695	0.00130525192632
NNTTNNTT	80374	197237	205971	1065	841	8.81367101536	0.00537059636312	0.00406649517436	0.00130410118876
NNAANTNT	36168	110125	112067	385	245	8.04736889069	0.0034838476156	0.00218142317829	0.00130242443731
ANNNNTAT	86658	132421	132895	479	307	9.08415715818	0.00360421369451	0.00230477019865	0.00129944349586
NNTCNTNT	17696	83969	84549	252	145	7.13306856342	0.0029921278541	0.00171204571752	0.00128008213657
NTNTANNT	82898	121352	122004	434	280	8.14963542893	0.00356362800322	0.00228975172549	0.00127387627773
NATNNNTT	49894	131902	134193	441	277	9.54145463586	0.00333225028902	0.00205993901986	0.00127231126917
NNANANAT	95994	149675	150435	739	550	6.97389152218	0.00491310649275	0.00364274596814	0.0012703605246
ANNNANTT	34447	101789	103155	287	160	8.95779425469	0.00281163054979	0.00154866185936	0.00126296869042
NNAANNTT	32020	112853	115042	356	217	8.67162856749	0.00314462631063	0.00188271631716	0.00126190999347
NATNNTNT	55427	141554	143799	512	338	9.12209195627	0.00360395872341	0.00234499122363	0.00125896749978
NNNNATAT	97102	141655	141538	529	350	8.65719723381	0.00372053114274	0.00246673432567	0.00125379681708
ANNTANNT	79702	121920	122061	409	256	8.44230498388	0.00334344268326	0.00209292248829	0.00125052019497
ANNANTNT	42439	117926	120178	388	246	8.25715599082	0.00327940903021	0.00204278216967	0.00123662686054
TNNTNNTT	81577	202388	209988	956	734	9.03389751677	0.00470139271382	0.00348326230769	0.00121813040614
ANANNNTT	42506	125132	127542	396	248	8.77753222298	0.00315467465426	0.00194068393458	0.00121399071968
ATNNTNNT	57745	162586	164102	563	378	9.06078798366	0.00345083328736	0.00229815175097	0.00115268153639
NNNNATTT	44355	132087	134754	366	222	9.06432869728	0.00276324432063	0.00164473684211	0.00111850747852
NNATANNT	86740	121885	122292	398	262	6.91356569521	0.00325474514037	0.00213783311846	0.00111691202191
AANNNTNT	42506	124386	126124	410	275	6.9225579238	0.00328536171031	0.00217565012381	0.0011097115865
NNNATTNT	48843	135806	138292	462	317	7.18811849813	0.00339037778495	0.00228700878009	0.00110336900486
TTNNNNTT	76392	196549	204638	882	692	7.55377546672	0.00446738354159	0.00337018458092	0.00109719896067
ANATNNNT	86730	141743	142127	475	320	7.40119605135	0.00333994290455	0.00224644955668	0.00109349334788
TNNANNTT	41422	120980	121945	325	196	7.90189407423	0.00267919706525	0.00160470276156	0.00107449430369
NNATNNTT	50133	142132	143985	403	259	7.96715090148	0.00282737573228	0.00179556861984	0.00103180711244
