#Sequence	Occurrence	Forward Match	Backward Match	Forward Mismatch	Backward Mismatch	Strand Bias Score	FER (Forward Error Rate)	RER (Reverse Error Rate), ERD (Error rate Difference)
TTTTTTTTTT	22655	13621	18355	428	372	9.0246340211	0.0304648017653	0.0198643669568	0.0106004348084
TNTTTTTTTT	25786	17801	22753	486	390	10.9726935737	0.026576256357	0.0168517478287	0.00972450852826
TTNTTTTTTT	25250	17606	22604	488	401	10.2838662682	0.0269702663866	0.0174309932623	0.00953927312431
TTTTTTTTNT	25679	17603	22828	476	393	10.3040798102	0.0263288898722	0.0169243357306	0.00940455414164
NTTTTTTTTT	26681	18644	23937	486	413	8.99666857518	0.0254051228437	0.0169609856263	0.00844413721742
TNTTTTTTNT	30304	24683	30156	557	421	12.8849253458	0.0220681458003	0.0137685188213	0.00829962697898
TNNTTTTTTT	30124	25238	30721	576	440	12.619680642	0.0223134733091	0.0141202143705	0.00819325893853
TNTNTTTTTT	30499	24665	29957	554	429	11.4682840237	0.0219675641381	0.0141183439742	0.00784922016395
NNTTTTTTTT	32049	26833	32696	599	464	12.5044822917	0.0218358121901	0.0139927623643	0.00784304982585
NTNTTTTTTT	31336	25805	31569	588	468	11.2700955214	0.0222786344864	0.0146081093735	0.00767052511288
TTNTTTTTNT	30045	25570	31197	558	434	11.5854959509	0.0213563992652	0.0137207170181	0.00763568224704
TNTTNTTTTT	30155	25834	31338	551	425	11.5269903512	0.0208830775062	0.0133803482039	0.00750272930227
TTNTNTTTTT	29371	24904	30508	548	438	10.4431363461	0.021530724501	0.0141536870678	0.00737703743323
TTNNTTTTTT	29373	25048	30384	556	443	10.2548618673	0.0217153569755	0.0143705193499	0.00734483762555
TTTTTTNTNT	29773	24203	29859	509	417	9.11871369824	0.0205972806734	0.0137732857709	0.00682399490245
NTTTTTTTNT	31051	25474	31307	543	447	9.32566295795	0.0208709689818	0.0140769666814	0.00679400230046
TTTTTTTNNT	29918	24856	30698	513	421	9.1698418952	0.020221530214	0.0135287123622	0.00669281785182
TNTTTNTTTT	30212	25438	30630	512	408	9.18876776363	0.0197302504817	0.01314517688	0.00658507360174
TNTTTTNTTT	30335	24938	30363	509	416	8.66561671647	0.0200023578418	0.0135157087625	0.00648664907932
NTTNTTTTTT	30715	25793	31473	540	448	8.67444956895	0.020506588691	0.0140346480373	0.00647194065365
NTTTNTTTTT	30980	26142	31869	535	442	8.72062037503	0.0200547287926	0.0136795518554	0.00637517693719
TTTTNTTTNT	30048	25520	31202	518	429	8.49393874771	0.0198940010754	0.0135626442414	0.00633135683394
TTNTTTTNTT	29937	25238	30758	510	421	8.36017809046	0.0198073636787	0.0135026780846	0.00630468559412
TNTTTTTNTT	30200	25939	31184	507	411	8.42156565656	0.0191711411934	0.0130083874031	0.00616275379031
