#Sequence	Occurrence	Forward Match	Backward Match	Forward Mismatch	Backward Mismatch	Strand Bias Score	FER (Forward Error Rate)	RER (Reverse Error Rate), ERD (Error rate Difference)
GGGT	1705	236837	272715	10415	1582	9223372036854775807	0.042123016194	0.00576747102593	0.0363555451681
AGGT	4729	661712	690465	23013	3528	9223372036854775807	0.0336091131476	0.00508362476279	0.0285254883848
CGGT	732	99230	105818	3180	504	9223372036854775807	0.0310516551118	0.00474031714979	0.026311337962
NGGT	12742	1817907	1905562	55451	9060	9223372036854775807	0.0295997881878	0.00473200454189	0.024867783646
GAGT	2376	346165	346452	8330	1733	9223372036854775807	0.0234982157717	0.00497723911139	0.0185209766603
TGGT	5576	820128	836564	18843	3446	9223372036854775807	0.0224596559357	0.00410233211509	0.0183573238206
GGGN	5668	771411	848692	19265	7014	9223372036854775807	0.0243652267174	0.00819674046927	0.0161684862481
GGGA	2312	323620	343903	6366	1389	9223372036854775807	0.0192917275278	0.00402268225154	0.0152690452763
GNGT	10368	1487841	1519844	27566	7013	9223372036854775807	0.0181904927191	0.00459309548962	0.0135973972295
CGGN	2142	291094	307361	5603	1806	9223372036854775807	0.0188845859581	0.00584150313585	0.0130430828222
AAGT	9849	1447369	1464877	26039	7755	9223372036854775807	0.0176726337851	0.0052660814107	0.0124065523744
CTCG	637	88819	92807	1688	702	97.970516056	0.0186504911222	0.00750729876269	0.0111431923595
NAGT	22528	3321342	3340884	53512	16132	9223372036854775807	0.0158560933303	0.00480545818072	0.0110506351495
CGGA	866	122917	129030	1809	454	190.409870876	0.0145037923127	0.0035062247073	0.0109975676054
NGGN	38288	5504394	5763952	94408	34262	9223372036854775807	0.0168621787304	0.00590906096257	0.0109531177678
AGGN	15438	2228477	2338179	36511	12510	9223372036854775807	0.0161197322017	0.00532184393597	0.0107978882657
GCGT	656	93234	93549	1407	415	118.097440842	0.0148667068184	0.00441658507514	0.0104501217433
TGGN	15040	2213412	2269720	33029	12932	9223372036854775807	0.0147028121371	0.00566534013945	0.00903747199761
CNGT	7370	1068804	1071054	14698	5083	9223372036854775807	0.0135652726068	0.00472337629874	0.00884189630805
ANGT	38522	5587288	5595257	71967	22908	9223372036854775807	0.012716691508	0.00407748793423	0.00863920357375
CAGT	2319	328090	337027	4740	1966	264.450242503	0.0142415046721	0.0057995297838	0.00844197488825
CTTG	4414	666550	670535	11085	5369	9223372036854775807	0.016358364016	0.00794343575419	0.00841492826184
CCGA	803	118707	115845	1382	362	124.535952817	0.0115081314692	0.00311513075804	0.00839300071112
CTAG	1896	276128	281388	4224	1950	190.624451439	0.0150667731994	0.00688223958664	0.00818453361276
GCGA	682	101310	99708	1331	488	82.4071059919	0.0129675275962	0.00487045391034	0.00809707368585
TAGT	7984	1199718	1192528	14403	4678	9223372036854775807	0.0118629032856	0.00390743113549	0.00795547215009
NNGT	91842	13602491	13578707	163007	54602	9223372036854775807	0.011841707434	0.00400504382318	0.00783666361087
NGGA	17024	2524193	2630482	26782	8513	9223372036854775807	0.0104987308774	0.00322584923427	0.00727288164314
CTNG	8239	1212720	1231813	18915	10065	9223372036854775807	0.0153576343641	0.0081046608443	0.00725297351978
CCGT	852	120769	117493	1479	595	77.1779035867	0.0120983574373	0.00503861526997	0.00705974216737
TGGA	6245	940804	974002	9673	3169	9223372036854775807	0.0101769953402	0.00324303525176	0.00693396008847
GNGA	11953	1794277	1798893	18349	5891	9223372036854775807	0.010122882492	0.00326410251864	0.00685877997339
GNGN	31681	4587689	4661471	58911	29802	9223372036854775807	0.0126783024147	0.00635264671231	0.00632565570236
ACGT	2742	381189	382552	3982	1585	225.758557741	0.0103382653419	0.00412613208308	0.0062121332588
CTGT	3467	520715	510716	5299	2018	9223372036854775807	0.0100738763607	0.00393576396338	0.00613811239732
GCGN	1813	256053	256812	3240	1674	109.648122929	0.0124955166549	0.00647617279079	0.00601934386411
TTTG	18336	2847714	2755381	49736	31618	9223372036854775807	0.0171654385753	0.0113448192841	0.00582061929119
CCCA	2019	298462	293991	3368	1596	131.867472957	0.0111585992115	0.00539942554984	0.00575917366164
CCAA	4918	740810	752767	7258	3255	9223372036854775807	0.00970232652647	0.00430543026526	0.00539689626121
CTGA	3203	493904	486413	4250	1575	257.889364711	0.00853149829169	0.00322753838209	0.0053039599096
GAGN	10323	1523983	1531774	17402	9268	9223372036854775807	0.0112898464692	0.00601411252906	0.00527573394019
TNGT	35582	5458558	5392552	48776	19598	9223372036854775807	0.00885655382441	0.0036211117578	0.00523544206661
NCGT	7582	1103425	1104754	10202	4416	9223372036854775807	0.0091610566195	0.00398135542793	0.00517970119156
CCNA	11528	1727221	1719328	17792	8848	9223372036854775807	0.0101959125806	0.00511984890428	0.00507606367632
CNGA	8641	1312959	1316540	10583	3948	9223372036854775807	0.0079959683939	0.00298980376952	0.00500616462439
GTGT	5631	811605	807128	7414	3283	9223372036854775807	0.00905229304815	0.00405103089667	0.00500126215148
CCGN	2142	306172	298104	3330	1741	99.5994165031	0.0107592196496	0.00580633327219	0.00495288637744
GTGA	4492	693247	682304	5924	2464	297.795508074	0.00847289146718	0.00359829898593	0.00487459248125
AGGA	7601	1136852	1183547	8934	3501	9223372036854775807	0.00779726755258	0.00294933313564	0.00484793441694
TCGA	2530	393535	394034	3168	1313	167.676025532	0.00798582314729	0.00332113308056	0.00466469006673
GAGA	4467	676100	672978	4728	1550	9223372036854775807	0.00694448524444	0.00229790312633	0.0046465821181
CNGN	22678	3310070	3340027	34413	19089	9223372036854775807	0.0102894827093	0.00568274510318	0.00460673760611
CTGN	9197	1370453	1355775	13272	7056	9223372036854775807	0.00959150120147	0.00517745780658	0.00441404339489
TCAA	11941	1834953	1888038	14836	7177	9223372036854775807	0.00802037421565	0.00378690544345	0.00423346877221
NCGA	7347	1124837	1117900	8653	3877	9223372036854775807	0.00763394471941	0.00345612363242	0.00417782108699
TNGA	30163	4672297	4670340	33359	14501	9223372036854775807	0.00708912848708	0.00309530248732	0.00399382599976
AACC	4308	653548	635257	9996	7137	86.9403450458	0.0150645624103	0.0111100041408	0.00395455826957
TTGA	11941	1873180	1838094	14123	6533	9223372036854775807	0.00748316513035	0.00354163741504	0.0039415277153
NTTG	38985	5998343	5897800	85369	61200	9223372036854775807	0.014032386806	0.0102701795603	0.00376220724562
GGNT	12253	1808960	1889869	16842	10412	9223372036854775807	0.00922443945181	0.00547918965669	0.00374524979513
GCAA	3436	505991	515716	4202	2329	125.07593351	0.00823609888807	0.00449574843884	0.00374035044923
NCAA	38985	5932384	6095411	46686	25128	9223372036854775807	0.00780823773597	0.00410552077195	0.00370271696402
NAGN	85181	12770498	12896313	117411	70293	9223372036854775807	0.00911016674621	0.00542107934798	0.00368908739823
TAGC	2598	369190	373874	4735	3402	51.7946891925	0.0126629671726	0.00901727117548	0.00364569599708
AGNT	26417	3984114	3974877	37940	23295	9223372036854775807	0.009432991203	0.00582641267059	0.00360657853241
AAGC	3539	510667	510776	6260	4392	71.764339769	0.0121100271412	0.00852537424685	0.00358465289432
CCTA	3788	569242	556725	5784	3635	96.8893989734	0.0100586756077	0.00648690127775	0.00357177432996
TAGN	23817	3580303	3595314	31370	18494	9223372036854775807	0.0086857254242	0.00511759340839	0.00356813201581
TNGN	85189	12957053	12916770	113347	66425	9223372036854775807	0.0086720375811	0.00511622909461	0.00355580848649
AAGN	41844	6323861	6390438	56431	34045	9223372036854775807	0.00884457952708	0.00529925909992	0.00354532042717
ANGN	120177	18053592	18254711	153301	90661	9223372036854775807	0.00841994293041	0.00494190033323	0.00347804259718
GTGN	13877	2036242	2024193	19004	11846	9223372036854775807	0.00924658167441	0.00581815967179	0.00342842200261
TTNG	34492	5294566	5213659	74114	54746	9223372036854775807	0.013804883137	0.0103913803134	0.00341350282361
TTAA	38010	5583598	5606751	40464	21587	9223372036854775807	0.00719479977283	0.00383541286966	0.00335938690317
NNGA	105149	16300363	16399601	99220	47212	9223372036854775807	0.00605015383623	0.00287058653856	0.00317956729767
TTTC	22928	3573236	3504314	57037	44626	276.302135067	0.0157114905683	0.0125744588525	0.00313703171584
AAAC	13468	1991005	2040755	31233	25596	152.860668171	0.0154447696067	0.0123870533128	0.00305771629392
CTNA	24460	3668639	3688259	27147	15911	9223372036854775807	0.00734539283389	0.00429542920546	0.00304996362843
CTAA	7801	1201089	1204879	8242	4563	232.308752683	0.00681533839784	0.00377281423996	0.00304252415789
NCGN	18884	2778264	2782912	23082	14540	9223372036854775807	0.00823961053008	0.00519758694698	0.0030420235831
GCCA	1200	165057	168468	1465	980	23.9569040747	0.00879763634835	0.005783485199	0.00301415114935
GCNA	7916	1151832	1159507	9544	6067	173.503855061	0.00821783815061	0.0052051607191	0.00301267743151
TCGT	3332	508233	511160	3334	1821	99.1264024797	0.00651723039211	0.00354983907786	0.00296739131425
CNAA	34492	5255157	5398140	33106	17962	9223372036854775807	0.00626027865861	0.00331640726116	0.00294387139744
GGNA	16312	2385850	2476468	17149	10483	9223372036854775807	0.00713649901644	0.00421520166662	0.00292129734982
ACAA	18690	2850630	2938890	20390	12367	9223372036854775807	0.007102005559	0.00419041784568	0.00291158771332
CAGN	9197	1342351	1378787	12208	8486	168.029893458	0.00901252732439	0.0061170368053	0.00289549051909
CTCA	3478	518192	533097	3930	2511	77.7167912938	0.00752697645378	0.00468813012502	0.00283884632876
ATGT	21202	3097018	3057363	18933	10040	9223372036854775807	0.00607615459935	0.00327312713719	0.00280302746216
CNCG	2083	288403	294012	3381	2609	25.7717020632	0.0115873385792	0.00879573597284	0.00279160260638
NAGC	8764	1244922	1253185	14916	11484	102.184627778	0.0118396174746	0.00908063690974	0.00275898056489
CGAA	3437	530237	527578	3567	2078	84.5029964511	0.00668222793385	0.00392330116151	0.00275892677234
CAGA	3769	577431	585252	3142	1557	121.608132761	0.00541189480048	0.00265333353783	0.00275856126265
TACC	4729	698221	681147	8768	6648	53.0883892026	0.0124018902699	0.00966567073038	0.00273621953949
NTGA	42327	6685946	6669823	39019	20889	9223372036854775807	0.00580211198125	0.0031220892485	0.00268002273275
NCNA	85189	12936320	13092407	94720	60441	9223372036854775807	0.00726879819262	0.00459527852827	0.00267351966435
TCNA	30163	4662617	4708247	34097	21809	9223372036854775807	0.0072597565021	0.00461072765312	0.00264902884898
AANC	30790	4614849	4672986	60787	48999	9223372036854775807	0.0130007981802	0.0103767801041	0.00262401807605
GTGC	1666	236744	233503	3084	2429	15.7940994577	0.0128592157713	0.0102953393351	0.00256387643624
CGNA	7494	1107790	1115880	8058	5229	135.901339062	0.00722141366925	0.00466413167676	0.00255728199249
TTNA	124184	18529201	18337277	159546	110938	9223372036854775807	0.00853700892842	0.00601348152111	0.00252352740731
ACGN	7582	1101088	1103421	8402	5620	121.756040998	0.00757284878638	0.00506744114961	0.00250540763677
NTGT	48990	7359817	7227507	43842	24994	9223372036854775807	0.00592166657054	0.00344625943519	0.00247540713535
CNTG	12718	1922442	1910970	20927	16153	127.544545766	0.0107684129983	0.00838192476557	0.00238648823268
NACC	12741	1888568	1855829	24160	19224	104.135732338	0.0126311739045	0.0102525101957	0.00237866370878
CTTA	9978	1455454	1463870	10725	7262	149.663421807	0.00731493221496	0.00493633474087	0.0023785974741
CCTG	1693	258954	244236	3194	2425	14.9471376008	0.012183957154	0.00983130693543	0.00235265021854
TCGN	7347	1114951	1124575	8110	5505	113.835742695	0.0072213352614	0.00487133654255	0.00234999871885
TNAA	124184	18350854	18640806	103224	62204	9223372036854775807	0.00559356040437	0.00332588176983	0.00226767863454
CAAA	18336	2783021	2912916	14039	8066	9223372036854775807	0.0050191987301	0.00276140010449	0.00225779862561
CNNA	95411	14229537	14404517	86222	54692	9223372036854775807	0.00602287311487	0.00378250290178	0.00224037021308
ATAC	15381	2182285	2181959	31470	26568	89.9369395659	0.0142156652385	0.0120297374676	0.00218592777092
NTNG	85190	12902791	12852839	154735	126414	9223372036854775807	0.0118502540221	0.0097396976544	0.00211055636768
NTGN	117372	17855248	17729802	125071	86882	9223372036854775807	0.00695599449598	0.00487644053181	0.00207955396417
CNCA	13479	1975381	1999698	13120	9090	170.198339111	0.00659793482628	0.00452511663749	0.00207281818879
NCCA	15040	2270159	2259382	17252	12430	165.553175856	0.00754215136676	0.00547140344359	0.00207074792317
ACGA	3332	511285	508313	2772	1714	53.8121625829	0.00539239811927	0.00336060639927	0.00203179172001
CTGC	1235	174611	171563	1805	1419	9.39140415324	0.0102314982768	0.00820316564729	0.00202833262951
AGGC	983	131989	133630	1735	1480	5.80130633625	0.0129744847597	0.010954037451	0.00202044730869
TCCA	6245	970562	955220	7503	5473	62.9674999575	0.00767126929192	0.0056969291959	0.00197434009601
TAGA	9447	1464778	1464210	6395	3486	186.536028636	0.00434687151001	0.00237515125748	0.00197172025253
TTTA	55515	8129302	7962665	85788	68862	9223372036854775807	0.0104427340419	0.00857396109109	0.00186877295078
ACNA	35582	5394650	5505325	33287	23717	9223372036854775807	0.00613253248886	0.00428953153186	0.001843000957
ATAG	10382	1557691	1559758	16327	13450	61.8929907711	0.0103728165752	0.00854940986824	0.00182340670692
ANAC	37298	5385343	5438444	73831	64442	158.656846852	0.013524207142	0.0117105824108	0.0018136247312
NAGA	38451	5965387	5981396	24766	13933	9223372036854775807	0.00413445199146	0.00232397588189	0.00181047610957
TTNC	45943	7041854	6926370	90265	76317	205.132717885	0.0126561264612	0.0108982452022	0.00175788125899
TTGN	38985	6048387	5927161	40838	29494	9223372036854775807	0.00670660059367	0.00495143667041	0.00175516392326
TTCA	18718	2943121	2929767	19171	13956	173.66957669	0.00647167801149	0.00474093520348	0.001730742808
TNTG	51929	7754696	7632494	100465	85507	211.245784768	0.012789680568	0.011078905017	0.00171077555099
NGNT	91044	13981502	13922021	96740	72795	9223372036854775807	0.00687159660986	0.00520156892381	0.00167002768605
CAGC	1416	195513	196176	2203	1876	6.66637442455	0.0111422444314	0.00947225981055	0.00166998462085
ANGA	54392	8520830	8613828	36929	22872	9223372036854775807	0.00431526524643	0.00264823370037	0.00166703154606
NTTC	50929	7903937	7831096	99838	85562	209.973260201	0.0124738638955	0.0108078434107	0.00166602048478
CGCA	726	104846	104438	947	770	4.47727843933	0.0089514429121	0.00731883506958	0.00163260784253
TGAA	18718	2917550	2950789	15200	10537	195.749572708	0.00518284886199	0.00355820331838	0.00162464554361
GNNA	100599	15287257	15458086	82423	58301	9223372036854775807	0.00536270111024	0.00375738243703	0.00160531867321
ATGN	55313	8400166	8422673	51957	38486	9223372036854775807	0.00614721295466	0.00454854943631	0.00159866351835
ANGC	9856	1404087	1411039	15329	13112	40.7382048692	0.0107995119119	0.00920688887625	0.00159262303569
GNAA	45943	6988491	7134719	35175	24703	9223372036854775807	0.00500806843606	0.00345041820415	0.0015576502319
GGAA	7998	1200787	1247468	6377	4708	70.2501557657	0.00528262936933	0.00375985484469	0.00152277452465
GGNN	38287	5566319	5773200	42732	35736	196.785801007	0.00761840104503	0.0061519011399	0.00146649990513
CNNG	26600	3932876	3961318	39910	34486	95.0683703012	0.0100458469195	0.00863055345057	0.00141529346895
CTTC	7967	1247282	1251589	11983	10237	31.9811656524	0.00951586838354	0.00811284598669	0.00140302239685
GTAA	11581	1738283	1737863	10250	7812	72.2600645323	0.00586205693573	0.00447505979063	0.0013869971451
NNAA	435764	64405745	65837371	324176	239673	9223372036854775807	0.0050081321743	0.00362717496866	0.00138095720564
TAAC	10280	1520788	1528952	16170	14131	33.0489651671	0.0105207819602	0.0091576409046	0.00136314105561
GTNA	29690	4480709	4456867	27811	21639	160.802933105	0.00616854311393	0.00483174522932	0.0013367978846
NTAG	23818	3575552	3583340	33601	28808	82.8547772195	0.00930994058717	0.00797530998176	0.00133463060541
GAAA	22928	3543430	3633672	14346	9854	207.254453397	0.00403229433219	0.0027045230362	0.00132777129599
CGCT	649	93325	94007	557	435	4.09950871972	0.00593297969792	0.0046060015671	0.00132697813082
NGNA	114307	17188486	17381204	96769	75029	9223372036854775807	0.00559835536126	0.00429812090615	0.00130023445511
NAAC	34133	5096767	5173818	61515	55607	85.8041291091	0.0119254821663	0.0106334826487	0.00129199951768
TAAA	55515	8014753	8195228	32724	22903	9223372036854775807	0.00406636763299	0.0027868867021	0.00127948093089
NAAA	216980	31546039	32567271	124378	86522	9223372036854775807	0.00392726120404	0.00264967686909	0.00127758433496
CTAC	3739	545003	555065	5050	4422	12.5454494516	0.00918093347368	0.00790366889669	0.001277264577
CCNG	3560	524008	506429	5348	4517	10.4783532393	0.0101028419438	0.00884046455007	0.00126237739373
NNGC	24446	3471890	3474589	37665	33289	60.0340543792	0.0107321298569	0.00948978271194	0.00124234714498
ATGA	22691	3625615	3663012	14722	10317	179.107195088	0.00404413107907	0.00280862400291	0.00123550707616
CNGC	3107	428312	426218	4387	3830	8.39536439963	0.0101386876327	0.00890598258799	0.00123270504475
ANNC	87678	12968226	12992692	150451	134596	197.445609942	0.0114684582904	0.0102531459659	0.00121531232455
ANCC	12253	1871586	1802779	22274	19216	28.0622710448	0.011761165028	0.0105466809733	0.00121448405471
TNTC	46681	7282422	7191293	85868	75965	106.15444498	0.0116537215555	0.0104530484538	0.00120067310171
TGNA	48452	7289660	7302010	43430	34818	209.42452551	0.00592246924557	0.00474564757413	0.00117682167144
TANC	32694	4991182	4966747	49884	43748	81.5032509713	0.00989552606532	0.00873127305785	0.00116425300747
CANA	51929	7725887	7881050	33225	24704	9223372036854775807	0.00428206217413	0.00312481263647	0.00115724953766
CNAG	8239	1222036	1230121	10857	9496	22.6506443029	0.00880611699474	0.00766043060074	0.001145686394
NTGC	11015	1589259	1579671	16542	14620	24.1409773997	0.0103014009831	0.009170220493	0.00113118049006
CCCN	5668	851232	797015	7686	6281	14.7758317274	0.00894846772334	0.00781903557344	0.00112943214991
TNNA	413368	58441966	58437972	341266	274904	9223372036854775807	0.00580549909199	0.00468217567813	0.00112332341386
NTNC	114307	17215985	17067966	200090	178821	220.066762609	0.0114888113424	0.0103683660035	0.00112044533892
TTGG	4918	735120	736165	9687	8859	9.05828299227	0.0130060539173	0.0118908921055	0.00111516181183
AAAA	120201	17204835	17825455	63269	45699	9223372036854775807	0.00366392280241	0.00255713760846	0.00110678519395
GANA	46681	7268866	7365244	27919	20112	298.960335252	0.00382620565084	0.00272322688304	0.00110297876781
AATC	9475	1459629	1486198	13298	11874	24.406295705	0.00902828178179	0.00792618779338	0.00110209398841
AGNN	85181	12808225	12906613	84351	70655	285.937531129	0.0065426025024	0.00544452037208	0.00109808213032
CGNT	6942	1048364	1038361	6654	5478	23.3041096541	0.00630700139713	0.00524793574488	0.00105906565225
NANC	91043	13812532	13881079	143479	129315	175.100880526	0.0102808030174	0.0092299331482	0.00105086986922
ATNC	39948	5913146	5894594	67986	61476	67.308032245	0.0113667446229	0.0103215711031	0.00104517351983
TNCA	48452	7303505	7317150	40923	33279	174.731143099	0.00557197919293	0.00452749084441	0.00104448834852
NGAA	50929	7886847	7991343	37750	29961	218.090634574	0.00476364917989	0.0037351782204	0.00102847095949
GNGC	3567	496357	498828	5950	5463	5.77136833288	0.0118453455755	0.0108330309286	0.00101231464694
CNTA	38799	5686040	5690139	29413	23692	135.550689694	0.00514622375514	0.00414642995216	0.000999793802979
AAGA	20768	3247078	3258956	10501	7340	125.19305872	0.00322355958213	0.00224719376321	0.000976365818921
NTAC	35339	5114488	5121727	58740	53744	50.4485546909	0.0113546126326	0.0103843688816	0.000970243750981
NTAA	128870	19040475	19183346	115362	98062	9223372036854775807	0.00602228970731	0.00508583190605	0.000936457801258
TNGC	7916	1143134	1138504	11999	10884	11.6604868375	0.0103875484468	0.00946938718692	0.000918161259882
NTNA	342394	51524669	51580819	330608	283151	9223372036854775807	0.00637559027985	0.00545949336312	0.000916096916729
TATT	72818	10840760	10650752	65419	54678	169.977323801	0.00599834277431	0.00510750152026	0.000890841254055
CGNN	18884	2784840	2788054	18269	15808	40.1698965584	0.00651740620861	0.00563793795843	0.000879468250176
NCTA	23817	3608940	3619714	22129	19006	54.4849974023	0.00609434852381	0.00522326532407	0.000871083199739
CGAN	7347	1125241	1117933	6413	5422	17.5664261278	0.00566692646339	0.00482661313654	0.000840313326847
AAAN	216980	31374651	32419322	232209	212661	9223372036854775807	0.00734679117128	0.00651694995061	0.000829841220678
CTNC	15139	2289712	2297969	20863	19021	20.8301838782	0.00902935416509	0.00820935783063	0.000819996334455
ATGC	4678	668296	674003	6821	6323	5.79732200537	0.0101034339233	0.00929407372348	0.000809360199826
TTGT	18690	2930479	2852300	12196	9653	51.2643491913	0.0041445283628	0.00337287160201	0.000771656760785
CTAN	23818	3606062	3621269	20706	18004	44.4477530376	0.0057092154778	0.00494714191543	0.000762073562371
ATNG	30883	4668280	4692395	49021	45676	30.3898235161	0.0103917473148	0.00964021011927	0.000751537195565
GACA	4199	633234	640558	2547	2099	11.398203462	0.00400609643887	0.00326612796562	0.00073996847325
ATTG	11290	1721062	1721061	18164	16947	9.97016079269	0.0104437261172	0.00975081817805	0.000692907939198
TNNC	100599	15302721	15148312	162620	150297	80.5434359407	0.010515125402	0.00982422650321	0.000690898898813
CACA	7256	1053881	1068172	4875	4213	13.3935641825	0.00460446032891	0.00392862637952	0.000675833949396
CTNN	85182	12933919	12921965	81410	72551	109.697852555	0.00625493216499	0.00558320140589	0.000671730759103
ACCA	5576	836078	841703	4916	4381	8.29608441941	0.00584546382019	0.00517797287267	0.000667490947524
ANAA	231145	33811243	34663706	152671	134804	9223372036854775807	0.00449509441109	0.00387384402378	0.000621250387304
AGNA	42049	6405186	6486846	28132	24499	65.9502240019	0.00437286016329	0.00376250989619	0.000610350267105
GNCA	10009	1471208	1493303	7731	6942	12.8331640083	0.00522739612655	0.00462724421678	0.00060015190977
AANT	122402	18004034	18370040	154485	147136	78.3566607745	0.00850757707718	0.00794592004742	0.000561657029764
CNAN	85190	12939309	13088628	73661	67426	77.3156693939	0.00566058324887	0.00512509298001	0.000535490268859
TCTA	9447	1463567	1470955	8590	7846	8.97760183728	0.00583497548156	0.00530564964454	0.000529325837012
TTAG	7801	1189464	1194595	9942	9385	4.73077562488	0.00828910310604	0.00779497998306	0.000494123122981
ACAN	48990	7221171	7358903	46269	43504	32.5487660487	0.00636661602985	0.00587700730317	0.000489608726689
CCAN	15040	2273237	2263249	13573	12404	11.1994991177	0.00593534224531	0.00545074314933	0.000484599095982
NNTG	117372	17771930	17634848	182567	172778	44.0626921173	0.0101683160492	0.00970247241266	0.000465843636515
NTTA	128870	19130909	19015464	141330	131747	61.8484625018	0.00733334616699	0.00688074101236	0.000452605154632
NNAC	91841	13473130	13578881	144072	139033	29.8226103805	0.0105801470816	0.0101351415383	0.000445005543327
AANN	435764	64188601	65566109	404564	384915	216.404289415	0.00626326330348	0.00583637639955	0.000426886903924
AAAT	63826	9234276	9566528	94126	93430	19.5019061086	0.0100902598323	0.00967188470178	0.000418375130508
NTCA	42327	6667339	6712186	34897	32453	23.9614989798	0.00520676980041	0.00481167338978	0.000395096410623
NNTC	105149	16273878	16214395	159839	153073	27.4974428297	0.00972628407803	0.00935227122485	0.000374012853186
AANA	232755	34032384	34868821	104897	94604	177.009523566	0.00307279891448	0.00270579898851	0.000366999925963
CAAN	38985	5934769	6086177	32969	31596	17.0137777342	0.00552453877834	0.00516462444749	0.000359914330854
NNCA	117372	17783224	17950841	85739	80035	56.0608756516	0.00479820793182	0.00443877491033	0.000359433021494
NANA	541934	76987625	78205553	270234	246759	9223372036854775807	0.00349781890798	0.00314533751408	0.000352481393896
ANTC	28271	4307210	4340430	39017	37826	7.01760835323	0.0089772117287	0.00863951308466	0.00033769864404
TNNG	95411	14189289	14093427	155979	150207	16.7520483193	0.0108732022295	0.0105455531924	0.000327649037079
NAAN	435764	64223835	65598789	399044	388485	99.324025137	0.00617496475203	0.00588727153663	0.000287693215405
ANAN	541934	76719677	77940433	468226	457180	79.9199849609	0.00606605415877	0.00583155510105	0.000234499057725
CCNN	38288	5785308	5640791	38008	35744	5.98033424191	0.00652686544917	0.0062967990156	0.000230066433574
TANT	143477	21534386	21234081	118757	113341	14.3326895055	0.00548451557356	0.00530935304507	0.000175162528493
TGNT	45432	7140064	7018914	35304	33610	4.56006546381	0.00492016576711	0.00476566970917	0.000154496057937
ANNA	474446	70678340	71959408	282420	277483	39.5857198084	0.00397994609979	0.00384129211762	0.000138653982164
NANT	330670	49554608	49570755	321588	316995	8.32850478103	0.00644772508312	0.00635416510065	9.35599824729e-05
