#Sequence	Occurrence	Forward Match	Backward Match	Forward Mismatch	Backward Mismatch	Strand Bias Score	FER (Forward Error Rate)	RER (Reverse Error Rate), ERD (Error rate Difference)
TGGCAGGT	631	14983	22117	5195	308	9223372036854775807	0.257458618297	0.013734671126	0.243723947171
TGGCNGGT	3186	67555	99379	21520	1355	9223372036854775807	0.241594162223	0.0134512676951	0.228142894528
NGGNGGGT	4573	94021	133527	28246	1615	9223372036854775807	0.231018999403	0.01195039292	0.219068606483
NGGCAGGT	2856	60262	83643	17994	1256	9223372036854775807	0.229937640564	0.0147940493999	0.215143591164
TGGCTGGT	1026	24749	34667	7027	496	9223372036854775807	0.221141742195	0.0141057361431	0.207036006052
NGGCNGGT	12079	237560	325643	66343	4945	9223372036854775807	0.21830320859	0.0149581956998	0.20334501289
NTGGCGGT	5709	120515	168607	28937	2573	9223372036854775807	0.19362069427	0.0150309615609	0.178589732709
NGGCTGGT	3739	83515	110350	19862	1702	9223372036854775807	0.192131712083	0.015189376361	0.176942335722
NNGGCGGT	17613	364890	493891	85590	7358	9223372036854775807	0.189997336175	0.0146793310311	0.175318005144
TGGCTNGT	1640	40646	53800	8368	730	9223372036854775807	0.170726731138	0.0133871263525	0.157339604786
GNGGNGGT	10286	206962	265849	42067	4271	9223372036854775807	0.168924101209	0.0158114911891	0.15311261002
NGGNAGGT	6532	159380	193785	31479	2818	9223372036854775807	0.16493327535	0.0143334537113	0.150599821639
TGNCAGGT	1625	49576	60432	9035	813	9223372036854775807	0.154151950999	0.0132745530247	0.140877397974
CNGCNGGT	17611	392939	464755	72238	7559	9223372036854775807	0.155291426704	0.0160041836575	0.139287243047
GNGGCNGT	10797	221932	279757	40549	4754	9223372036854775807	0.15448356262	0.0167093715181	0.137774191102
NGNGGGGT	3257	75392	89749	13269	1087	9223372036854775807	0.149659940673	0.0119666211634	0.137693319509
TGGNNGGT	9008	219352	275354	38838	3649	9223372036854775807	0.150424106278	0.0130787124153	0.137345393863
NGNAGGGT	3733	105532	122620	18611	1635	9223372036854775807	0.149915822882	0.0131584242083	0.136757398673
GNNGCGGT	15998	350030	425011	62234	6470	9223372036854775807	0.150956668542	0.0149948665179	0.135961802025
TGNNGGGT	5103	144337	175797	24792	2155	9223372036854775807	0.146586333509	0.012110007193	0.134476326316
NGGCTNGT	6224	141330	177747	24913	2812	9223372036854775807	0.149858941429	0.0155738567449	0.134285084684
TGNCNGGT	8395	237027	287370	40945	3818	9223372036854775807	0.147299008533	0.0131118040579	0.134187204475
NGNCAGGT	11219	271106	320247	46265	4963	9223372036854775807	0.145775764011	0.0152609083362	0.130514855675
GTGGNGGT	3393	69853	89148	12042	1531	9223372036854775807	0.147041943953	0.0168837327275	0.130158211225
CNGGNGGT	12206	285795	344808	48722	5638	9223372036854775807	0.145648801107	0.01608807063	0.129560730477
TGGNTGGT	2621	67867	85047	11382	1220	9223372036854775807	0.143623263385	0.0141421400999	0.129481123285
CNGNAGGT	8612	221847	256159	36927	4268	9223372036854775807	0.142699807554	0.0163884697055	0.126311337849
GCNNCGGT	15056	350343	410073	56289	5867	9223372036854775807	0.138427374137	0.0141053998173	0.12432197432
AGNNGGGT	4041	113666	130220	17915	1568	9223372036854775807	0.136151876031	0.0118978966218	0.124253979409
TGGCANGT	1345	42588	51475	6786	694	9223372036854775807	0.137440758294	0.0133029193582	0.124137838936
NNGCAGGT	13072	324362	378246	52477	5951	9223372036854775807	0.139255756437	0.0154894494231	0.123766307014
TGGCNNGT	8324	217679	269498	34473	3883	9223372036854775807	0.136715155938	0.0142036205881	0.12251153535
NNGGGGGT	2397	58002	67281	8998	822	9223372036854775807	0.134298507463	0.0120699528655	0.122228554597
NTNGCGGT	12401	315516	385243	49521	5497	9223372036854775807	0.135660220745	0.0140681783283	0.121592042416
TGNCTGGT	2239	67523	80366	10565	1142	9223372036854775807	0.135296076222	0.0140108946361	0.121285181586
NTGGNGGT	13445	304442	377009	48033	5785	9223372036854775807	0.136273494574	0.0151125670726	0.121160927501
TNGCNGGT	11688	316164	374708	48515	4727	9223372036854775807	0.133034805953	0.0124579967583	0.120576809194
NGGNTGGT	9049	228475	274433	35434	4072	9223372036854775807	0.134265978045	0.0146209224251	0.11964505562
TNGGNGGT	6110	154041	188738	23046	2580	9223372036854775807	0.130139422995	0.0134854012691	0.116654021726
NTGNCGGT	16334	403160	484211	59885	6885	9223372036854775807	0.129328682957	0.0140196621435	0.115309020814
CNNCAGGT	12350	307938	354075	46562	5854	9223372036854775807	0.131345557123	0.0162643187962	0.115081238327
CTNGNGGT	6848	161019	194148	24132	3085	9223372036854775807	0.130336860184	0.0156413987517	0.114695461433
CCNGNGGT	7326	188358	214305	27201	3224	9223372036854775807	0.126188189776	0.0148210123708	0.111367177406
NTGGCNGT	12577	312622	381544	45383	6084	9223372036854775807	0.126766385944	0.0156954605962	0.111070925348
NGGCANGT	7168	182881	214535	26343	3284	9223372036854775807	0.125908117616	0.0150767380256	0.11083137959
GNGNAGGT	7389	186534	210468	26654	3465	9223372036854775807	0.125025798825	0.0161966597019	0.108829139124
NGGGNGGT	5322	127216	146996	17806	2101	9223372036854775807	0.122781371102	0.0140914974815	0.108689873621
ACNNGGGT	3319	95875	107308	13394	1515	9223372036854775807	0.122578224382	0.0139216893488	0.108656535033
NNAAGGGT	3105	97360	108901	13061	1325	9223372036854775807	0.118283659811	0.0120207573531	0.106262902458
TGNNAGGT	4386	132821	151897	17969	1987	9223372036854775807	0.11916572717	0.0129123235684	0.106253403602
NNGGAGGT	3152	85738	95638	11765	1400	9223372036854775807	0.12066295396	0.014427337744	0.106235616216
GNGGTGGT	3401	79415	94627	11120	1709	9223372036854775807	0.122825426631	0.0177399933566	0.105085433274
NAGGNGGT	6803	168203	193833	23000	3033	9223372036854775807	0.120290999618	0.0154064185791	0.104884581039
NTGNGGGT	5337	146135	165187	19560	2217	9223372036854775807	0.118048221129	0.0132434111491	0.10480480998
NGNCTGGT	11695	312017	359278	42225	5554	9223372036854775807	0.119198175259	0.0152234453118	0.103974729947
TNGCTGGT	3533	104348	121925	13918	1716	9223372036854775807	0.117683865185	0.0138788913063	0.103804973879
CNCCNGGT	10629	253558	283216	33789	4608	9223372036854775807	0.117589534605	0.0160097837567	0.101579750848
CNCNAGGT	6103	139686	155098	18973	2844	9223372036854775807	0.119583509287	0.0180066100214	0.101576899266
CTGNNGGT	13569	351397	404661	46460	6376	9223372036854775807	0.116775625413	0.015511985539	0.101263639874
ANGCNGGT	11820	335982	374132	43221	5151	9223372036854775807	0.113978528651	0.0135808881495	0.100397640501
NGNAAGGT	6315	184834	205107	23839	2998	9223372036854775807	0.114240941569	0.0144061891833	0.0998347523855
NNCTGGGT	7174	208487	234064	26377	3011	9223372036854775807	0.112307548198	0.012700622166	0.0996069260321
GTNGNGGT	9724	224254	262324	28777	3773	9223372036854775807	0.113729147812	0.0141790399741	0.0995501078378
NCNAAGGT	4549	135603	149106	17656	2382	9223372036854775807	0.115203674825	0.015724017744	0.099479657081
TNGNAGGT	6032	154313	174725	19161	2289	9223372036854775807	0.110454592619	0.0129311805846	0.0975234120345
AANNGGGT	4743	153109	168159	18772	2115	9223372036854775807	0.109215096491	0.012421156489	0.0967939400022
NCAGNGGT	5897	190067	212881	23349	2724	9223372036854775807	0.109406042658	0.0126342153475	0.096771827311
NAANGGGT	4161	135220	148575	16530	1845	9223372036854775807	0.108929159802	0.0122656561627	0.0966635036396
NNGAAGGT	8825	239586	262376	29734	3722	9223372036854775807	0.110403980395	0.0139873279769	0.0964166524182
NNGCTGGT	19487	508244	581557	63897	9251	9223372036854775807	0.111680512321	0.0156582172212	0.0960222951001
GNAGNGGT	6687	192488	215995	23494	2913	9223372036854775807	0.108777583317	0.0133069600015	0.0954706233157
AAANGGGT	1253	43497	47528	5215	574	9223372036854775807	0.107057809164	0.0119329757598	0.0951248334042
CNAGNGGT	3588	105848	117157	12863	1612	9223372036854775807	0.108355586256	0.0135725652317	0.094783021024
AGNNAGGT	4320	133507	146469	16199	2000	9223372036854775807	0.108205415949	0.0134708255595	0.094734590389
CNNAAGGT	5604	156166	172205	19237	2652	9223372036854775807	0.109673152683	0.0151666790577	0.0945064736249
GTGNNGGT	11642	279631	323493	34338	5327	9223372036854775807	0.109367485325	0.0162003527766	0.0931671325484
GTCNNGGT	7656	190049	214773	22669	3003	9223372036854775807	0.106568320499	0.0137893982808	0.0927789222186
GNNAAGGT	7396	192712	213553	23191	3194	9223372036854775807	0.107413977573	0.0147360747784	0.0926779027948
CNGNTGGT	14133	378935	429531	45974	6838	9223372036854775807	0.108197284595	0.0156702240535	0.0925270605416
GANGNGGT	8898	237451	266281	28306	3875	9223372036854775807	0.106510835086	0.0143435644591	0.0921672706271
NAGNAGGT	6408	173850	190677	20751	2821	9223372036854775807	0.106633573312	0.0145789620565	0.0920546112551
TNNGGGGT	2706	74936	84273	8588	919	9223372036854775807	0.102820746133	0.0107873978777	0.0920333482551
NNTGGGGT	3962	109452	121958	12513	1509	9223372036854775807	0.102595006764	0.0122218892498	0.0903731175145
ANANGGGT	3835	118979	130396	13383	1478	9223372036854775807	0.101109079645	0.0112076679254	0.0899014117198
NGAANGGT	5091	177890	194588	20258	2545	9223372036854775807	0.102236711953	0.0129100657931	0.0893266461595
NNAGAGGT	2955	103682	113647	11708	1446	9223372036854775807	0.101464598319	0.0125637527912	0.0889008455275
CNANAGGT	3992	124209	135421	14177	1918	9223372036854775807	0.102445334066	0.0139654431735	0.0884798908921
NNCAAGGT	5034	128446	141041	15112	2436	9223372036854775807	0.105267557364	0.0169783310217	0.0882892263419
ATNNGGGT	4378	135420	149082	15066	1796	9223372036854775807	0.100115625374	0.0119036572595	0.0882119681143
GTGGTGGT	1291	31510	37871	3764	720	9223372036854775807	0.106707489936	0.0186571998653	0.0880502900707
TNNCAGGT	6612	213446	236027	23815	3150	9223372036854775807	0.100374692849	0.0131701626829	0.0872045301659
CNNCTGGT	12526	334232	375942	38152	6030	9223372036854775807	0.102453381456	0.0157864974396	0.0866668840161
CNAANGGT	4373	150238	163804	16823	2336	9223372036854775807	0.100699744405	0.0140604309618	0.0866393134429
ACNANGGT	4831	150568	164533	16804	2315	9223372036854775807	0.100399110962	0.0138749041043	0.0865242068581
GNGNTGGT	14658	377665	427833	42840	6976	9223372036854775807	0.101877504429	0.0160438261398	0.0858336782894
GANNAGGT	7381	199066	217990	22253	3269	9223372036854775807	0.100547173989	0.0147745402447	0.085772633744
NNGGTGGT	12773	321869	362702	36315	6004	9223372036854775807	0.101386438255	0.0162839769356	0.0851024613196
CTNCNGGT	9405	249893	277839	27507	4037	9223372036854775807	0.0991600576784	0.0143219004101	0.0848381572683
GNNGTGGT	11902	300560	342363	33153	5056	9223372036854775807	0.0993458450825	0.0145530325054	0.084792812577
TGNCTNGT	4175	121112	138609	13087	1811	9223372036854775807	0.0975193555839	0.0128970232161	0.0846223323678
NANCAGGT	11616	335302	366183	37184	5744	9223372036854775807	0.0998265706631	0.0154438908711	0.084382679792
ANNCAGGT	7618	247689	272758	27122	3988	9223372036854775807	0.0986932837477	0.0144103257138	0.0842829580339
ANCANGGT	7687	225118	246049	24576	3560	9223372036854775807	0.0984244715532	0.014262306247	0.0841621653062
NTGCNGGT	16102	431411	479064	47264	7168	9223372036854775807	0.0987392280775	0.0147419338916	0.0839972941859
NACNAGGT	5201	133058	145928	14890	2477	9223372036854775807	0.100643469327	0.0166908123042	0.0839526570229
GAANAGGT	2351	67571	74168	7307	1035	9223372036854775807	0.0975854055931	0.0137627488265	0.0838226567666
ATGNNGGT	10449	288551	323846	30966	4380	9223372036854775807	0.0969150311251	0.0133444638755	0.0835705672496
CNTNAGGT	4032	129005	143581	13726	1852	9223372036854775807	0.0961669153863	0.012734386281	0.0834325291053
ANGNAGGT	7473	189996	206278	19987	2459	9223372036854775807	0.0951838958392	0.0117803743467	0.0834035214925
AAGNNGGT	6925	206736	224148	22036	2940	9223372036854775807	0.096322976588	0.0129465229338	0.0833764536542
CACNNGGT	5594	141026	154238	15525	2495	9223372036854775807	0.0991689609137	0.0159187918307	0.083250169083
TGNANGGT	6197	182858	201240	19314	2514	9223372036854775807	0.0955325168668	0.0123384080803	0.0831941087865
CANNAGGT	7782	207045	225041	22355	3394	9223372036854775807	0.0974498692241	0.0148576181408	0.0825922510832
NAGANGGT	5864	170643	185544	17997	2427	9223372036854775807	0.0954039440204	0.0129115661458	0.0824923778745
GNAANGGT	7727	241724	263830	25528	3542	9223372036854775807	0.0955203328694	0.0132474604671	0.0822728724023
CTNNAGGT	4690	121891	134096	13016	1968	9223372036854775807	0.0964812796964	0.0144637817498	0.0820174979466
NCANAGGT	4971	147463	160578	15491	2140	9223372036854775807	0.095063637591	0.0131515874089	0.0819120501821
NACANGGT	4618	139859	152936	14959	2321	9223372036854775807	0.0966231316772	0.014949406468	0.0816737252092
NANGAGGT	4062	123609	134538	12935	1798	9223372036854775807	0.0947313686431	0.0131880061026	0.0815433625405
ANGANGGT	7388	213814	230978	22156	2944	9223372036854775807	0.0938932915201	0.0125853917118	0.0813078998083
TNGANGGT	7003	197307	217837	20324	2723	9223372036854775807	0.0933874310186	0.0123458469351	0.0810415840835
GANANGGT	6291	188344	206080	19672	2827	9223372036854775807	0.0945696484886	0.0135323373559	0.0810373111327
GNANAGGT	7990	201304	219296	20815	2873	9223372036854775807	0.0937110287729	0.0129315971175	0.0807794316554
CNTCNGGT	8133	248437	276209	25747	3694	9223372036854775807	0.0939040936014	0.0131974291094	0.080706664492
GTNNAGGT	6316	171605	188390	18208	2982	9223372036854775807	0.0959259903168	0.0155822168342	0.0803437734826
AAGANGGT	1742	53662	57936	5451	701	9223372036854775807	0.0922132187505	0.0119549090165	0.080258309734
TNGCTNGT	5292	161145	182981	16634	2506	9223372036854775807	0.0935656067365	0.0135103807814	0.0800552259551
CNNGTGGT	8187	214652	237329	22604	3727	9223372036854775807	0.0952726169201	0.015461137661	0.0798114792592
TNGCANGT	3780	126709	140696	12960	1858	9223372036854775807	0.092790812564	0.013033657421	0.0797571551429
NTNGAGGT	4019	112238	122188	11715	1836	9223372036854775807	0.0945116294079	0.0148035864026	0.0797080430053
TNCTGGGT	1758	53160	59057	5322	723	9223372036854775807	0.0910023597004	0.0120943459351	0.0789080137653
ANNTGGGT	4579	142654	154737	14255	1882	9223372036854775807	0.0908488359495	0.0120164220178	0.0788324139317
NAAGAGGT	1577	50301	54553	5002	658	9223372036854775807	0.0904471728478	0.0119179149083	0.0785292579395
GTGGNNGT	9125	211420	244290	22347	4268	9223372036854775807	0.0955951866602	0.0171710425736	0.0784241440867
GTNANGGT	7444	229580	251422	23211	3433	9223372036854775807	0.0918189334272	0.01347040474	0.0783485286873
TGGCAGGN	3135	88407	105941	8993	1506	9223372036854775807	0.0923305954825	0.0140162126444	0.0783143828382
NTGGTGGT	4393	118765	136595	12485	2362	9223372036854775807	0.0951238095238	0.0169980641493	0.0781257453745
AANCNGGT	9373	309960	333757	31589	4867	9223372036854775807	0.0924874615355	0.0143728737479	0.0781145877877
NNTCAGGT	8170	267465	292558	26809	3895	9223372036854775807	0.0911021700864	0.0131386762826	0.0779634938038
NTCCNGGT	8890	244928	268646	25154	4201	9223372036854775807	0.0931346776164	0.0153969074243	0.0777377701921
GAANNGGT	9890	275961	300471	27895	4332	9223372036854775807	0.0918033542204	0.0142124585388	0.0775908956816
NANTGGGT	4121	135896	148684	13422	1861	9223372036854775807	0.0898886939284	0.0123617523	0.0775269416284
NGATAGGT	679	21745	23830	2147	306	9223372036854775807	0.0898627155533	0.0126781571097	0.0771845584436
NTCANGGT	7123	215294	236582	21183	3045	9223372036854775807	0.0895774219057	0.0127072491831	0.0768701727226
NAAGNGGT	6940	215704	235189	21147	3050	9223372036854775807	0.0892839802239	0.0128022699894	0.0764817102345
GNGGNAGT	4927	146807	165249	14745	2556	9223372036854775807	0.0912709220561	0.0152319656744	0.0760389563816
NGGCNAGT	5600	152781	167424	14971	2424	9223372036854775807	0.0892448376174	0.0142715840045	0.0749732536129
GNTANGGT	4614	154642	170077	14842	2182	9223372036854775807	0.087571688183	0.0126669724078	0.0749047157751
TNGNTGGT	11287	306430	342871	29490	4551	9223372036854775807	0.0877887592284	0.0130993431619	0.0746894160665
CANANGGT	6191	172159	186458	16555	2512	9223372036854775807	0.0877253409922	0.0132931153093	0.0744322256829
ANAGNGGT	5118	178814	195492	16881	2361	9223372036854775807	0.0862617849204	0.0119331018483	0.0743286830721
NNATGGGT	4802	142720	153895	13436	1825	9223372036854775807	0.0860421629652	0.0117197534035	0.0743224095617
ATCANGGT	2066	62774	68436	5992	903	9223372036854775807	0.087136084693	0.0130229740838	0.0741131106092
TGNNTGGT	8999	242108	270325	23020	3482	9223372036854775807	0.0868259859389	0.0127169867827	0.0741089991562
TTNGNGGT	6156	177832	199042	16774	2505	9223372036854775807	0.0861946702568	0.0124288627467	0.0737658075102
NGTANGGT	3681	121416	133681	11409	1671	9223372036854775807	0.0858949745906	0.0123455878007	0.0735493867899
TGGNTNGT	6495	174620	199528	16410	2645	9223372036854775807	0.0859027377899	0.0130828547828	0.0728198830071
TTNNGGGT	6566	181403	199664	16717	2399	9223372036854775807	0.0843781546537	0.0118725348035	0.0725056198502
NTGNAGGT	9479	224524	244042	21120	3342	9223372036854775807	0.0859780821026	0.0135093619636	0.072468720139
TNNTGGGT	5648	166214	181774	15070	2050	9223372036854775807	0.0831292336886	0.011151971451	0.0719772622376
NTTNGGGT	3742	109095	119966	10002	1464	9223372036854775807	0.0839819642812	0.0120563287491	0.0719256355321
GTNGTGGT	3103	79246	90228	7463	1310	9223372036854775807	0.0860694968227	0.014310996526	0.0717585002967
TTGNNGGT	10482	300296	333136	27457	4088	9223372036854775807	0.083773451349	0.0121225061087	0.0716509452403
NGGCAGNT	9383	263187	296851	25844	5454	9223372036854775807	0.0894160141992	0.0180413820479	0.0713746321512
NTGANGGT	11125	304759	330702	28119	4394	9223372036854775807	0.0844723892838	0.0131126602526	0.0713597290312
NNGATGGT	11697	331018	361804	30678	4962	9223372036854775807	0.08481708396	0.0135290621268	0.0712880218332
NGNATGGT	7852	231227	253107	21216	3355	9223372036854775807	0.0840427343994	0.0130818600806	0.0709608743188
GATNNGGT	7553	231883	251220	21426	3521	9223372036854775807	0.0845844403476	0.0138218818329	0.0707625585146
GTGNTGGT	4193	112026	126832	10840	2262	9223372036854775807	0.0882261976462	0.0175221156677	0.0707040819786
TGGCNGNT	13073	352594	415234	33801	7201	9223372036854775807	0.0874778400342	0.0170464095068	0.0704314305274
ATGGNNGT	7475	217860	242682	20433	3901	9223372036854775807	0.0857473782276	0.0158202309162	0.0699271473115
TNTNGGGT	3751	105795	118387	9363	1365	9223372036854775807	0.0813056843641	0.0113985570178	0.0699071273463
GNGGTNGT	7695	195744	221426	18753	3954	9223372036854775807	0.087427796193	0.0175437039666	0.0698840922263
ACNNAGGT	6130	152594	163644	13400	1806	9223372036854775807	0.0807258093666	0.0109156844968	0.0698101248698
TANGNGGT	3103	93828	103124	8421	1333	9223372036854775807	0.0823577736702	0.0127612318945	0.0695965417757
TNNAAGGT	7532	181449	195035	16104	2403	9223372036854775807	0.0815173649603	0.0121709093488	0.0693464556115
ANGNTGGT	9920	300616	326555	27328	4691	9223372036854775807	0.0833313004659	0.0141616804429	0.069169620023
GTANNGGT	7295	220061	239000	19569	3153	9223372036854775807	0.0816633977382	0.0130206935285	0.0686427042097
TGGCTGNT	3441	101435	117771	9442	2045	9223372036854775807	0.0851574266981	0.0170678373506	0.0680895893474
TTGANGGT	2113	69467	74982	6101	980	9223372036854775807	0.0807352318442	0.0129011874358	0.0678340444083
NTNTGGGT	5357	150161	161734	12799	1784	9223372036854775807	0.0785407461954	0.0109101138713	0.0676306323241
TNNCTGGT	9465	309723	339124	27480	4801	9223372036854775807	0.0814939368867	0.0139594388311	0.0675344980555
TGGCNGGN	19488	437673	511372	39550	7994	9223372036854775807	0.0828753014838	0.0153918431318	0.067483458352
TGGCTGGN	5726	149704	175692	13538	2859	9223372036854775807	0.0829320885556	0.0160122317993	0.0669198567563
NGGCAGGN	13103	315896	359240	27499	5067	9223372036854775807	0.0800797914938	0.0139085990662	0.0661711924276
GNGGANGT	5537	155210	170035	14015	2919	9223372036854775807	0.0828187324568	0.016877319981	0.0659414124758
GGNGGGGN	5573	121986	137104	10927	2308	9223372036854775807	0.0822116722969	0.0165552463203	0.0656564259767
GNGAANGT	6204	206876	221668	18471	3742	9223372036854775807	0.0819669221245	0.0166008606539	0.0653660614706
ANGATGGT	2394	72958	78482	6209	1071	9223372036854775807	0.0784291434562	0.0134627229646	0.0649664204917
NTAGNGGT	4186	121717	132234	10026	1538	9223372036854775807	0.0761027151348	0.0114971742966	0.0646055408382
TNAANGGT	8697	248753	267500	20371	3118	9223372036854775807	0.0756937322572	0.0115217760829	0.0641719561744
NATNAGGT	6597	186571	198627	15404	2468	9223372036854775807	0.076266864711	0.012272806385	0.0639940583259
TGNATGGT	2394	62849	68630	5069	768	9223372036854775807	0.0746341176124	0.011066601343	0.0635675162694
NNTTGGGT	3957	111182	120167	8946	1330	9223372036854775807	0.074470564731	0.0109467723483	0.0635237923827
TANAAGGT	1176	27911	30067	2247	341	9223372036854775807	0.0745075933417	0.01121415417	0.0632934391718
NANGTGGT	7495	214105	231738	17933	3337	9223372036854775807	0.0772847550832	0.014195469531	0.0630892855522
NGANTGGT	5071	174315	188167	14281	2450	9223372036854775807	0.0757227088591	0.0128529984209	0.0628697104382
ANCNTGGT	7986	237413	256276	19781	3685	9223372036854775807	0.0769108144047	0.0141752032036	0.0627356112011
NNTAAGGT	4325	127832	136266	10321	1653	9223372036854775807	0.0747070277156	0.0119852957171	0.0627217319986
GTNTNGGT	4853	150072	163901	12178	2115	9223372036854775807	0.0750570107858	0.0127397359291	0.0623172748568
CTNTNGGT	3724	121836	132624	9742	1586	9223372036854775807	0.0740397330861	0.0118173012443	0.0622224318418
ACTNNGGT	3058	108248	115371	8748	1480	9223372036854775807	0.0747717870696	0.0126657024758	0.0621060845938
CTNNTGGT	7772	229021	250450	18928	3653	9223372036854775807	0.0763382792429	0.0143760601016	0.0619622191413
NTGTNGGT	7106	198195	217886	16055	2879	9223372036854775807	0.0749358226371	0.0130410164655	0.0618948061716
TNANAGGT	5901	157544	167742	12520	1993	9223372036854775807	0.073619343306	0.0117418328571	0.0618775104489
GNGAAAGT	1696	58220	62251	5152	1233	9223372036854775807	0.081297734015	0.0194222166215	0.0618755173935
TGGANNGT	4710	154416	169768	12805	2534	9223372036854775807	0.0765753105172	0.0147067358475	0.0618685746697
NTTGNGGT	5656	178900	193777	14361	2448	9223372036854775807	0.074308836237	0.0124754745827	0.0618333616543
NTNGTGGT	10830	283950	315020	23114	4350	9223372036854775807	0.0752742099367	0.0136205654883	0.0616536444484
TANNAGGT	3583	101465	107838	7983	1284	9223372036854775807	0.0729387471676	0.0117666465057	0.0611721006619
NGTTNGGT	4430	150957	164789	11992	2073	9223372036854775807	0.0735935783589	0.0124234397286	0.0611701386302
TNNGTGGT	6029	182447	200838	14670	2699	9223372036854775807	0.0744228047302	0.013260488265	0.0611623164652
ACNTNGGT	4511	135346	145804	10695	1814	9223372036854775807	0.0732328592655	0.0122884743053	0.0609443849602
CGAANNGT	5217	173736	185559	14273	2871	9223372036854775807	0.0759165784617	0.0152364273205	0.0606801511412
CNTCTGGT	2511	79179	85950	6358	1210	9223372036854775807	0.0743304067246	0.0138825149151	0.0604478918095
CNANTGGT	5280	168375	183221	13561	2648	9223372036854775807	0.0745371998945	0.0142465930306	0.0602906068639
NGTNTGGT	5982	203858	222230	16199	3001	9223372036854775807	0.0736127457886	0.0133240983701	0.0602886474185
NTGNTGGT	18335	487887	533196	39042	7850	9223372036854775807	0.0740934736938	0.014508932697	0.0595845409968
NNGGAAGT	6014	188544	203061	16061	3981	9223372036854775807	0.0784975929229	0.0192279827281	0.0592696101948
TNTTGGGT	879	29811	31985	2261	366	9223372036854775807	0.0704976303318	0.0113134060771	0.0591842242547
TCNTNGGT	5603	175137	189407	13407	2362	9223372036854775807	0.0711080702648	0.0123169021062	0.0587911681586
ATANAGGT	1844	53720	56576	4228	823	9223372036854775807	0.0729619659005	0.014338228889	0.0586237370115
NTNAAGGT	13162	274148	290179	20827	3567	9223372036854775807	0.0706059835579	0.0121431440769	0.0584628394811
GTGGTNGT	2645	67073	76337	5536	1399	9223372036854775807	0.0762439917917	0.0179968097149	0.0582471820767
AAGNTGGT	2059	61881	64472	4831	938	9223372036854775807	0.072415757285	0.0143403149366	0.0580754423485
NTTCNGGT	9486	317902	342246	24384	4567	9223372036854775807	0.071238671754	0.0131684798436	0.0580701919104
NNAAAGGT	21040	365418	388457	26937	4222	9223372036854775807	0.0686546622319	0.0107517845365	0.0579028776954
CTTCNGGT	2189	65017	71338	4798	831	9223372036854775807	0.0687244861419	0.0115146392495	0.0572098468924
GTNNTGGT	11965	328770	359995	25075	5060	9223372036854775807	0.0708643615142	0.0138609250661	0.0570034364481
NNAGTGGT	5487	173877	188371	12852	2277	9223372036854775807	0.0688270166926	0.0119434769838	0.0568835397089
NGGANAGT	3510	124696	133003	9744	2151	9223372036854775807	0.072478429039	0.0159151782411	0.0565632507979
NCNAAAGT	4154	146562	155035	11866	2951	9223372036854775807	0.0748983765496	0.0186788702796	0.05621950627
TTNCGNGT	5812	189539	201656	14190	2808	9223372036854775807	0.0696513505686	0.0137334689725	0.0559178815961
NTCNTGGT	7236	204640	222509	15092	2915	9223372036854775807	0.068683669197	0.0129311874512	0.0557524817458
CANNTGGT	8388	224199	241020	17026	3632	9223372036854775807	0.0705814073997	0.0148455765741	0.0557358308257
NCNTAGGT	3066	77731	82775	5526	892	9223372036854775807	0.0663727974825	0.0106613121063	0.0557114853762
NTGGCGGN	24891	593250	688191	45571	11247	9223372036854775807	0.0713361019754	0.0160800528424	0.0552560491329
CNAAANGT	5192	177864	187604	13705	3131	9223372036854775807	0.0715408025307	0.0164154455134	0.0551253570173
AAATNGGT	1832	56697	61354	4097	767	9223372036854775807	0.0673915188999	0.0123468714283	0.0550446474715
CNTTNGGT	4454	144413	156320	10346	1878	9223372036854775807	0.0668523316899	0.0118711993831	0.0549811323069
ATNANGGT	12436	295078	313541	20982	3668	9223372036854775807	0.066386129216	0.0115633541293	0.0548227750867
NTNCTGGT	12638	389786	421759	29188	6364	9223372036854775807	0.069665420766	0.0148648869601	0.0548005338059
AAANAGGT	6892	115315	122536	8069	1316	9223372036854775807	0.0653974583414	0.0106255853761	0.0547718729653
NTCATGGT	2087	63998	69265	4521	795	9223372036854775807	0.065981698507	0.0113474165001	0.0546342820068
NGGCTGGN	20148	477730	537769	36368	8948	9223372036854775807	0.0707413761579	0.0163667857411	0.0543745904168
TTANNGGT	7035	245370	261562	17408	3167	9223372036854775807	0.0662460327729	0.0119631774381	0.0542828553349
AANNAGGT	16897	309184	326976	21489	3539	9223372036854775807	0.0649856504765	0.0107075321846	0.0542781182918
CTTNNGGT	5458	155303	167831	10913	1942	9223372036854775807	0.06565553256	0.0114388035789	0.0542167289811
AANAAGGT	6821	107680	113959	7418	1182	9223372036854775807	0.0644494257068	0.0102656742603	0.0541837514465
GNNGAAGT	9287	269413	287836	21070	5424	9223372036854775807	0.072534365178	0.0184955329742	0.0540388322038
ANAAAGGT	7392	118152	124848	8149	1365	9223372036854775807	0.0645204709385	0.0108150507475	0.0537054201909
NTAANGGT	11486	275705	291977	19092	3272	9223372036854775807	0.0647632099377	0.0110821713198	0.0536810386179
NGNAAAGT	5693	205047	217789	15955	4112	9223372036854775807	0.0721939167971	0.0185307862515	0.0536631305456
NTTNAGGT	7503	199755	211069	14048	2580	9223372036854775807	0.0657053455751	0.0120758814691	0.053629464106
NAANAGGT	19280	339604	359038	23195	3741	9223372036854775807	0.0639334728045	0.0103120632672	0.0536214095373
NAATNGGT	5599	164345	173725	11465	2086	9223372036854775807	0.0652124452534	0.0118650141345	0.0533474311189
AATANGGT	1717	53265	55840	3705	676	9223372036854775807	0.0650342285413	0.0119612145233	0.053073014018
AAANNGGT	23982	471419	502115	32156	5488	9223372036854775807	0.0638554336494	0.0108115988282	0.0530438348212
NATANGGT	7116	175594	185120	12086	2127	9223372036854775807	0.0643968456948	0.0113593275193	0.0530375181755
GNNAAAGT	8519	271489	287024	20874	5441	9223372036854775807	0.0713975434648	0.0186039355137	0.0527936079512
TGGCTNGN	8657	228300	262882	16498	3953	9223372036854775807	0.067394341457	0.014814398411	0.052579943046
NANAAGGT	18973	302035	320558	20201	3274	9223372036854775807	0.0626900780794	0.0101101805875	0.052579897492
NNTCTGGT	9541	326709	350701	23259	4978	9223372036854775807	0.0664603620902	0.013995765845	0.0524645962452
TNCNTGGT	6646	190487	203690	13424	2764	9223372036854775807	0.0658326426725	0.0133879702016	0.0524446724709
TGGNAGGN	6876	199182	222074	14034	3024	9223372036854775807	0.065820576317	0.0134341486819	0.0523864276351
AANCANGT	5208	178597	188423	12647	2715	9223372036854775807	0.0661301792475	0.0142043968232	0.0519257824242
GNAGNAGT	5180	167262	178129	11958	2738	9223372036854775807	0.0667224640107	0.0151381954696	0.0515842685411
ANTANGGT	5233	154673	161928	10481	1963	9223372036854775807	0.063461980939	0.0119774728326	0.0514845081064
AATNNGGT	8392	229803	242588	15521	2899	9223372036854775807	0.0632673525623	0.0118091793048	0.0514581732575
ANNAAGGT	21077	361979	379134	23775	3909	9223372036854775807	0.0616325430196	0.0102051205739	0.0514274224457
GAAGNNGT	9785	294121	308450	21099	4897	9223372036854775807	0.0669342046824	0.0156280417556	0.0513061629268
TTNNAGGT	10850	236733	249123	15793	2843	9223372036854775807	0.0625400948813	0.0112832683775	0.0512568265038
NAACANGT	6287	179967	189419	12437	2647	9223372036854775807	0.0646400282738	0.0137817208668	0.0508583074071
TTNANGGT	11739	303446	328038	20199	3853	9223372036854775807	0.062410974988	0.0116092331518	0.0508017418362
TANANGGT	7025	142135	149661	9303	1612	9223372036854775807	0.0614310807063	0.010656230788	0.0507748499183
TNNTAGGT	2970	77788	83424	5221	1028	9223372036854775807	0.0628967943235	0.0121725950836	0.0507241992399
ATNNAGGT	11871	260759	275067	17349	3255	9223372036854775807	0.0623822399931	0.0116950869856	0.0506871530075
NAAAAGGT	8149	118512	126284	7513	1185	9223372036854775807	0.0596151557231	0.00929637794287	0.0503187777802
NCAAANGT	8129	213564	224887	14974	3482	9223372036854775807	0.0655208324217	0.0152472533487	0.050273579073
NTGGANGT	6430	186141	200740	13474	3532	9223372036854775807	0.0674999373795	0.0172906712618	0.0502092661176
AGNAANGT	5455	189770	197266	13305	3082	9223372036854775807	0.065517665887	0.0153832331743	0.0501344327127
GNAGANGT	6522	205834	216736	14248	3244	9223372036854775807	0.0647395061841	0.0147467951632	0.0499927110209
AANAGNGT	5836	207940	216644	14276	3140	9223372036854775807	0.0642437988264	0.0142867542678	0.0499570445585
AANTNGGT	7290	177564	189808	11431	2027	9223372036854775807	0.060483081563	0.0105663721427	0.0499167094203
TATNNGGT	4643	150728	161022	9985	1999	9223372036854775807	0.062129385924	0.0122622238853	0.0498671620387
NTTANGGT	5019	164182	173842	10941	2259	9223372036854775807	0.0624760882351	0.012827865827	0.0496482224081
NGAANAGT	5181	183100	193288	12801	3145	9223372036854775807	0.0653442299937	0.0160105481258	0.0493336818679
NTGGTNGT	9476	273055	300983	19373	5197	9223372036854775807	0.066248786026	0.0169736756157	0.0492751104103
TNTNAGGT	5286	137721	143404	8766	1539	9223372036854775807	0.0598414876405	0.0106179670629	0.0492235205776
AANANGGT	23179	412864	434232	25886	4384	9223372036854775807	0.0589994301994	0.00999507541905	0.0490043547804
NCTNTGGT	4693	170677	182278	11206	2357	9223372036854775807	0.0616110356658	0.0127657269748	0.0488453086909
GTGGNGGN	11711	264499	301433	18438	5044	9223372036854775807	0.0651664504819	0.0164580050053	0.0487084454766
AAAANGGT	9743	163226	173146	10143	1719	9223372036854775807	0.0585052691081	0.00983044062563	0.0486748284825
NAAAGNGT	6509	226496	238275	15146	3393	9223372036854775807	0.0626795010801	0.0140399225384	0.0486395785418
NAAANGGT	24780	424326	450848	26263	4440	9223372036854775807	0.0582859324129	0.00975206902005	0.0485338633929
ANAANGGT	22540	404735	427214	25116	4344	9223372036854775807	0.0584295488437	0.0100658544159	0.0483636944278
TGNAANGT	6098	194153	204482	12834	2872	9223372036854775807	0.0620038939644	0.0138507094148	0.0481531845495
AAGANNGT	5742	180876	188562	11960	2699	9223372036854775807	0.0620216142214	0.0141116066527	0.0479100075687
NCANAAGT	3644	120507	125851	8402	2212	9223372036854775807	0.0651777610562	0.0172727485691	0.0479050124872
NTATAGGT	943	25747	27541	1595	294	208.019409247	0.0583351620218	0.0105622417819	0.0477729202399
ATANNGGT	11985	289088	305208	17993	3369	9223372036854775807	0.0585936609559	0.0109178584276	0.0476758025283
NNAAGAGT	3968	134530	142133	8990	2195	9223372036854775807	0.0626393534002	0.0152084141677	0.0474309392325
CNTNTGGT	8063	216045	230895	13603	2787	9223372036854775807	0.0592341322372	0.0119264641693	0.0473076680679
ACNAANGT	5169	153835	159639	10291	2507	9223372036854775807	0.0627018266454	0.015461374317	0.0472404523284
ACAANNGT	4110	133839	140770	8987	2256	9223372036854775807	0.0629227171523	0.0157733558933	0.047149361259
ANAATGGT	3209	83080	87592	5166	1010	9223372036854775807	0.0585408970378	0.0113992912124	0.0471416058254
GTGNTNGT	8161	226963	247818	15389	4164	9223372036854775807	0.0634985475672	0.0165249898802	0.0469735576869
ANTNAGGT	7863	188730	197315	11367	1964	9223372036854775807	0.0568074483875	0.0098555291827	0.0469519192048
NGGNTAGT	2543	78220	82974	4928	1045	9223372036854775807	0.059267811613	0.0124376629096	0.0468301487034
NTAGTGGT	1207	35554	38562	2174	430	277.03684625	0.057622985581	0.0110279031596	0.0465950824214
NAGAANGT	8335	220128	227810	14358	3438	9223372036854775807	0.0612318006192	0.0148671556078	0.0463646450114
CAAANNGT	6352	228909	239318	15218	3897	9223372036854775807	0.0623364068702	0.0160228604321	0.0463135464381
GANANAGT	5065	172067	180424	11432	2954	9223372036854775807	0.0623000670303	0.0161088025826	0.0461912644477
NTANAGGT	13256	248126	260399	14716	2580	9223372036854775807	0.0559880080048	0.00981066929299	0.0461773387118
ANNAGAGT	3219	109013	113942	6958	1610	9223372036854775807	0.0599977580602	0.0139331210191	0.0460646370411
TNTANGGT	4354	128273	135554	7917	1662	9223372036854775807	0.0581320214406	0.0121122901119	0.0460197313287
TGGNTGGN	11322	311071	349027	20259	5391	9223372036854775807	0.0611444783147	0.0152108527219	0.0459336255927
GNAANAGT	7301	219067	228707	14403	3692	9223372036854775807	0.0616910095515	0.0158864711122	0.0458045384394
NGAAANGT	8763	232621	242395	14785	3471	9223372036854775807	0.0597600704914	0.0141174460885	0.0456426244029
GANGANGT	9496	280029	293506	18414	4803	9223372036854775807	0.0617002241634	0.0161007545867	0.0455994695767
TNANTGGT	5964	223553	237923	13696	2993	9223372036854775807	0.0577283782018	0.0124234172907	0.0453049609111
GTAANNGT	5419	191376	200671	12177	3001	9223372036854775807	0.0598222575938	0.0147344750383	0.0450877825555
AAANGNGT	9154	259645	270604	15789	3463	9223372036854775807	0.0573240776375	0.0126355964053	0.0446884812322
GAAGANGT	3200	95668	99437	6056	1506	9223372036854775807	0.0595336400456	0.0149193108982	0.0446143291474
GTANANGT	5359	147297	155243	9152	2193	9223372036854775807	0.0584982965695	0.0139294697528	0.0445688268167
ANAAGNGT	5729	172209	178417	10575	2421	9223372036854775807	0.0578551733193	0.0133876729448	0.0444675003745
ANATAGGT	1230	32803	34070	1886	353	234.222780723	0.0543688200871	0.010254771519	0.044114048568
ANAGANGT	4104	149378	154948	9370	2346	9223372036854775807	0.0590243656613	0.0149147456356	0.0441096200257
NAGANAGT	4376	147435	153175	9281	2372	9223372036854775807	0.0592217769724	0.0152494101461	0.0439723668262
AAAGNNGT	9172	291630	302754	17810	4174	9223372036854775807	0.0575555842813	0.013599280613	0.0439563036682
TNCTGNGT	5851	207294	219659	12468	2847	9223372036854775807	0.0567341032572	0.0127951605799	0.0439389426772
AAGNANGT	5398	160033	165276	9911	2416	9223372036854775807	0.0583192110342	0.0144073658851	0.0439118451491
NAGNAAGT	5639	165970	172965	10781	3012	9223372036854775807	0.0609954116243	0.0171158730971	0.0438795385272
ANANAGGT	21021	356068	372892	19906	3417	9223372036854775807	0.0529451504625	0.0090803036866	0.0438648467759
NNGAAAGT	10475	263696	273493	16603	4421	9223372036854775807	0.0592331760013	0.0159077988155	0.0433253771859
TNNATGGT	13137	295239	311848	16757	3323	9223372036854775807	0.0537090219105	0.0105434827443	0.0431655391662
NTNATGGT	14064	352208	372222	20124	4162	9223372036854775807	0.0540485373269	0.0110578558068	0.0429906815201
GANAANGT	10808	297312	308220	18420	4865	9223372036854775807	0.0583406179925	0.0155389111583	0.0428017068342
ANTTNGGT	4320	144416	151282	8438	1908	9223372036854775807	0.0552030041739	0.0124551210915	0.0427478830825
GTNGCGGN	13794	330965	366624	20270	5796	9223372036854775807	0.0577106495651	0.0155630739488	0.0421475756163
NAAGANGT	7125	218257	225060	13025	3270	9223372036854775807	0.056316531334	0.0143213769544	0.0419951543796
NGANAAGT	5157	147636	153496	8937	2368	9223372036854775807	0.0570788066908	0.0151927321254	0.0418860745654
NAANTGGT	16034	351285	371251	19727	4239	9223372036854775807	0.0531707869287	0.011289248715	0.0418815382137
GTNAANGT	9016	257250	270410	15310	3924	9223372036854775807	0.0561711182859	0.0143037319472	0.0418673863387
NGAATNGT	4277	148381	153928	8630	2049	9223372036854775807	0.0549643018642	0.013136552184	0.0418277496802
TANATGGT	1086	30377	31971	1765	427	187.268094289	0.0549125754465	0.0131798259152	0.0417327495313
GNAAANGT	15346	345514	360193	20249	4984	9223372036854775807	0.0553609851188	0.01364817609	0.0417128090288
ACANANGT	5326	123441	128097	7111	1663	9223372036854775807	0.0544687174459	0.0128159679408	0.0416527495051
GAANAAGT	2608	78507	81574	4972	1489	9223372036854775807	0.0595598893135	0.0179261524385	0.041633736875
ATNATGGT	3621	91498	97148	5081	1081	9223372036854775807	0.0526097805941	0.0110048967209	0.0416048838732
ATNNTGGT	14236	359579	378888	20234	4515	9223372036854775807	0.0532735846324	0.0117761206876	0.0414974639448
GNTAANGT	6777	242607	254945	14603	3966	9223372036854775807	0.0567746199603	0.0153180050288	0.0414566149316
TNGNAAGT	2783	95299	100096	5806	1635	9223372036854775807	0.0574254487909	0.0160717971906	0.0413536516002
AAANTGGT	5823	129076	136297	7032	1432	9223372036854775807	0.0516648543803	0.0103972293417	0.0412676250387
ANGAANGT	12577	275094	279502	15349	3321	9223372036854775807	0.0528468580754	0.0117423264727	0.0411045316027
NNAATGGT	17912	377049	395863	20296	4001	9223372036854775807	0.0510790371088	0.0100059020067	0.0410731351021
GANNAAGT	8766	238589	248913	14748	4370	9223372036854775807	0.0582149468889	0.0172534279837	0.0409615189052
AANNTGGT	17747	383742	400304	20917	4405	9223372036854775807	0.0516904356508	0.0108843638268	0.0408060718239
ATNTNGGT	8827	220736	232069	12106	2650	9223372036854775807	0.0519923381521	0.0112900958167	0.0407022423354
NTATNGGT	9959	249687	261425	13369	2757	9223372036854775807	0.0508218782313	0.0104359873118	0.0403858909195
TANNTGGT	6280	163433	172029	8951	2012	9223372036854775807	0.0519247726007	0.0115604943663	0.0403642782344
AANNGAGT	3868	128080	131651	7127	1673	9223372036854775807	0.0527117678818	0.0125483783865	0.0401633894954
TGNCAGGN	7941	259389	281377	14591	3749	9223372036854775807	0.0532557120958	0.0131485729116	0.0401071391841
NNTATGGT	6699	180758	190300	9800	2190	9223372036854775807	0.0514279117119	0.0113772144007	0.0400506973112
GTNGTNGT	8852	235017	253550	13482	3666	9223372036854775807	0.0542537394517	0.0142526125902	0.0400011268615
TNGCAGGN	8639	271982	293726	15381	4045	9223372036854775807	0.0535246360875	0.013584264418	0.0399403716695
NAAATGGT	5263	106333	113038	5606	1160	9223372036854775807	0.0500808476045	0.0101577961085	0.039923051496
ANTNTGGT	6832	226029	237058	12564	3059	9223372036854775807	0.0526587116973	0.0127396227672	0.0399190889301
GNANAAGT	9108	225095	233826	13154	3636	9223372036854775807	0.0552111446428	0.015311923592	0.0398992210508
ANGATNGT	6329	205185	212320	11708	3045	9223372036854775807	0.0539805341804	0.0141387876396	0.0398417465409
TGNATNGT	4928	159551	169654	8832	2203	9223372036854775807	0.05245185084	0.0128187970231	0.0396330538169
NTGAANGT	12518	309618	321613	17228	4290	9223372036854775807	0.0527098388844	0.0131634259273	0.039546412957
TAGNANGT	1664	53374	55906	2943	721	9223372036854775807	0.0522577552071	0.0127324421212	0.0395253130859
GTNNAAGT	4403	136170	143443	8279	2599	9223372036854775807	0.0573143462398	0.0177962503937	0.0395180958461
GAAANNGT	14541	354009	370448	19997	5247	9223372036854775807	0.0534670566782	0.0139661161314	0.0395009405468
ANNGAAGT	6329	189182	195443	11364	3427	9223372036854775807	0.0566653037208	0.0172323628501	0.0394329408707
NATNTGGT	11527	285538	299708	15484	3650	9223372036854775807	0.0514381008697	0.0120319886075	0.0394061122622
NATTNGGT	5071	142764	149738	7542	1631	9223372036854775807	0.0501776376193	0.0107749935588	0.0394026440605
GAANANGT	14228	335297	348268	18618	4803	9223372036854775807	0.0526058516876	0.0136034961807	0.0390023555069
TTGANNGT	6408	212308	222775	11863	3159	9223372036854775807	0.052919423119	0.0139819593333	0.0389374637857
NNGATAGT	4381	154058	159742	8495	2175	9223372036854775807	0.0522598783166	0.0134328081671	0.0388270701495
TCANANGT	4316	128558	133308	7086	1823	9223372036854775807	0.0522396862375	0.0134906128128	0.0387490734248
GNGGTGGN	12061	282715	309888	16556	5257	9223372036854775807	0.0553210969322	0.0166812102366	0.0386398866957
ATGANNGT	8073	233740	242106	12876	3337	9223372036854775807	0.052210724365	0.0135958246925	0.0386148996725
AANATGGT	5425	111377	114779	5704	1181	9223372036854775807	0.0487184086231	0.0101845463953	0.0385338622278
NANGAAGT	9283	241838	249405	14343	4444	9223372036854775807	0.055987758655	0.017506470382	0.038481288273
GTNANAGT	3780	132980	138346	7493	2109	9223372036854775807	0.0533412114784	0.0150154853868	0.0383257260916
NNAAACGT	7199	267599	276580	15735	4863	9223372036854775807	0.0555351634467	0.0172788095636	0.0382563538831
NAANGAGT	4073	139251	145644	7567	1964	9223372036854775807	0.0515400019071	0.0133055118964	0.0382344900107
GGNNTAGT	2391	81119	85046	4428	1178	9223372036854775807	0.0517610202579	0.0136620894415	0.0380989308164
CANGTNGT	6646	186525	196168	10672	3222	9223372036854775807	0.0541184703621	0.0161592858218	0.0379591845404
ANGANAGT	5470	159079	162949	8562	2222	9223372036854775807	0.0510734247589	0.0134527247519	0.0376207000069
NTANTGGT	10703	279485	293583	14147	3226	9223372036854775807	0.0481793537489	0.0108689426534	0.0373104110956
ANNATGGT	21025	405776	422803	19922	4060	9223372036854775807	0.046798434571	0.00951124833963	0.0372871862314
NGGGGGGN	2280	56568	58559	3094	879	276.940039597	0.0518588045992	0.0147885191292	0.0370702854701
ANATNGGT	13723	289619	301992	14134	2890	9223372036854775807	0.0465312276751	0.00947907715116	0.037052150524
TTTNNGGT	16539	358536	379268	17942	4117	9223372036854775807	0.047657499243	0.0107385526299	0.0369189466131
TGNCTGGN	11662	357507	390063	19509	5884	9223372036854775807	0.0517458145012	0.0148605747739	0.0368852397273
AAGNNAGT	4127	136101	138106	7263	1932	9223372036854775807	0.0506612538713	0.0137962553021	0.0368649985691
NTGNAAGT	7070	184922	192405	10219	3039	9223372036854775807	0.052367262646	0.0155492110272	0.0368180516188
TTGNANGT	6317	158611	164373	8193	2051	9223372036854775807	0.0491175271576	0.012323943662	0.0367935834957
ATNTAGGT	962	24227	25665	1201	276	134.902672558	0.0472313984584	0.0106395281601	0.0365918702983
ATGNANGT	9227	204006	211671	10434	2594	9223372036854775807	0.0486569669838	0.0121065036287	0.0365504633551
NAAGAAGT	2199	66491	67347	3761	1166	294.722655811	0.0535358423959	0.01701866799	0.0365171744059
NAATGNGT	5125	182336	188135	9500	2489	9223372036854775807	0.0495214662524	0.0130571176767	0.0364643485757
ANANTGGT	16648	341931	357218	16188	3422	9223372036854775807	0.0452028515661	0.00948868677906	0.035714164787
NNATAGGT	9664	179846	185174	8254	1528	9223372036854775807	0.0438809144072	0.00818416514017	0.0356967492671
ANGNAAGT	6254	164359	167395	8632	2433	9223372036854775807	0.0498985496355	0.0143262595096	0.0355722901259
GGGGNGGN	5168	110381	117397	5972	1898	9223372036854775807	0.051326566569	0.0159101387317	0.0354164278373
ANATGNGT	5706	158459	164047	7778	1893	9223372036854775807	0.0467886210651	0.0114077377365	0.0353808833286
ANAGNAGT	5039	144498	147515	7457	2049	9223372036854775807	0.0490737389359	0.0136998208125	0.0353739181234
TGNCAGNT	7176	246391	261442	13591	4517	9223372036854775807	0.052276696079	0.0169838208145	0.0352928752645
NNACAAGT	2472	70488	73164	3708	1098	9223372036854775807	0.0499757399321	0.0147854892139	0.0351902507182
TGANANGT	6313	167760	174319	8213	2035	9223372036854775807	0.046671932626	0.0115392902911	0.0351326423349
GAANNAGT	8309	220887	227539	11410	3272	9223372036854775807	0.049118154776	0.0141761007924	0.0349420539836
NANATGGT	20536	364779	380771	16959	3699	9223372036854775807	0.0444257579806	0.00962103675189	0.0348047212287
GTGGNGNT	13097	352837	381495	20143	7525	9223372036854775807	0.0540055767065	0.0193434784844	0.0346620982221
ANANGAGT	4582	119403	123377	5747	1405	9223372036854775807	0.0459208949261	0.0112596368066	0.0346612581195
NAAGNAGT	6283	178712	182750	9066	2533	9223372036854775807	0.0482804162362	0.0136709789889	0.0346094372473
NANCAAGT	3320	101710	106701	5188	1536	9223372036854775807	0.0485322456922	0.0141910806841	0.0343411650081
TTNTNGGT	17246	330930	345495	15113	3270	9223372036854775807	0.0436737630872	0.00937594081975	0.0342978222675
NTGATNGT	8946	292129	304462	14945	4586	9223372036854775807	0.0486690504569	0.0148391188424	0.0338299316145
TGGCTNNT	7756	247257	271293	12801	4243	9223372036854775807	0.0492236347276	0.0153990767087	0.033824558019
TNGCTGGN	16571	488965	525999	25106	8033	9223372036854775807	0.0488376119252	0.0150421697576	0.0337954421676
AAGNTNGT	5447	165415	170310	8316	2435	9223372036854775807	0.047867104892	0.0140959217343	0.0337711831577
TTNNTGGT	20453	440706	463226	20356	4862	9223372036854775807	0.0441502444357	0.0103869357899	0.0337633086458
AANGANGT	8993	242618	247468	12021	3414	9223372036854775807	0.0472080081998	0.0136079910077	0.0336000171921
AANGNAGT	6203	176605	179747	8827	2559	9223372036854775807	0.0476023555805	0.0140368391605	0.03356551642
NAAGTNGT	4970	156200	161574	7757	2267	9223372036854775807	0.0473111852498	0.0138365854701	0.0334745997797
GTGGTGGN	4429	109746	121525	5696	2051	9223372036854775807	0.0493407945115	0.0165970738655	0.0327437206461
GNGGTGNT	11982	327791	355196	17401	6686	9223372036854775807	0.0504096271061	0.0184756357045	0.0319339914016
NATGANGT	8048	254530	262957	12452	4113	9223372036854775807	0.0466398483793	0.0154004568091	0.0312393915702
AAGTNNGT	4307	136420	142547	6230	1859	9223372036854775807	0.0436733263232	0.0128734263119	0.0307999000112
GTANTNGT	6080	186799	194092	8600	2649	9223372036854775807	0.0440125077406	0.0134644024377	0.0305481053028
NTTTNGGT	15120	283973	294774	11764	2848	9223372036854775807	0.0397785870554	0.00956918507368	0.0302094019817
NCATANGT	4236	105654	107384	4544	1226	9223372036854775807	0.0412348681464	0.0112880950189	0.0299467731276
TGGCANGN	8420	264022	282103	12187	4116	9223372036854775807	0.0441223855848	0.014380596676	0.0297417889089
NANTTGGT	8104	181427	188521	7238	1764	9223372036854775807	0.0383642965044	0.00927030506871	0.0290939914357
NTGANAGT	7473	197469	202868	8606	2606	9223372036854775807	0.0417614946015	0.0126828698521	0.0290786247493
TNTTNGGT	15890	293646	304341	11581	2727	9223372036854775807	0.0379422528151	0.00888076908046	0.0290614837347
NTNTAGGT	8667	146181	150384	5659	1280	9223372036854775807	0.0372694942044	0.00843970883005	0.0288297853744
ANGNTAGT	3293	99655	101098	4173	1166	9223372036854775807	0.0401914705089	0.0114018618478	0.0287896086612
GTNGTGGN	9363	248879	269979	11097	3946	9223372036854775807	0.0426847093578	0.0144054029388	0.028279306419
NTGGTGGN	15367	416990	447734	19109	7088	9223372036854775807	0.0438180321441	0.0155841186222	0.0282339135218
NTTNTGGT	20948	424272	441517	16588	4227	9223372036854775807	0.0376264573788	0.00948302164471	0.028143435734
ANGTNAGT	3768	124619	127039	5153	1509	9223372036854775807	0.039708103443	0.0117388057379	0.027969297705
TNNTTGGT	15186	303163	316707	11570	3117	9223372036854775807	0.0367613183238	0.00974598529191	0.0270153330319
ATGNNAGT	7221	183585	187491	7245	2099	9223372036854775807	0.037965728659	0.0110712590326	0.0268944696264
TNTNTGGT	20517	374242	388503	14029	3672	9223372036854775807	0.0361319799831	0.00936316695353	0.0267688130295
NAAANAGT	39588	576483	588113	22795	6802	9223372036854775807	0.0380374383842	0.0114335661397	0.0266038722445
NATNAAGT	11895	256582	263708	10826	3741	9223372036854775807	0.0404849518339	0.0139877135454	0.0264972382885
NNAAAAGT	45494	620995	630820	24411	7396	9223372036854775807	0.0378227038484	0.0115885530917	0.0262341507567
ANATNCGT	4942	174248	178692	7314	2553	9223372036854775807	0.0402837598176	0.0140859058181	0.0261978539995
AAAANNGT	60247	853407	876548	32001	8882	9223372036854775807	0.0361426596552	0.0100312842348	0.0261113754204
TTNAANGT	16122	317946	325974	12440	3849	9223372036854775807	0.0376529271821	0.0116698956713	0.0259830315108
NTNTTGGT	17013	333202	345545	12139	3222	9223372036854775807	0.0351507640274	0.00923825935367	0.0259125046738
AAAAANGT	30250	357187	366884	13530	3931	9223372036854775807	0.036496842605	0.0106009735313	0.0258958690737
GTGNAGGN	6748	184096	192460	7702	2892	9223372036854775807	0.0401568316666	0.0148040460297	0.0253527856369
NNTTTGGT	18672	366176	378905	13048	3493	9223372036854775807	0.0344071050355	0.00913446200032	0.0252726430352
TTTGNNGT	8517	290826	301592	11753	4171	9223372036854775807	0.0388427485053	0.0136412842626	0.0252014642427
AATANNGT	11215	299096	306446	11894	4084	9223372036854775807	0.0382456027525	0.0131517083696	0.0250938943829
ANNAAAGT	37975	536587	544187	20442	6426	9223372036854775807	0.0366982688514	0.0116706289172	0.0250276399341
TGGCTGNN	15151	444190	483851	19204	8097	9223372036854775807	0.0414420557884	0.0164590566483	0.0249829991401
TTTNGNGT	11986	261775	270957	9756	3009	9223372036854775807	0.0359295991986	0.0109831146931	0.0249464845056
GNANTAGT	4059	107188	109519	3993	1215	9223372036854775807	0.0359144098362	0.0109722397818	0.0249421700544
NTNGTAGT	4756	122726	127558	4590	1527	9223372036854775807	0.0360520280248	0.0118294147267	0.024222613298
CCNCCANT	7744	252592	245170	11915	5216	9223372036854775807	0.0450460668338	0.0208318356458	0.024214231188
TTNNAAGT	5870	139284	141583	5408	1892	9223372036854775807	0.0373759433832	0.0131869663704	0.0241889770127
TTNANAGT	6117	164144	168652	6130	2090	9223372036854775807	0.0360007987127	0.0122406906327	0.02376010808
ANGTTNGT	5403	167294	172420	6185	2076	9223372036854775807	0.0356527303017	0.0118971208509	0.0237556094507
NAAAANGT	66045	863762	886617	30326	9134	9223372036854775807	0.0339183615036	0.0101970302015	0.0237213313021
GTGGTGNT	4369	125737	134049	5598	2592	276.098511956	0.0426238245708	0.0189694162074	0.0236544083633
NAANAAGT	41045	556970	564289	20094	6414	9223372036854775807	0.0348210943673	0.0112387704288	0.0235823239386
AAANNAGT	35877	508360	514878	17736	5271	9223372036854775807	0.033712478331	0.0101336347854	0.0235788435455
AATNANGT	13003	291054	297234	10623	3534	9223372036854775807	0.0352131584443	0.0117499202043	0.02346323824
TGGCAGNN	10160	332586	357333	13597	5743	9223372036854775807	0.0392769142332	0.0158176249601	0.0234592892732
ANGNGGGA	3345	114455	115370	5268	2459	220.708173938	0.0440015702914	0.0208692257424	0.023132344549
TTTNNCGT	10150	370826	383220	14626	5816	9223372036854775807	0.0379450619014	0.0149497732858	0.0229952886156
TANGTNGT	3834	109303	110866	3928	1328	282.099304199	0.0346901466913	0.0118366401055	0.0228535065857
AANAANGT	57705	786963	799823	26691	8131	9223372036854775807	0.0328038699496	0.0100636917448	0.0227401782048
ATTANNGT	7784	227704	231070	8316	2961	9223372036854775807	0.0352343021778	0.0126521700117	0.0225821321661
ANAAANGT	62935	791481	806980	26250	7818	9223372036854775807	0.0321010209959	0.00959501618806	0.0225060048078
NTANAAGT	8697	151280	155136	5425	1918	9223372036854775807	0.0346191889219	0.01221236008	0.0224068288419
TTNTTGGT	6890	119465	122587	3820	1064	9223372036854775807	0.0309851157886	0.00860486368893	0.0223802520997
ATNAANGT	29287	467524	475380	15690	4863	9223372036854775807	0.0324700857177	0.0101261236499	0.0223439620678
AAANANGT	61520	767350	787441	25032	7395	9223372036854775807	0.0315908236179	0.00930380606817	0.0222870175497
TTATNNGT	7840	238977	242428	8293	2789	9223372036854775807	0.0335382375541	0.0113735997096	0.0221646378444
CCACCNNT	6175	202701	207865	9226	4543	9223372036854775807	0.0435338583569	0.0213880833114	0.0221457750455
NTTNAAGT	7295	177518	181044	6798	2719	9223372036854775807	0.036882310814	0.0147962321033	0.0220860787107
GTGNTGGN	16280	431311	459545	16792	7418	9223372036854775807	0.0374735272917	0.0158856269126	0.0215879003791
ANNTAGGT	10772	188753	193634	5327	1144	9223372036854775807	0.0274474443528	0.00587335325345	0.0215740910994
GTNGTGNT	9101	273162	288141	10904	4987	9223372036854775807	0.0383854456359	0.0170130454955	0.0213724001404
TNTTGNGT	9976	220184	225168	7169	2315	9223372036854775807	0.0315324627342	0.0101765846239	0.0213558781103
TTNATNGT	10673	306269	316697	10468	3768	9223372036854775807	0.033049501637	0.0117579142808	0.0212915873562
TTNTGNGT	17016	294970	301028	9113	2662	9223372036854775807	0.0299687914155	0.00876551746847	0.021203273947
NTGGTGNT	15302	465193	489504	18732	8892	9223372036854775807	0.0387084775533	0.0178412346809	0.0208672428725
NTAGTNGT	6360	138721	142219	4228	1300	9223372036854775807	0.0295769820006	0.00905803412789	0.0205189478727
AANGAGGN	4261	148802	149673	4999	1847	9223372036854775807	0.0325030396421	0.0121898099261	0.0203132297161
NAATANGT	12133	232594	238478	7288	2496	9223372036854775807	0.0303816042888	0.0103579639297	0.0200236403591
ANATTNGT	6512	190542	194034	6161	2244	9223372036854775807	0.0313213321607	0.0114327637331	0.0198885684276
AATNTNGT	8505	236809	240702	7718	3016	9223372036854775807	0.0315629766856	0.0123749579432	0.0191880187424
ATNATNGT	16242	347583	351397	10327	3615	9223372036854775807	0.028853622419	0.0101827543858	0.0186708680333
AAANTNGT	34482	533103	544277	14458	4356	9223372036854775807	0.02640436408	0.00793973384758	0.0184646302324
TANAANGT	23823	310703	314130	8623	2789	9223372036854775807	0.0270037516519	0.00880035592691	0.018203395725
NAATTNGT	6329	183265	185813	5527	2101	9223372036854775807	0.0292756048985	0.0111806464659	0.0180949584326
TNCTGGGN	8761	241742	250308	7983	3540	9223372036854775807	0.0319671638803	0.0139453531247	0.0180218107556
ACNTANGT	4928	110839	112436	2881	837	247.683492895	0.0253341540626	0.0073892277948	0.0179449262678
NAAATNGT	35150	544999	558552	14544	4737	9223372036854775807	0.0259926404226	0.00840953755532	0.0175831028673
CNACCANT	6781	232283	234566	9296	5008	281.265815781	0.0384801659085	0.0209037708599	0.0175763950485
ATNNAAGT	18011	275993	279455	7967	3012	9223372036854775807	0.028056768559	0.0106631925145	0.0173935760444
ANATNAGT	11724	210751	212951	5775	2031	9223372036854775807	0.0266711618928	0.00944730256487	0.0172238593279
ANAATNGT	34297	510863	516095	12388	3859	9223372036854775807	0.023675062255	0.00742181039092	0.0162532518641
AANATNGT	37081	573983	579927	14496	4910	9223372036854775807	0.0246329945504	0.0083955016526	0.0162374928978
TTTNANGT	23181	385702	390495	10108	3688	9223372036854775807	0.0255375053687	0.00935606050997	0.0161814448588
AAATNNGT	33833	473756	487617	11634	3973	9223372036854775807	0.0239683553431	0.00808193820053	0.0158864171426
ATATNNGT	20799	293108	294942	7477	2676	9223372036854775807	0.0248748274199	0.0089913916497	0.0158834357702
GTGGTNGN	10431	275603	291786	9520	5255	9223372036854775807	0.0333890987398	0.0176911604795	0.0156979382603
TTTTNTTG	42052	450154	459985	11186	4005	9223372036854775807	0.0242467594399	0.00863165154421	0.0156151078957
TTTNNAGT	14216	276201	279763	7114	2786	9223372036854775807	0.0251098600498	0.00986023663152	0.0152496234182
NTNATAGT	12396	221994	224201	5095	1792	9223372036854775807	0.0224361373735	0.00792944914223	0.0145066882312
TNTTNAGT	10356	224196	226022	5512	2211	9223372036854775807	0.0239956814739	0.00968746850806	0.0143082129658
NAANTAGT	14139	223677	225484	4844	1566	9223372036854775807	0.0211971766271	0.00689715921603	0.0143000174111
NTTTNAGT	11115	239758	241604	5797	2467	293.424249733	0.0236077457189	0.0101077145585	0.0135000311604
GGGGGGNN	2280	57971	58721	1674	888	54.5656045951	0.0280660575069	0.0148970793001	0.0131689782068
NATATNGT	21818	365570	366682	8621	3681	9223372036854775807	0.0230390362141	0.00993889778407	0.0131001384301
AAANAGGN	32961	538962	546029	11630	4673	9223372036854775807	0.021122718819	0.00848553301059	0.0126371858084
TNATANGT	21046	276598	278746	5414	1886	9223372036854775807	0.0191977646341	0.00672054505545	0.0124772195787
CCACNNCT	5121	166847	168105	6227	4052	101.771615256	0.0359788298647	0.0235366554947	0.01244217437
AANAAGGN	34446	526864	532752	10614	4118	9223372036854775807	0.0197477850256	0.00767038575447	0.0120773992712
NATTTNGT	10407	266380	268214	6385	3094	250.108106283	0.0234084285007	0.0114040131511	0.0120044153496
TANTTNGT	6916	156137	156756	3400	1479	164.714760579	0.0213116706469	0.00934685752204	0.0119648131249
NATNTAGT	9595	146073	146088	2978	1208	161.615799076	0.0199797384788	0.00820117314795	0.0117785653308
AAAANGGN	45265	735662	749115	14915	6139	9223372036854775807	0.0198713789525	0.00812839124321	0.0117429877092
TTNNGTGT	10885	188389	189557	3870	1631	199.424671706	0.0201290966873	0.00853087013829	0.011598226549
ANAAAGNT	26700	484422	481720	12311	6584	9223372036854775807	0.0247839382525	0.0134834037813	0.0113005344713
AAANAGNT	30916	553471	553676	13759	7420	9223372036854775807	0.024256474446	0.0132241185109	0.0110323559351
AAANTGGN	17797	451457	459206	9989	5014	9223372036854775807	0.0216471699831	0.01080091336	0.010846256623
AAAANGNT	48968	797509	801002	17099	8223	9223372036854775807	0.0209904641251	0.0101615743458	0.0108288897793
GTGGTNNT	9617	295534	308648	8776	5661	174.151975038	0.0288390128487	0.0180109382805	0.0108280745683
TTNTANGT	21128	272571	274900	4908	1930	285.079324339	0.0176878250246	0.00697178773977	0.0107160372848
TANATNGT	20716	274478	274109	4939	1953	278.05061931	0.0176760898585	0.00707449775775	0.0106015921008
NTTNATGT	8901	267721	273267	5919	3152	194.01859482	0.02163060956	0.0114029788112	0.0102276307489
TTTTNNGT	67435	827226	835777	14001	5549	9223372036854775807	0.0166435456779	0.00659554084861	0.0100480048293
NAAATGGN	17115	394626	403980	8074	4107	298.092223453	0.0200496647629	0.0100640304641	0.00998563429876
ATANANGT	74218	696358	693036	10978	4048	9223372036854775807	0.0155202053904	0.00580704764419	0.00971315774618
NATNATGT	20142	377645	379969	7132	3531	266.652806928	0.0185354114201	0.0092073011734	0.00932811024672
TTNTTGGN	17302	337979	344865	6178	3136	227.653963179	0.0179511095227	0.00901146835785	0.00893964116484
NTANTAGT	12958	198231	197932	2870	1139	161.459781632	0.0142714357462	0.00572157672388	0.00854985902233
NTATANGT	31905	299793	296256	4235	1635	242.497532112	0.0139296380597	0.0054885847508	0.00844105330885
NTTTTNGT	64604	828218	830998	12054	5191	9223372036854775807	0.0143453548375	0.00620792667686	0.00813742816062
TTNTTNGT	66369	827719	832707	11416	4874	9223372036854775807	0.0136044855715	0.00581913868629	0.00778534688516
NTTTTTNG	74458	970884	973683	14898	7253	9223372036854775807	0.0151128748547	0.00739395842338	0.0077189164313
NAANATGT	51639	645203	657402	9458	4550	9223372036854775807	0.0144471718951	0.00687361017113	0.00757356172394
TNTTTNGT	66432	804040	809846	10790	4646	9223372036854775807	0.0132420259441	0.00570416897895	0.00753785696512
ANATANGT	62735	581922	581812	7309	2914	9223372036854775807	0.0124043032359	0.00498353074773	0.00742077248818
ATNTANGT	35356	354776	348364	4577	2028	203.18995638	0.0127367797124	0.00578780337451	0.00694897633792
NTNTTTTG	86574	1083359	1088062	14723	7414	9223372036854775807	0.0134079239984	0.00676783425652	0.00664008974187
CCACCNCN	11892	304312	297425	6013	4416	45.8910856	0.0193764601627	0.0146302192214	0.00474624094135
CCNCCACN	11153	291414	277564	5345	3783	43.2388447392	0.0180112481846	0.0134460292806	0.00456521890399
