#Sequence	Occurrence	Forward Match	Backward Match	Forward Mismatch	Backward Mismatch	Strand Bias Score	FER (Forward Error Rate)	RER (Reverse Error Rate), ERD (Error rate Difference)
GGGT	102715	2360532	2678718	300871	32400	9223372036854775807	0.113049771117	0.0119507893054	0.101098981812
CGGT	155872	4198416	4709155	495842	64817	9223372036854775807	0.105627343022	0.0135771638376	0.0920501791845
NGGT	650484	15021001	16485930	1452994	208408	9223372036854775807	0.0881992497873	0.0124837534738	0.0757154963135
AGGT	167885	3417516	3679873	301916	45182	9223372036854775807	0.0811726091511	0.012129216884	0.069043392267
GCGT	169335	4930201	5261353	379091	91461	9223372036854775807	0.0714014222612	0.017086526825	0.0543148954362
TGGT	222892	5031801	5405326	354236	65932	9223372036854775807	0.0657693216738	0.0120506106639	0.0537187110099
GNGT	518217	12325986	13128163	885939	181699	9223372036854775807	0.0670560118983	0.0136514563412	0.0534045555572
CNGT	564728	15220956	16180659	1087187	234115	9223372036854775807	0.0666652849438	0.0142624564919	0.0524028284519
CCGT	116090	3430193	3612967	247820	66720	9223372036854775807	0.0673787721794	0.0181319769861	0.0492467951933
NCGT	583984	15382861	16125199	938230	257326	9223372036854775807	0.0574857403834	0.0157073467002	0.0417783936832
CAGT	126273	3655899	3815659	210302	51984	9223372036854775807	0.0543949991219	0.0134407441431	0.0409542549787
GAGT	87261	2113093	2196029	114685	25541	9223372036854775807	0.0514795459871	0.0114968243179	0.0399827216691
NNGT	3002238	62236495	65083118	3372401	793175	9223372036854775807	0.0514015812734	0.0120403708812	0.0393612103921
ACGT	126504	3208520	3323111	170086	47388	9223372036854775807	0.0503420641531	0.0140596392404	0.0362824249127
ANGT	976043	16955933	17487879	746534	189748	9223372036854775807	0.0421711843892	0.0107337936251	0.031437390764
NAGT	631514	12820615	13171919	555563	148038	9223372036854775807	0.0415337624843	0.0111139998425	0.0304197626418
GGGN	438136	10491664	10851798	460429	142387	9223372036854775807	0.0420402748589	0.0129511191598	0.0290891556991
AAGT	231784	4018239	4108440	163506	48913	9223372036854775807	0.0390999451186	0.0117654190058	0.0273345261128
GGNT	421236	12662340	13286952	571910	217040	9223372036854775807	0.0432143869127	0.016072284403	0.0271421025097
TCGT	113830	3158584	3271233	137994	49485	9223372036854775807	0.0418597709504	0.0149018977221	0.0269578732282
TNGT	943250	17733620	18286417	652741	187613	9223372036854775807	0.0355013697381	0.0101554993686	0.0253458703696
CGGN	700129	18043293	18696338	725911	263511	9223372036854775807	0.0386756412259	0.0138983701822	0.0247772710437
CTGT	106223	3259253	3362987	130142	48449	9223372036854775807	0.0383968230318	0.0142019372487	0.0241948857831
NGGN	2537393	60893958	62712815	2158799	809832	9223372036854775807	0.0342379794749	0.0127487130692	0.0214892664057
GTGT	142471	2755531	2828795	90348	31703	9223372036854775807	0.0317469576184	0.0110830351918	0.0206639224266
AGGN	605946	13374961	13601336	420486	156909	9223372036854775807	0.0304800562098	0.0114047249486	0.0190753312613
NGNT	3250811	75245622	77217057	2596898	1127477	9223372036854775807	0.0333609189425	0.014391265637	0.0189696533055
AGNT	663361	14726279	14944574	488912	229211	9223372036854775807	0.0321331490351	0.0151057234566	0.0170274255785
TGGN	787617	18920573	19499608	551590	246733	9223372036854775807	0.0283271046981	0.0124951250462	0.0158319796519
TAGT	179265	2950090	2968070	66604	21290	9223372036854775807	0.0220784739851	0.00712192576337	0.0149565482217
TGNT	528352	17304601	17743539	562081	299897	9223372036854775807	0.0314597304637	0.0166208365192	0.0148388939445
NTGT	1136256	19012018	19300070	425614	179403	9223372036854775807	0.0218963914946	0.00920984874693	0.0126865427477
GNGN	2458371	60786931	61493050	1550209	856171	9223372036854775807	0.024868144416	0.0137318636267	0.0111362807893
ATGT	443906	6246246	6311337	110633	47992	9223372036854775807	0.0174036661701	0.00754670815113	0.00985695801902
CNGN	2944945	79343589	80043598	1882277	1095308	9223372036854775807	0.0231733694289	0.0134991714086	0.0096741980203
GCGN	950551	25152639	25450454	664365	419509	9223372036854775807	0.0257336211436	0.0162160649399	0.00951755620378
CCGN	689115	18443238	18341409	449946	289947	9223372036854775807	0.0238152552794	0.0155623133389	0.0082529419405
GAGN	431256	10460768	10396936	202124	116820	9223372036854775807	0.0189558329954	0.011111157611	0.00784467538436
NCGN	2885242	76367126	76584967	1699602	1153322	9223372036854775807	0.0217711442959	0.014835958121	0.00693518617497
TTGT	393425	6204165	6248562	92348	49696	9223372036854775807	0.0146665305066	0.00789043573636	0.00677609477029
TNGN	3021661	66172009	66859461	1182887	755337	9223372036854775807	0.0175620046982	0.0111711788298	0.0063908258684
AAAC	309436	6382742	6388462	70262	29178	9223372036854775807	0.0108882622729	0.00454653112359	0.0063417311493
ANGN	3603390	74263384	74140006	1235175	786446	9223372036854775807	0.016360246028	0.0104962396992	0.00586400632884
GAAC	109192	3476344	3487187	41540	21131	9223372036854775807	0.0118082347229	0.00602311421029	0.00578512051263
CGNN	2606868	73281326	73493161	1645785	1209276	9223372036854775807	0.0219651469012	0.0161879056235	0.00577724127775
CAGN	766779	21305757	21336820	381192	261025	9223372036854775807	0.0175770229367	0.0120856965128	0.00549132642392
NAGN	2807793	61805532	61476189	971137	639215	9223372036854775807	0.0154697121633	0.0102907645904	0.00517894757291
ACGN	576402	16035770	15967400	297241	212752	9223372036854775807	0.0181987877189	0.0131489494042	0.00504983831475
NAAC	938135	20516519	20568641	196580	96957	9223372036854775807	0.00949061267945	0.00469171034876	0.00479890233068
GGNN	2056005	56486222	57202503	1120906	885968	9223372036854775807	0.0194577657126	0.0152520454532	0.00420572025939
AAGN	1038809	19728678	19488140	273637	187047	9223372036854775807	0.0136802665092	0.00950674573004	0.00417352077911
ANAC	921036	17358945	17353495	145263	75793	9223372036854775807	0.00829874736406	0.00434859989691	0.00395014746715
TTTC	518343	8906854	9098608	79161	44711	9223372036854775807	0.00880935542618	0.00489001860265	0.00391933682353
CCNG	727635	20467145	20427884	245996	167040	9223372036854775807	0.0118763252758	0.00811073641253	0.0037655888633
TAGN	570949	10310329	10254293	114184	74323	9223372036854775807	0.0109534133633	0.00719583340111	0.00375757996218
TTAC	218715	4683045	4726496	35610	19128	9223372036854775807	0.00754664199862	0.0040306606676	0.00351598133102
ATAC	268021	4538198	4543102	33391	17667	9223372036854775807	0.00730402492438	0.00387368884502	0.00343033607936
GTGN	589057	14122657	14251137	221061	175848	9223372036854775807	0.0154116945132	0.0121888253159	0.00322286919734
CCTG	177833	5224309	5228979	55704	39911	9223372036854775807	0.0105499740247	0.00757484024149	0.00297513378319
NTAC	818515	15707889	15804580	111728	66662	9223372036854775807	0.00706262357679	0.0042001753864	0.00286244819039
CTGN	691791	20391218	20509274	321162	277647	9223372036854775807	0.0155057989473	0.0133568121994	0.00214898674793
TGNN	2049945	62240557	62719720	1060943	946434	9223372036854775807	0.0167601557625	0.0148655752003	0.00189458056222
AGNN	2807795	61930330	61393081	888896	778912	9223372036854775807	0.0141500629123	0.0125283421427	0.00162172076953
NTGN	3797939	81499297	81762144	1021010	890893	9223372036854775807	0.0123728332712	0.0107787085912	0.00159412468002
TTTG	299975	6148737	6159463	49814	42465	130.369564913	0.00803639431215	0.00684706433225	0.0011893299799
