#Sequence	Occurrence	Forward Match	Backward Match	Forward Mismatch	Backward Mismatch	Strand Bias Score	FER (Forward Error Rate)	RER (Reverse Error Rate), ERD (Error rate Difference)
GGGT	128276	18490454	19687619	771529	86834	9223372036854775807	0.0400544949084	0.00439122133998	0.0356632735685
NGGT	801092	111455612	115980584	2844843	518329	9223372036854775807	0.0248891660143	0.00444921747896	0.0204399485353
CGGT	209211	33349208	34490711	833201	155078	9223372036854775807	0.0243751398563	0.00447609953406	0.0198990403222
AGGT	195835	25219751	26094788	620875	121901	9223372036854775807	0.0240270881983	0.00464974810511	0.0193773400931
GAGT	105901	11808466	11987067	226873	53809	9223372036854775807	0.0188505699756	0.00446886090348	0.0143817090722
GNGT	645207	88513039	90646802	1677045	415828	9223372036854775807	0.0185945607945	0.00456639567735	0.0140281651172
TGGT	267051	34345792	35655621	618919	154262	9223372036854775807	0.0177012474091	0.00430780519445	0.0133934422147
GGGA	126613	15794848	16218109	261035	67955	9223372036854775807	0.0162579037229	0.00417258583781	0.0120853178851
GGGN	549414	96268710	98644080	1395999	315620	9223372036854775807	0.0142937916295	0.00318937911089	0.0111044125186
CNGT	735009	104637581	105813075	1479756	510830	9223372036854775807	0.0139445263313	0.0048044698885	0.00914005644277
NNGT	3533621	416753103	423566762	5466590	1763627	9223372036854775807	0.0129472643996	0.00414648716765	0.00880077723198
GCGT	237894	39529241	39869588	533603	205810	9223372036854775807	0.0133191492846	0.00513556970788	0.00818357957668
ANGT	1089059	110369141	111700831	1280929	426858	9223372036854775807	0.0114727111232	0.00380689198009	0.00766581914316
AAGT	255527	23301968	23684340	283482	109619	9223372036854775807	0.0120193593932	0.0046070097036	0.00741234968959
NAGT	726349	71561684	72390897	828187	313025	9223372036854775807	0.0114406475458	0.00430547611998	0.00713517142586
CGGA	149204	22608621	22888703	266826	114489	9223372036854775807	0.0116642966583	0.0049770918749	0.00668720478343
NGGN	3158578	533446104	542505629	5123834	1739857	9223372036854775807	0.00951377646333	0.00319682394205	0.00631695252127
GGNT	744254	100557818	103014272	1080773	459648	9223372036854775807	0.0106334905804	0.00444216281745	0.00619132776291
AGGN	722508	105872952	107617195	993589	355441	9223372036854775807	0.00929747506284	0.00329195445409	0.00600552060876
CAGT	171745	20224930	20363415	215830	101330	9223372036854775807	0.0105588050542	0.00495144210201	0.0056073629522
TNGT	1064346	113233342	115406054	1028860	410111	9223372036854775807	0.00900437749309	0.00354105145858	0.00546332603452
NGGA	746283	95515563	96674915	919562	404262	9223372036854775807	0.00953555045426	0.00416425038296	0.00537130007129
NCGT	753180	115001796	115280558	1184426	559566	9223372036854775807	0.0101942035778	0.00483050242591	0.00536370115186
CGGN	915917	183921746	186099115	1542484	570477	9223372036854775807	0.00831688137384	0.00305607889259	0.00526080248124
TGGN	966149	147053970	149811714	1190464	497183	9223372036854775807	0.00803041279783	0.00330774165684	0.00472267114099
CCGT	166956	27681765	27499324	283234	149706	9223372036854775807	0.0101281605624	0.00541451182917	0.00471364873326
ACGT	164230	21172150	21210600	187523	93442	9223372036854775807	0.00877930106889	0.00438611602437	0.00439318504452
GTGT	171757	18585711	19005411	144609	69084	9223372036854775807	0.00772058352447	0.00362179968592	0.00409878383855
CGNT	835719	135262948	135495475	1221220	681445	9223372036854775807	0.00894770446928	0.0050041152348	0.00394358923448
GNGA	730042	98386854	98584699	847003	476075	9223372036854775807	0.00853542355005	0.00480588815105	0.003729535399
CTCG	114107	27029468	27180322	157382	57340	9223372036854775807	0.00578890161972	0.00210517334417	0.00368372827554
TGGA	236306	30277386	30667220	241328	130468	9223372036854775807	0.00790754158252	0.00423629202296	0.00367124955956
AGNT	893330	101019992	102233576	844200	488844	9223372036854775807	0.00828750499489	0.00475888321167	0.00352862178322
NGNT	4021869	502089630	507266350	4041095	2284802	9223372036854775807	0.00798429101493	0.00448395021978	0.00350034079515
TAGT	193176	16226320	16356075	102002	48267	9223372036854775807	0.00624693707045	0.00294233075609	0.00330460631436
AAAC	384497	33823909	33807127	282336	169901	9223372036854775807	0.0082781320547	0.00500046678597	0.00327766526873
TTTC	575357	51281424	51716227	510430	342632	9223372036854775807	0.00985541085283	0.00658162715399	0.00327378369885
GNGN	3088363	539015616	543269469	3451124	1734508	9223372036854775807	0.00636190893473	0.00318256026231	0.00317934867242
GAGN	525588	72539273	72956283	430067	211531	9223372036854775807	0.00589380416487	0.00289103894781	0.00300276521706
NAAC	730561	87410077	87431679	435820	196714	9223372036854775807	0.00496118788564	0.00224486599908	0.00271632188656
TCGT	179805	26305564	26389766	178874	109745	9223372036854775807	0.00675392847679	0.00414139717522	0.00261253130157
AAGC	182912	24605347	24980200	109384	49219	9223372036854775807	0.00442586245426	0.00196644596505	0.00245941648921
AGGA	218606	25687928	25759533	146613	88204	9223372036854775807	0.0056750766348	0.00341244573945	0.00226263089536
TTGC	193430	28273188	28190335	117496	54900	9223372036854775807	0.00413854065651	0.00194369067915	0.00219484997735
GCGA	231304	40715544	40444032	332109	240510	9223372036854775807	0.00809081581351	0.00591158184846	0.00217923396506
ATGT	473467	40675272	40711103	189049	101896	9223372036854775807	0.00462626064434	0.00249665553859	0.00212960510575
AANC	1098538	113583883	113532782	580017	337620	9223372036854775807	0.00508056399615	0.00296494957487	0.00211561442128
TNAC	520313	62739135	62684367	240005	107166	9223372036854775807	0.00381086499435	0.00170669507304	0.0021041699213
TANC	583596	61748496	61417314	260085	131632	9223372036854775807	0.00419433884481	0.00213865563189	0.00205568321292
TTNC	1421143	140875224	141242785	847032	556852	9223372036854775807	0.00597670418117	0.00392703403042	0.00204967015075
NTGT	1253000	118734011	119914723	609134	372707	9223372036854775807	0.00510405520149	0.00309847005626	0.00200558514523
ANAC	1049192	99362963	98575636	566255	369217	9223372036854775807	0.00566656090514	0.00373154326683	0.00193501763831
TNGN	3571561	469461084	472876303	2362959	1468160	9223372036854775807	0.00500813605211	0.00309513468485	0.00191300136725
ANGC	769016	130111625	131028399	484967	238455	9223372036854775807	0.00371347362571	0.00181656673207	0.00189690689364
ANGN	4184924	502870273	505388301	2460055	1518457	9223372036854775807	0.00486821167005	0.00299553512759	0.00187267654246
CTGT	178065	22728239	22805344	145743	103377	9223372036854775807	0.00637156224045	0.00451256095877	0.00185900128168
TNTC	1319253	127931961	128257770	758590	525394	9223372036854775807	0.00589468297482	0.00407967923509	0.00181500373973
TTAC	275304	22895882	22689637	109069	67264	9223372036854775807	0.00474110985935	0.00295576273764	0.00178534712171
CCCG	164364	34526970	34425221	147909	85755	9223372036854775807	0.00426559527432	0.00248486162779	0.00178073364653
ATGC	181273	30651019	30879624	104683	52362	9223372036854775807	0.00340369405322	0.00169281080109	0.00171088325213
CTTG	97471	20472679	20474428	83722	48730	9223372036854775807	0.00407279464922	0.00237439091976	0.00169840372946
AATC	289633	28146386	28010211	111205	62924	9223372036854775807	0.00393540270294	0.0022414311761	0.00169397152684
NTTC	1455608	150449691	151196606	918147	664847	9223372036854775807	0.00606566766185	0.0043779839246	0.00168768373725
NTGC	768893	135758219	135992150	464580	238863	9223372036854775807	0.00341044232985	0.00175336727475	0.0016570750551
AAGN	1171185	118897687	119806717	551302	357348	9223372036854775807	0.00461537602466	0.00297383414917	0.00164154187549
CNGN	3812230	684347330	685373461	3303783	2194157	9223372036854775807	0.00480444652461	0.00319118722662	0.00161325929799
TATC	255321	24490968	24420371	94293	55238	9223372036854775807	0.00383534671444	0.00225685906324	0.0015784876512
ATAC	351320	30115760	29751794	169740	120741	9223372036854775807	0.00560466229714	0.00404187324578	0.00156278905136
TGNT	1440717	157330142	158582993	880472	641198	9223372036854775807	0.00556518919774	0.00402701370924	0.00153817548849
AGAC	98733	13384899	13264698	42785	22581	9223372036854775807	0.00318632759007	0.00169944501052	0.00148688257955
ANTC	514859	60976372	60952861	217486	126430	9223372036854775807	0.00355404949301	0.00206993234417	0.00148411714883
NAGN	3317431	406994190	409151390	1767547	1176932	9223372036854775807	0.00432414984086	0.00286826898583	0.00145588085504
TNNC	4093936	477849736	477937769	1972493	1322496	9223372036854775807	0.00411088290784	0.00275945263269	0.00135143027515
ANNC	3530516	425944965	424711103	1630271	1075909	9223372036854775807	0.00381282839308	0.00252687134571	0.00128595704737
ATNC	940937	109374546	109089180	416745	275079	9223372036854775807	0.00379579287395	0.00251525500667	0.00128053786729
NTAC	1011421	95599606	94895337	417500	293107	9223372036854775807	0.00434818354138	0.00307922881899	0.00126895472238
NTNC	4136922	489578903	489558748	2039045	1414106	9223372036854775807	0.00414762115235	0.00288021219194	0.00126740896042
CTTC	206071	29345581	29288986	92892	55479	9223372036854775807	0.00315546258123	0.00189061207965	0.00126485050157
TAGN	635050	59252959	59346309	218346	144247	9223372036854775807	0.00367145129908	0.0024247041833	0.00124674711578
NANC	3975009	502421851	501050133	1755101	1122069	9223372036854775807	0.00348112104894	0.0022344307302	0.00124669031875
NNAC	2984805	382856758	381465931	1339280	856974	9223372036854775807	0.00348592871226	0.00224149269843	0.00124443601383
GGNN	3049570	528537768	534336441	2447923	1823294	9223372036854775807	0.00461014871303	0.003400654471	0.00120949424202
GTGN	733780	105568139	106799456	452230	331966	9223372036854775807	0.00426550109442	0.00309868004926	0.00116682104516
GCGN	1273399	264181358	264420950	1171556	874339	9223372036854775807	0.00441508624247	0.00329572003821	0.00111936620426
NATC	1211205	140693794	140266721	416216	274057	9223372036854775807	0.00294958522078	0.00195001766676	0.000999567554021
CTNC	590894	99897018	99246284	269942	169182	9223372036854775807	0.00269492056063	0.00170176740911	0.000993153151525
NNTC	3876066	469684400	470907231	1725150	1293869	9223372036854775807	0.00365955674848	0.00274008044454	0.00091947630394
AGNN	3255380	402733122	404337487	1706112	1478258	9223372036854775807	0.00421846313753	0.00364268271553	0.000575780422004
NCGN	3732074	707276696	704620884	2757439	2364297	9223372036854775807	0.00388353019112	0.00334419597969	0.000539334211433
