#Sequence	Occurrence	Forward Match	Backward Match	Forward Mismatch	Backward Mismatch	Strand Bias Score	FER (Forward Error Rate)	RER (Reverse Error Rate), ERD (Error rate Difference)
NGGNAGGT	8498	468442	535311	40004	2704	9223372036854775807	0.0786789550906	0.00502588217801	0.0736530729126
NGGNNGGT	37945	2040644	2316551	159066	13245	9223372036854775807	0.0723122593433	0.00568504710284	0.0666272122404
AGGNNGGT	7008	390015	428131	25492	2423	9223372036854775807	0.0613515536441	0.00562763323532	0.0557239204088
NNGGNGGT	48842	2638994	2893431	156364	18915	9223372036854775807	0.0559370213046	0.00649476401499	0.0494422572896
NGNNAGGT	36636	1816799	1961368	104668	11679	9223372036854775807	0.0544729625854	0.00591927105639	0.048553691529
NAGGNGGT	9052	472727	507740	25658	3510	9223372036854775807	0.0514822877896	0.00686552567237	0.0446167621172
NGNNNGGT	159752	8684316	9310188	448344	49851	9223372036854775807	0.0490923783432	0.00532593934705	0.0437664389962
AGGANGGT	1635	103739	110252	5069	509	9223372036854775807	0.0465866480406	0.00459548035861	0.041991167682
NGGAAGGT	2540	167325	178413	7954	690	9223372036854775807	0.0453790813503	0.00385253178339	0.0415265495669
NNGNNGGT	209987	11504995	12275968	566806	72246	9223372036854775807	0.0469528946012	0.00585072464731	0.0411021699539
ANGGNGGT	9064	514704	559371	25211	3224	9223372036854775807	0.0466943870794	0.00573058772296	0.0409637993565
NNNGNGGT	167987	8727966	9275986	414582	53328	9223372036854775807	0.0453464395265	0.00571617591604	0.0396302636104
ANNAGGGT	7760	298662	310710	13730	1388	9223372036854775807	0.0439511895311	0.00444732103378	0.0395038684973
AGNAAGGT	2815	134228	141621	6178	640	9223372036854775807	0.0440009686196	0.00449877338132	0.0395021952383
ANNNGGGT	31954	1391746	1465544	60039	6159	9223372036854775807	0.0413552970998	0.00418494764229	0.0371703494575
NGNAAGGT	11908	549653	579545	24018	2959	9223372036854775807	0.0418672026301	0.00507979344348	0.0367874091866
NGGANGGT	7410	458132	482518	19568	2164	9223372036854775807	0.0409629474566	0.0044647830949	0.0364981643617
AGNNAGGT	7962	364572	380551	15186	1669	9223372036854775807	0.0399886243344	0.00436659515462	0.0356220291798
NNGGTGGT	17989	992059	1043707	43599	7142	9223372036854775807	0.0420978740086	0.00679640937946	0.0353014646291
NNNCNGGT	205902	12586042	13211796	530782	75230	9223372036854775807	0.0404657407921	0.0056619141108	0.0348038266813
NNGAAGGT	14541	677575	708305	27549	3126	9223372036854775807	0.0390697239067	0.00439396090415	0.0346757630026
NNNNAGGT	192988	7471441	7819615	312220	43994	9223372036854775807	0.0401122299648	0.00559463218479	0.03451759778
NGNANGGT	41546	2053602	2147272	81164	10249	9223372036854775807	0.0380200921319	0.00475035932443	0.0332697328074
AGNNNGGT	34179	1743247	1820360	68251	8606	9223372036854775807	0.0376765527757	0.00470539091487	0.0329711618608
NAGNNGGT	44018	2223751	2301040	87562	12980	9223372036854775807	0.0378840944519	0.00560928600444	0.0322748084475
NGGNNNGT	133189	7028741	7454270	275149	43737	9223372036854775807	0.0376715695335	0.00583315006241	0.0318384194711
NGGNGGNT	31786	1821923	2020395	69861	10544	9223372036854775807	0.0369286345587	0.00519168719494	0.0317369473638
NGGNANGT	35319	1701983	1792138	63288	8734	9223372036854775807	0.0358517190845	0.00484987272832	0.0310018463562
AGGNGGNT	5327	311438	337185	11427	1739	9223372036854775807	0.0353925015099	0.00513094381041	0.0302615576995
AGNANGGT	9918	481401	496329	17335	2250	9223372036854775807	0.03475786789	0.00451282544993	0.0302450424401
NNNAAGGT	66165	2150905	2227057	75619	10711	9223372036854775807	0.0339628048025	0.00478646579985	0.0291763390026
ANNGNGGT	41519	2059058	2148550	71713	10528	9223372036854775807	0.0336558926323	0.00487615547007	0.0287797371622
NNNGTGGT	58961	2855633	2976589	100082	16123	9223372036854775807	0.033860504142	0.00538742117517	0.0284730829668
GNGNNNGT	161857	8667306	9048497	315958	65541	9223372036854775807	0.0351718484506	0.00719121425651	0.0279806341941
NNGNTGGT	75954	4096574	4263275	143137	25192	9223372036854775807	0.0337610275795	0.00587436023176	0.0278866673477
NNGGNNGT	163964	8874746	9318611	318329	66409	9223372036854775807	0.0346270426381	0.00707606376971	0.0275509788684
AGGNNNGT	25230	1201849	1252063	38948	6205	9223372036854775807	0.03138950207	0.00493138186777	0.0264581202023
AAGNNGGT	12319	574782	590478	18103	2848	9223372036854775807	0.0305337460047	0.00480005932658	0.0257336866781
AGGNANGT	5872	282418	293178	8141	1176	9223372036854775807	0.0280184059004	0.00399518946575	0.0240232164346
NANGTGGT	13643	613665	636097	17892	3214	9223372036854775807	0.028329984467	0.00502728718886	0.0233026972781
AANGNGGT	11970	590362	609348	16439	2641	9223372036854775807	0.0270912539696	0.00431543704217	0.0227758169274
NAGNTGGT	13139	650280	668377	18665	3835	9223372036854775807	0.0279021444214	0.0057050454321	0.0221970989893
ANGNTGGT	16766	844024	866910	23364	4521	9223372036854775807	0.0269360424631	0.00518801832847	0.0217480241346
NGGAANGT	8871	499214	513187	13195	2134	9223372036854775807	0.0257509138208	0.00414110816365	0.0216098056571
NNNNTGGT	272676	12017624	12413639	325478	60915	9223372036854775807	0.0263692222587	0.00488314051148	0.0214860817472
ANNGTGGT	12568	669279	686801	17776	3325	9223372036854775807	0.0258727467233	0.00481796077818	0.0210547859452
AGGANNGT	5710	286582	293688	7464	1306	9223372036854775807	0.0253837834897	0.00442720868899	0.0209565748007
ANGGNNGT	34288	1709313	1768750	46028	10154	9223372036854775807	0.026221685701	0.00570800897631	0.0205136767246
NNGGTNGT	47479	2455512	2543387	68243	16931	9223372036854775807	0.027040263417	0.00661285043499	0.020427412982
AANNNGGT	69982	2668391	2733109	63929	11089	9223372036854775807	0.0233973326697	0.00404088917782	0.0193564434919
NGGNAGNT	32452	1972544	2064422	50100	11343	9223372036854775807	0.0247695590524	0.00546449140437	0.019305067648
NGGANNGT	29300	1486746	1529003	36097	6954	9223372036854775807	0.0237036910568	0.00452747049559	0.0191762205612
NGGNNGNT	171775	9580232	10049492	241034	62807	9223372036854775807	0.0245420498742	0.00621095163424	0.01833109824
AAGGNNGT	6887	366662	371349	8953	2450	9223372036854775807	0.0238355763215	0.00655432465041	0.0172812516711
NANNTGGT	75698	2769475	2837660	62245	13632	9223372036854775807	0.021981339963	0.00478099051237	0.0172003494506
CNNNCNGT	163717	10490468	10618076	251045	67061	9223372036854775807	0.0233714747634	0.00627610109257	0.0170953736708
NAGGTNGT	8321	495958	511792	12423	3787	9223372036854775807	0.0244363971116	0.00734514012402	0.0170912569876
NNGAANGT	63127	2387146	2438982	51898	10396	9223372036854775807	0.0212780089248	0.00424434284949	0.0170336660753
NGNANNGT	174720	7765447	7914894	161086	36411	9223372036854775807	0.0203223780182	0.00457924831207	0.0157431297062
NNGGNGGN	184235	10658307	11349373	236625	69570	9223372036854775807	0.0217188138485	0.00609250786172	0.0156263059868
NGNAANGT	60306	2310616	2360613	46457	9810	9223372036854775807	0.0197096144243	0.00413850186233	0.015571112562
AGNNNNGT	137620	5812067	5906364	118017	25900	9223372036854775807	0.019901404432	0.00436595539241	0.0155354490396
ANGGTNGT	7292	447846	456576	9542	2531	9223372036854775807	0.0208619377859	0.00551287608335	0.0153490617025
AGNAANGT	16980	546016	553828	10728	2201	9223372036854775807	0.0192691793715	0.00395842662883	0.0153107527427
AGGNAGGN	5411	345833	356120	6970	1625	9223372036854775807	0.0197560678339	0.00454234161204	0.0152137262218
CTNNNNGT	162480	7315049	7480066	149502	43574	9223372036854775807	0.0200282642586	0.0057916115072	0.0142366527514
NNNGTNGT	205460	8641717	8853084	172786	47896	9223372036854775807	0.0196024665259	0.00538098052125	0.0142214860047
AGGNNGGN	31719	1943094	2044113	39839	12141	9223372036854775807	0.0200909460884	0.00590442620416	0.0141865198843
AGNANNGT	45983	1707157	1716504	31853	7340	9223372036854775807	0.0183167434345	0.00425792589121	0.0140588175433
AGNNANGT	44751	1479574	1503305	26611	5549	9223372036854775807	0.0176678163705	0.00367762553567	0.0139901908348
CNNGNGNT	153980	9603130	9812846	208875	74185	9223372036854775807	0.0212876980801	0.00750326361877	0.0137844344613
ANNAANGT	138494	3150713	3194520	55158	12809	9223372036854775807	0.0172053086353	0.0039936657574	0.0132116428779
AGGNAGNT	5933	373688	382525	7080	2104	9223372036854775807	0.0185939994958	0.0054702063547	0.0131237931411
ANNGNNGT	188159	8390514	8534139	152694	40999	9223372036854775807	0.0178731455444	0.00478114754538	0.013091997999
NNNAANGT	361295	10059666	10212135	175388	41591	9223372036854775807	0.0171360112023	0.00405618406421	0.0130798271381
NNGGTGGN	55020	3325536	3442879	64359	20592	9223372036854775807	0.0189855438	0.00594548070418	0.0130400630958
NAGGNGNT	39008	2385744	2436257	48197	19465	9223372036854775807	0.0198020412163	0.00792638580426	0.011875655412
ANGNTNGT	56723	2019360	2060517	33868	10063	9223372036854775807	0.0164950020163	0.00485999092042	0.0116350110959
NANGTNGT	56343	2110125	2149092	36054	11658	9223372036854775807	0.0167991579454	0.00539534883721	0.0114038091081
NNGNAGNT	199757	9131419	9314737	161996	56930	9223372036854775807	0.017431267193	0.00607469300819	0.0113565741848
NGGAAGNT	9067	608519	623831	10091	3148	9223372036854775807	0.0163123777501	0.00502090181649	0.0112914759336
AGNAAGGN	8487	479362	484868	7209	2053	9223372036854775807	0.0148159261444	0.00421628970613	0.0105996364383
AANGNNGT	63022	2490193	2519266	37313	11000	9223372036854775807	0.0147627740547	0.0043473690118	0.0104154050429
NAGGTGGN	8180	504942	516895	8442	3158	9223372036854775807	0.0164438315179	0.00607245799947	0.0103713735185
ANNGTNGT	51516	1960834	1983164	28329	8306	9223372036854775807	0.0142416684807	0.00417078841258	0.0100708800681
GNGNTGGN	75781	4818319	4978781	79381	31767	9223372036854775807	0.01620781183	0.00634002508308	0.00986778674696
NNNGTGGN	189269	9971652	10260355	149668	51381	9223372036854775807	0.014787399272	0.0049827691477	0.00980463012433
NNGGTGNT	61539	3698663	3800431	63185	26886	9223372036854775807	0.0167962660905	0.00702476434536	0.00977150174513
NAGNNGGN	154947	8506665	8625265	124329	44207	9223372036854775807	0.0144049457108	0.00509915713437	0.0093057885764
AGNNAGGN	26847	1468338	1483437	19984	6354	9223372036854775807	0.0134272019093	0.00426502777906	0.0091621741302
GNNTNGGN	115438	6487353	6669047	91019	32274	9223372036854775807	0.0138360980498	0.0048160653698	0.00902003267999
AANGTNGT	9695	491853	498370	6494	2011	9223372036854775807	0.013031080753	0.00401893756957	0.0090121431834
NNNNCAGT	170541	9067084	9135772	115532	33353	9223372036854775807	0.0125815998404	0.00363753357054	0.00894406626985
CTNNNAGT	26602	1215494	1225451	15499	4766	9223372036854775807	0.0125906483627	0.0038741132662	0.00871653509655
CTTNNNGT	45788	1795101	1823782	23425	8222	9223372036854775807	0.0128813115677	0.00448798146729	0.00839333010043
NNGAAGNT	62681	2720961	2753744	38020	15010	9223372036854775807	0.013780450101	0.00542121112963	0.00835923897133
GNNNTGGN	239155	14018958	14397797	199379	83313	9223372036854775807	0.0140226666452	0.00575321919383	0.00826944745136
AGNNNGGN	136341	7806998	7980899	104053	39994	9223372036854775807	0.0131528667936	0.00498622784271	0.00816663895084
NNNGTGNT	221183	10255515	10435818	146636	62297	9223372036854775807	0.0140966998076	0.00593411293361	0.00816258687396
NNGNTGGN	277380	16380704	16756557	227106	94132	9223372036854775807	0.0136746506613	0.0055862404202	0.00808841024115
NANGTGGN	32448	1868617	1915296	24621	9531	9223372036854775807	0.0130047041101	0.00495161383335	0.00805309027675
ANNNGGNT	199726	8217652	8348982	104822	38689	9223372036854775807	0.0125950528653	0.0046126034271	0.00798244943819
CTNNNGNT	162703	8616286	8760419	122579	53721	9223372036854775807	0.0140268787766	0.00609486574981	0.00793201302679
ANNGNGGN	149090	8224637	8430639	106083	41215	9223372036854775807	0.0127339533678	0.00486493275262	0.00786902061516
NTNTCNGT	34118	1956288	1978800	23409	7953	9223372036854775807	0.0118245367852	0.00400301396298	0.00782152282219
NTNNNAGT	233593	6406635	6484159	72376	22606	9223372036854775807	0.0111708407348	0.00347423028187	0.00769661045293
NGNTGGNT	48495	3024307	3105868	35453	13674	9223372036854775807	0.0115868564855	0.0043833357589	0.00720352072657
ANNAAGGN	87086	2483013	2493320	28269	10281	9223372036854775807	0.0112568003116	0.00410648501898	0.00715031529258
ANNGTGGN	36570	2215725	2258467	26008	10696	9223372036854775807	0.0116017384764	0.00471363229526	0.00688810618118
AAGNNGGN	39887	2159460	2175836	25316	10335	9223372036854775807	0.0115874579362	0.00472744355313	0.00686001438306
NNNAAGNT	313438	9083222	9170118	109157	48122	9223372036854775807	0.0118747279676	0.00522030235707	0.00665442561053
NTTNCNGT	46377	2862831	2893022	30048	11089	9223372036854775807	0.0103868844843	0.00381838022032	0.00656850426396
CTNTNNGT	31195	1367264	1379913	14699	5653	9223372036854775807	0.0106363194963	0.0040799211297	0.00655639836655
NTTNNNGT	378816	10846580	11042148	108485	38097	9223372036854775807	0.00990272536037	0.00343828137374	0.00646444398663
NANGTGNT	37433	2144408	2174424	26875	13361	9223372036854775807	0.0123774745162	0.0061070900477	0.00627038446852
AAGNNGNT	61005	2710825	2727231	32489	15287	9223372036854775807	0.0118429753211	0.00557407462777	0.00626890069332
CNTNNGNT	124692	6584839	6640437	71861	30604	9223372036854775807	0.010795288957	0.00458758985292	0.00620769910407
NAGNTGGN	42383	2491321	2514778	28546	13367	9223372036854775807	0.0113283756643	0.0052872758485	0.00604109981577
NTNNCAGT	37040	2089931	2110305	19176	6582	9223372036854775807	0.00909199959983	0.00310928264003	0.0059827169598
ANNAAGNT	116866	2910167	2927830	31933	14427	9223372036854775807	0.0108538119031	0.00490337859677	0.00595043330629
NNTNCAGT	37059	2076443	2084645	19930	7478	9223372036854775807	0.00950689595792	0.00357435963373	0.00593253632419
NTTNNAGT	72244	1968634	1992944	17780	6573	9223372036854775807	0.00895080280344	0.00328729388147	0.00566350892197
GCGNNNGN	300594	19701305	20176191	251645	141647	9223372036854775807	0.0126119195407	0.00697155868651	0.00564036085421
ANGNTGGN	55478	3334313	3371362	36287	17569	9223372036854775807	0.0107657390376	0.00518423066153	0.00558150837603
AANGNGNT	47865	2595903	2625934	27437	12979	9223372036854775807	0.0104588044249	0.00491831295689	0.00554049146801
NNNTCAGT	35810	1932602	1949686	15659	5342	9223372036854775807	0.00803742414389	0.0027324416837	0.00530498246019
AGGNNNGN	113792	6590483	6733407	66820	34159	9223372036854775807	0.0100370976054	0.00504745723943	0.00498964036601
AGGNANGN	20740	1314197	1330124	11433	5350	9223372036854775807	0.0086245785023	0.00400606825741	0.00461851024488
NANNTGGN	254343	10489748	10600197	96849	51196	9223372036854775807	0.00914826549079	0.00480650746808	0.00434175802271
TNNTNTTG	193249	4154316	4235466	43326	26934	9223372036854775807	0.0103215090758	0.00631897522523	0.00400253385058
NGGANNNT	95796	6059137	6122403	56666	32474	9223372036854775807	0.00926550446442	0.0052761411804	0.00398936328402
AGGANNGN	20272	1299385	1305623	10715	5563	9223372036854775807	0.00817876497977	0.00424272376307	0.00393604121671
NTTTNNGT	153329	3337768	3397438	23135	10453	9223372036854775807	0.00688356670811	0.00306729293865	0.00381627376946
ANGAANGN	80555	2643855	2656533	20018	9951	9223372036854775807	0.0075146225064	0.00373188063382	0.00378274187258
CGNNGGNN	229792	15461687	15784257	146505	94333	9223372036854775807	0.00938641708149	0.0059408927367	0.00344552434479
NNGGAAGN	39169	2558965	2579658	19941	12077	9223372036854775807	0.00773234852298	0.00465981282809	0.00307253569489
NTTNNGNT	362186	10845413	10960419	69938	37024	9223372036854775807	0.00640730655386	0.00336660076347	0.00304070579039
ANNAANGN	529739	13756098	13742822	87257	46560	9223372036854775807	0.00630316855993	0.00337651099955	0.00292665756038
AGNAANGN	64248	2434210	2431530	15282	8132	9223372036854775807	0.00623884462574	0.00333324862215	0.0029055960036
NNGAANNT	155073	8975617	9031951	75429	49799	9223372036854775807	0.00833373291883	0.00548341454015	0.00285031837868
AANNTGNT	129161	3827231	3848500	25869	16044	9223372036854775807	0.00671381485038	0.00415158942426	0.00256222542612
NCNAANGN	192107	7916840	7941676	50496	30601	9223372036854775807	0.00633787755405	0.00383842658754	0.00249945096652
AGNNANGN	165426	6905235	6914811	41558	24489	9223372036854775807	0.00598232882425	0.00352903030565	0.0024532985186
NTNGANGN	205207	9524521	9595709	72937	54083	9223372036854775807	0.00759961648178	0.00560457676186	0.00199503971992
CGTNGGNN	34300	2310661	2322469	15372	11309	139.525523607	0.00660867666108	0.00484579081644	0.00176288584464
TNNNNTTG	215314	8978050	9040665	42372	27453	9223372036854775807	0.00469734121087	0.00302741980199	0.00166992140887
TNNTNTNG	393919	10413120	10549684	59937	44821	9223372036854775807	0.00572297085751	0.00423058934797	0.00149238150954
NTNTCNGN	144605	9266424	9322757	43332	34315	239.975501981	0.00465447214728	0.00366727967894	0.000987192468341
CTTNNNGN	158880	8717070	8773059	45531	37385	185.937592143	0.005196059937	0.00424325947705	0.00095280045995
AAGNNGNN	154574	9090958	9113787	51769	44757	115.284549078	0.00566231497451	0.00488691215547	0.000775402819045
