#Sequence	Occurrence	Forward Match	Backward Match	Forward Mismatch	Backward Mismatch	Strand Bias Score	FER (Forward Error Rate)	RER (Reverse Error Rate), ERD (Error rate Difference)
TTGG	11678	56886	58263	287	152	10.4846496586	0.00501985202806	0.00260207138577	0.00241778064228
TTTT	300622	540862	564294	3851	2662	59.6235224236	0.0070697780299	0.00469524971955	0.00237452831034
ATGG	16083	71943	73734	291	171	8.1568880629	0.00402857380181	0.0023137812056	0.00171479259621
NTGG	34810	171356	175835	695	414	17.9571352735	0.00403949991572	0.00234894949759	0.00169055041814
NTTT	544590	1168849	1202784	5575	3851	80.5965237703	0.00474700789493	0.00319152021945	0.00155548767548
TNGG	26068	127440	131342	581	404	8.89314365492	0.00453831793221	0.00306650676301	0.0014718111692
TTNT	578464	1177779	1203489	5617	4205	51.9604315711	0.00474650919895	0.00348184225474	0.00126466694421
TNTT	583221	1188458	1215988	4881	3574	51.6513370945	0.00409020404093	0.00293056031592	0.00115964372501
CCTT	17450	73337	73184	155	81	5.65290719922	0.00210907309639	0.00110557565004	0.00100349744635
CTTT	47833	160155	162397	416	259	9.18932667019	0.00259075424579	0.00159231752902	0.000998436716767
ATTT	164105	357019	361557	946	605	18.1454153898	0.00264271646669	0.00167052313606	0.000972193330639
ATNG	75605	273676	275825	1002	748	9.2525165725	0.00364790773196	0.0027045300879	0.000943377644065
NTNT	1354129	2737575	2775648	10052	7585	83.5783874033	0.00365842961945	0.00272524794008	0.000933181679374
NNGG	84970	416192	428001	1689	1349	11.3133481459	0.00404182051828	0.00314195877489	0.000899861743389
TTTN	544591	1163465	1194643	7355	6515	17.3124078279	0.00628192207171	0.00542393257173	0.000857989499975
NNTT	1087680	2668309	2712156	7951	5952	70.7982751563	0.00297093705395	0.00218975846434	0.000781178589605
ATNT	595953	965194	969280	2820	2079	26.0241204482	0.00291318100771	0.0021403003421	0.000772880665615
ANTG	90002	314101	318596	1275	1046	6.39028207026	0.00404279336411	0.00327241100982	0.000770382354294
TTNG	83490	321224	326990	1659	1462	4.19058640445	0.0051380840738	0.00445118312569	0.000686900948105
ACAA	44373	146561	145411	229	129	6.59489720373	0.00156005177464	0.000886354266868	0.000673697507776
CTNT	90300	318714	321445	809	603	7.69302517096	0.00253189911211	0.00187239169316	0.00065950741895
NTNG	202811	818905	828921	3311	2818	10.8238454422	0.0040269223659	0.00338808207863	0.000638840287266
ATAT	353454	369302	367556	1193	955	6.23375991301	0.00322001646446	0.00259151015845	0.000628506306011
ANTT	310123	762416	769731	1696	1234	17.7353216364	0.00221956990598	0.00160059146654	0.000618978439444
CTTN	98589	370127	368823	1040	824	6.01279416229	0.00280197323577	0.00222915376021	0.000572819475558
NTTN	1087678	2662663	2697421	11672	10292	23.904697201	0.00436444947996	0.00380099367991	0.000563455800058
ANNG	236040	885721	896165	3828	3379	8.08323096432	0.00430330425867	0.00375634766059	0.000546956598082
TTNN	1087676	2661849	2692877	11844	10527	21.2883808758	0.00442982795706	0.00389397959018	0.000535848366886
TNNT	1180947	2775162	2805074	8765	7352	31.3357672587	0.00314843025697	0.00261411322467	0.000534317032304
TTGN	94689	351950	353644	1154	971	4.29550431198	0.003268158956	0.00273818084401	0.000529978111988
NTCT	93653	349777	349845	1036	855	4.45526510421	0.00295314027701	0.0024379811805	0.000515159096518
CNTT	120809	428132	429424	785	569	8.422808906	0.00183019092272	0.00132327735568	0.000506913567041
NTGT	116806	364498	368719	971	797	4.86842236876	0.00265686008936	0.00215687548036	0.000499984609007
NCTT	98588	370301	369357	588	403	8.18060342109	0.0015853799924	0.00108989614885	0.000495483843543
TTCN	124855	464757	461134	1541	1300	4.74318511509	0.0033047536125	0.00281121197836	0.000493541634139
NTAT	599080	854451	854300	2470	2082	7.97866479686	0.00288241273116	0.00243115805797	0.000451254673192
ATAN	599080	858203	853024	2336	1942	8.18713392838	0.00271457772396	0.00227143535532	0.000443142368637
NCAA	94689	358653	354510	520	365	6.24337027195	0.00144777029454	0.00102853117295	0.00041923912159
ATTN	365271	834779	836147	2369	2022	6.86223198458	0.00282984609651	0.00241240131763	0.000417444778875
ANNT	1058446	2270901	2281862	6474	5663	13.55369749	0.00284274658324	0.00247560135955	0.000367145223689
ATNN	1183999	2475547	2468892	6763	5941	11.9769065899	0.00272447840922	0.00240056601799	0.000323912391234
NTCN	252670	1010367	997667	2851	2518	4.31319499288	0.00281380709778	0.00251753425616	0.000296272841619
TNTN	1354128	2743840	2770929	10746	10172	5.50730014615	0.00390113069623	0.00365754426035	0.000243586435879
NTAN	1064436	2013287	2007629	5160	4708	4.95531181616	0.00255642085227	0.00233956837249	0.000216852479775
ANTN	833781	2041692	2045457	5493	5071	4.54552530989	0.00268319668227	0.00247302158273	0.00021017509954
