#Sequence	Occurrence	Forward Match	Backward Match	Forward Mismatch	Backward Mismatch	Strand Bias Score	FER (Forward Error Rate)	RER (Reverse Error Rate), ERD (Error rate Difference)
AAAAAATT	2715	7014	7795	91	17	13.3706779606	0.0128078817734	0.00217613927291	0.0106317425005
TTTTTTTT	37061	40876	50699	1229	989	23.073330839	0.0291889324308	0.0191340349791	0.0100548974517
ATAAAAAT	3168	8620	8692	139	57	8.20517368399	0.015869391483	0.00651503028918	0.00935436119387
TTTTTTTN	46375	61889	74154	1817	1497	25.7199178269	0.0285216463127	0.0197882380933	0.0087334082194
AAAAANTT	5040	14678	15912	151	35	18.4911408329	0.0101827500169	0.00219477017621	0.00798797984065
NAAAAATT	4966	14891	15924	150	32	19.0504134369	0.00997274117412	0.00200551516671	0.00796722600742
TNTTTTTT	45650	61955	72572	1505	1201	22.2041601003	0.0237157264419	0.0162796687135	0.00743605772837
NTTTTTTT	46375	62970	73869	1542	1257	20.7302302699	0.0239025297619	0.0167318904241	0.00717063933782
NTAAAAAT	5400	15474	15644	229	121	8.14874462293	0.0145832006623	0.00767522993974	0.00690797072255
TTNTTTTT	45244	63653	74094	1419	1134	20.2156671795	0.0218066142119	0.0150741745095	0.00673243970246
TTTNTTTT	46042	65430	75883	1396	1091	21.621627984	0.0208900727262	0.0141736170655	0.00671645566068
ATAAAANT	5237	14873	15154	165	65	10.5153230318	0.0109722037505	0.00427097706814	0.00670122668236
ANAAAATT	5034	14751	15825	123	26	15.8986925474	0.00826946349334	0.00164027506151	0.00662918843183
AAAAAANT	9902	22905	25106	447	321	8.02360062607	0.0191418293936	0.0126243756637	0.00651745372996
TTTTTTNT	45095	61257	71976	1501	1312	14.0482685231	0.0239172695115	0.0179019757668	0.00601529374462
ATNAAAAT	5889	18359	18735	208	98	9.75706264769	0.0112026714063	0.00520363192269	0.00599903948357
TNTTTTTN	62198	105772	119195	2417	1989	24.1943671691	0.0223405336957	0.0164130578294	0.00592747586625
ATANAAAT	8204	19258	19387	202	87	10.791454397	0.0103802672148	0.0044674951217	0.0059127720931
TTTTTNTT	45151	63817	74343	1317	1087	16.1877011098	0.0202198544539	0.0144107119183	0.00580914253556
TTTTNTTT	45797	65167	75597	1300	1055	16.9997571613	0.0195585779409	0.0137635025831	0.00579507535783
NAAAAANT	17190	47643	50747	761	515	14.6845646619	0.0157218411702	0.0100464281534	0.00567541301674
NTAAATTT	2538	8411	8415	56	8	8.34841619423	0.00661391283808	0.000949780363291	0.00566413247479
NTTTTTTN	61586	104023	117775	2529	2175	19.9228695656	0.0237348900068	0.0181325552313	0.00560233477541
TNTNTTTT	62666	107044	118520	1846	1367	28.6337682705	0.0169528882358	0.0114024039304	0.00555048430547
TTTTTTNN	61586	104304	118472	2308	1940	21.5278658714	0.0216485949049	0.0161113510281	0.00553724387675
ANAAANCT	1855	7552	7641	51	9	7.00175727763	0.00670787846903	0.00117647058824	0.00553140788079
NAAAANTT	9954	32728	34651	248	71	24.3446688123	0.00752062105774	0.0020448130868	0.00547580797094
ANAAANTT	9923	31454	32961	225	54	25.2830109091	0.00710249692225	0.00163562017265	0.0054668767496
AANAAATT	5111	15866	16728	125	40	11.1720498107	0.00781689700457	0.00238549618321	0.00543140082136
NNTTTTTT	61586	105846	118182	2057	1636	23.6479712123	0.0190634180699	0.0136540419636	0.00540937610629
ANAAATTT	3511	11111	11399	85	25	8.03767052754	0.00759199714184	0.00218837535014	0.0054036217917
ANAAAANT	18095	49476	52531	699	456	15.2440406891	0.0139312406577	0.00860588446223	0.00532535619547
NTNTTTTT	62198	106988	119292	1952	1531	23.9743408833	0.0179181200661	0.0126714284532	0.0052466916129
AAAANTTT	3797	11759	12464	96	36	7.31316151405	0.00809784900886	0.00288	0.00521784900886
TNTATTTT	10993	24232	25019	221	97	12.0921544033	0.00903774587985	0.00386207994904	0.00517566593081
NTTTTTAA	5006	13935	14468	112	41	8.37595366187	0.00797323271873	0.00282583224206	0.00514740047667
NNAAAATT	9876	32409	34114	225	60	23.3818121134	0.00689464975179	0.00175572072336	0.00513892902844
ATAANTTT	3828	11879	11928	87	26	7.80062963369	0.00727060003343	0.0021750041827	0.00509559585073
ATAAANAT	8960	19334	19492	175	76	9.33029968159	0.00897021887334	0.00388389206868	0.00508632680466
TNNTTTTT	59976	105867	117736	1860	1452	23.1044078533	0.0172658664959	0.0121824344733	0.0050834320226
TATNTTTT	11648	24951	25974	288	167	8.77943754491	0.0114109116843	0.00638843196511	0.00502247971919
TTNTTTTN	61838	107901	120862	2210	1851	19.2874136122	0.0200706559744	0.0150839764328	0.00498667954161
AAANAATT	5169	15356	16524	105	30	10.9317414564	0.0067912812884	0.00181225081551	0.00497903047289
NTAAAANT	9581	30054	30742	295	147	12.2323863559	0.00972025437411	0.00475897568714	0.00496127868698
NTTNTTTT	61838	109259	121028	1835	1422	23.1539993904	0.0165175437017	0.0116129032258	0.00490464047592
TANATTTT	6837	16000	16032	136	59	7.27211731083	0.00842835894893	0.00366664595115	0.00476171299778
CANNTTTT	4877	20610	21150	167	70	9.85630925267	0.00803773403282	0.00329877474081	0.00473895929201
TTTNTTTN	63375	108882	121625	2067	1715	18.8282808068	0.0186301814347	0.0139046538025	0.00472552763222
TTTTTNTN	61720	107396	120852	1988	1652	18.8520465016	0.0181745044979	0.0134852739502	0.00468923054768
AAAAANNT	19750	51963	55710	599	379	15.1125414134	0.0113960655987	0.00675711815151	0.00463894744721
NNAAAAAT	18870	52968	55416	921	700	9.6032754233	0.017090686411	0.0124741606672	0.00461652574377
AAAANATT	5842	16962	17947	111	34	10.5015574233	0.00650149358636	0.00189088482287	0.0046106087635
TTTTNTTN	61887	109201	122001	1977	1640	18.0957418149	0.0177822950584	0.0132642084745	0.00451808658384
NTNAAAAT	11059	35740	36074	370	208	10.9231378096	0.0102464691221	0.00573287029381	0.00451359882832
TTNNTTTT	59855	109123	120758	1691	1313	21.1015772649	0.0152598047178	0.010756035422	0.00450376929581
NTANAAAT	13775	35894	36197	339	178	11.9247475949	0.00935611183176	0.00489347079038	0.00446264104138
TTTTTNAA	6210	18043	18692	133	55	8.29127884843	0.0073173415493	0.00293380274177	0.00438353880752
AANAAANT	18030	48796	51502	626	431	11.0113009963	0.0126664238598	0.00829915468007	0.00436726917975
ANNAAAAT	19660	54475	56944	762	542	11.0590992333	0.0137951011098	0.00942838256271	0.00436671854705
ANAANTTT	9416	31346	32181	216	80	15.0973510776	0.00684367277105	0.00247977434054	0.00436389843052
NNTAAAAT	10361	27268	28061	255	139	8.85708566321	0.00926497838172	0.00492907801418	0.00433590036753
AAAANNTT	11897	38189	40116	239	77	20.5841849054	0.00621942333715	0.00191575647501	0.00430366686214
ATNAAANT	10022	32670	33542	252	114	12.8423857863	0.00765445598688	0.00338721178987	0.004267244197
NATATTTT	8475	21195	21619	159	69	8.77856437066	0.00744591177297	0.00318148284766	0.00426442892531
ATAAANNT	13961	35525	35714	247	95	15.5985175098	0.00690484177569	0.00265296433857	0.00425187743712
TANNTTTT	18009	45787	47022	436	246	13.385179804	0.00943253358718	0.00520436659051	0.00422816699667
NATNTTTT	21470	57647	59638	562	328	15.9309976032	0.00965486436805	0.00546976620085	0.00418509816721
TNTTNTTT	61190	107945	119131	1649	1313	17.8205808682	0.0150464441484	0.0109013317392	0.00414511240917
NNTATTTT	19652	51071	52466	388	180	18.5768269921	0.00753998328767	0.00341906317669	0.00412092011098
NCANTTTT	4541	19091	19516	125	47	8.71048979037	0.0065049958368	0.00240249450493	0.00410250133187
TTNTNTTT	60010	106288	117021	1570	1237	17.7364188707	0.0145561757125	0.0104601802838	0.00409599542872
TNTTTTNT	61629	104965	116236	1919	1634	14.0326756719	0.0179540436361	0.0138627301264	0.00409131350968
ATATNTTT	12417	24096	24823	217	121	7.22940712695	0.00892526631843	0.0048508659397	0.00407440037873
NANAAATT	10332	34195	35133	211	73	16.1316619501	0.00613265128175	0.00207351019713	0.00405914108463
ATANNTTT	18374	43892	44830	331	156	15.2451959559	0.00748479298103	0.00346774552083	0.0040170474602
NTTTTTNT	61720	107562	119684	2009	1742	13.387449718	0.018335143423	0.0143461861545	0.00398895726846
NTTTNTTT	63375	110017	121666	1697	1379	16.5653785142	0.015190575935	0.0112072818887	0.00398329404624
NAAANTTT	8074	27268	28249	173	66	11.9512606204	0.00630443496957	0.00233092000706	0.00397351496251
TTTNNTTT	60177	109071	120294	1517	1187	17.9762459426	0.0137175823778	0.00977107531219	0.00394650706565
NTTATTTT	9073	22713	23556	182	95	7.30890023065	0.0079493339157	0.00401674347808	0.00393259043763
NNAAATTT	7536	26456	27142	155	53	12.1374134898	0.00582465897561	0.00194888766317	0.00387577131244
ANNAAATT	9543	31975	33254	179	60	14.632783846	0.00556695900977	0.00180104460587	0.00376591440389
NAAAANGT	4251	16746	17760	101	40	7.15822870599	0.00599513266457	0.00224719101124	0.00374794165333
ATNNAAAT	14193	41209	42002	320	167	11.8328626587	0.00770545883599	0.00396025516375	0.00374520367225
TNTTTNTT	62687	108808	119950	1629	1338	14.6743058699	0.0147504912303	0.011031594222	0.00371889700828
NNTTTTAA	9777	29684	30418	190	81	10.8196373937	0.00636004552454	0.00265582478114	0.0037042207434
ATANAANT	14093	36658	36925	247	111	12.1755149394	0.00669286004606	0.00299708391835	0.00369577612771
AAANAANT	19416	48614	51793	548	389	8.98745186128	0.0111468207152	0.00745467785827	0.00369214285692
ANANAAAT	23720	56516	58592	684	489	9.38904716538	0.011958041958	0.00827677256648	0.00368126939157
NTAANTTT	7953	26332	26414	159	62	10.0000100189	0.00600203842815	0.00234174346578	0.00366029496237
NANATTTT	14427	42533	43326	283	129	13.8891930448	0.00660967862481	0.00296858819468	0.00364109043013
TTTNTNTT	60509	108311	119464	1516	1227	14.9898589377	0.0138035273658	0.0101664581452	0.00363706922059
ANANTTTT	13429	40269	41490	315	172	10.8136049423	0.0077616794796	0.00412846238779	0.00363321709181
TAAAANNT	10149	30050	30605	248	141	7.5118261401	0.00818535876956	0.00458596240161	0.00359939636794
NANAAAAT	19784	53047	55696	791	626	6.79588390014	0.0146922248226	0.0111146621214	0.00357756270124
NTTTTNTT	61887	110007	121765	1676	1408	13.4741258889	0.0150067602052	0.0114310766158	0.00357568358941
NTAAANAT	14444	36279	36559	291	161	9.05640758302	0.00795734208368	0.00438453159041	0.00357281049326
TTTATTNT	9102	21678	22351	146	70	6.9717280441	0.00668988269795	0.00312207305651	0.00356780964144
ATAANAAT	9992	25977	25831	190	96	7.26439926582	0.00726105399931	0.00370270374513	0.00355835025418
TNTANTTT	16815	41965	42694	279	131	12.9188124925	0.00660448821134	0.00305896088733	0.00354552732401
NAANTTTT	9954	33147	33867	252	136	8.7916709669	0.00754513608192	0.00399964708996	0.00354548899196
TNNATTTT	18218	49799	51054	351	177	14.1898046856	0.00699900299103	0.00345493939216	0.00354406359886
TANANTTT	11303	29500	29631	185	80	9.83739549535	0.00623210375611	0.00269260543233	0.00353949832377
AAANANTT	11241	36128	38072	191	66	15.4140231553	0.00525895536771	0.00173055744926	0.00352839791845
NCATTTNT	5521	22354	22509	137	58	7.72267098057	0.00609132541906	0.0025701245181	0.00352120090095
NAAANATT	11784	37106	38460	196	67	15.5110779209	0.00525440995121	0.00173904015366	0.00351536979755
TTTNTTNT	61058	108491	119480	1742	1487	12.1122980342	0.0158028902416	0.012292608728	0.00351028151358
NANTTTTT	17191	48861	50630	516	354	8.59112439508	0.0104502096118	0.00694335477797	0.00350685483379
AAAANANT	18166	48222	51530	515	367	8.468923044	0.0105669204095	0.00707169971289	0.00349522069665
AANAANTT	11144	40908	42603	249	110	13.7056027675	0.00605000364458	0.00257532835437	0.00347467529022
TATNNTTT	20316	50821	51500	391	216	12.2344690356	0.00763492931344	0.00417665712739	0.00345827218605
ATNNTTTT	20995	57253	59432	511	324	11.4445584716	0.00884634028114	0.00542204966865	0.00342429061249
TTNTTTNT	61767	106996	117928	1782	1549	10.9264992203	0.0163819890051	0.0129648384208	0.00341715058435
ANNTTTTT	19750	53153	55196	562	398	8.22995342258	0.0104626268268	0.00715904594021	0.00330358088656
NNATTTTT	18870	54346	56248	483	312	10.070457097	0.00880920680662	0.00551626591231	0.00329294089431
NAANAATT	10896	37175	38876	179	60	14.7909450475	0.00479199014831	0.00154099034313	0.00325099980518
NNAATTTT	9876	33039	33482	203	96	9.33432350927	0.0061067324469	0.00285901483114	0.00324771761577
ATNTNTTT	27510	60703	62707	524	338	10.8446377503	0.00855831577572	0.00536124990086	0.00319706587486
NTAAANTT	6156	20585	20980	98	33	7.89966435922	0.0047381907847	0.00157045638414	0.00316773440056
NCATNTTT	5954	24704	25060	132	54	8.00476626252	0.0053148655178	0.0021501951103	0.0031646704075
NTTTTNAA	11839	37504	38224	214	97	10.7751815497	0.00567368365237	0.00253124918452	0.00314243446785
TNTATTNT	22547	49461	50068	304	149	12.6980485747	0.00610871094142	0.00296712268754	0.00314158825389
ATNANTTT	10448	33618	34153	179	74	10.5373735539	0.00529632807646	0.00216203581967	0.00313429225678
TTTTNNTT	59330	107652	118853	1415	1182	11.7169477675	0.0129736767308	0.00984712792102	0.00312654880979
NTAANAAT	15254	43205	43097	323	186	8.65678293462	0.00742051093549	0.00429729917058	0.00312321176491
TNAANTTT	6987	23412	23721	120	47	7.78469256296	0.0050994390617	0.00197744867048	0.00312199039122
TTNTTNTT	63543	118720	129231	1568	1296	12.5293128308	0.0130353817505	0.00992898021099	0.00310640153947
NTANTTTT	16631	45974	47595	381	245	8.20479657078	0.00821917808219	0.00512123745819	0.003097940624
TANATNTT	20165	41431	41466	279	150	9.17236367731	0.00668904339487	0.00360438292964	0.00308466046523
NTNTTTAA	9918	29434	29961	159	69	8.74906648793	0.00537289223803	0.0022977022977	0.00307518994033
NTANATTT	15359	36641	36733	187	75	11.1785481155	0.00507765830346	0.00203760052163	0.00304005778184
ANATTTNT	16698	43125	44083	293	166	8.97583447515	0.00674835321756	0.00375149720898	0.00299685600858
ANNAATTT	8355	29754	30662	143	55	9.76372201733	0.00478308860421	0.0017905394407	0.00299254916351
NTATNTTT	23827	54943	56270	411	252	9.87827364417	0.00742493767388	0.00445844096104	0.00296649671284
TTTTTNNT	59052	103580	115240	1710	1551	8.1122186757	0.0162408585811	0.013280132887	0.00296072569411
ANATNTTT	19756	49124	50319	336	194	9.76438344795	0.00679336837849	0.00384059549027	0.00295277288822
NATANTTT	14121	39933	40676	216	99	10.6406216321	0.0053799596503	0.00242795830779	0.00295200134252
TAAANNTT	7301	23046	23279	111	43	7.30306180347	0.00479336701645	0.00184375267987	0.00294961433658
AAANNTTT	10318	34488	35697	192	93	8.93099975492	0.00553633217993	0.00259849119866	0.00293784098127
AANANTTT	10326	34901	36498	186	87	9.49810491966	0.00530110867273	0.00237802378024	0.00292308489249
TTTTNTNT	60856	106414	117420	1620	1435	8.73825963611	0.0149952792639	0.0120735349796	0.00292174428434
ATNTTTNT	24600	60574	62531	536	368	8.73337165706	0.00877106856488	0.00585064945389	0.002920419111
ANANAATT	11374	34619	36127	159	60	11.3700913961	0.00457185577089	0.00165805399729	0.0029138017736
NTNATTTT	16933	50349	51587	326	184	10.1002635839	0.00643315244203	0.00355411330668	0.00287903913536
ATNAANAT	16094	44136	44631	270	144	9.3649568374	0.0060802594244	0.00321608040201	0.00286417902239
ANAAANAT	24600	59800	61997	622	465	6.94385982031	0.0102942636788	0.00744452627197	0.00284973740682
TNANTTTT	13998	42245	43660	322	208	6.86914914015	0.00756454530505	0.00474149721893	0.00282304808612
NTAAATNT	11352	28549	28541	123	42	9.2951966548	0.00428989955357	0.00146940489102	0.00282049466255
AAAANTNT	13429	39581	41615	196	88	10.8640770807	0.00492747064887	0.00211015994053	0.00281731070834
TNTTTNAA	12120	37472	38128	198	96	8.77840863472	0.00525617202018	0.00251151109251	0.00274466092767
TNTTNTAA	12015	34692	34999	171	76	8.81059230662	0.00490491351863	0.00216678545973	0.0027381280589
ANNATTTT	12970	42056	43090	239	126	8.92412430932	0.00565078614493	0.0029155868197	0.00273519932524
ANANATTT	15527	39652	39994	211	103	8.98048967707	0.00529312896671	0.00256877073098	0.00272435823573
TATNTNTT	29457	58059	58566	431	276	8.41143760529	0.0073687809882	0.00469052717447	0.00267825381374
ANAANATT	12662	38015	39456	162	62	11.2350889732	0.00424339261859	0.00156890530897	0.00267448730962
TTTTNNAA	13593	42627	43698	214	102	9.96045579652	0.00499521486427	0.00232876712329	0.00266644774098
NAAAATNT	14427	41521	43433	197	90	10.4692571311	0.00472218227144	0.00206787215955	0.00265431011189
TNTATNTT	26481	55587	56162	357	211	9.22290422196	0.00638138138138	0.00374292657833	0.00263845480305
NTTANTTT	13989	41336	42564	234	128	8.13952584572	0.00562905941785	0.00299821980699	0.00263083961086
ANAAATNT	16698	42576	44008	194	86	10.565599352	0.00453588964227	0.00195037873634	0.00258551090594
TNATNTTT	17183	49846	50927	319	193	8.05567948013	0.00635901524968	0.00377543035994	0.00258358488974
TNANATTT	10293	31075	31493	122	42	9.37596269986	0.00391063243261	0.00133185349612	0.00257877893649
ATANNAAT	18876	48669	48724	276	150	8.8511980302	0.00563898253141	0.00306911650366	0.00256986602775
ATNNATTT	17492	39801	40147	207	106	7.96622785892	0.00517396520696	0.00263334409858	0.00254062110838
ATNAANTT	6852	23223	23496	77	18	8.70853864996	0.00330472103004	0.000765501403419	0.00253921962662
AANNAATT	9829	34691	35916	163	77	8.03984854064	0.00467665117347	0.00213930486483	0.00253734630863
TTTANTNT	14188	36662	37351	196	105	7.02725657136	0.00531770578979	0.00280328919265	0.00251441659714
NTNAATTT	7554	25624	26007	100	36	7.37466016574	0.00388742030788	0.00138232922474	0.00250509108314
TTNANTTT	13308	39354	40637	221	126	7.01682349538	0.0055843335439	0.00309103844172	0.00249329510218
NTTTNTAA	10954	31579	32272	138	61	7.49954987895	0.00435097897027	0.00188661738781	0.00246436158246
NATATTNT	20010	47799	47924	248	132	8.47349193392	0.00516161258767	0.00274679540536	0.00241481718231
ATANANAT	77525	71906	71295	436	259	10.233137944	0.00602692764922	0.0036196439053	0.00240728374392
ATAANANT	16276	43811	44083	228	123	7.66315752047	0.00517722927405	0.00278242772474	0.00239480154931
AAANNATT	11586	37597	39097	142	55	9.79283433696	0.00376268581573	0.00140478136494	0.0023579044508
NNATATTT	18765	47033	47380	214	104	9.15853018328	0.0045293881093	0.00219021143964	0.00233917666966
NTTATTNT	21216	55166	55899	281	154	9.15664967544	0.00506790268184	0.00274739978235	0.00232050289949
NAANATTT	10617	35181	36330	145	65	7.8616576858	0.00410462548831	0.00178595960984	0.00231866587847
TNTNCTTT	6929	26681	26728	95	33	7.16409419682	0.0035479533911	0.00123313777512	0.00231481561598
AAANATNT	19756	48201	49888	216	108	9.37099865823	0.00446124295186	0.00216017281383	0.00230107013803
NATATNTT	24364	52416	52791	299	184	6.82560239001	0.00567200986436	0.00347333647947	0.00219867338489
ATNANAAT	17529	52026	52099	288	174	6.84251351567	0.00550521848836	0.00332867828516	0.0021765402032
AANANATT	13383	39994	41096	169	87	6.86946474113	0.00420785299903	0.0021125221572	0.00209533084183
ATATNTNT	83395	80885	80452	483	312	8.54209833262	0.00593599449415	0.00386310732505	0.0020728871691
ATANATNT	78608	69799	68636	356	219	7.31953730921	0.0050744779417	0.00318059690654	0.00189388103516
