#Sequence	Occurrence	Forward Match	Backward Match	Forward Mismatch	Backward Mismatch	Strand Bias Score	FER (Forward Error Rate)	RER (Reverse Error Rate), ERD (Error rate Difference)
ANAAAAAATT	1661	3504	3926	54	9	9.47873981933	0.0151770657673	0.00228716645489	0.0128898993124
AANAAAAATT	1669	3608	3948	48	8	8.18295285395	0.0131291028446	0.00202224469161	0.011106858153
NTTTTTTTTT	30833	28731	37546	953	818	17.6211324704	0.032104837623	0.0213220727766	0.0107827648464
TTTTTTTTTT	26219	21299	29265	716	653	13.1676349679	0.0325232795821	0.0218263252891	0.010696954293
NNAAAAAATT	2715	7014	7795	91	17	13.3706779606	0.0128078817734	0.00217613927291	0.0106317425005
ANNAAAAATT	2610	6643	7149	83	15	11.9317082	0.0123401724651	0.00209380234506	0.01024637012
TATNTTTTTN	6915	12701	13562	307	186	8.91250282097	0.0236008610086	0.0135292406168	0.0100716203918
NNTTTTTTTT	37060	40876	50699	1229	989	23.073330839	0.0291889324308	0.0191340349791	0.0100548974517
TNTTTTTTTT	29905	27859	36376	877	760	15.6010964388	0.0305192093541	0.0204653166738	0.0100538926803
NTTTTTTTTN	37060	40455	51329	1291	1106	20.665613577	0.0309251185742	0.021092781539	0.00983233703519
TTTTTTTTTN	30833	28848	38514	915	826	15.1565016616	0.0307428686624	0.0209964412811	0.00974642738129
AANNAAAAAT	5946	12230	13150	277	167	8.40673383515	0.0221475973455	0.0125403619434	0.00960723540211
AANAAAAANT	6324	12343	13779	241	136	9.76632184391	0.0191513032422	0.0097736255839	0.00937767765831
NNATAAAAAT	3168	8620	8692	139	57	8.20517368399	0.015869391483	0.00651503028918	0.00935436119387
ANNTAAATTT	1050	3295	3327	32	1	8.42250673995	0.00961827472197	0.000300480769231	0.00931779395274
TNTTTTTTTN	36273	39882	50385	1211	1038	19.0015280058	0.0294697393717	0.020185520098	0.00928421927366
ANAAAAANTT	2892	7129	7868	79	14	11.8919616953	0.0109600443951	0.00177619893428	0.00918384546084
NAAAAAANTT	2803	6695	7508	78	19	9.9201933436	0.0115163147793	0.00252424604756	0.00899206873171
ANANAAAATT	2714	6667	7211	67	12	9.83414636596	0.00994950994951	0.0016613595459	0.00828815040361
TTNTTTTTTT	29155	27629	35960	822	762	10.5864951634	0.0288917788478	0.0207505037852	0.00814127506265
NANAAAAATT	2732	6980	7570	70	14	9.68931976897	0.00992907801418	0.00184599156118	0.008083086453
NTNTTTTTTT	36273	40161	49535	1139	987	15.0448171054	0.0275786924939	0.0195360437037	0.00804264879021
TATNTNTTTT	8013	13368	13980	224	120	8.5228292851	0.0164802825191	0.00851063829787	0.00796964422126
TTTTTTNTTT	28860	27314	35673	744	675	10.9345350542	0.0265165015325	0.0185704853087	0.00794601622386
TTTNTTTTTT	29175	28242	36578	802	735	10.6767461486	0.0276132764082	0.0196982284995	0.00791504790876
TTTTTNTTTT	29217	28625	36963	763	680	11.4823932228	0.0259629780863	0.0180644475733	0.00789853051304
TTTTTTTNTT	29091	27651	36004	756	690	10.6163346305	0.0266131587285	0.0188041641685	0.00780899455995
NTTNTTTTTT	35435	40126	49371	1084	934	14.5814488378	0.026304295074	0.0185667428685	0.00773755220551
TNTNTTTTTT	35335	39665	48739	1040	884	14.8643591561	0.0255496867707	0.0178143199726	0.00773536679807
TTNTTTTTTN	35435	40021	50189	1129	1011	13.8606328338	0.0274362089915	0.01974609375	0.00769011524149
AANAAAANTT	2838	7251	7838	69	14	9.43611898821	0.0094262295082	0.00178298522669	0.0076432442815
NTTTTNTTTT	36412	42926	52249	1052	869	16.3454117628	0.0239210514348	0.0163598027034	0.00756124873139
ANAANAAATT	2734	6939	7421	66	14	8.67163916674	0.00942184154176	0.00188298587761	0.00753885566415
TNNTTTTTTT	34873	39407	48488	1055	918	13.5410955547	0.0260738470664	0.0185807391815	0.00749310788491
AAANAAANTT	2783	6762	7325	61	12	8.56467671963	0.00894034882017	0.00163554586343	0.00730480295674
NTTTTTTNTT	35247	39706	48965	1009	872	13.6050632661	0.024782021368	0.0174970403515	0.0072849810165
TTTTTTTTNT	29678	27856	36621	831	812	8.52210893365	0.0289678251473	0.0216920898672	0.00727573528005
NTTTTTTTNT	35915	39931	49656	1137	1037	12.0235161825	0.0276857894224	0.0204564732803	0.00722931614209
NTTTNTTTTT	35841	41795	51094	1056	911	13.6692504921	0.0246435322396	0.0175175463898	0.00712598584985
AAAAAANNTT	3164	7529	8324	72	20	8.14489616869	0.00947243783713	0.00239693192713	0.00707550590999
TTTTNTTTTT	29447	29229	37565	775	719	9.31304838099	0.0258298893481	0.0187806916728	0.00704919767533
TNTTTNTTTT	34971	40803	49678	968	816	13.7878889922	0.0231739723732	0.0161603358815	0.00701363649169
NTTTTTNTTT	35466	40665	49946	990	857	12.9785894813	0.0237666546633	0.0168690825345	0.00689757212881
TTTNTTTTTN	35841	41823	52023	1090	988	12.0024245742	0.025400228369	0.0186376412443	0.00676258712476
TTTTTTTNTN	35915	40417	51048	984	884	12.4977492141	0.0237675418468	0.0170222598783	0.00674528196851
TTTTTTNTTN	35247	39962	50028	977	874	12.0686700558	0.0238647744205	0.0171702487132	0.00669452570727
TNTTNTTTTT	34955	40667	49686	983	855	12.2277005188	0.0236014405762	0.0169169585089	0.0066844820673
TTTTTNTTTN	35466	40830	50911	981	875	12.0299803083	0.0234627251202	0.0168964585023	0.00656626661789
TTTTTTTTNN	37060	41276	52546	1089	1026	11.1091824037	0.0257051811637	0.0191517957142	0.00655338544952
TNTTTTNTTT	35101	40344	49212	925	800	11.7875746422	0.0224139184376	0.0159961609214	0.00641775751619
TNTTTTTNTT	34959	40634	49657	937	818	11.4937618419	0.0225397512689	0.0162060425953	0.00633370867357
TTNNTTTTTT	33762	39459	48349	980	883	10.2584753658	0.0242340315042	0.0179354891128	0.00629854239147
TTTTNTTTTN	36412	43004	53130	1039	941	11.0788248397	0.0235905819313	0.0174030441457	0.00618753778563
TNTTTTTTNT	35049	39037	48315	1037	972	9.11323343098	0.0258771273145	0.0197212246637	0.00615590265076
TTTNTNTTTT	33736	40091	48784	872	775	9.5407701911	0.0212875033567	0.0156379265118	0.00564957684485
TTNTNTTTTT	33857	39716	48475	932	853	8.73063679577	0.0229285573706	0.0172924099903	0.00563614738033
TTNTTNTTTT	34150	40617	49385	902	808	9.37631454522	0.0217249933765	0.0160978622517	0.00562713112482
TTTTTNTNTT	33591	39179	47843	813	725	8.96826537458	0.0203290658132	0.0149275242958	0.00540154151733
TTTNTTNTTT	33453	39242	47749	848	771	8.16810431262	0.0211524070841	0.015890354493	0.00526205259107
TTTTTNNTTT	33451	39608	48382	800	716	8.68063958115	0.0197980597901	0.0145830787405	0.00521498104966
TTTTNNTTTT	34178	42193	51038	852	768	8.32104428048	0.0197932396329	0.0148245376983	0.00496870193461
