#Sequence	Occurrence	Forward Match	Backward Match	Forward Mismatch	Backward Mismatch	Strand Bias Score	FER (Forward Error Rate)	RER (Reverse Error Rate), ERD (Error rate Difference)
GAGC	1800	9302	9127	132	71	4.2964661729	0.0139919440322	0.0077190693629	0.00627287466932
GAGN	5282	27283	27141	349	223	6.55370779307	0.012630283729	0.00814939336354	0.00448089036547
GAAN	6154	31998	31543	421	282	6.21280142635	0.0129862117894	0.00886095836606	0.00412525342332
CAGN	6907	35179	35049	453	304	6.9348187232	0.0127132914234	0.00859898735609	0.00411430406735
NGAC	4653	23401	23736	227	137	5.75988439676	0.00960724564077	0.00573870062414	0.00386854501663
CCNA	4799	24696	24037	258	165	4.52972091209	0.0103390238038	0.00681761837865	0.00352140542515
GANA	5382	28493	27988	358	253	4.13393338642	0.0124085820249	0.00895860628165	0.00344997574324
NAGC	6771	34321	34141	405	283	5.21102764618	0.0116627310949	0.00822100859865	0.0034417224962
NCGA	5357	27469	27163	206	114	6.17898393245	0.00744354110208	0.00417934523591	0.00326419586616
GNAG	5698	29065	29069	315	221	4.19792093942	0.0107215793057	0.00754523728235	0.0031763420233
CANG	5816	29729	29782	273	183	4.51725963195	0.00909939337378	0.00610712497914	0.00299226839463
NAGN	20612	106941	106057	1004	683	13.4964829974	0.00930103293344	0.00639872587596	0.00290230705748
GANN	21945	113455	112794	1335	1065	6.98274870694	0.011629932921	0.00935367428135	0.00227625863964
NGAN	21946	113638	113004	1250	1032	4.93905294497	0.0108801615486	0.00904977375566	0.00183038779298
GNAN	20624	107092	107013	1097	911	4.3699981452	0.0101396629972	0.00844112523628	0.00169853776088
NNAG	20613	107006	105993	987	797	4.68152037494	0.00913948126267	0.00746324562225	0.00167623564043
CANN	23818	122824	122859	1186	994	4.34490205981	0.00956374485929	0.00802564330295	0.00153810155634
NCNA	21018	108517	107402	780	609	4.87564760898	0.00713651792821	0.0056383146161	0.00149820331211
