#Sequence	Occurrence	Forward Match	Backward Match	Forward Mismatch	Backward Mismatch	Strand Bias Score	FER (Forward Error Rate)	RER (Reverse Error Rate), ERD (Error rate Difference)
GGGT	2508	153066	162049	2267	574	239.862017947	0.0145944519194	0.00352963602934	0.0110648158901
AGGT	6823	364572	367353	5173	1361	9223372036854775807	0.0139907233364	0.00369120781961	0.0102995155167
AAGT	14613	785728	793159	10019	2485	9223372036854775807	0.0125906852304	0.00312325612963	0.00946742910073
NGGT	18743	1053422	1062399	12539	2837	9223372036854775807	0.0117630945222	0.00266325959693	0.00909983492529
CGGT	1032	54845	56842	605	109	79.302882171	0.0109107303877	0.00191392600657	0.00899680438117
TGGT	8380	480939	476155	4494	793	9223372036854775807	0.00925771424687	0.00166265504835	0.00759505919852
NAGT	33944	1863349	1858466	17170	4115	9223372036854775807	0.00913045813416	0.00220929989085	0.00692115824331
GAGT	3590	198405	193581	1605	340	172.419560587	0.00802459877006	0.00175329128872	0.00627130748134
GNGT	15166	832026	817897	6441	1539	9223372036854775807	0.00768187656759	0.00187812104911	0.00580375551848
ANGT	57630	3052907	3049770	23480	6088	9223372036854775807	0.00763232974265	0.00199223916818	0.00564009057447
GCGT	952	48018	47249	338	90	31.1320208708	0.00698982546116	0.00190118084455	0.00508864461662
TAGT	11917	670684	663465	4296	985	9223372036854775807	0.00636463302616	0.00148242907668	0.00488220394948
NNGT	137514	7586234	7489853	48904	12101	9223372036854775807	0.00640512326038	0.00161304641431	0.00479207684607
ACGT	4218	217982	218470	1442	411	125.773313376	0.00657175149482	0.00187773264925	0.00469401884558
CAGT	3824	208532	208261	1250	305	125.190998877	0.0059585665119	0.00146236682873	0.00449619968318
CCGT	1276	68844	67928	363	85	37.4846189122	0.00524513416273	0.00124976107509	0.00399537308764
CNGT	11403	631245	627317	3306	840	9223372036854775807	0.00520998312192	0.00133724530651	0.00387273781542
TNGT	53315	3070056	2994869	15677	3634	9223372036854775807	0.0050804784471	0.00121193809044	0.00386854035666
GGGN	7871	434380	446290	3281	1629	131.222045404	0.00749666979694	0.00363681826402	0.00385985153293
GTGT	8116	432537	415018	2231	535	211.602758246	0.00513147241747	0.0012874410725	0.00384403134497
NCGT	11442	619483	619216	3188	898	278.973077656	0.00511987871605	0.0014481208294	0.00367175788665
CCTG	2309	136710	135163	2422	1916	12.3322641736	0.0174079291608	0.013977341533	0.00343058762781
CGGN	3125	166259	171179	923	390	51.3307871146	0.00552092928665	0.00227313792119	0.00324779136546
NGGN	55704	3106750	3149482	18953	9625	9223372036854775807	0.00606359593346	0.00304674707125	0.00301684886221
TGGN	22470	1274027	1275996	6973	3184	9223372036854775807	0.00544340359094	0.00248909457621	0.00295430901473
ATGT	31976	1684625	1670788	6846	1831	9223372036854775807	0.00404736469026	0.00109469042262	0.00295267426764
NTGT	73385	4049980	3949772	16007	4251	9223372036854775807	0.00393680550381	0.00107510755501	0.00286169794879
AGGN	22238	1232084	1256017	7776	4422	214.954224758	0.00627167583437	0.00350830147274	0.00276337436163
TTTC	35024	2018587	1981157	21208	15567	165.652381073	0.0103971232403	0.00779627029074	0.00260085294959
TTGT	28022	1633794	1569680	5842	1544	9223372036854775807	0.00356298593102	0.000982673380753	0.00258031255027
TCGT	4996	284639	285569	1045	312	87.4546903132	0.0036578877361	0.00109136318958	0.00256652454652
CTGT	5271	299024	294286	1088	341	83.1959463976	0.0036253132164	0.00115739562226	0.00246791759414
AAAC	20304	1116384	1154667	10912	8504	84.3163746346	0.00967980015896	0.00731104884836	0.0023687513106
TTTG	28027	1625449	1554158	15838	11427	115.469981588	0.00964974437743	0.00729886911282	0.00235087526461
GGNT	18355	1081024	1092704	4579	2115	203.540998817	0.00421793233806	0.00193182617401	0.00228610616406
AAGN	61971	3475256	3494583	15075	7443	9223372036854775807	0.00431907460926	0.00212534115966	0.0021937334496
AGNT	39348	2218581	2218065	9884	5136	9223372036854775807	0.00443534002105	0.00231018248013	0.00212515754092
NAGN	127821	7194862	7204193	26491	13630	9223372036854775807	0.00366842612458	0.00188838102569	0.00178004509889
TTNC	69210	3915085	3866624	29264	21968	206.509098024	0.00741922177779	0.0056493455729	0.00176987620489
TCGG	1138	62856	65513	222	115	9.10301066364	0.00351945210692	0.0017523008472	0.00176715125972
CCNG	5085	284936	285538	2753	2251	11.9848936754	0.00956936135897	0.0078217027058	0.00174765865317
GNGN	45973	2529781	2501702	10356	5858	260.860682738	0.00407694545609	0.00233613552617	0.00174080992992
TNGN	128234	7357161	7246462	26280	13493	9223372036854775807	0.00355931604248	0.00185855146485	0.00170076457763
TTAC	17594	959071	968033	5424	3841	62.9262933222	0.00562366834457	0.00395215840737	0.00167150993721
GCGN	2656	140353	135885	550	309	13.8787650132	0.00390339453383	0.00226882241508	0.00163457211874
ANGN	178152	9966483	10012601	37057	20806	9223372036854775807	0.00370438864642	0.00207367248234	0.00163071616408
NGNT	135694	7879654	7792438	26286	13393	9223372036854775807	0.00332484182779	0.00171576863501	0.00160907319278
TAGN	36165	2052093	2039305	6461	3335	213.341671258	0.003138610889	0.0016326910273	0.0015059198617
ANAC	56255	2977091	3044292	21443	17305	117.739637484	0.00715116120077	0.00565227885969	0.00149888234108
CCGN	3125	171138	168222	581	320	16.3246048575	0.00338343456461	0.00189863654163	0.00148479802297
GGAT	7946	461759	463707	1621	950	39.6465541827	0.0034982088135	0.00204451886015	0.00145368995335
ACGN	11442	618117	619182	2022	1136	55.3462130761	0.00326055932622	0.00183131877521	0.00142924055101
TTGN	58818	3415814	3309244	11049	5961	297.26613724	0.00322423160774	0.00179807885184	0.00142615275591
NCGN	28004	1544835	1545206	4950	2778	133.709576761	0.00319399142462	0.00179459219217	0.00139939923245
GAGN	15462	861226	850989	2833	1609	71.1523046929	0.00327871129171	0.00188717308743	0.00139153820427
CGGA	1351	73566	75563	273	179	5.48366497658	0.00369723316946	0.00236328589158	0.00133394727788
TTNG	51971	3015495	2937599	19841	15378	99.5716269682	0.00653667336993	0.00520762606685	0.00132904730309
TCGN	10781	615227	621917	1797	1013	50.4006352093	0.00291236645576	0.00162618592779	0.00128618052797
TNTC	70490	4089719	4050820	27624	22247	115.695154258	0.00670918113939	0.00546197742389	0.0012472037155
CGNT	10204	574922	578178	1537	822	48.979968272	0.00266627808743	0.00141968911917	0.00124658896826
GTGN	19984	1093822	1068538	3692	2311	63.222835211	0.00336396619998	0.00215810072195	0.00120586547803
TGNT	67787	4005127	3903491	10286	5320	9223372036854775807	0.00256162940151	0.00136102768847	0.00120060171304
CNGN	34696	1961392	1970253	5648	3319	134.719545864	0.00287131934277	0.00168172227818	0.00118959706458
ATAC	23637	1219115	1231805	7949	6599	31.2746761437	0.00647806471382	0.00532863265946	0.00114943205437
NTGN	175526	9968370	9832137	28947	17443	9223372036854775807	0.00289547685644	0.00177093845626	0.00112453840018
CAGN	14223	806287	819316	2122	1243	54.0351620108	0.00262490892605	0.00151482099398	0.00111008793207
NTAC	54234	2875316	2901018	15812	12778	76.8501498153	0.00546914560684	0.00438534475303	0.00108380085381
NAAC	51001	2835762	2897286	19554	16966	53.7267197772	0.00684827878946	0.00582173401614	0.00102654477332
GAAC	8046	470138	471688	2803	2338	10.3022607642	0.005926743505	0.00493221890782	0.00099452459718
AANC	46214	2612177	2663498	15282	12916	54.6574896087	0.00581626582946	0.00482586027423	0.000990405555225
ATGN	82501	4641026	4642819	12184	7805	209.724671647	0.00261840750794	0.00167826941073	0.000940138097207
TATT	113184	6098421	5951733	13230	7367	9223372036854775807	0.00216471784793	0.00123626050914	0.00092845733879
NTTC	76993	4449003	4428655	32028	27958	56.8814585361	0.00714746226929	0.00627337397257	0.00087408829672
TTGG	7250	419222	412469	1229	847	14.8429228123	0.00292305167546	0.00204927948591	0.000873772189549
TGGG	2824	153222	152046	297	163	9.0122602057	0.00193461395658	0.00107089593914	0.000863718017442
NTTG	58818	3399993	3296588	23411	19838	43.3296727795	0.00683851511536	0.00598174058459	0.000856774530772
NNAC	137511	7451250	7573154	40682	35034	113.332467734	0.00543010801486	0.00460477580207	0.000825332212792
CTGN	14223	817708	811536	2022	1366	27.5196914616	0.00246666585339	0.00168039935933	0.000786266494058
GNNT	131587	7387527	7299720	20721	14892	193.360946779	0.00279701759444	0.00203592480367	0.000761092790776
NCGG	3125	166528	170956	369	253	6.09406811927	0.00221094447474	0.00147772605412	0.000733218420615
TNNC	150212	8479874	8448995	43891	37539	103.532905095	0.00514925036061	0.00442336058513	0.000725889775475
AGAT	16350	958451	964245	3204	2530	19.0531789908	0.00333175619115	0.00261694810064	0.000714808090506
NTNC	172397	9623579	9599815	53504	46680	98.1930418113	0.00552893883415	0.00483906330745	0.000689875526701
ACAC	8116	412134	431265	1612	1395	6.64195940342	0.00389611017387	0.00322424074331	0.000671869430566
NGAT	52817	3168123	3147808	8584	6406	66.8316708216	0.00270216925892	0.00203093385547	0.00067123540345
TNGG	16848	953276	952383	2351	1731	21.3005869797	0.00246016489697	0.0018142486118	0.000645916285172
TNAC	44083	2420632	2444987	11406	9965	25.3357154475	0.00468989382567	0.00405914250055	0.000630751325126
AANT	187210	9983793	10231860	55173	50200	81.8614050281	0.00549588473554	0.00488229012474	0.000613594610798
AACC	6445	389899	384597	969	730	7.38587844783	0.00247909780284	0.00189449480571	0.000584602997128
TACC	7135	392886	393241	898	670	8.0358686539	0.00228043800662	0.00170089182582	0.000579546180804
ANNT	648244	32933729	32923240	107054	88341	9223372036854775807	0.00324005638728	0.00267606086482	0.000563995522462
TTGA	18351	1076368	1047253	3126	2481	13.4098307146	0.00289580118092	0.00236345588501	0.000532345295909
TGGA	9525	547954	558063	1773	1509	6.48498321897	0.00322523725413	0.00269670390942	0.000528533344711
GTNT	56255	3080484	3008468	7466	5737	41.7889012169	0.00241778526207	0.00190332110789	0.00051446415418
TANT	221706	12096170	11883092	33238	26672	133.079921808	0.00274028213083	0.0022395070129	0.000500775117933
ATAT	217294	9615674	9569020	21639	16735	132.13100598	0.00224533539587	0.00174581970852	0.000499515687357
GCNT	14373	769545	769407	1695	1320	10.9793371011	0.00219775945231	0.00171266868813	0.000485090764176
GANT	42604	2456474	2429141	6981	5720	25.23050387	0.00283382485168	0.00234921007811	0.000484614773571
ATNT	364056	17671640	17396630	33581	24614	271.418117501	0.00189667217371	0.00141287269727	0.00048379947644
NANT	506903	27731591	27740268	102260	89140	197.053617575	0.0036739436451	0.00320308646163	0.000470857183465
CTTC	11996	711091	720329	2531	2226	5.89702647569	0.00354669558954	0.00308073433856	0.000465961250979
ANNC	131587	7246030	7336954	34410	31437	38.7829671971	0.00472636269236	0.00426646740109	0.000459895291273
NATT	219507	12121806	11945789	21113	15537	168.164480302	0.00173870878987	0.00129893625506	0.000439772534811
TGAT	24918	1536718	1509732	3247	2528	17.7365958458	0.00210848947866	0.00167167021544	0.000436819263218
TTCC	11397	650997	637592	1780	1471	5.80574981863	0.00272681175961	0.00230180749003	0.000425004269577
NGCT	13130	723725	715110	1592	1282	7.26742142905	0.00219490236683	0.00178952305442	0.00040537931241
GTAT	23637	1247650	1228685	2098	1571	15.6700549583	0.00167873843367	0.00127696999649	0.00040176843718
TGCT	6031	335870	330971	619	477	4.2214870768	0.0018395846521	0.00143913977456	0.000400444877534
NTGG	22470	1277050	1274488	2816	2309	11.5583497704	0.00220023033661	0.00180843156743	0.000391798769183
NACC	18743	1061912	1064188	2323	1912	9.70519871115	0.00218278857583	0.00179345277179	0.000389335804046
NTNG	128234	7340706	7226767	33889	30535	28.39245594	0.00459537100003	0.00420748647362	0.000387884526411
GNAT	60369	3331967	3310196	8783	7507	20.9274124879	0.00262905036294	0.00226271007381	0.000366340289135
AGNN	127823	7204072	7210742	18732	16126	43.9422557991	0.00259345262588	0.00223139539839	0.000362057227484
CCTN	22236	1262718	1249932	6572	6049	4.31775027071	0.00517769776804	0.00481615565841	0.000361542109638
TNGA	45998	2676938	2647954	6444	5437	17.1990957469	0.00240144712903	0.00204907606908	0.000352371059958
TNNT	724555	40056494	39148463	74106	58888	9223372036854775807	0.00184662078314	0.00150196324154	0.000344657541607
NANC	135691	7748480	7835499	32629	30306	25.6902420382	0.00419336112629	0.00385287964805	0.000340481478241
NCAC	19984	1063827	1095162	3053	2779	5.53665225346	0.00286161517696	0.00253110139798	0.000330513778984
NNTC	157564	9121224	9130523	44431	41478	23.6889342414	0.00484755317541	0.00452224111184	0.000325312063578
NTNT	830490	43104242	42184293	68838	54093	9223372036854775807	0.00159446581064	0.00128065972975	0.000313806080886
AGTT	11515	639315	630718	895	689	5.97094251282	0.00139797878821	0.00109121374961	0.0003067650386
TNCC	23566	1312632	1301932	3053	2636	6.70300858128	0.00232046424486	0.00202059225736	0.000299871987501
TTNN	664625	36448056	35559292	121576	107900	112.36376289	0.00332450706641	0.00302518908693	0.000299317979475
NTAT	366452	17641318	17473919	33103	27690	94.9721602086	0.00187293264091	0.00158214024779	0.000290792393114
TTAA	57248	3061951	3064769	5484	4596	18.1498438586	0.00178781294469	0.00149737812218	0.000290434822507
ANCC	18355	1087950	1081240	2517	2197	5.023737131	0.00230818539213	0.00202780595457	0.000280379437562
TNTT	357264	19365914	18748943	24415	18584	134.485134437	0.00125913283885	0.00099022103445	0.0002689118044
TTTN	332144	17934209	17264213	79664	72598	25.7918210639	0.00442236935944	0.00418750599519	0.000234863364246
NTCC	24885	1423963	1405567	3265	2892	4.62401996303	0.00228765130729	0.00205330790602	0.000234343401273
ANAT	364056	17378900	17578365	68755	65700	24.6111486152	0.00394064417253	0.00372363171412	0.000217012458406
NGTT	51004	2934384	2867121	3571	2868	14.2572571395	0.00121547130572	0.000999306965985	0.000216164339736
TTAN	196671	10622288	10518428	21010	18567	28.819232996	0.00197401219058	0.0017620773285	0.000211934862084
TGTT	28458	1651600	1586633	1926	1522	7.87869538862	0.00116478361997	0.000958344745947	0.000206438874026
AGAN	58511	3378129	3371303	6847	6138	8.95280379815	0.00202276175666	0.00181735224982	0.000205409506832
GGNN	55704	3122108	3158185	8253	7711	6.24457767299	0.00263643713936	0.00243564539075	0.000200791748607
NNGG	55702	3113641	3147984	7250	6735	6.21802158046	0.00232305453795	0.00213489695913	0.000188157578824
AAAN	332142	17243351	17979922	74735	74608	16.318092928	0.0043154307006	0.00413237010324	0.000183060597361
TTNT	354391	19194093	18620592	23939	19976	54.9633023345	0.00124565304085	0.00107164116458	0.00017401187627
AANN	664624	35500503	36469322	116291	113606	32.6285484771	0.00326506085865	0.00310543759647	0.000159623262184
NNCC	55704	3148381	3129409	6943	6444	4.10757675124	0.00220040794543	0.00205494326424	0.000145464681187
NAGA	58511	3385337	3371517	4781	4270	6.61356238612	0.00141027539454	0.00126489023152	0.000145385163021
AAAA	184310	9376705	9827404	9238	8487	17.694993533	0.0009842378118	0.000862860314332	0.000121377497468
NTAN	653522	33104114	33043718	70778	67072	21.2234831774	0.00213348094698	0.00202568407459	0.000107796872389
CNNT	146853	8401521	8386544	15651	14744	6.32432455177	0.00185941311405	0.00175496899999	0.000104444114057
ATAN	366452	17511290	17563581	40811	39227	8.73251006788	0.00232513475167	0.00222845127891	9.66834727649e-05
NNTT	664624	36613895	35691005	43622	39080	33.0496113522	0.00118998785433	0.00109375614416	9.62317101759e-05
NGAN	157563	9162463	9163283	17108	16268	5.36675273462	0.00186370365238	0.00177219996926	9.15036831243e-05
ANAN	830490	42085279	42971842	131634	130458	13.5955402321	0.00311803944547	0.00302670623145	9.13332140166e-05
NAAA	332144	17335632	18051445	16090	15977	4.66361797047	0.000927285487861	0.000884298822488	4.29866653727e-05
