#Sequence	Occurrence	Forward Match	Backward Match	Forward Mismatch	Backward Mismatch	Strand Bias Score	FER (Forward Error Rate)	RER (Reverse Error Rate), ERD (Error rate Difference)
GGGT	2770	27531	29171	260	80	23.7627396693	0.00935554675974	0.0027349492325	0.00662059752724
CCCC	1389	12230	13186	116	53	6.80256677134	0.00939575571035	0.00400332351386	0.00539243219649
GNGT	11404	83945	86762	404	181	20.9386067847	0.00478962406193	0.00208182372359	0.00270780033834
GGGN	6777	61544	62475	412	260	8.71344617325	0.0066498805604	0.00414441699211	0.00250546356829
NCCC	6777	62558	62091	451	298	7.26116826448	0.00715770762907	0.00477648303387	0.0023812245952
NGGT	14691	126107	130321	564	345	13.9112210903	0.00445247925729	0.00264031959347	0.00181215966382
TTTT	101701	285812	300711	2020	1652	13.4421758791	0.00701798271214	0.00546363146284	0.00155435124929
GGNT	13627	113343	118203	435	293	8.13732576971	0.00382323472024	0.00247265730489	0.00135057741536
TTCT	17059	90857	89917	320	197	6.7938431833	0.0035096570407	0.0021861198038	0.0013235372369
CTTT	16245	90011	90300	243	132	7.93522577439	0.00269240144481	0.00145966029724	0.00123274114757
NTCT	33079	196726	194240	650	407	12.306827052	0.00329320687419	0.00209096466938	0.00120224220481
NTTT	185273	626597	648582	3286	2646	21.111701122	0.00521684185793	0.00406309311025	0.00115374874769
TTNT	197537	625246	642260	3068	2445	20.0745793037	0.00488290886404	0.00379243219767	0.00109047666637
GTNT	35675	187204	192802	902	744	5.08261733606	0.00479516868149	0.00384404740992	0.00095112127157
TNTT	199509	640504	656913	2652	2116	17.1212885727	0.00412341640286	0.00321078435092	0.000912632051947
TTTN	185273	623631	644687	3815	3379	10.1503496914	0.00608020451162	0.00521397511982	0.000866229391805
NTNT	468748	1514720	1539998	5880	4658	36.3511913115	0.00386689464685	0.00301555815664	0.000851336490212
TNCT	36516	222025	219899	649	456	7.69139125557	0.0029145746697	0.00206938803295	0.00084518663675
CTNT	32642	190843	190751	490	335	7.05289706493	0.00256098007139	0.00175313733084	0.000807842740559
TTCN	43332	254624	251392	923	708	6.3159397432	0.00361186004923	0.00280840936136	0.000803450687863
GNGN	34114	277703	282068	900	692	7.39927590483	0.00323040311842	0.0024473051351	0.000783097983319
NNCT	78755	538106	532187	1642	1249	11.5418878068	0.0030421604156	0.00234142427583	0.000700736139774
NCCN	40099	341199	333513	1368	1103	5.66205602174	0.00399337939731	0.00329631577689	0.000697063620424
GNNT	82139	501735	515102	1701	1388	9.6249752944	0.00337878101685	0.00268737052024	0.00069141049661
CTTN	36376	227938	225585	585	432	5.36524777964	0.0025599173825	0.00191136064986	0.000648556732633
CNTT	43026	249247	249049	466	309	7.63940249356	0.0018661423314	0.00123918221994	0.000626960111456
NNTT	376993	1482366	1511515	4691	3843	23.0553907924	0.00315455291895	0.00253603438923	0.00061851852972
NTGT	45755	230755	234709	623	491	4.58028447236	0.00269256368367	0.00208758503401	0.000604978649656
NCNC	34114	284520	278862	996	809	4.09823372364	0.00348842096415	0.00289268461871	0.000595736345436
TTNN	376991	1477783	1500274	6492	5708	14.5793406016	0.00437385255428	0.00379021794417	0.000583634610105
NTTN	376992	1478877	1503424	6656	5892	13.9254823701	0.00448054671286	0.00390375507846	0.000576791634404
ATNT	202894	511427	514185	1420	1134	8.09601333839	0.00276885698854	0.00220057867069	0.000568278317849
NNGT	91044	570564	580658	1608	1305	8.8693455844	0.00281034374279	0.00224241059999	0.000567933142804
TNNT	413282	1565510	1584356	5001	4182	19.0295557473	0.00318431389529	0.00263260935527	0.000551704540018
NTCN	94004	607127	596476	1754	1402	8.03272615729	0.00288069425717	0.00234496000856	0.000535734248607
CTNN	78755	542520	534266	1330	1024	8.46082342179	0.00244552725935	0.00191298174821	0.000532545511143
NCTT	36376	227770	225935	365	242	5.90612634844	0.00159992986609	0.00106995848384	0.000529971382246
NTAT	204641	460642	462467	1321	1114	4.7021286184	0.0028595363698	0.00240303204834	0.000456504321459
TNTN	468748	1519429	1538347	5802	5256	8.23772248217	0.00380401394936	0.00340502059143	0.000398993357928
TNCN	102993	637620	628140	1803	1533	4.6107108231	0.00281972966252	0.00243459700511	0.000385132657412
NGNT	86906	586110	598248	1393	1206	4.509676149	0.00237105172229	0.002011830766	0.000359220956292
