#Sequence	Occurrence	Forward Match	Backward Match	Forward Mismatch	Backward Mismatch	Strand Bias Score	FER (Forward Error Rate)	RER (Reverse Error Rate), ERD (Error rate Difference)
TTTTTTTC	3936	10083	11134	359	239	8.69967145489	0.0343803868991	0.0210146839005	0.0133657029986
NTTTTTTC	6114	18021	19330	550	364	11.8875415143	0.0296160680631	0.0184827866355	0.0111332814276
TTTTTTNG	3788	10352	11601	266	169	8.02276728233	0.0250517988322	0.0143585386576	0.0106932601746
TNTTTTTC	6539	19517	20761	546	358	11.812484396	0.0272142750336	0.0169515602064	0.0102627148272
AAAAAATT	3702	9376	10116	127	32	14.5714528921	0.0133642007787	0.00315333070556	0.0102108700731
TTTTTTTT	50879	51906	65958	1584	1316	28.9533536193	0.0296130117779	0.0195617920742	0.0100512197037
TTTTTTNC	6144	17281	18798	446	297	10.1320728489	0.0251593614261	0.0155538098979	0.00960555152819
TTTTTTTN	63572	79942	97348	2426	2021	35.1522814069	0.0294531857032	0.0203383348932	0.00911485081001
TTTNTTTC	5915	17346	18180	413	273	8.34997880539	0.0232558139535	0.0147943423834	0.00846147157014
AAAAANTT	6674	18894	20099	212	56	22.5680368276	0.0110959907882	0.00277846688167	0.00831752390657
TTTTTNTC	5817	16990	18290	390	265	8.01731653803	0.0224395857307	0.0142818647265	0.00815772100424
NNTTTTTC	10941	37269	38889	887	606	14.8739506445	0.0232466715589	0.0153437143942	0.00790295716464
ATAAAAAT	4389	11298	11263	175	85	7.32841872424	0.0152532031727	0.00749030666197	0.0077628965107
NTTTTTNC	10171	32811	34563	692	453	14.3756188229	0.0206548667284	0.0129369431117	0.00771792361663
NTTTTTTT	63572	81313	96719	2074	1692	29.5674789581	0.0248719824433	0.0171931999472	0.00767878249615
NTTTTTNG	6347	20967	22793	428	285	9.76416111423	0.0200046739892	0.0123494236936	0.00765525029569
TNTTTTNG	6493	21316	22899	410	264	10.0039129226	0.0188713983246	0.0113974873721	0.00747391095249
TNTTTTNC	10855	35181	36794	692	441	15.3272924198	0.0192902740222	0.0118436954478	0.00744657857441
TTNTTTTC	6577	20391	21461	453	312	7.96624354232	0.0217328727691	0.0143296743673	0.00740319840181
TNTTTTTT	62555	80517	95646	1959	1600	27.6625154977	0.0237523643242	0.0164531188944	0.00729924542982
TTNTTTTT	61903	81450	96842	1881	1503	29.548252825	0.0225726320337	0.0152829325334	0.00728969950027
NAAAAATT	6640	19106	19920	198	61	17.7024086259	0.0102569415665	0.00305290025524	0.00720404131127
NANTTTCC	1633	7429	7201	65	13	7.72516026204	0.00867360555111	0.0018020515664	0.00687155398471
CTNTTTTT	4298	13543	13957	200	110	6.91230515334	0.0145528632758	0.00781971991185	0.006733143364
ANAAAATT	6940	20026	21004	184	51	18.4572160275	0.00910440376051	0.00242222749941	0.00668217626111
NTTNTTTC	9789	32256	33220	638	430	10.8609753839	0.0193956344622	0.0127786032689	0.00661703119327
NTTTTTTN	84542	136605	156444	3474	2917	33.825354105	0.0248002912642	0.0183043530098	0.00649593825438
TTTTTTAA	3709	9263	9925	94	36	7.11939042456	0.0100459549001	0.00361409497038	0.00643185992969
NNTTTTTG	7075	24489	26451	541	410	7.07086343876	0.0216140631243	0.0152637653103	0.00635029781395
NTAAAAAT	7434	20268	20466	301	172	8.58797375121	0.0146336720307	0.00833414090513	0.0062995311256
NTNTTTTT	85150	140169	157836	2725	2046	42.7275568765	0.0190700799194	0.0127969377416	0.0062731421778
TNTTTTTN	85150	138621	157943	3272	2698	34.3127773961	0.0230596294391	0.0167952141732	0.00626441526587
NTTTTNTC	9649	32184	33787	597	410	10.3373530835	0.0182117690125	0.0119893557914	0.00622241322109
NTNTTTTC	11107	37632	39158	732	511	11.2402012308	0.0190803878636	0.0128815952003	0.00619879266334
NNGTTTTT	4831	17391	18506	188	85	10.5725799533	0.0106945787587	0.00457210478188	0.00612247397686
NNTTTTCC	3337	13889	14043	150	65	8.14438990629	0.0106845216896	0.00460731499858	0.006077206691
TTTNTTTT	62970	82910	98049	1764	1471	22.1063563277	0.02083284125	0.0147809485531	0.00605189269692
TTTTTTNT	61931	78992	94481	1913	1695	18.3189111388	0.0236450157592	0.0176239394444	0.00602107631487
TTTTTTNN	84542	136999	157651	3089	2577	32.3281264689	0.0220504254469	0.016083331253	0.0059670941939
TTTTTNNC	9798	30894	33086	512	346	10.3721344647	0.0163026173343	0.010349365877	0.00595325145726
TNTNTTTC	10909	35269	36147	649	445	10.0788592559	0.0180689347959	0.0121611281154	0.00590780668049
TTTTNTTT	62800	82887	98094	1691	1406	21.6418994878	0.0199933788929	0.0141306532663	0.00586272562652
NTATTTTT	13767	32264	33908	399	219	14.1508419765	0.0122156568594	0.00641720631758	0.00579845054186
TTTTTNTT	62019	82540	97556	1704	1429	20.7219740569	0.0202269597835	0.0144365307875	0.00579042899599
TGNGNTTT	1034	4545	4676	27	1	7.08476060393	0.00590551181102	0.000213812272824	0.0056916995382
AAAAAANT	13352	29974	32492	583	445	7.4784118074	0.019079098079	0.0135106415278	0.00556845655123
TNNTTTCC	3113	12826	12677	124	51	7.04799088789	0.00957528957529	0.00400691389063	0.00556837568465
TNTTTNTC	10286	34338	35823	593	415	9.25696455159	0.0169763247545	0.0114520668911	0.00552425786341
TNNTTTTT	82330	138635	156010	2488	1918	34.6558515918	0.0176300106999	0.0121447748341	0.00548523586578
TTNTTTTN	84590	139603	158882	2965	2476	28.8777536221	0.0207970933169	0.0153447613381	0.00545233197873
ANAAANTT	13469	41482	43205	317	93	29.3743287488	0.00758391349075	0.00214790521502	0.00543600827573
GNNTTTTT	5398	18322	19832	222	131	7.44910703008	0.0119715271786	0.00656213995892	0.00540938721968
ATAAAANT	7250	19851	20051	220	112	8.54146690651	0.0109610881371	0.00555472895898	0.00540635917813
TTTNTTNC	10045	32402	33805	517	352	9.1064070184	0.0157052158328	0.0103053546857	0.00539986114709
NNTTTTTT	84542	139023	156810	2723	2200	30.2906014907	0.0192104186362	0.0138356078234	0.00537481081274
TNNTTTTC	11507	40177	41814	725	523	9.65962212385	0.0177252946066	0.0123532607412	0.00537203386543
TTNTTTNC	10578	35028	36467	560	382	9.64887425521	0.0157356412274	0.0103666313876	0.00536900983983
TTTTTNNG	7223	22310	24377	320	216	7.29048198127	0.0141405214317	0.00878298702883	0.0053575344029
NAAAANTT	13271	42271	43729	335	113	26.3353546014	0.00786274233676	0.00257743716071	0.00528530517605
AANAAATT	6885	19860	20911	157	55	12.523878422	0.00784333316681	0.00262329485834	0.00522003830847
TATATTTT	6506	12472	12860	107	43	6.97379858224	0.00850624055966	0.00333255831977	0.00517368223989
ATATNTTT	17107	33254	33915	327	156	14.6347581999	0.00973764926595	0.00457867394558	0.00515897532037
TNTNTTTT	85808	140031	157193	2377	1834	32.6203048361	0.0166914780069	0.0115326328234	0.0051588451835
CTNNTTTT	7474	26598	27432	286	152	10.5368116053	0.0106382978723	0.00551044083527	0.00512785703707
CNNCTTTT	2514	11833	11941	87	26	7.86734834186	0.00729865771812	0.0021726414306	0.00512601628752
NTGNTTTT	5434	20290	21541	180	80	10.3963680085	0.00879335613092	0.00370010637806	0.00509324975286
NANGTTTT	3776	14194	14870	114	43	8.34254170659	0.00796757058988	0.00288339033058	0.0050841802593
AAAANTTT	4867	15374	15995	132	57	7.76517254705	0.00851283374178	0.00355095938201	0.00496187435977
CTANNTTT	2727	11056	11519	74	20	7.80505886624	0.00664869721473	0.00173325244822	0.00491544476652
ANAAATTT	4663	14266	14766	105	36	8.48436750273	0.00730638090599	0.00243210376976	0.00487427713623
TTTTTNTN	84650	140105	159537	2657	2223	25.8186736306	0.0186113951892	0.0137425816024	0.00486881358682
AAANAATT	7240	21603	22548	152	48	13.4274066068	0.00698689956332	0.00212426978226	0.00486262978106
TTTNTTTN	86727	139535	157806	2743	2309	24.5584019306	0.0192791577053	0.0144208849889	0.00485827271642
NTTNTTTT	84590	141269	158785	2422	1932	28.3857539195	0.0168556137824	0.0120211303098	0.00483448347255
ANAAAANT	24564	65101	68055	912	618	16.0269910987	0.0138154605911	0.00899916997947	0.00481629061163
NAAAAANT	23311	63062	66197	994	721	13.2753566072	0.015517672037	0.0107743805852	0.00474329145177
NAAAATTT	4550	14768	15227	110	42	7.69130798536	0.00739346686383	0.00275067129478	0.00464279556905
ATNTTTTT	16291	37171	38536	523	360	8.58020834889	0.01387488725	0.00925545043192	0.00461943681804
ATANTTTT	9887	24764	25585	237	125	9.03573245071	0.00947962081517	0.00486192143135	0.00461769938382
ANATTTTT	9895	25938	27027	280	165	8.21481129039	0.0106796857121	0.00606796116505	0.00461172454706
NTATNTTT	32598	73599	75829	636	302	28.8582556183	0.00856738735098	0.00396684661964	0.00460054073134
ATANAAAT	11280	25632	25693	245	126	9.04703309167	0.00946786721799	0.00488012703823	0.00458774017977
TATNTTTT	15887	34197	35754	372	223	10.3373593411	0.0107610865226	0.00619840453623	0.00456268198638
TTTTNTTN	84732	141812	160528	2630	2225	23.0317988178	0.0182080004431	0.0136710229612	0.00453697748191
CNANTTTT	3909	16157	16912	132	61	7.03425513149	0.00810362821536	0.00359394332175	0.00450968489361
TTNTNTTT	82259	137653	154236	2076	1621	26.7886381584	0.0148573309764	0.0104005594872	0.00445677148917
NNAAAATT	13289	42212	43750	295	109	20.8546080294	0.00694003340626	0.0024852367815	0.00445479662476
TTTTNTNC	10834	35975	37673	502	354	7.8374343985	0.0137620966637	0.00930917505983	0.00445292160383
TTTNTNTC	9674	32274	33311	465	328	6.80187706035	0.0142032438376	0.00975058711614	0.00445265672148
NTANTTTT	22255	58238	60495	546	295	19.2071953316	0.00928824169842	0.00485277183747	0.00443546986095
TTNNTTTC	10231	35588	36306	542	388	6.9060486473	0.0150013838915	0.0105739357933	0.00442744809819
NTTTNTTC	10948	37929	38974	609	449	6.92173810179	0.0158025844621	0.0113892905157	0.0044132939464
TNTTNTTC	11986	42171	43013	618	437	8.24747621758	0.0144429643133	0.0100575373993	0.00438542691395
CTNTNTTT	7147	24168	24841	236	132	7.69803430494	0.00967054581216	0.00528570856525	0.00438483724691
NTTTTTAA	6906	19058	19927	153	72	7.80013843717	0.00796418718443	0.003600180009	0.00436400717543
NTAAAANT	12981	37940	38627	385	221	11.0263156823	0.0100456621005	0.00568883855025	0.00435682355021
AAAANATT	8154	23346	24422	157	57	11.8484958453	0.00667999829809	0.0023285264921	0.00435147180599
NTTTNTTT	86727	141040	157506	2286	1849	24.018299942	0.0159496532381	0.0116030246933	0.00434662854478
TTTTTNAA	8441	24388	25575	185	82	10.4272477037	0.00752858828796	0.00319600888646	0.00433257940149
NATATTTT	11644	28661	29398	215	92	12.1138445594	0.00744562958859	0.00311970159376	0.00432592799483
ANANTTTT	18014	52606	54569	458	236	18.0340805054	0.0086310869893	0.00430617644376	0.00432491054554
TGNNTTTT	5421	19241	20400	153	73	7.8708406344	0.00788903784676	0.0035656718605	0.00432336598626
TATTNTNC	5533	19370	19236	158	73	7.3159862595	0.00809094633347	0.00378062043607	0.0043103258974
NNATTTTT	25800	72151	75445	723	426	20.4859189164	0.00992123391059	0.00561479353113	0.00430644037946
TTNNTTTT	82054	140199	157057	2173	1740	24.6090309117	0.0152628325794	0.0109573858448	0.00430544673462
NNAAAAAT	25800	71088	73360	1204	918	11.1667077042	0.0166546782493	0.0123589757398	0.00429570250953
TNTTTTAA	7185	19316	20046	142	61	8.34621873198	0.00729776955494	0.00303376933406	0.00426400022088
GTANNTTT	4017	13766	14219	83	25	7.77537845585	0.00599321250632	0.0017551249649	0.00423808754142
NATGNTTT	4517	17720	18576	109	35	9.68071300295	0.0061136350889	0.00188060824244	0.00423302684646
TATANTTT	9844	21238	21512	141	51	10.0865020505	0.00659525702792	0.00236516254696	0.00423009448097
TNTTNTTT	83698	140038	156427	2169	1749	23.2659463522	0.0152524137349	0.0110573032571	0.00419511047778
TTNTTNTC	11034	38409	39469	517	362	7.58516479936	0.0132816112624	0.00908839848359	0.0041932127788
NTTTTTNT	84650	140241	157837	2649	2304	18.5774584951	0.0185387360907	0.0143873211732	0.00415141491748
NTTTTNTT	84732	142678	159962	2267	1864	22.2633149092	0.01564041533	0.0115185446096	0.00412187072031
NNACTTTT	3857	15392	15731	92	29	8.03631083311	0.00594161715319	0.00184010152284	0.00410151563035
NTANCTTT	3631	15025	14828	77	15	9.48887419295	0.00509866242882	0.00101057737654	0.00408808505228
ATANNTTT	25226	58556	59613	441	205	20.4597297229	0.00747495635371	0.00342706208833	0.00404789426538
TNGNTTTT	4380	17028	18169	124	58	6.80364253298	0.00722947761194	0.00318209250014	0.0040473851118
TCNNTTTT	9309	34845	35244	296	155	10.6557735632	0.00842320935659	0.00437865476426	0.00404455459233
TANATTTT	9507	22203	22890	159	71	8.5787635647	0.00711027636169	0.00309219981708	0.0040180765446
AAAANNTT	15959	50475	52665	330	131	21.341036957	0.00649542367877	0.00248124857944	0.00401417509933
TNTTTTNT	84301	137650	154870	2464	2132	17.9353436591	0.0175856802318	0.0135794448478	0.00400623538397
ANNTTTTT	26810	70451	72953	830	564	13.9081963417	0.011644056621	0.00767169498211	0.00397236163887
ACNNTTTT	5207	20178	20742	144	66	7.41842895751	0.00708591674048	0.00317185697809	0.00391405976239
ATNNTTTT	28711	76870	79878	754	466	18.0725761381	0.00971349067299	0.0058000597431	0.00391343092988
TTNTTTNT	84471	137943	154526	2315	1971	18.2509878369	0.0165052973805	0.0125944906292	0.00391080675133
AAANANTT	15286	48228	50177	285	99	21.9962637289	0.00587471399419	0.00196913040019	0.003905583594
NTGTNTTT	6160	21049	21778	154	74	7.35814365593	0.00726312314295	0.0033864177192	0.00387670542375
AAAAANNT	26810	68745	73263	807	571	13.1238956924	0.0116028295376	0.00773356448249	0.00386926505512
NTGTTTNT	6482	22874	23648	160	73	8.37020777557	0.00694625336459	0.00307744192909	0.0038688114355
NNCTTTTT	9099	33094	33473	269	141	9.71647794651	0.00806282408656	0.00419468078777	0.0038681432988
ATNTNTTT	37672	81865	83523	781	471	18.8585009552	0.00944994313094	0.00560754339596	0.00384239973499
TNTTTNTT	85811	141365	157504	2129	1754	19.9302463653	0.0148368572902	0.0110135754562	0.00382328183402
NANAAATT	13747	42401	43813	262	102	17.207692516	0.00614115275531	0.00232266879198	0.00381848396333
CNNTTTTT	9734	34251	35439	363	239	7.19642727503	0.0104870861501	0.00669880598688	0.00378828016323
NATNTTTT	29546	78627	81577	734	448	18.2177617571	0.0092488753922	0.00546174946663	0.00378712592557
AANAANTT	14246	46087	47678	286	114	18.1406971021	0.0061673818817	0.00238533645798	0.00378204542371
AANGNTTT	3430	14714	15265	80	25	7.29553557832	0.00540759767473	0.00163505559189	0.00377254208284
AANAAANT	24260	62669	65723	790	576	10.4107703518	0.0124489828078	0.00868791384485	0.00376106896294
ATNTATTT	16386	27186	27553	196	94	8.78232967533	0.00715798699876	0.00340000723406	0.0037579797647
TANNTTTT	24653	61536	63743	550	328	14.740935543	0.00885867989563	0.00511932075354	0.00373935914209
ANAANTTT	12386	39871	40870	250	103	14.855888679	0.00623115076892	0.00251385058453	0.00371730018439
AAANATTT	6028	18810	19443	111	42	7.89880829227	0.00586649754241	0.00215550423403	0.00371099330839
ATANATTT	12124	22677	23173	153	70	7.76659025264	0.00670170827858	0.00301165942434	0.00369004885424
NANCTTTT	4296	18283	18574	112	45	7.06695006345	0.00608861103561	0.00241688597669	0.00367172505892
TNTATTTT	14924	31771	33186	253	141	8.72408483757	0.00790032475643	0.00423080385273	0.0036695209037
NCNTTTTT	11224	40426	41466	388	245	8.54681629211	0.00950654187289	0.00587375032965	0.00363279154324
ANATNTTT	26989	66591	67997	500	261	18.2166502114	0.00745256442742	0.00382372762167	0.00362883680575
TNAAAANT	12730	39990	40655	418	275	7.63645110697	0.0103444862403	0.00671878817493	0.00362569806542
TATNNTTT	27845	68840	70741	523	280	18.2560645558	0.00754004296239	0.0039424958815	0.00359754708089
TTNTTTAA	6706	19033	19437	118	50	6.92105984615	0.00616155814318	0.00256581310617	0.003595745037
NTANAAAT	18725	47291	47754	436	267	9.9266603558	0.0091352902969	0.00556006747048	0.00357522282642
GNATNTTT	5040	18052	18920	107	44	6.99359295197	0.00589239495567	0.00232018561485	0.00357220934082
NNTAAAAT	14052	36225	36628	321	192	8.0651698031	0.00878345099327	0.00521455730581	0.00356889368746
AAANNTTT	13538	45121	46737	280	122	15.4969674295	0.00616726503822	0.00260355534689	0.00356370969132
TTTNNTTT	82433	139559	155885	1938	1598	18.4340228976	0.0136964034573	0.0101471269915	0.00354927646583
NAAANTTT	10822	36449	37788	242	116	11.3810968243	0.0065956229048	0.00306036302237	0.00353525988243
TTNTTNTT	87383	154549	171455	2083	1693	20.5703079006	0.0132986873691	0.0097777623767	0.00352092499242
TNANCTTT	3341	14473	14570	63	12	8.16456155495	0.00433406714364	0.000822932382389	0.00351113476125
ATNATTTT	8501	24859	25823	161	76	8.01442708751	0.00643485211831	0.0029344762346	0.0035003758837
GTANTNTT	3901	13865	14062	63	15	7.11890552796	0.00452326249282	0.00106556794772	0.0034576945451
TTATNTTT	11897	28737	29827	217	121	7.4060220828	0.00749464668094	0.00404033658341	0.00345431009753
TANANTTT	15741	40526	41297	237	98	13.854274287	0.00581409611658	0.00236743568064	0.00344666043594
ANNAAATT	13187	42062	43611	240	98	14.8589771548	0.0056734906151	0.0022421011691	0.00343138944601
TTTNTNTT	82749	139594	155876	1947	1627	17.0631010267	0.0137557315548	0.010329961969	0.00342576958584
AAANAANT	26393	64331	67706	712	514	10.0743752001	0.0109466045539	0.00753444737614	0.00341215717777
NNTATTTT	26666	67414	69924	482	259	17.2144872212	0.00709909273006	0.00369035236453	0.00340874036553
NTATTTNT	31597	69609	71584	565	334	15.1356193767	0.00805141505401	0.00464417809172	0.00340723696229
ANNAAAAT	26801	71795	73925	954	726	8.98122764526	0.0131135823173	0.00972525485258	0.0033883274647
NTATATTT	14700	27344	27779	163	71	8.85681275073	0.00592576435089	0.00254937163375	0.00337639271714
ANANAATT	15732	47358	48575	249	92	17.3532524915	0.00523032327179	0.00189039801097	0.00333992526082
NAANTTTT	13271	42273	43970	312	178	9.88401007564	0.00732652342374	0.00403189272447	0.00329463069927
NATANTTT	19456	53955	54706	310	134	16.4742463261	0.00571270616419	0.00244347191831	0.00326923424589
NNTTTTAA	13645	40347	41297	256	126	11.0160509091	0.006304952836	0.00304178837844	0.00326316445756
TTTTNNTT	81481	138964	155351	1851	1552	16.0574731107	0.0131449064375	0.00989146160367	0.00325344483386
ANANAAAT	32137	74241	76768	855	632	9.72770169489	0.0113854266539	0.008165374677	0.00322005197688
NTNAAAAT	15585	47753	48365	479	327	7.36236214187	0.00993116603085	0.0067156822476	0.00321548378325
TTTTNTNT	83476	137475	154745	2093	1845	13.5489572358	0.0149962742176	0.0117823615812	0.00321391263639
ATNANTTT	14458	44544	45635	247	106	13.7441087082	0.00551450068094	0.00231739577185	0.00319710490909
NTGTTNTT	6697	24850	25637	141	63	7.67558954263	0.00564203113121	0.0024513618677	0.0031906692635
NNATCTTT	3950	17169	17198	72	17	7.9834681821	0.00417609187402	0.000987510891664	0.00318858098236
AAAGNNTT	3317	14177	14682	57	12	7.26426690756	0.00400449627652	0.000816659861168	0.00318783641535
NANATTTT	19725	57130	58880	378	200	13.8873863731	0.00657299853933	0.00338524035206	0.00318775818727
ANANATTT	21255	53130	54175	296	129	15.7520931178	0.00554037360087	0.00237551561579	0.00316485798508
ATANAANT	19338	48459	48553	329	175	11.0377251722	0.00674346150693	0.003591364308	0.00315209719893
NNAAATTT	10254	35350	36322	187	77	11.3341199784	0.00526212116949	0.00211544273194	0.00314667843754
TNCTNTTT	8264	29748	29814	194	100	7.24712762223	0.00647919310667	0.00334291636023	0.00313627674644
NANAAAAT	27092	72587	74682	1036	826	7.23274196763	0.0140716895535	0.0109392382264	0.00313245132712
NNTCTTTT	9217	34681	35172	198	90	9.83984952592	0.00567676825597	0.00255232261358	0.00312444564239
AANNAATT	13283	42896	44092	213	82	14.1815036838	0.00494096360389	0.00185629555847	0.00308466804541
TTTNTTNT	83390	139313	155850	2180	1949	12.0305286962	0.0154071226138	0.012351155584	0.00305596702984
TNANTTTT	19305	55229	57088	427	265	10.1996735127	0.00767212879115	0.00462050808153	0.00305162070962
ANTNTTTT	24908	66991	69617	638	448	9.65069049232	0.00943382276834	0.00639406265611	0.00303976011223
NATGTNTT	5503	18609	19144	85	29	6.92363494625	0.00454691344817	0.00151254368122	0.00303436976695
TTTTTNNT	81293	136320	152780	2196	1984	11.3002795963	0.0158537641861	0.0128195187511	0.00303424543496
ATAAANNT	19038	48090	48410	314	168	10.5641225693	0.00648706718453	0.00345835563424	0.00302871155029
ATNNATTT	24173	53419	54175	297	136	14.2755401109	0.00552907885919	0.00250409677598	0.00302498208321
NTNTTTAA	13890	40496	40978	217	95	11.4107413306	0.00532999287697	0.00231295498259	0.00301703789438
ANNATTTT	17570	55602	57419	347	184	12.813333314	0.00620207689145	0.00319427807579	0.00300779881566
NANTTTTT	23311	64459	67217	629	451	8.84019613337	0.00966383972468	0.0066648933026	0.00299894642209
ANTNAAAT	12631	35412	35789	252	147	6.92965421605	0.00706594885599	0.00409060552093	0.00297534333506
NATCNTTT	5661	24526	24615	115	42	8.07377101386	0.00466701838399	0.00170337023969	0.00296364814431
ATNNCTTT	4607	18441	18259	78	23	6.97412976485	0.00421189049085	0.00125806804507	0.00295382244578
AANNTTTT	15959	50666	52444	383	240	8.9788299931	0.00750259554546	0.00455546275909	0.00294713278636
TNTANTTT	22937	55105	56678	324	165	12.998090019	0.005845315629	0.00290273208662	0.00294258354238
NAANAATT	14940	48917	49841	245	102	14.1520040876	0.00498352385989	0.00204232825421	0.00294119560568
NTAAANAT	19694	48366	48508	379	239	7.69323983669	0.0077751564263	0.00490286581738	0.00287229060892
AANNAAAT	27807	66944	69584	744	571	7.2221211799	0.0109916085569	0.00813912051885	0.00285248803806
NAAANATT	16096	49669	50768	254	114	13.0046226688	0.00508783526631	0.00224047796863	0.00284735729768
ANNAATTT	11302	38117	38662	192	84	10.2304625226	0.0050118771046	0.00216796572549	0.0028439113791
ANATTTNT	22707	57813	59207	412	252	9.9777350511	0.00707599828252	0.00423821456802	0.0028377837145
ANAANATT	17549	52105	53820	244	100	14.8982699334	0.00466102504346	0.00185459940653	0.00280642563693
ATATNNTT	29782	68454	68935	401	209	14.2164095782	0.00582383269189	0.00302267731112	0.00280115538077
NNAATTTT	13289	42526	43834	252	136	9.03753936503	0.00589087848894	0.0030930179668	0.00279786052215
NTANATTT	21371	50124	51019	243	104	13.3950627731	0.00482458752755	0.00203430941064	0.00279027811691
ATNNAAAT	19726	55186	55583	399	246	8.86118689335	0.00717819555636	0.00440631213169	0.00277188342467
TNTTTNAA	16729	51002	51912	278	138	11.5338856194	0.00542121684867	0.00265129682997	0.0027699200187
TATNTTTN	32598	73380	75431	745	554	8.03302671607	0.0100505902192	0.00729091268013	0.00275967753909
AAAANANT	24908	66159	69310	680	518	7.25808258836	0.010173700983	0.00741822764507	0.00275547333789
TNNATTTT	25204	66717	69075	412	235	12.6841927743	0.00613743687527	0.00339056413216	0.00274687274311
TNTNTTAA	15071	42408	42787	207	91	10.7603901249	0.00485744456177	0.00212230048043	0.00273514408134
TATTTTNN	26666	67303	69213	673	500	7.36616071949	0.0099005531364	0.00717226342289	0.00272828971351
NTNTATTT	32255	67163	68571	344	164	15.4769042315	0.0050957678463	0.00238597512184	0.00270979272445
ANNTATTT	24627	53303	54032	277	135	11.8123231959	0.00516983949235	0.00249229235512	0.00267754713722
ATANANTT	19682	43484	43900	226	110	9.66314623784	0.00517044154656	0.00249943194728	0.00267100959927
ATATNTNT	112497	110086	110129	698	402	18.1700231379	0.00630054881571	0.0036369887181	0.00266356009762
ATNTTTNT	33419	81029	83239	761	558	8.77628841755	0.00930431593104	0.0066589496044	0.00264536632664
AATNNAAT	14254	37418	37694	206	107	7.64993517343	0.0054752285775	0.00283061294675	0.00264461563076
NATNAAAT	15618	43653	44003	276	162	7.34441989284	0.00628286553302	0.00366806294577	0.00261480258725
TNNTTTAA	13388	41009	41337	197	90	9.56356485057	0.00478085715672	0.00217249619813	0.00260836095859
ATTNNTTT	26919	68109	69664	516	346	8.88950761694	0.00751912568306	0.00494215112127	0.00257697456179
TTANNTTT	18684	51556	52769	308	178	8.95763279801	0.00593860866883	0.00336185241846	0.00257675625037
ANNTTTAA	9780	30232	30621	130	53	7.91095106205	0.00428166787432	0.0017278476886	0.00255382018572
TNATNTTT	23737	66566	68302	416	251	10.5812403525	0.00621062374966	0.0036614006681	0.00254922308157
ANAAANAT	33419	79768	82743	825	644	7.11422068842	0.0102366210465	0.00772302637102	0.00251359467548
AANANTTT	13794	46154	47319	261	148	8.1205404388	0.00562318216094	0.00311795563233	0.00250522652861
TNNCTTTT	8985	32956	32960	162	79	6.87259749291	0.00489159973428	0.00239111353249	0.00250048620179
NTAANTTT	10921	33714	33965	161	77	7.24313656318	0.00475276752768	0.00226191175607	0.00249085577161
NANAATTT	12853	43032	43398	201	94	9.34088935954	0.00464922628548	0.00216131702382	0.00248790926166
TATNTNTT	40131	77223	78970	550	364	9.91905505693	0.00707186298587	0.00458819673784	0.00248366624803
ATATATNT	91047	62637	61999	379	220	9.56892995247	0.00601434556303	0.00353589739469	0.00247844816835
ANTANTTT	13650	41196	42089	214	115	7.63486440798	0.00516783385656	0.00272486020282	0.00244297365373
TATNTTNT	33543	72246	74402	517	349	8.94708842323	0.00710525954125	0.00466883386175	0.0024364256795
NATNATTT	17886	57930	58109	232	91	14.230707241	0.003988858705	0.00156357388316	0.00242528482183
TNCNTTTT	11944	43533	43994	244	139	7.18893952305	0.0055737030861	0.00314957061609	0.00242413247
NTTTTNAA	16580	52075	53348	295	173	8.28660219911	0.00563299599007	0.00323237607668	0.00240061991339
AANNATTT	13936	47673	48466	205	92	10.4764263702	0.00428171602824	0.0018946414597	0.00238707456854
NATTNTTT	25695	72572	74543	533	368	8.30354956047	0.00729088297654	0.00491249616211	0.00237838681443
NTTNTTAA	13775	42340	42507	205	104	7.95416318811	0.0048184275473	0.00244068433034	0.00237774321697
ATNTTNTT	31109	79552	81500	609	428	8.59854267806	0.00759721061364	0.00522409920906	0.00237311140458
NTNATTTT	23438	66255	68732	398	249	9.44511102279	0.00597122410094	0.00360968962468	0.00236153447626
NATTTTNT	27092	73191	75712	619	461	6.9718943065	0.00838639750711	0.00605201318052	0.00233438432659
TTTTNNAA	18897	59451	60572	298	163	9.89196281423	0.00498753117207	0.00268379023627	0.0023037409358
NTATTNTT	31800	80151	82303	485	307	10.5222338851	0.00601468326802	0.00371625711173	0.00229842615629
AANANATT	18456	52905	54495	227	110	10.3298984122	0.00427237822781	0.0020144675396	0.00225791068821
ATNTANTT	23660	46947	47219	235	129	7.53842030076	0.00498071298376	0.00272450789896	0.0022562050848
NTATANTT	22550	48391	48619	219	110	8.66886615178	0.00450524583419	0.00225738266741	0.00224786316679
NTNAATTT	10402	33887	34024	125	49	7.93387763274	0.00367517346819	0.00143808880932	0.00223708465887
ATANANAT	104341	97991	96980	564	340	12.3614416932	0.00572269291259	0.00349362926428	0.0022290636483
ATANTTNT	24006	58686	59901	346	219	7.49767070825	0.00586122780865	0.00364271457086	0.00221851323779
ATANATNT	106054	95848	95207	497	285	12.9846995732	0.00515854481291	0.00298454320781	0.0021740016051
ATANTNTT	21476	56021	56674	295	175	7.67608692122	0.00523829817459	0.00307833031364	0.00215996786095
TTNTTNAA	16246	52807	53163	241	127	8.55704471595	0.0045430553461	0.0023831863389	0.0021598690072
AAANNATT	16304	52864	54440	204	93	10.4659822462	0.00384412451948	0.00170538939725	0.00213873512224
ATANNAAT	26736	67108	66377	363	216	8.49987229039	0.00538008922352	0.0032435841605	0.00213650506302
AATNNTTT	16304	53081	54127	285	174	7.0125941305	0.00534047895664	0.00320436087733	0.00213611807931
NAANATTT	14259	46577	47918	200	103	8.05758563153	0.00427560553263	0.0021448949418	0.00213071059084
TTTNTNAA	16814	52239	52923	241	132	7.9404672965	0.00459222560976	0.00248798416737	0.00210424144238
NTATATNT	111574	100963	100467	518	303	12.8102347053	0.00510440378002	0.00300684727597	0.00209755650404
NNATATTT	25576	62409	63169	277	147	9.7477536131	0.00441884950388	0.00232168804094	0.00209716146294
ANTNATTT	15866	43678	44113	173	83	7.75286783879	0.0039451779891	0.00187799800887	0.00206717998023
TNTATNTT	36118	72742	74479	436	292	7.68034723016	0.00595807483123	0.00390525738588	0.00205281744535
ATNTATNT	109724	100428	99349	527	316	11.7819771469	0.00522014759051	0.0031706215823	0.00204952600821
NAAAATNT	19725	56342	58250	262	151	8.02711698968	0.00462864815207	0.00258557216486	0.00204307598721
NNTTATTT	24837	61138	62045	249	127	9.73232492781	0.00405623340447	0.00204272019559	0.00201351320888
ANATTNTT	20946	60160	61626	329	212	6.83127978544	0.00543900543901	0.00342831268799	0.00201069275101
NATATNTT	33546	70849	71832	397	257	7.6654147096	0.00557224265222	0.00356503766178	0.00200720499044
ATAANANT	22839	60505	60075	312	191	6.8402101572	0.00513014453196	0.00316928284605	0.00196086168591
TNTNATTT	23188	63403	64606	236	117	9.94641552417	0.00370841779412	0.00180770359841	0.00190071419571
ATNATNTT	20147	58852	59789	240	130	8.2029687819	0.00406146348067	0.00216959562075	0.00189186785992
ANAAATNT	22707	57251	58763	253	148	7.28640361644	0.00439969393434	0.00251226426304	0.00188742967129
ATATANNT	105512	94437	93815	470	290	9.77721699986	0.00495221638025	0.00308166409861	0.00187055228163
NATTATNT	22399	54390	54751	210	110	7.63160954843	0.00384615384615	0.00200506735204	0.00184108649412
NANTATTT	16566	49202	49934	182	94	7.06043186205	0.00368540417949	0.00187894778924	0.00180645639025
ANATATNT	111716	106100	106171	526	338	9.69132153509	0.0049331307561	0.0031734407421	0.001759690014
NTTNATTT	23910	62358	63083	237	129	7.90920052775	0.00378624490774	0.002040751756	0.00174549315174
TNNTATTT	23554	60682	61741	226	124	7.55058272931	0.00371051421817	0.00200436434171	0.00170614987645
TTNNATTT	21473	60814	61485	192	102	6.88461792601	0.00314723141986	0.00165619367724	0.00149103774262
