#Sequence	Occurrence	Forward Match	Backward Match	Forward Mismatch	Backward Mismatch	Strand Bias Score	FER (Forward Error Rate)	RER (Reverse Error Rate), ERD (Error rate Difference)
GGGT	1444	224495	256387	9801	1802	9223372036854775807	0.0418317000717	0.00697938331997	0.0348523167517
CGGT	493	68229	71153	2239	426	280.624408677	0.0317732871658	0.00595146621216	0.0258218209536
AGGT	4153	557836	576629	17956	3335	9223372036854775807	0.031184872315	0.00575035691871	0.0254345153963
NGGT	10288	1465571	1528484	43729	8126	9223372036854775807	0.0289730338568	0.00528826442624	0.0236847694305
GAGT	1683	245038	244872	5748	1177	9223372036854775807	0.0229199397096	0.00478360001463	0.0181363396949
TGGT	4198	615011	624315	13733	2563	9223372036854775807	0.0218419579352	0.00408851483064	0.0177534431045
GGGN	4309	620428	671230	16255	5507	9223372036854775807	0.025530758635	0.00813757781827	0.0173931808167
GGGA	1610	229665	239989	4833	1034	9223372036854775807	0.0206099838805	0.00429004700796	0.0163199368725
GNGT	7775	1152207	1170847	21459	5456	9223372036854775807	0.0182837365997	0.00463826072024	0.0136454758794
CGGN	1538	214453	220767	4323	1413	9223372036854775807	0.0197599371046	0.00635970834459	0.01340022876
CGGA	634	93816	96065	1599	407	159.598311583	0.0167583713253	0.00421884069989	0.0125395306254
AAGT	7548	1086493	1096036	18994	5574	9223372036854775807	0.0171815679425	0.00505986692205	0.0121217010204
CTCG	477	67273	72347	1318	550	81.4116371015	0.0192153489525	0.00754489210804	0.0116704568444
NGGN	28393	4131031	4292519	73310	26870	9223372036854775807	0.0174367397887	0.0062207872456	0.0112159525431
NAGT	17677	2541379	2550252	39698	11485	9223372036854775807	0.0153804012821	0.0044832861453	0.0108971151368
CAGT	1691	244121	249109	3678	1017	9223372036854775807	0.0148426749099	0.00406595076082	0.0107767241491
AGGN	11664	1697543	1756429	28862	10677	9223372036854775807	0.0167179775313	0.00604208236518	0.0106758951662
CNGT	5179	754068	764861	10548	3108	9223372036854775807	0.0137951599234	0.00404703835702	0.0097481215664
CTAG	1572	227968	232648	3818	1669	191.506267385	0.0164720906353	0.0071228293295	0.00934926130583
TGGN	10882	1598607	1644093	23870	9273	9223372036854775807	0.01471207296	0.00560855854058	0.00910351441947
CCGT	609	86992	87846	1108	369	82.3454890012	0.0125766174801	0.00418296208128	0.00839365539886
ANGT	29759	4310531	4328784	54446	17770	9223372036854775807	0.0124733761484	0.00408829615369	0.00838507999469
NNGT	68846	10192316	10185238	122465	40520	9223372036854775807	0.0118727678271	0.00396254243451	0.00791022539256
CCTG	1212	187502	183568	5498	3893	52.3377394599	0.0284870466321	0.0207669861998	0.00772006043233
TAGT	6755	965727	960235	11278	3717	9223372036854775807	0.0115434414358	0.00385600112869	0.00768744030713
GCGA	483	72947	68935	860	282	57.3287742665	0.0116520113268	0.00407414363523	0.0075778676916
ACGT	2356	342933	344377	4067	1456	269.706588615	0.0117204610951	0.00421012453988	0.00751033655522
NGGA	11799	1767377	1818876	19875	6735	9223372036854775807	0.0111204239805	0.00368917584305	0.00743124813746
CTTG	2844	426575	427071	6275	3188	218.506708431	0.0144969388934	0.00740949056266	0.00708744833072
GNGA	8618	1299661	1300597	13566	4339	9223372036854775807	0.0103302780098	0.00332506728299	0.00700521072683
CCGA	521	79411	78967	885	320	57.5172352885	0.0110217196373	0.00403597058786	0.00698574904948
CTNG	5824	856043	868383	12577	6818	9223372036854775807	0.0144792889871	0.00779021047736	0.00668907850976
GCGT	484	69655	68961	837	365	39.9506347613	0.0118736877944	0.0052649799498	0.00660870784456
TGGA	4398	665244	688730	6948	2677	9223372036854775807	0.0103363324764	0.0038718150091	0.00646451746733
CTGT	2386	354726	356753	3523	1296	226.12530273	0.00983394231387	0.0036196163095	0.00621432600437
GNGN	23486	3453080	3479462	43932	22250	9223372036854775807	0.0125627249778	0.00635403482639	0.00620869015139
NCGT	5807	862779	866371	8668	3515	9223372036854775807	0.00994667489819	0.00404075936387	0.00590591553432
TTTG	12642	1979615	1921602	33891	21930	9223372036854775807	0.0168318346208	0.0112835806151	0.00554825400572
TNGT	26133	3975510	3920746	36012	14186	9223372036854775807	0.00897714134436	0.00360514489196	0.0053719964524
GAGN	7281	1082801	1086563	12244	6404	9223372036854775807	0.0111812756553	0.00585928028934	0.005321995366
CCAA	3442	510663	517486	5120	2476	207.451557867	0.0099266552019	0.00476188644555	0.00516476875635
CNGA	5920	919342	917796	7733	3031	9223372036854775807	0.00834128846102	0.00329160634951	0.00504968211151
AGGA	5157	778652	794092	6495	2617	9223372036854775807	0.00827233626315	0.00328476269253	0.00498757357062
GAGA	3095	474869	478117	3507	1146	263.786799929	0.00733105339733	0.00239117144449	0.00493988195284
GGGC	322	42287	46104	823	663	8.03806091611	0.0190906982139	0.0141766630316	0.00491403518225
CNGN	16022	2363435	2386770	25291	13650	9223372036854775807	0.0105876521627	0.00568650486165	0.00490114730105
CCGN	1538	220080	219918	2422	1363	64.8351036195	0.0108852954131	0.00615958893895	0.00472570647412
GTGT	4164	613019	600627	5073	2112	252.01841347	0.00820751603321	0.00350400422073	0.00470351181248
GTGA	3430	522180	513556	4366	1877	206.777701249	0.00829177317841	0.00364159842307	0.00465017475534
CCNA	8989	1329859	1324728	16174	10012	9223372036854775807	0.0120160501266	0.0075010863539	0.00451496377266
AACC	3320	542438	519486	7439	4764	103.692331476	0.0135284800055	0.00908726752504	0.00444121248049
CTGA	2190	351527	343125	2941	1366	117.54235462	0.00829694076757	0.00396527050054	0.00433167026704
TCGA	1720	267365	267887	2076	926	96.8673624397	0.00770484076291	0.00344477387626	0.00426006688665
CCNG	2580	381290	377737	7094	5371	48.707477882	0.01826542803	0.0140195454023	0.00424588262765
CCTA	3506	516441	510785	7855	5544	81.3851033823	0.0149819949036	0.0107373399519	0.00424465495179
TCAA	8043	1245537	1270953	10398	5242	9223372036854775807	0.00827909087652	0.00410752275318	0.00417156812333
GGNT	9033	1394027	1460504	14621	9256	9223372036854775807	0.0103794560458	0.00629762682343	0.00408182922237
CAGN	6473	956550	978942	9436	5603	231.559578514	0.00976825751098	0.00569095368927	0.00407730382171
CNCG	1546	219285	225238	2637	1790	41.0389733452	0.0118825533295	0.00788449001885	0.0039980633107
NCGA	5082	784736	779554	5923	2734	250.622029808	0.00749121934993	0.0034948765672	0.00399634278274
CAGC	995	134338	138221	1752	1241	23.024092854	0.0128738334925	0.00889848130674	0.00397535218581
CTGN	6473	972352	967143	9110	5271	217.963760646	0.00928207103281	0.00542053076159	0.00386154027122
TTGA	8043	1261718	1247973	9559	4657	9223372036854775807	0.00751921099808	0.00371777779552	0.00380143320256
AAAC	9764	1493040	1524578	22277	16821	190.093736159	0.0147012143334	0.0109128136193	0.00378840071405
TNGA	20740	3208959	3220857	22956	10777	9223372036854775807	0.00710290957528	0.00333484546827	0.00376806410702
NAGN	62053	9250809	9311589	85264	50283	9223372036854775807	0.00913274778378	0.00537104117638	0.0037617066074
TACC	3651	528366	520869	7271	5163	71.6564231365	0.01357449168	0.00981499224382	0.00375949943618
AGNT	19710	2918944	2919124	28173	17197	9223372036854775807	0.00955951188908	0.00585664850675	0.00370286338232
NCAA	26730	4082635	4187819	32272	17520	9223372036854775807	0.00784270458603	0.00416613262332	0.00367657196272
TCGT	2358	363199	365187	2656	1325	98.9606005637	0.00725970671441	0.0036151613044	0.00364454541
ACGN	5807	862938	863390	7485	4353	180.507001946	0.00859926725282	0.00501646224746	0.00358280500536
TNGN	61348	9276784	9256627	80781	47297	9223372036854775807	0.00863269450974	0.00508355399292	0.00354914051682
AAGN	29645	4467935	4497495	39890	24081	9223372036854775807	0.00884905691769	0.00532579790763	0.00352325901006
NTTG	26730	4123620	4060310	56994	41601	9223372036854775807	0.0136329256899	0.0101418582705	0.00349106741941
CAGA	2575	394588	399639	2308	938	130.146425047	0.00581512537289	0.00234162220996	0.00347350316293
ANGN	86193	12979926	13099051	112145	67364	9223372036854775807	0.00856587166385	0.0051163509581	0.00344952070575
TAGN	18654	2743523	2748589	23694	14195	9223372036854775807	0.00856239319143	0.00513793333102	0.00342445986041
TTTC	15538	2441444	2393297	39910	30753	218.003185427	0.0160839606118	0.0126866195004	0.0033973411114
NCGN	13740	2048853	2052523	17715	10824	9223372036854775807	0.00857218344618	0.00524584570603	0.00332633774015
TTAA	27318	4065531	4080931	29074	15499	9223372036854775807	0.00710056281375	0.00378353834925	0.00331702446451
AAGC	2292	333461	333240	4282	3160	37.3132904358	0.0126782790465	0.00939357907253	0.00328469997396
ACAA	12822	1970350	2037913	13870	7924	9223372036854775807	0.00699015230166	0.00387323134737	0.00311692095429
NNGA	72590	11272519	11319721	69760	34859	9223372036854775807	0.00615043943109	0.00307003869804	0.00308040073305
AGGC	717	97964	99290	1369	1078	9.12934084416	0.0137819254427	0.0107404750518	0.00304145039089
AANC	21757	3347652	3379510	42974	33051	9223372036854775807	0.0126743557089	0.00968510159965	0.0029892541093
GCGN	1313	188646	184415	2036	1448	19.579911669	0.0106774630012	0.00779068453646	0.00288677846477
GCAA	2423	356085	361467	2884	1878	50.3415718516	0.00803411993793	0.0051686413739	0.00286547856403
GGNA	11442	1688132	1732817	12409	7721	264.436761224	0.00729708957326	0.00443598473575	0.00286110483751
TTNG	25068	3828788	3776383	50428	38828	291.79412018	0.0129995339264	0.0101771566501	0.00282237727639
CNAA	25068	3804425	3897114	24693	14391	9223372036854775807	0.00644874354878	0.00367914651777	0.002769597031
NGGC	1997	268560	278709	4027	3388	18.4364180078	0.0147732650493	0.0120100532795	0.00276321176978
GTGN	10583	1561205	1537254	13397	8891	183.16367671	0.00850818175005	0.00575043091043	0.00275775083963
CTAA	6691	1000461	998625	7141	4343	147.487077506	0.00708712368574	0.00433014812038	0.00275697556536
NACC	10288	1517024	1496500	18916	14445	117.357335831	0.0123155852442	0.00956024210014	0.00275534314407
TAGC	1814	258051	256240	3234	2492	20.5671849757	0.012377289167	0.0096315878979	0.0027457012691
TCGN	5082	777189	784800	5772	3660	107.913004838	0.00737201469805	0.004641960277	0.00273005442105
TCNA	20740	3215322	3233218	24273	15612	9223372036854775807	0.00749260324207	0.00480542225971	0.00268718098237
CGAA	2293	353251	357622	2258	1324	56.3165743336	0.00635145664385	0.00368857711188	0.00266287953198
CGNA	5426	805425	818733	6006	3900	105.5751962	0.00740173841029	0.00474087472786	0.00266086368243
CCCA	1520	223344	217490	2314	1672	19.7444483353	0.010254455858	0.00762905978226	0.00262539607572
NAGC	5949	848234	847539	10422	8142	61.0138726728	0.0121375731376	0.00951522822173	0.00262234491582
TCCA	4398	686546	675239	5775	3921	71.2224378559	0.00834150632438	0.00577330820425	0.00256819812013
ATGT	15702	2323269	2311742	13429	7405	9223372036854775807	0.00574699854239	0.00319298431708	0.00255401422531
CTNA	19304	2853835	2873637	20646	13403	9223372036854775807	0.00718251399122	0.00464247118156	0.00254004280967
NCNA	61348	9268805	9368456	70084	47189	9223372036854775807	0.00750453292678	0.00501176499326	0.00249276793351
ATAC	10856	1587686	1583781	21479	17384	91.7762073638	0.013347916466	0.0108570946779	0.00249082178806
GCNA	5486	800080	799658	6543	4562	77.2766260896	0.00811159612359	0.0056725771555	0.00243901896809
ACGA	2358	365013	363765	2102	1206	52.97170087	0.00572572627106	0.0033043721282	0.00242135414286
NTGA	28946	4566629	4554887	26580	15480	9223372036854775807	0.0057868039534	0.00338703653339	0.00239976742001
CNTG	9458	1422110	1418802	17475	14002	81.9061709164	0.0121389150345	0.00977244619641	0.00236646883813
NTGT	35074	5322587	5240131	30370	17394	9223372036854775807	0.0056734997124	0.00330840081597	0.00236509889643
TTNA	87430	13256326	13149154	114067	81809	9223372036854775807	0.00853131243038	0.00618314781774	0.00234816461265
GGCA	917	127680	132669	1072	816	10.6159595437	0.008326084255	0.00611304640971	0.00221303784529
ANAC	27109	4005055	4046389	51081	42530	188.567071026	0.0125935126436	0.0104012820993	0.00219223054431
ACCG	493	70467	70124	798	640	4.24779724397	0.0111976426016	0.00904414674128	0.00215349586028
TNAA	87430	13162940	13331511	74062	46102	9223372036854775807	0.00559507356726	0.00344620523856	0.0021488683287
CAAA	12642	1940050	2023381	10174	6248	241.843989933	0.00521683663005	0.00307839511556	0.00213844151449
CNGC	2343	314824	317237	3641	2984	16.0801330019	0.0114329675161	0.00931856436648	0.00211440314957
CNAG	5824	859969	867747	8256	6474	51.1628504743	0.0095090558323	0.0074054501093	0.002103605723
CTCA	2493	367748	378893	2619	1899	30.7207142529	0.00707136434942	0.00498697451627	0.00208438983314
ATAG	7381	1090336	1084283	11529	9182	55.6848516116	0.010463169263	0.00839715948842	0.00206600977461
CTGC	966	131872	130948	1480	1198	6.75062146737	0.0110984462175	0.00906573032858	0.00203271588895
CNNA	70237	10493161	10613336	66817	46060	9223372036854775807	0.00632738060629	0.00432107034958	0.00200631025671
CTTA	7930	1134099	1152994	7945	5795	81.804555811	0.00695682478083	0.00500091043322	0.00195591434761
TTNC	32295	4947035	4878382	63866	53417	171.178053566	0.0127454124518	0.0108311389008	0.00191427355094
GCCA	766	110820	107171	1183	937	5.22692687412	0.0105622170835	0.00866725866726	0.00189495841621
NGNT	65384	10034683	10011083	72728	53999	9223372036854775807	0.00719551228302	0.00536498361365	0.00183052866937
TAGA	6579	1014632	1016267	4373	2517	110.177334089	0.00429144116074	0.0024705923925	0.00182084876824
NTNG	61348	9242612	9212705	106263	88838	9223372036854775807	0.0113663943523	0.00955088849237	0.00181550585989
NAGA	26763	4153777	4166404	17382	9910	9223372036854775807	0.00416718710555	0.00237290586867	0.00179428123688
NTGN	82863	12642532	12565279	85860	62584	9223372036854775807	0.00674554963424	0.00495602462586	0.00178952500837
CNNG	19408	2876565	2898663	31737	26793	99.4809941448	0.010912553098	0.00915857220208	0.00175398089592
TTCA	12796	2033123	2023682	13860	10236	115.438774046	0.00677094045236	0.00503265126716	0.0017382891852
GTAA	9070	1340386	1340848	7794	5511	86.1354169784	0.00578112714919	0.00409326190117	0.00168786524802
TTGN	26730	4157465	4079145	27445	20169	212.657791658	0.00655808607593	0.00492009150799	0.00163799456793
GTNA	23021	3401518	3386073	20555	14859	193.851154882	0.00600659307969	0.0043690964712	0.00163749660849
ACNA	26133	3923544	4010852	23094	17003	231.482692478	0.00585156277318	0.00422135354922	0.00163020922395
NAAC	25137	3781358	3818591	43476	37565	106.9047039	0.0113667678127	0.0097415664719	0.00162520134077
CTAC	3010	425413	436254	3779	3182	15.477681437	0.00880491714664	0.0072410999554	0.00156381719124
GNNA	71589	10855458	10944986	58674	42069	9223372036854775807	0.00537596576622	0.00382896053583	0.00154700523039
TTTA	39273	5895954	5796568	61574	51417	162.497572838	0.0103354948563	0.00879225921407	0.00154323564218
TNTG	36518	5512298	5443130	67700	58309	127.326813708	0.0121326208361	0.0105988633156	0.00153375752049
TNGC	5486	789041	790913	8677	7473	20.9625869242	0.0108772774339	0.00936013407049	0.00151714336339
ANCC	9033	1449052	1393274	16436	13651	35.5786398895	0.0112153767209	0.00970272047195	0.00151265624898
ANGA	37312	5844557	5880471	25505	16712	9223372036854775807	0.00434492855442	0.00283389543787	0.00151103311654
TTGC	2423	357428	352504	3587	2996	10.6164191619	0.00993587524064	0.00842756680731	0.00150830843333
TNTC	31640	4969414	4911920	59581	51577	105.980506671	0.0118474963686	0.0103912624506	0.00145623391791
GGNN	28393	4178552	4299772	33755	28382	137.490427471	0.00801342352302	0.0065575300694	0.00145589345362
ATCC	3646	563412	558063	5948	5070	14.2637486267	0.0104468174793	0.00900320173032	0.00144361574896
GNAA	32295	4923640	5010304	24580	17935	251.910368534	0.00496744283803	0.00356685511568	0.00140058772235
NNAA	303795	45591171	46487945	230138	170984	9223372036854775807	0.0050225103783	0.00366455046579	0.00135795991252
NCCA	10882	1645246	1630311	12523	10166	49.5012126206	0.00755412847025	0.00619697807406	0.00135715039619
NTAG	18654	2740562	2739204	25446	21715	64.4472725703	0.00919953955303	0.00786513476129	0.00133440479174
ATGN	39077	5951510	5981737	35908	28253	207.262083594	0.005997242885	0.00470100615808	0.00129623672692
NANC	65383	9934813	9972995	102203	89473	194.033831545	0.010182608058	0.00889175498496	0.00129085307305
NCTG	6473	968762	961181	11238	9929	16.2508941513	0.0114673469388	0.0102243824078	0.00124296453102
TAAA	39273	5835678	5941532	24269	17312	281.251817219	0.00414150503409	0.00290526149032	0.00123624354377
ANNC	62068	9337989	9359632	103851	92391	151.062251607	0.0109990213772	0.00977473287993	0.00122428849725
TANC	23603	3562806	3543966	35014	30442	64.899963842	0.00973200438043	0.00851665506568	0.00121534931475
NNGC	17220	2449549	2451772	27400	24396	39.220713785	0.0110619960282	0.00985232019798	0.00120967583019
CNCA	9951	1458920	1486448	9084	7439	43.5168460893	0.00618799403816	0.00497962697312	0.00120836706504
NAAA	150742	22387946	23080356	88172	63585	9223372036854775807	0.00392291942941	0.00274737133144	0.00117554809797
TGAA	12796	2016194	2038095	10321	8049	67.452049352	0.00509297982004	0.00393374073379	0.00115923908625
TNCA	34128	5210206	5207384	30265	24201	146.596159713	0.00577524424808	0.0046259403221	0.00114930392598
AGNN	62053	9277140	9315652	61983	51512	219.528494152	0.0066369186914	0.00549920979285	0.00113770889856
GAAA	15538	2421754	2482914	9806	7243	99.1513103991	0.0040328019872	0.00290865194444	0.00112415004277
CTAN	18654	2755252	2773489	16904	13883	69.6952624706	0.00609778093296	0.00498067713961	0.00111710379335
NGNA	80752	12197722	12302360	68732	55467	9223372036854775807	0.0056032493172	0.00448841046245	0.00111483885475
NTAC	26408	3841279	3845066	41364	37196	49.6703264451	0.0106535676857	0.00958101230674	0.00107255537898
GGAA	5264	805415	825075	4096	3303	23.8015289348	0.00505984477048	0.00398731014102	0.00107253462946
NTTC	34584	5395060	5350783	69059	62652	57.298370518	0.0126386339683	0.0115734279621	0.00106520600616
NTAA	91739	13727011	13763863	84349	69804	9223372036854775807	0.00610721898495	0.0050459505784	0.00106126840655
TNNA	289076	41914214	41908050	244063	199438	9223372036854775807	0.00578920718226	0.00473640222851	0.00105280495375
ANGC	6704	963515	966637	10795	9820	11.5259220835	0.0110796358449	0.0100567664526	0.00102286939226
NGAA	34584	5393579	5455907	25345	20075	147.105777795	0.00467712778404	0.00366600912859	0.00101111865545
AAAA	83289	12190464	12632529	43923	32782	9223372036854775807	0.00359012674685	0.00258832965097	0.00100179709588
CANA	36518	5504042	5596238	23991	18745	160.27062079	0.00433988002604	0.00333838944837	0.00100149057767
ATNG	21620	3260853	3281529	34350	31310	35.7117074757	0.0104242439692	0.00945110824885	0.000973135720342
NCTA	18654	2756188	2770772	19366	16769	44.4948350639	0.00697734578394	0.00601569627137	0.000961649512568
ATTG	7658	1173816	1175722	12695	11569	12.5760838109	0.0106994372576	0.00974403073888	0.000955406518757
CNTA	29298	4310474	4311978	25307	21199	80.0237657708	0.00583678004032	0.00489225342053	0.000944526619793
NTNA	241371	36575345	36613212	235688	201404	9223372036854775807	0.00640264564159	0.00547076193868	0.000931883702911
TATT	50240	7576711	7495655	45459	37925	131.479709541	0.00596404960792	0.00503412720114	0.000929922406775
NTNC	80752	12189287	12110929	140226	128045	103.935462607	0.0113731986008	0.0104620697781	0.000911128822717
TTCC	5264	816751	803717	8822	7943	7.94751824213	0.0106859114821	0.00978611733977	0.000899794142313
ATNC	27472	4119629	4114548	45909	42086	35.8624617908	0.0110211454079	0.0101250194268	0.000896125981092
ATGA	15283	2431204	2450233	9714	7580	61.9033829845	0.00397965027912	0.0030840426021	0.000895607677014
GANA	31640	4965728	5026438	19167	14927	126.960662624	0.00384501579271	0.00296090443759	0.000884111355122
AATC	6381	978713	1002206	8976	8306	10.4434805071	0.00908788090178	0.00821959561094	0.000868285290844
AAAN	150742	22266099	22975762	165478	150870	262.74108402	0.00737701143348	0.00652364771489	0.000853363718586
TAAC	8037	1166186	1161645	10991	9953	11.1390213692	0.00933674375221	0.00849523471361	0.000841509038601
AAGA	14514	2269688	2272381	7194	5309	63.2881554063	0.00315958402763	0.00233087031159	0.000828713716043
TNNC	71589	10838570	10757718	114401	104694	78.8453913303	0.0104447459963	0.00963819085485	0.000806555141466
NTGC	7961	1148320	1137946	11893	10859	9.06582786688	0.0102507039656	0.00945243100439	0.000798272961173
CGNT	4929	754909	749601	4766	4145	9.29379502351	0.00627373547899	0.00549919999575	0.000774535483233
TTGT	12822	2031573	1971009	8345	6581	35.4552330288	0.00409085071067	0.003327787863	0.000763062847661
TGNA	34128	5190042	5209062	30401	26853	51.5811619101	0.00582345214764	0.00512861648824	0.000694835659408
TGCA	3710	536918	536616	3762	3384	5.00807912004	0.00695790486055	0.00626666666667	0.000691238193879
ANAA	159002	23700166	24249016	106803	92556	298.018305613	0.00448620737902	0.00380238383947	0.000683823539558
TNCC	11442	1716042	1684995	18708	17202	9.19253680377	0.0107842628621	0.0101057633165	0.000678499545617
AGNA	29756	4514123	4541748	19916	16993	55.2557101224	0.00439255154179	0.00372756425513	0.000664987286662
CGNN	13740	2053472	2056121	13725	12372	16.5225136667	0.00663942527006	0.00598116599863	0.000658259271436
NTCA	28947	4553418	4584466	24800	21929	43.6575932919	0.00541695480643	0.00476055570571	0.000656399100724
ACAN	35074	5236257	5323627	31930	29029	42.2886592845	0.00606090861999	0.00542328892423	0.000637619695759
CNAN	61348	9271405	9367973	53974	48742	71.1859294822	0.0057878612762	0.00517611502525	0.000611746250951
GNCA	7073	1042295	1042350	5916	5291	8.3904992446	0.00564390184801	0.00505039417129	0.00059350767672
AGAA	14231	2218719	2235115	8670	7399	24.9095985867	0.00389244985945	0.003299421988	0.000593027871453
NNAC	68845	10112716	10183652	101407	96070	40.7782291635	0.00992811619754	0.00934558347006	0.000582532727485
CCAN	10882	1646607	1634280	10071	9058	10.9131331059	0.00607903285973	0.00551195189304	0.000567080966698
CGAN	5082	784874	779584	4259	3795	5.89354994891	0.00539706234564	0.00484439843294	0.000552663912695
GTTA	8037	1177382	1173676	6369	5696	8.51751567925	0.00538035448333	0.00482968902094	0.000550665462396
AANT	86237	12830053	13056103	111904	106573	52.9232914196	0.00864660576449	0.00809660588774	0.000549999876752
TCTA	6579	1015874	1019139	6024	5523	5.82502703776	0.00589491319094	0.00539007009141	0.000504843099539
CCNN	28393	4306966	4229672	34888	32100	16.3209859093	0.00803527709591	0.00753207820597	0.000503198889946
CTNN	62053	9341227	9359473	57342	52809	43.4288461302	0.0061011415674	0.00561064787477	0.000490493692636
CACA	5345	784478	803808	3476	3201	4.84391896968	0.00441142503243	0.00396649851489	0.000444926517539
AANN	303796	45443340	46295281	286475	272529	142.905905547	0.00626451255051	0.00585230441371	0.000412208136796
NTTA	91739	13728287	13709996	99959	94191	36.5032528576	0.00722861019395	0.00682336453425	0.000405245659693
TATC	10101	1610203	1605212	13518	12834	4.0876234241	0.00832532189951	0.00793178933108	0.000393532568431
NAAN	303795	45463924	46320074	283887	274319	85.795768215	0.0062054772413	0.00588738220069	0.000318095040618
NNCA	82864	12602649	12705276	62174	58604	30.6452616553	0.00490918822948	0.00459139383949	0.000317794389985
NANA	376578	54780490	55529176	191303	176797	171.537740581	0.00348002110828	0.00317375301927	0.000306268089012
AAAT	44355	6554431	6760338	68785	68854	7.47175133087	0.0103854381316	0.0100823054909	0.000303132640668
NNTG	82863	12583450	12500041	126906	122234	13.7320701009	0.00998445676895	0.0096839911981	0.000300465570853
CAAN	26730	4084672	4180620	22740	22006	8.45311560656	0.00553633285387	0.00523624990661	0.000300082947269
ANAN	376578	54590565	55351138	329396	317598	89.7635978534	0.00599774642957	0.00570514121248	0.000292605217097
TGNT	31712	4966803	4881854	25168	23401	8.96784910052	0.00504169595537	0.00477059806269	0.000271097892675
AANA	161642	24058196	24589884	72823	67961	64.3265254599	0.00301781702629	0.00275616137582	0.000261655650471
NNTC	72591	11235493	11212187	111184	108631	6.09006803432	0.00979881598815	0.00959568469346	0.000203131294696
TNNG	70237	10470998	10405496	107495	104929	4.38081724775	0.0101616553511	0.00998332607863	0.000178329272466
TANT	101121	15243105	15068101	83043	79417	10.5295029587	0.00541838692932	0.00524290514129	0.000175481788027
NANT	231896	34961336	34972575	229497	223991	15.8229360655	0.00652149950528	0.00636400153356	0.000157497971724
ACNN	68846	10189091	10280370	58515	57407	5.70494128716	0.00571011414764	0.00555312810481	0.000156986042822
NCAN	82863	12590103	12699940	68038	66698	6.76653636878	0.00537503887814	0.005224398154	0.000150640724141
ANNA	329147	49559529	50346832	196253	193290	21.2902608626	0.00394432550573	0.00382448621711	0.000119839288618
TANN	300800	43322295	43186670	235245	230807	7.21150879486	0.00540078709679	0.00531599291226	8.47941845368e-05
