#Sequence	Occurrence	Forward Match	Backward Match	Forward Mismatch	Backward Mismatch	Strand Bias Score	FER (Forward Error Rate)	RER (Reverse Error Rate), ERD (Error rate Difference)
TTTTTTTTTT	43881	23430	28442	712	483	22.2187036363	0.0294921713197	0.016698357822	0.0127938134977
TTTTTTTTNT	49876	30270	35721	798	522	25.0478445751	0.025685592893	0.0144027812267	0.0112828116663
TTNTTTTTTT	49005	30021	35097	782	534	20.9516480274	0.0253871376165	0.0149869495664	0.0104001880501
TNTTTTTTTT	50086	30108	35212	790	555	19.3507942512	0.0255679979287	0.0155170967652	0.0100509011635
TTTTTTNTTT	48695	30220	35290	736	498	20.269703275	0.0237756816126	0.0139152788644	0.00986040274819
TTTTTTTTTN	51615	31058	36799	928	720	16.565866964	0.0290126930532	0.0191902769264	0.00982241612685
TTTTTTTNTT	48971	30219	35328	731	499	19.6818644729	0.0236187399031	0.013928043096	0.00969069680708
TTTNTTTTTT	49169	30587	35720	767	539	18.702073587	0.0244625885055	0.0148652748283	0.00959731367714
TTTTTNTTTT	49271	31158	36333	743	510	19.473373053	0.0232908059308	0.0138425209673	0.0094482849635
NTTTTTTTTT	51615	31409	36362	785	553	18.3366481303	0.024383425483	0.0149803602871	0.00940306519586
TTTTNTTTTT	49586	31916	37018	764	526	19.4181260218	0.0233782129743	0.0140102279991	0.00936798497515
TNTTTTTTNT	59122	41905	47632	912	612	23.2057824283	0.0212999509541	0.0126855152972	0.00861443565682
TTTTTTNTNT	57900	42150	47821	852	549	24.4459910954	0.019813031952	0.011350010337	0.00846302161502
TTTTTTTNNT	58255	42302	47865	852	553	23.7036978567	0.0197432451221	0.0114213722169	0.00832187290518
TTTTTTTTNN	62206	44302	50865	1094	821	19.287917907	0.024099039563	0.0158843787486	0.00821466081436
TTNTTTTTNT	58909	44238	49981	901	596	23.4853141277	0.0199605662509	0.0117840124958	0.00817655375512
NTNTTTTTTT	60801	43090	48260	926	642	19.9376052565	0.0210378044348	0.0131282974111	0.0079095070236
NTTTTTTTNT	60333	43267	48557	898	612	20.7131511162	0.0203328427488	0.0124468669283	0.00788597582043
TTNTNTTTTT	57394	43140	48668	882	599	21.0250159948	0.020035436827	0.0121582397954	0.00787719703164
TNTNTTTTTT	59626	42157	47682	902	639	18.7493208205	0.0209480015792	0.0132240640715	0.00772393750771
TTTNTTTTNT	59466	43998	49600	878	598	20.6842131371	0.0195650236206	0.0119128252122	0.00765219840848
TTTTTNTTNT	58725	44709	50354	854	567	21.8090025395	0.0187432785374	0.0111348952299	0.00760838330754
TNTTTTTTTN	60801	42756	48670	1110	877	14.9613511677	0.0253043359322	0.0177003653097	0.00760397062245
TTTTNTTTNT	58766	44050	49691	859	582	20.6660362719	0.0191275690841	0.0115767907227	0.00755077836149
TTNTTTTTTN	59715	42914	48893	1079	850	14.8446586747	0.0245266292365	0.0170878314537	0.0074387977828
TTNNTTTTTT	57214	42734	48114	875	621	17.7593236676	0.0200646655507	0.0127423822715	0.00732228327922
TNNTTTTTTT	58664	42406	47484	902	651	16.7537258432	0.0208275607278	0.0135244624494	0.00730309827845
NTTNTTTTTT	59715	43323	48546	888	633	17.3664858826	0.0200854990839	0.0128713475264	0.00721415155756
TTNTTTTNTT	58377	43463	48740	817	555	19.0901953331	0.018450767841	0.0112587483518	0.00719201948925
TTNTTTNTTT	59138	43454	48467	822	562	18.3905574433	0.0185653627247	0.0114626037651	0.00710275895961
TNTTTNTTTT	59034	43871	49091	852	594	18.0079926124	0.0190506003622	0.0119553185066	0.00709528185564
NTTTNTTTTT	60538	45714	50926	888	617	18.6202329729	0.0190549761813	0.0119705876647	0.00708438851661
TNTTNTTTTT	58984	44095	49391	880	627	17.2243241189	0.0195664257921	0.0125354872246	0.00703093856751
TTTTNTNTTT	57080	43511	48888	802	548	18.5348441131	0.0180985263918	0.0110850392427	0.00701348714915
TNTTTTNTTT	59251	43313	48679	821	575	17.4171422429	0.0186024380296	0.0116741787469	0.00692825928273
NNTTTTTTTT	62206	44432	49660	917	670	16.0909327957	0.020220953053	0.0133121398768	0.00690881317618
TTTNTNTTTT	57411	43532	49039	824	581	17.2275346391	0.0185769681667	0.0117089883112	0.00686797985549
TTTTTNNTTT	56772	43565	48853	778	528	18.2834760663	0.0175450465688	0.0106923715599	0.00685267500888
TTNTTNTTTT	57767	44075	49491	837	591	17.165587226	0.0186364446028	0.011800646939	0.00683579766376
TTTTTTTNTN	60333	43209	49181	974	760	14.0318889556	0.0220446778173	0.0152179571895	0.00682672062778
TTTTTTNNTT	56499	42162	47374	758	519	17.4456296693	0.0176607642125	0.0108366567139	0.00682410749856
TTTNTTNTTT	56881	42706	47904	803	564	16.7457106675	0.0184559516422	0.0116365436989	0.00681940794325
TTTTTTNTTN	59556	43636	49499	977	758	14.1980100012	0.0218994463497	0.015082476073	0.00681697027673
TTTTTNTNTT	57123	43004	48396	771	530	17.6053854828	0.0176127926899	0.0108326860974	0.00678010659252
TTTTTNTTTN	60030	44509	50470	987	771	13.8716521599	0.021694214876	0.0150465447591	0.00664767011695
TTTTNNTTTT	57981	46191	51695	817	565	17.8340359537	0.0173800204221	0.0108113279755	0.00656869244655
NTTTTTNTTT	60030	44811	50104	826	586	16.3679674742	0.0180993492123	0.0115604655751	0.0065388836372
TTTNTTTTTN	60538	45371	51248	1047	837	12.850996091	0.0225559050368	0.0160698857637	0.00648601927318
TNTTTTTNTT	59119	44219	49470	822	589	15.7311460278	0.0182500388535	0.0117661159831	0.00648392287035
NTTTTTTNTT	59556	43863	49068	814	584	15.5061348306	0.0182196655997	0.0117618625634	0.00645780303631
NTTTTNTTTT	61348	46272	51625	842	601	16.1458532771	0.0178715456128	0.011507678168	0.00636386744481
TTTNNTTTTT	57871	45293	50734	844	613	15.3965596183	0.0182933437371	0.0119383800417	0.00635496369545
NTTTTTTTTN	62206	44056	49980	1109	928	10.8909880175	0.0245544116019	0.0182289620492	0.00632544955272
TTTTNTTNTT	58065	45303	50385	794	556	16.1772089819	0.0172245482352	0.0109145874639	0.00630996077131
TTTTNTTTTN	61348	45907	51969	1016	810	12.826081825	0.0216524945123	0.0153470130165	0.00630548149575
TTTNTTTNTT	59703	44045	49181	794	570	14.9925622574	0.0177077990143	0.0114570561396	0.00625074287468
