#Sequence	Occurrence	Forward Match	Backward Match	Forward Mismatch	Backward Mismatch	Strand Bias Score	FER (Forward Error Rate)	RER (Reverse Error Rate), ERD (Error rate Difference)
GGGT	2508	204041	211795	2951	1065	207.331386283	0.0142565896267	0.00500328854646	0.00925330108019
AAGT	14613	1029976	1040995	11114	3878	9223372036854775807	0.0106753498737	0.003711455842	0.00696389403169
AGGT	6823	482588	493193	5404	2525	240.319318947	0.011073952032	0.0050936217769	0.0059803302551
GAGT	3590	255554	259496	2174	698	170.04133319	0.00843524956543	0.00268261374205	0.00575263582338
NGGT	18743	1359974	1390774	12857	5298	9223372036854775807	0.00936531881929	0.00379493321261	0.00557038560667
NAGT	33944	2419598	2434959	18605	6951	9223372036854775807	0.00763061976382	0.00284654225586	0.00478407750796
GNGT	15166	1088656	1101546	8121	3044	9223372036854775807	0.00740442222986	0.00275577363547	0.00464864859439
TTTG	28027	1945541	2000045	26142	18060	9223372036854775807	0.0132587236386	0.00894898927459	0.00430973436405
TGGT	8380	599781	611046	4009	1500	258.649504573	0.00663972573246	0.00244879568228	0.00419093005017
CGGT	1032	73564	74740	493	208	26.9896274888	0.00665703444644	0.00277525751187	0.00388177693457
ANGT	57630	4015465	4026994	25928	10297	9223372036854775807	0.00641560966726	0.00255047258174	0.00386513708552
GGGN	7871	584242	588659	4394	2277	149.898448962	0.00746471503612	0.00385320914617	0.00361150588995
TTTC	35024	2468130	2516745	35560	28030	225.535878085	0.0142030363184	0.0110147262528	0.00318831006558
NNGT	137514	9716593	9796587	50819	21477	9223372036854775807	0.0052029135251	0.0021874984722	0.00301541505289
ACGT	4218	294343	293400	1621	756	68.6671868426	0.0054770174751	0.00257006486354	0.00290695261156
GTGT	8116	563233	564523	2616	1067	143.097417668	0.00462314150948	0.00188652557506	0.00273661593442
TAGT	11917	857192	857314	4100	1757	204.31724191	0.00476029035449	0.00204523258264	0.00271505777185
GCGT	952	65828	65732	380	214	10.7909697972	0.00573948767521	0.00324507930731	0.00249440836789
NGGN	55704	4033291	4059229	22083	12729	9223372036854775807	0.00544536706109	0.00312601456105	0.00231935250004
TTNC	69210	4874297	4945331	47100	36824	9223372036854775807	0.00957045326764	0.00739117911827	0.00217927414937
CAGT	3824	276876	277154	1217	618	43.5524863969	0.00437623384983	0.0022248462768	0.00215138757302
TTNG	51971	3679596	3757195	31318	23808	257.199715437	0.00843943028591	0.00629674189626	0.00214268838964
AGGN	22238	1613205	1617843	9371	5902	173.898967025	0.00577538432714	0.00363480718955	0.00214057713759
TGGN	22470	1612706	1627259	7443	4017	229.810869526	0.00459402190786	0.00246248948676	0.0021315324211
ATGT	31976	2208558	2199406	7789	3138	9223372036854775807	0.00351434139149	0.00142471614642	0.00208962524507
CCTG	2309	177401	176376	2857	2480	6.01445501355	0.015849504599	0.0138659032965	0.00198360130246
TNGT	53315	3790401	3842599	13841	6582	9223372036854775807	0.00363830692159	0.00170997414775	0.00192833277384
AAGN	61971	4435155	4436598	18302	9738	9223372036854775807	0.00410961641709	0.00219011788583	0.00191949853126
NCGT	11442	810632	811720	3266	1707	107.563454881	0.00401278784319	0.00209852881697	0.00191425902623
GNGN	45973	3292631	3303319	13799	7837	9223372036854775807	0.00417338337724	0.00236684710717	0.00180653627006
GAGN	15462	1107711	1112634	3995	2060	137.133700539	0.00359357599941	0.00184804080761	0.0017455351918
NTTG	58818	4137901	4207949	36509	29835	171.289148357	0.00874590660716	0.00704023612341	0.00170567048375
NTGT	73385	5126389	5159134	16091	7521	9223372036854775807	0.00312903501812	0.00145568070638	0.00167335431175
CNGT	11403	822071	825448	2929	1554	93.8338943357	0.0035503030303	0.0018790764714	0.0016712265589
TTGA	18351	1319357	1327911	4852	2676	140.632337503	0.0036640741756	0.00201114245066	0.00165293172494
AAAC	20304	1456340	1448537	15852	13422	41.8046432053	0.0107676172673	0.0091808320206	0.00158678524672
GGNT	18355	1378901	1400121	5485	3381	116.504283615	0.00396204526772	0.0024089741233	0.00155307114442
CGGN	3125	223138	225468	875	533	19.7221896606	0.00390602331115	0.00235839664426	0.00154762666688
NAGN	127821	9214231	9210966	31884	18044	9223372036854775807	0.00344836723316	0.00195513928363	0.00149322794953
ANGN	178152	12721025	12673960	45595	26556	9223372036854775807	0.00357142297648	0.00209093866737	0.00148048430911
TNTC	70490	5021508	5035871	44662	37274	149.542921231	0.00881573259484	0.00734731611259	0.00146841648225
GAGA	6780	490841	488304	1155	447	68.1947768377	0.00234758006163	0.00091457613386	0.00143300392777
CCGT	1276	91550	91331	308	180	7.95935867358	0.00335300137168	0.00196697664762	0.00138602472407
TGGA	9525	692665	694462	2470	1510	51.8565371443	0.00355326663166	0.00216962751375	0.00138363911791
GGGA	3160	227390	222070	1047	716	12.6979038816	0.00458332056541	0.0032138464715	0.00136947409391
TTAC	17594	1238305	1237458	7292	5616	47.9722155076	0.00585422090773	0.00451783240579	0.00133638850193
GCGA	991	71509	69432	239	143	5.30522693728	0.00333110330602	0.00205533596838	0.00127576733764
TTCC	11397	804889	823430	2793	1807	51.9471734706	0.00345804413123	0.00218967399668	0.00126837013455
GCGN	2656	186770	184926	665	427	11.5848660259	0.00354789660416	0.00230371237585	0.00124418422831
ACGN	11442	813938	806018	2409	1383	59.1854681918	0.0029509510049	0.00171290350148	0.00123804750342
TNGN	128234	9187438	9255659	29085	17832	9223372036854775807	0.00315574539335	0.00192290044817	0.00123284494519
AANC	46214	3348926	3325525	23324	19026	89.0914215869	0.0069164504411	0.00568865596608	0.00122779447502
ANAC	56255	3932706	3897907	31121	26142	85.388818925	0.00785125082401	0.00666199632064	0.00118925450338
GTGN	19984	1413908	1417100	4745	3073	79.5370082435	0.00334472207087	0.00216382088661	0.00118090118426
CGGA	1351	97905	97512	317	201	6.24232739075	0.00322738286738	0.00205704461024	0.00117033825715
ATCC	7946	575662	572212	1443	764	45.5177752926	0.0025004115369	0.00133338918209	0.0011670223548
NGGA	24885	1800688	1791676	6018	3897	97.292706374	0.0033309237917	0.00217033782531	0.00116058596639
AACC	6445	499263	487789	1489	887	31.1496912259	0.00297352781417	0.0018151085791	0.00115841923507
CCTA	5636	426615	422746	5040	4494	6.48776436064	0.011675991243	0.0105186780264	0.0011573132166
ACCC	2508	211242	205080	693	438	11.7352628076	0.00326987047916	0.00213120018684	0.00113867029231
TTGN	58818	4170893	4234017	12607	7991	240.878690875	0.00301350543803	0.00188377768264	0.00112972775539
TNGA	45998	3332073	3334272	9348	5581	207.957811375	0.00279761215363	0.00167103162924	0.0011265805244
AAGC	5100	356422	355876	1745	1338	12.3920902109	0.00487202896973	0.00374565386575	0.00112637510398
NTTC	76993	5489302	5558737	51683	45982	89.2621412172	0.0093274029798	0.00820415796046	0.00112324501933
ANCC	18355	1386942	1366021	3911	2311	85.2412107624	0.00281194346203	0.00168891760187	0.00112302586017
TCGT	4996	358911	361257	957	557	24.4701943486	0.00265930841308	0.00153946502899	0.00111984338409
CCGA	1138	84097	82002	215	119	6.15854287245	0.00255005218711	0.00144908123379	0.00110097095333
GNGA	17360	1256063	1242096	3666	2260	70.1522050906	0.00291014972268	0.00181620050854	0.00109394921414
ATAC	23637	1618593	1595358	11634	9713	32.6873105778	0.00713642946657	0.00605144569929	0.00108498376728
TACC	7135	514609	499387	1402	830	29.2082541797	0.0027169963431	0.00165927987254	0.00105771647057
NTCC	24885	1780861	1796748	4969	3109	97.7246793337	0.00278245969661	0.00172735945133	0.00105510024528
TTGT	28022	1974517	2012982	4775	2768	125.652604666	0.00241247880555	0.001373186159	0.00103929264655
AGCG	983	68880	68941	180	109	4.42288275826	0.00260642919201	0.00157856625634	0.00102786293567
NCGN	28004	2006951	1997928	5514	3433	104.185602471	0.00273992342724	0.00171533271609	0.00102459071115
NTGN	175526	12492965	12516277	34955	22193	9223372036854775807	0.00279016788102	0.00176999267056	0.00102017521046
ATGN	82501	5858727	5813501	15513	9533	9223372036854775807	0.00264085226344	0.00163711906886	0.00100373319459
TAGN	36165	2624096	2611740	7165	4566	123.491459471	0.00272302899636	0.00174520870265	0.000977820293712
TTAA	57248	4048451	4064622	9247	5309	235.844977918	0.00227887831968	0.00130444471909	0.00097443360059
TNCC	23566	1670828	1680713	4708	3098	75.2865921181	0.00280984711758	0.0018398739526	0.00096997316498
CTGT	5271	380081	382223	911	548	20.9935443438	0.00239112632286	0.0014316654083	0.000959460914563
NACC	18743	1387742	1361814	3613	2294	59.7694504583	0.0025967492121	0.00168168502787	0.000915064184227
NTNC	172397	12193662	12253397	82799	71851	180.507546296	0.00674453329832	0.00582957843931	0.000914954859004
AGGA	10849	782728	777632	2184	1470	30.3052231873	0.00278247752614	0.00188678760932	0.000895689916818
CCGN	3125	226500	224341	570	365	10.1482149987	0.00251023913331	0.0016243446993	0.000885894434011
NNCC	55704	4047283	4038410	10587	6993	158.9382832	0.00260900423128	0.00172862876702	0.000880375464261
CCCC	1551	108550	108990	286	191	4.85273205696	0.00262780697563	0.00174938862989	0.000878418345743
NTAC	54234	3784389	3759504	22173	18724	59.2806843196	0.0058249412462	0.00495576233091	0.000869178915283
TNNC	150212	10662410	10666968	67803	58572	147.888465461	0.00631888668007	0.00546098378263	0.000857902897434
NTGA	63386	4617397	4597988	11526	7670	165.798617495	0.00248999605308	0.00166534293254	0.000824653120537
AATC	14365	1036901	1033323	4238	3379	21.360665402	0.00407054197374	0.00325937443933	0.000811167534414
NNGA	157563	11460589	11403109	25730	16532	9223372036854775807	0.00224005619207	0.00144768123621	0.000792374955852
TCGN	10781	779743	782643	1870	1258	27.5017547205	0.00239248835421	0.00160479448298	0.000787693871234
TATT	113184	7900902	7867522	18004	11860	269.908659755	0.00227354637118	0.00150519418909	0.000768352182091
AGNT	39348	2829939	2854467	10510	8397	56.3830438452	0.00370011924171	0.002933076807	0.00076704243471
TCGA	3656	270397	268228	583	381	9.64738535803	0.00215145029153	0.00141841859357	0.000733031697965
TTGG	7250	514046	525426	1525	1176	12.3991314468	0.00295788552886	0.00223318559367	0.000724699935186
AGAC	4198	298007	297915	1246	1032	5.05971397532	0.0041637009487	0.00345211693043	0.00071158401827
ANNC	131587	9371907	9304861	52497	45431	100.84960137	0.00557032572033	0.00485877874188	0.000711546978449
ACAC	8116	559766	556097	2389	1975	8.76604038615	0.00424971760458	0.00353896988202	0.000710747722553
CAGN	14223	1047269	1049994	2422	1680	30.5958226392	0.00230734568554	0.00159745320318	0.000709892482361
CNGN	34696	2546344	2551462	5957	4174	70.0560632295	0.00233397236454	0.00163325293586	0.000700719428681
NCCC	7871	587884	586600	1337	938	15.9246196607	0.00226909767303	0.00159649248219	0.000672605190841
CTCA	5149	373031	370097	1363	1109	5.98345654877	0.00364054979514	0.00298755946833	0.000652990326808
ACNC	15166	1095471	1083200	3701	2954	17.372055866	0.00336707994745	0.00271968800004	0.000647391947407
NTNG	128234	9136008	9218038	50436	44939	80.8229687495	0.00549026369725	0.00485146405956	0.000638799637691
GTCC	2203	158521	158781	361	260	4.25218321064	0.00227212648381	0.00163479857395	0.000637327909853
NCGA	10781	789512	776917	1596	1078	20.9889525112	0.00201742366403	0.00138561301808	0.000631810645947
NAGA	58511	4252992	4236528	6590	3887	150.383554142	0.00154710016147	0.000916655563194	0.000630444598278
NGNT	135694	9828848	9902842	27162	21270	166.474468221	0.00275588194411	0.00214326480797	0.000612617136139
CNGA	13534	1010371	1001794	2075	1445	24.3326820774	0.00204949202229	0.00144033475573	0.000609157266564
CTTG	6172	442236	448685	2388	2152	4.13499763031	0.00537083018461	0.00477334380275	0.000597486381856
AATA	113184	7883033	7906328	14849	10302	182.621435844	0.00188012431687	0.00130131129028	0.00057881302659
AAGA	31312	2273117	2269013	3295	1980	71.8344184976	0.00144745327296	0.000871865302975	0.000575587969982
ANGA	80671	5862082	5824947	10641	7246	136.48900642	0.0018119363028	0.00124241430282	0.000569521999983
NNTC	157564	11323889	11345656	69696	63366	68.9837083283	0.00611712643562	0.0055540255773	0.00056310085832
CAGA	5953	439380	435540	697	446	12.353072714	0.00158381374169	0.00102296862743	0.000560845114253
GTGA	6429	466323	462290	1225	954	7.60595344738	0.00262005184494	0.00205938986797	0.00056066197697
TTTN	332144	23097917	23446080	129378	118091	152.164202349	0.00557008467839	0.00501146422677	0.000558620451622
TNTG	78064	5400024	5432485	42245	39428	25.8510997634	0.00776238734249	0.00720552391823	0.00055686342425
TNAA	189053	13433445	13451033	19652	12882	9223372036854775807	0.00146077888236	0.000956779658814	0.00050399922355
ANGC	14373	1000032	988444	4245	3700	7.60043002108	0.00422692145693	0.00372929736006	0.000497624096868
ATGA	33514	2442728	2421047	4603	3361	40.7905342476	0.00188082445734	0.00138631781449	0.000494506642844
AAAA	184310	12940078	12944896	15266	8961	9223372036854775807	0.00117835543387	0.000691763078749	0.000486592355116
CCNA	16848	1246612	1230203	6643	5956	7.06646694293	0.00530059724477	0.00481815041593	0.000482446828849
CTGN	14223	1049437	1051659	2090	1596	15.5370378266	0.00198758567303	0.00151530256206	0.000472283110968
AANA	357264	25138415	25133800	36059	24741	9223372036854775807	0.00143236359179	0.000983403608341	0.000448959983446
CATA	33652	2351455	2324774	4845	3749	28.7471457632	0.00205618978908	0.00161003348475	0.000446156304331
GGAT	7946	577914	581451	1783	1537	5.00862302446	0.00307574474251	0.00263641790226	0.000439326840257
AGNC	9838	694799	691823	2680	2375	4.41327163404	0.00384240959226	0.00342121412047	0.000421195471793
CTGA	5092	388989	386740	846	679	4.44701990928	0.00217014890915	0.00175262441956	0.000417524489598
TCAA	18351	1336715	1328091	1675	1116	24.5411285169	0.00125150367232	0.000839598346984	0.000411905325338
TTNN	664625	46614946	47160467	184520	167268	230.623478617	0.00394278003087	0.00353424899797	0.000408531032895
TAGA	14466	1049654	1043671	1443	1014	16.6771072172	0.00137285141143	0.000970627509728	0.000402223901702
NNAC	137511	9734497	9671488	56131	51901	31.2368862002	0.0057331358111	0.00533774798067	0.000395387830436
GGAA	11397	826249	816083	991	657	14.7213426524	0.00119795947972	0.000804417562505	0.000393541917211
CCTN	22236	1637843	1626743	8907	8207	5.98667247204	0.00540883558524	0.00501972537386	0.000389110211379
NAAA	332144	23475717	23461746	25398	16267	9223372036854775807	0.00108071468098	0.00069286101852	0.000387853662465
CNCC	8529	612291	614159	1080	848	6.99240383468	0.0017607614315	0.00137884609443	0.000381915337064
TCTA	14466	1051475	1048725	3820	3408	5.61633529431	0.00361984089757	0.00323913421592	0.000380706681648
CTTC	11996	874752	883275	3466	3167	4.28353647951	0.00394662828592	0.00357270977684	0.000373918509077
ATNC	60369	4232711	4204313	22792	21076	13.0757417009	0.00535588859883	0.00498794312192	0.00036794547691
CTNA	36743	2695249	2677284	8896	7846	13.7395928836	0.00328976441722	0.00292201867321	0.000367745744007
CTAA	11791	889125	881581	1180	859	11.2544960382	0.00132538849046	0.000973437287521	0.00035195120294
CNTA	57750	4087845	4049668	16085	14562	14.4086003709	0.00391941383016	0.00358296651518	0.000336447314975
GCAA	5195	375700	368706	443	311	5.18954024634	0.00117774357093	0.00084277960094	0.000334963969989
TGNT	67787	4884385	4909941	9823	8269	31.8536232218	0.00200706631185	0.00168130275039	0.000325763561462
TNGG	16848	1216694	1230261	2821	2451	7.36826323987	0.00231321467961	0.00198829897008	0.000324915709531
NATT	219507	15521175	15528730	28456	23579	100.995692512	0.00183001127165	0.00151610927998	0.000313901991671
TTNA	189053	13328266	13380787	80001	76092	25.6997079381	0.00596654287985	0.00565450577359	0.000312037106262
AGNN	127823	9228198	9234033	23222	20359	42.348390676	0.00251010115204	0.00219992842317	0.000310172728865
CCAA	7250	532051	523600	605	436	6.12139447028	0.00113581748821	0.000832003908128	0.000303813580082
GGNN	55704	4060634	4078272	10694	9522	16.8473901746	0.00262666137437	0.00232937374046	0.000297287633915
NANC	135691	9822654	9714888	46514	43104	21.5810974012	0.00471306193187	0.00441730224825	0.000295759683618
NATC	52817	3841858	3797759	12885	11616	12.175248284	0.00334263529371	0.00304931911403	0.000293316179687
TGAA	28671	2092015	2081306	2586	1974	18.1358897658	0.00123460267612	0.000947544257133	0.000287058418985
NCTA	36165	2643633	2630596	11640	10826	6.33855485857	0.00438373003454	0.00409854994772	0.000285180086821
TAAA	84783	5956264	5977014	6144	4483	58.8272869604	0.00103045615127	0.000749477931695	0.000280978219578
GANA	70490	5130591	5103012	6374	4905	40.9770350104	0.00124081047856	0.00096027402168	0.00028053645688
NNAA	664625	47246639	47108154	62730	49582	9223372036854775807	0.00132595300521	0.00105140755697	0.000274545448237
AATN	219507	15472005	15514310	35173	31094	58.1262389593	0.00226817542173	0.002000205334	0.00026797008773
CNAA	51971	3811084	3764627	3891	2849	33.3551653874	0.00101992804671	0.00075620919682	0.00026371884989
NGAA	76992	5612303	5575489	6186	4678	44.4733408322	0.00110100776205	0.00083832616479	0.000262681597261
NTGG	22470	1610069	1620747	3364	2966	6.81240634137	0.00208499516249	0.00182667749781	0.00025831766468
GAAA	35024	2550149	2534612	2248	1587	24.9006003636	0.000880740731164	0.000625739541732	0.000255001189432
AANN	664624	46890696	46994356	179436	168010	88.2283809748	0.00381209893357	0.00356237428801	0.000249724645558
NANA	830489	57047454	56783233	94196	79746	247.51958103	0.00164846482382	0.00140242388637	0.000246040937445
CAAA	28027	2029226	2005224	1740	1236	18.2246847052	0.000856735169373	0.000616010286774	0.000240724882599
NCAA	58818	4266081	4210268	5025	3998	23.5711847854	0.00117651025285	0.000948682404006	0.000227827848842
CNNA	142784	10300335	10189686	25703	23132	24.7153969859	0.00248914443274	0.00226499679129	0.000224147641457
CANA	78064	5555603	5489573	8643	7322	21.4559029361	0.00155331018794	0.00133202471577	0.000221285472168
AGAA	32021	2333357	2323878	2243	1729	14.9336889348	0.000960352800137	0.000743461814485	0.000216890985652
NCNC	45973	3294949	3287129	8476	7746	7.5826695649	0.00256582183643	0.00235092378315	0.000214898053279
CNTC	27674	2025767	2030150	5721	5310	4.21984613052	0.00281616234012	0.00260874691716	0.000207415422958
GNAA	69210	5013563	4974060	5554	4487	23.8676478438	0.00110656914354	0.000901266976088	0.000205302167449
GTNT	56255	3965149	3989829	9552	8797	8.65050283919	0.0024031996369	0.00220000570196	0.000203193934945
NATA	366449	24129871	23971998	54569	49623	45.3167821034	0.00225636814415	0.00206576400485	0.000190604139293
ATNT	364056	24030593	23977998	43309	38897	50.5116557849	0.00179900208948	0.00161956822479	0.000179433864698
ANAA	354391	24988547	24918434	33633	29364	61.4569187947	0.00134412749009	0.00117701770713	0.000167109782957
TNTT	357264	24997118	25226941	30646	26807	64.8235547969	0.00122448014133	0.00106150580104	0.000162974340294
AGNA	63741	4615875	4598483	6897	6125	10.2005322411	0.00149196196568	0.00133018923652	0.000161772729156
TNTN	830489	56566128	56690807	219339	211210	38.3947927973	0.00386259040539	0.00371181921372	0.000150771191674
TTAN	196671	13808324	13869896	29639	27773	16.0116436382	0.00214186148641	0.0019983926801	0.000143468806309
GNNT	131587	9427630	9488674	25441	24254	8.78981320995	0.00269129471259	0.00254958305161	0.000141711660975
ATAT	217294	13681868	13653072	29973	28420	9.14220575305	0.00218592091317	0.00207725882528	0.000108662087893
NTAA	196671	13892538	13860651	26121	24639	9.55107215379	0.00187668941383	0.0017744678001	0.000102221613733
ANNT	648244	44062034	44154826	147011	142872	15.7582339869	0.00332536022889	0.00322526917764	0.000100091051241
NATN	721274	49319620	49076204	120739	115412	21.7172072544	0.00244211414403	0.00234617216072	9.59419833142e-05
ANNA	724555	51325041	51198010	95343	90370	27.3867088141	0.00185418685321	0.00176199755188	9.21893013316e-05
GNNA	150212	10860673	10797131	20219	19301	4.24587665161	0.00185821162456	0.00178441467575	7.37969488165e-05
NTTN	664624	46699583	47139091	200676	199672	5.24789858972	0.00427878234105	0.00421793869012	6.08436509353e-05
TNNA	633682	43175471	43019667	144218	141388	4.80762369272	0.00332915594108	0.00327582354046	5.333240062e-05
