#Sequence	Occurrence	Forward Match	Backward Match	Forward Mismatch	Backward Mismatch	Strand Bias Score	FER (Forward Error Rate)	RER (Reverse Error Rate), ERD (Error rate Difference)
TTTNGGGT	742	6377	7843	110	29	14.9002602476	0.0169569909049	0.00368394308943	0.0132730478155
TTTAGGGT	659	5832	7223	100	29	12.7788498502	0.0168577208361	0.00399889685604	0.0128588239801
TNTAGGGT	696	6023	7410	100	29	12.6531753612	0.0163318634656	0.00389837343729	0.0124334900283
NTTAGGGT	680	6008	7456	101	31	12.3560580098	0.0165329841218	0.00414051021771	0.0123924739041
TTTAGNGT	728	6145	7578	101	30	12.5766358411	0.0161703490234	0.00394321766562	0.0122271313578
TTTAGGGN	693	6050	7438	102	33	11.7330107896	0.0165799739922	0.00441707937358	0.0121628946186
TNTNGGGT	869	7244	8714	112	30	14.5155528667	0.0152256661229	0.00343092406221	0.0117947420607
NTTNGGGT	869	7463	9013	115	32	14.5507886856	0.0151755080496	0.00353786622443	0.0116376418252
TTTANGGT	822	6431	7847	101	31	12.0385786542	0.0154623392529	0.0039350088855	0.0115273303674
NNTAGGGT	758	6506	7947	101	31	12.0603431652	0.0152868170123	0.0038856856355	0.0114011313768
NTTAGGGN	758	6527	7940	105	36	11.2273738689	0.0158323281062	0.00451354062187	0.0113187874843
TTNAGGGT	1088	9788	11380	158	53	15.7296193836	0.0158857832294	0.00463570366483	0.0112500795646
TNTAGGGN	815	6646	8044	104	34	11.5493814485	0.0154074074074	0.00420896261451	0.0111984447929
NTTAGNGT	841	6911	8420	104	33	12.0016815622	0.0148253741981	0.00390393942979	0.0109214347684
TTNNGGGT	1312	11203	12845	171	54	17.6073983035	0.0150342887287	0.00418637103651	0.0108479176922
TNTAGNGT	903	6901	8276	101	30	12.0534373581	0.0144244501571	0.00361184685769	0.0108126032994
TNNAGGGT	1195	10502	12071	159	55	15.0316579995	0.0149141731545	0.00453570839518	0.0103784647593
TTNAGNGT	1321	10959	12603	162	55	15.628107877	0.0145670353385	0.00434507821141	0.0102219571271
TTTAGGNT	860	7356	9049	106	38	11.0535953345	0.0142053068882	0.00418179817321	0.010023508715
TTNAGGGN	1216	10623	12155	163	63	13.4384389388	0.0151121824587	0.00515632673105	0.00995585572769
TTTNGNGT	1249	8959	10426	119	33	14.262786105	0.0131086142322	0.00315517735921	0.009953436873
TTTNGGGN	952	7929	9321	118	45	10.5531469431	0.0146638498819	0.00480461242793	0.00985923745401
TTTAGNGN	929	7378	8869	106	39	10.3304551693	0.0141635489043	0.00437808711271	0.00978546179162
NTNAGGGT	1219	10848	12552	161	62	13.6321224071	0.0146243982196	0.00491517361662	0.00970922460302
TTTNNGGT	1359	9431	11036	128	44	12.6891129327	0.0133905220211	0.00397111913357	0.00941940288756
TTTANGGN	1165	8222	9632	109	39	10.4531825088	0.0130836634258	0.00403267500776	0.009050988418
NNTNGGGT	1170	9713	11320	119	37	12.966526088	0.0121033360456	0.00325790261513	0.00884543343044
TNNNGGGT	1646	13940	15479	180	61	16.3058842854	0.0127478753541	0.00392535392535	0.00882252142875
TNTANGGT	1179	7910	9280	103	38	9.60372799352	0.0128541120679	0.00407812835372	0.00877598371417
TTNANGGT	1594	12541	14155	166	62	13.910482444	0.0130636656961	0.00436097629598	0.00870268940009
NNTAGGGN	1040	8390	9819	109	43	9.33223086954	0.0128250382398	0.00436017035084	0.00846486788895
TTNAGGNT	1542	12733	14655	165	64	13.7116911493	0.0127926810358	0.00434812147564	0.00844455956018
TNTAGGNT	1133	8666	10331	107	40	10.1046041012	0.0121965120255	0.00385690868769	0.00833960333785
NTTAGGNT	1077	8746	10495	109	43	9.78375434377	0.0123094297007	0.00408047067755	0.00822895902319
NTNNGGGT	1715	14488	16301	182	69	14.8393448364	0.012406271302	0.00421502748931	0.00819124381267
TNNAGNGT	1862	13857	15504	166	58	14.7951688069	0.011837695215	0.00372702737437	0.00811066784063
TNNAGGGN	1627	13192	14751	176	75	12.1337984585	0.0131657690006	0.00505868069607	0.00810708830452
NTTANGGT	1166	8600	10045	105	40	9.35949743152	0.0120620333142	0.0039662865642	0.00809574674998
NNNAGGGT	1583	13494	15235	169	67	13.1498070076	0.0123691722169	0.00437851261273	0.00799065960421
TTTAGGNN	1142	9150	10935	110	43	9.90359810511	0.011879049676	0.00391692475861	0.00796212491742
TTNNGNGT	2584	17406	19114	202	70	17.4393421843	0.0114720581554	0.00364887406172	0.00782318409367
NTNAGGGN	1542	12889	14471	173	79	10.8439185721	0.0132445261063	0.0054295532646	0.00781497284166
TTTNGGNT	1387	10671	12331	122	44	11.2745850338	0.0113036227184	0.00355555555556	0.00774806716287
NNTAGNGT	1286	9692	11157	108	38	10.2417184879	0.0110204081633	0.00339437248772	0.00762603567555
TTNNGGGN	1808	14882	16343	192	84	12.1960706477	0.0127371633276	0.00511353259877	0.00762363072881
TTTANNGT	1917	9866	11355	108	38	10.239328263	0.0108281531983	0.00333538137453	0.00749277182379
NTNAGNGT	1862	14350	16135	169	69	12.5493896995	0.0116399201047	0.00425820784991	0.00738171225478
TNTNGGGN	1323	10494	11889	127	55	8.94422011224	0.011957442802	0.00460482250502	0.00735262029697
TTTAGNNT	1490	9828	11652	113	47	9.27514149787	0.0113670656876	0.00401743738781	0.00734962829975
NTTNGNGT	2020	13924	15600	133	38	14.6194671298	0.00946147826706	0.00242997825809	0.00703150000897
NTTNGGGN	1307	10885	12312	129	59	8.33830167145	0.0117123660795	0.0047692183332	0.00694314774634
TNTNGNGT	1963	12819	14209	124	38	12.6019717507	0.00958046820675	0.00266722818839	0.00691324001836
TTNAGNGN	1933	14932	16557	177	81	10.7500761202	0.0117148719306	0.0048683736026	0.00684649832804
NTTAGNGN	1459	11332	12854	123	51	9.25046988619	0.0107376691401	0.00395195660597	0.00678571253415
TTNNNGGT	2770	20168	21946	211	80	16.0488722029	0.0103537955739	0.0036320711886	0.00672172438528
TNTAGNGN	1668	11563	13143	114	45	9.2213092909	0.00976278153635	0.00341219290264	0.00635058863371
TNNAGGNT	2384	17612	19818	173	73	12.2956272575	0.00972729828507	0.00367000150822	0.00605729677685
TTTANGNT	2157	11809	13294	113	47	8.37927361539	0.00947827545714	0.00352297428978	0.00595530116735
TTNANGGN	2579	18268	19828	190	88	10.7414612633	0.0102936396143	0.00441855794336	0.0058750816709
NNTAGGNT	1719	12298	14038	117	50	8.58121704199	0.00942408376963	0.00354911981829	0.00587496395135
TTTNNGGN	2586	16931	18508	174	83	9.55327156247	0.0101724641918	0.00446452584584	0.00570793834592
TNNANGGT	2577	18091	19791	185	88	10.1921662878	0.0101225651127	0.00442678203129	0.00569578308143
NTNAGGNT	2430	18338	20529	175	80	10.9017266626	0.00945281693945	0.00388179921394	0.00557101772551
TTNAGGNN	2411	18488	20250	178	83	10.2019357055	0.0095360548591	0.00408203413171	0.0054540207274
TNTNNGGT	2393	15730	17376	142	62	9.32719754826	0.00894657258065	0.00355545360707	0.00539111897358
TTNAGNNT	3358	20330	22552	185	83	11.6044803894	0.00901779185961	0.00366688756351	0.00535090429611
TNTNGGNT	2199	15474	17243	131	53	9.80875384401	0.00839474527395	0.00306429232192	0.00533045295203
TNNNGGGN	2953	23568	24872	241	120	10.9911754772	0.0101222226889	0.00480153649168	0.00532068619722
NTTANGGN	2047	13428	14861	121	54	7.78926313079	0.00893054837995	0.0036205162588	0.00531003212115
TNTANGGN	2331	13493	14949	121	54	7.80777360503	0.00888790950492	0.00359928014397	0.00528862936095
TNTTTTTT	30646	33481	36574	671	534	7.19644358601	0.0196474584212	0.0143904279401	0.00525703048111
NTTNGGNT	2273	16690	18584	138	55	10.4993324076	0.00820061801759	0.00295080208166	0.00524981593593
NNNNGGGT	2770	22890	24755	210	96	11.985998853	0.00909090909091	0.00386302362078	0.00522788547013
TTNTTTTT	30329	34905	37591	644	499	7.35109195148	0.018115840108	0.0131005513258	0.00501528878221
NTTAGNNT	2623	15239	17121	128	57	8.51708522235	0.00832953732023	0.00331819769473	0.00501133962551
TNTNTTTT	42564	58404	62064	861	599	14.7164617712	0.0145279676031	0.00955906994558	0.00496889765756
TTNANNGT	4581	24360	26253	202	88	12.398910845	0.00822408598648	0.00334079951407	0.00488328647242
NTNTTTTT	42074	59788	63916	937	682	13.5588480967	0.0154302181968	0.0105576024026	0.00487261579424
TTTNGNGN	2357	16414	17851	140	68	7.45745830428	0.00845717047239	0.00379485462358	0.00466231584881
TNNCTTTT	4316	16246	16716	122	47	8.34156952287	0.00745356793744	0.00280379407027	0.00464977386717
TNNNGNGT	4490	29130	30783	223	91	14.4269410336	0.00759717916397	0.00294746388547	0.0046497152785
TTNNGGNT	3440	26705	30224	229	117	11.9288734786	0.00850226479543	0.00385616822122	0.00464609657421
NNNAGGGN	2948	22143	24023	215	123	7.87441104835	0.00961624474461	0.00509401143046	0.00452223331415
NTNANGGT	2851	21245	23231	183	94	8.75017377719	0.00854022773941	0.00403001071811	0.00451021702129
NTNNGGGN	2943	23487	25023	224	126	8.07158255482	0.00944709206697	0.00501013956817	0.0044369524988
NTNNGNGT	5482	33290	35459	240	98	15.7367039683	0.00715776916194	0.00275613803189	0.00440163113005
TNTAGGNN	2296	16109	18006	121	56	7.52802156986	0.00745532963648	0.00310043184586	0.00435489779061
TNTAGNNT	3112	16118	17745	127	62	6.95116481583	0.00781779008926	0.00348177682934	0.00433601325992
NTTANNGT	3958	19420	20874	140	60	8.93245697859	0.00715746421268	0.00286615075953	0.00429131345315
NNNAGNGT	3649	25926	27989	203	99	10.32027197	0.00776914539401	0.0035246368556	0.00424450853841
TNTANNGT	4356	17804	19265	131	60	7.66599053256	0.00730415388904	0.00310478654592	0.00419936734312
TTTAGNNN	3165	18787	20850	140	70	7.43934704522	0.00739684049242	0.00334608030593	0.00405076018649
NNTTTTTT	41726	60541	64890	963	763	9.22335883153	0.0156575182102	0.0116217080712	0.00403581013897
TNNAGNGN	4072	28245	30217	217	109	10.1531196563	0.00762420068864	0.00359427553914	0.0040299251495
NNTCTTTT	4437	17296	17788	118	50	7.02740570798	0.00677615711496	0.00280300482117	0.0039731522938
TTNNTTTT	40353	60997	63989	792	572	10.9151578339	0.0128178154688	0.00885983798268	0.00395797748609
TTTTTTNN	41726	60843	65078	1064	874	8.00432056332	0.017187070929	0.0132520621058	0.0039350088232
TNTTTTNT	41697	58026	61954	861	671	8.90406803899	0.0146212236996	0.0107145708583	0.00390665284134
TNTTTTTN	42074	59622	63897	1109	933	7.16359654019	0.0182608552469	0.0143914854234	0.00386936982349
TNNTTTTT	40695	60107	63927	880	683	9.08054765893	0.0144293046059	0.0105711190218	0.00385818558408
NNTNTTTT	62954	117048	123002	1338	928	21.6452866365	0.0113020120622	0.00748809811991	0.00381391394233
NTTTTTNT	41704	60429	64500	908	719	8.54298085676	0.0148034628365	0.0110243947316	0.00377906810486
TNNNTTTT	60376	113216	118241	1226	829	21.4294967781	0.0107128501774	0.00696229108928	0.00375055908811
NTTNTTTT	41623	61164	64213	835	635	8.94283203056	0.0134679591606	0.00979212928695	0.00367582987368
TTNNNGGN	5620	38610	40374	304	168	10.6225675104	0.00781209847356	0.00414385082137	0.00366824765219
TTNANGNT	4974	28876	30861	199	99	9.51419061201	0.00684436801376	0.0031976744186	0.00364669359515
TNNNNGGT	5225	37044	38887	261	134	10.998268622	0.00699638118215	0.00343404833295	0.0035623328492
NTGNNTTT	6229	26598	27205	155	61	10.0394859878	0.00579374275782	0.0022372185139	0.00355652424392
NGNNTTTT	5273	23639	25198	169	90	7.05183846353	0.00709845430108	0.00355900031636	0.00353945398472
TTTNNNGT	6391	28135	30028	195	101	8.57924670331	0.00688316272503	0.00335225198314	0.00353091074189
NTNNTTTT	61293	118176	122865	1242	850	20.2588020718	0.0104004421444	0.00687063007719	0.00352981206721
NNTNGNGT	3828	25873	27533	151	63	9.7846892332	0.00580233630495	0.00228293955646	0.00351939674849
NNNCTTTT	8686	37525	38548	236	106	12.2466885967	0.00624983448532	0.00274227764268	0.00350755684264
NTNAGNGN	3763	27386	29265	213	124	7.14938224907	0.00771767093011	0.00421926571166	0.00349840521845
NNTATTTT	13565	26515	27038	178	86	8.03679049412	0.00666841494025	0.0031706238018	0.00349779113845
NATNTTTT	15107	32930	34389	292	184	7.07739532408	0.00878935645054	0.00532207213722	0.00346728431333
TNTANGNT	5395	22208	23579	145	72	6.97911829653	0.00648682503467	0.00304426874128	0.00344255629339
NNNTTTTT	61746	118689	125365	1426	1077	15.9260414706	0.0118719560421	0.00851773935876	0.00335421668337
TTNTTTNT	41621	58597	61952	796	630	7.15241774154	0.0134022527907	0.0100667923684	0.00333546042232
ATNTNTTT	18989	30941	31885	221	122	7.55616916663	0.00709197099031	0.00381166619802	0.00328030479229
NTNTTTTN	62954	116634	122314	1626	1298	12.5079111967	0.0137493658042	0.0105005986474	0.00324876715678
NTATNTTT	16636	27235	27896	178	91	7.24160074464	0.00649326961661	0.00325150962947	0.00324175998713
TTNNGNGN	5142	34775	36485	253	147	7.95995685114	0.00722279319402	0.00401288490937	0.00320990828465
NTNTNTTT	66277	112840	116692	1115	777	16.5120997927	0.00978456408231	0.00661451106249	0.00317005301982
TTNTNTTT	40705	59733	62107	714	543	7.3179484908	0.0118120005956	0.00866719872306	0.0031448018725
NNNAGGNT	5135	35012	37843	214	112	9.48588260409	0.00607505819565	0.00295086286392	0.00312419533173
TNTNTTNT	65461	108443	113019	1119	807	14.7644940878	0.0102133951553	0.00708976859417	0.00312362656108
TNNATTTT	12757	26918	27363	161	79	7.04030905023	0.00594556667528	0.00287879892136	0.00306676775392
NTNTTTNT	65546	114951	119837	1248	930	13.9656159578	0.0107401956988	0.00770077918637	0.00303941651239
NNNGTTTT	5671	26563	27521	145	66	7.71042835305	0.00542908491838	0.0023924312176	0.00303665370077
TNNCTNTT	7446	31854	32413	160	64	9.99815943603	0.00499781345661	0.00197062536564	0.00302718809097
TNTTTTNN	62954	117296	122663	1556	1252	11.1755224039	0.0130919126308	0.010103700117	0.00298821251382
TNTATNTT	18711	26748	27243	149	70	7.16508448356	0.00553965126222	0.00256288214403	0.00297676911819
TNTNTTTN	66277	112373	116415	1428	1129	10.8290391483	0.0125482201387	0.00960491390458	0.00294330623408
NNNNTTTT	101701	252260	262261	2163	1477	35.0412484965	0.00850158987198	0.00560025479832	0.00290133507366
TTTNNGNT	5990	30556	32311	178	95	7.21022287928	0.00579163141797	0.00293155588471	0.00286007553326
TTTNGNNT	6124	31979	33703	172	85	8.11523428596	0.00534975583963	0.00251568604238	0.00283406979725
NNTTTTNT	62395	117805	123583	1325	1034	11.9052081054	0.0111223033661	0.00829742330501	0.00282488006106
NNTNGGNT	4282	30136	32232	163	84	7.37851838183	0.00537971550216	0.00259933160045	0.00278038390172
TNNTTTTN	61293	117628	122437	1543	1259	9.7248509189	0.0129477809199	0.0101781787608	0.00276960215902
NTTNGNGN	4587	33058	34808	192	105	7.23478340314	0.00577443609023	0.00300747572537	0.00276696036485
TNTNTNTT	68714	112619	116247	1004	714	13.5340645684	0.00883623914172	0.00610459896889	0.00273164017284
NTTTTTNN	61746	118980	124777	1628	1360	9.10600209218	0.0134982754046	0.0107819275867	0.00271634781794
NTNAGNNT	7803	42098	44672	235	128	9.0239285822	0.00555122481279	0.00285714285714	0.00269408195565
ATATNTNT	55328	34218	34239	176	84	7.76336738149	0.0051171715997	0.00244733851936	0.00266983308034
TNNNGGNT	6132	46049	50289	270	162	8.85140426674	0.00582914138906	0.00321103645121	0.00261810493785
NTNNGGNT	6270	44935	49067	268	163	8.47557888639	0.00592881003473	0.00331098923421	0.00261782080053
TNTNNTTT	61338	111233	114737	965	696	12.1630295755	0.0086008663256	0.00602947164156	0.00257139468404
TTNNNNGT	14469	68711	71454	375	206	12.9550499577	0.00542801725386	0.0028746860173	0.00255333123655
NNTTTTTN	61746	118381	124810	1746	1514	7.46940084824	0.0145346175298	0.0119850543048	0.00254956322498
TNNAGNNT	8209	43753	46424	241	137	8.34366603589	0.00547801972996	0.00294237666717	0.0025356430628
TNNTTTNT	61653	110898	115949	1149	902	9.84445329115	0.0102546252912	0.00771923218458	0.0025353931066
NNTCTNTT	7207	30875	31145	146	68	6.97897425336	0.00470648915251	0.00217857943805	0.00252790971445
TNNANNGT	11001	52389	54508	289	164	9.34677730616	0.00548616120582	0.00299970734562	0.00248645386019
NANNTTTT	25774	70480	72847	497	332	9.12229573202	0.00700226834045	0.0045368206726	0.00246544766785
TTNTTTNN	61915	114186	118006	1368	1118	8.13666652268	0.0118386209045	0.00938517846949	0.00245344243502
NTNTTNTT	65823	122693	126387	1063	788	11.5339156349	0.00858948253014	0.00619618635738	0.00239329617276
TTNNNTTT	57708	112247	115515	955	703	10.7539518591	0.00843624670942	0.00604897692268	0.00238726978674
NNTGTNTT	7384	28772	29283	113	45	7.25741351309	0.00391206508568	0.00153436988543	0.00237769520025
TTTTTNNN	61746	119904	125201	1341	1102	8.32224771404	0.0110602499072	0.00872505007799	0.00233519982923
TTNNTTTN	60655	113392	117008	1258	1021	7.83321479641	0.0109725250763	0.00865041642308	0.00232210865324
TNNTNTTT	60025	112324	115590	1013	773	9.35031478634	0.00893794612527	0.00664300507893	0.00229494104634
TNNCNTTT	9555	39747	39927	178	87	7.55904935753	0.00445835942392	0.00217423901634	0.00228412040758
NTNNNTTT	101491	235998	241469	1600	1087	24.7989324249	0.00673406341804	0.00448143933772	0.00225262408032
NGNNNTTT	11836	58642	60847	273	146	10.1605923052	0.00463379444963	0.00239371731182	0.00224007713781
ATNNNTTT	30789	68315	69244	357	206	10.0050143683	0.00519862534949	0.00296616270698	0.0022324626425
TNNNTTTN	101491	234813	240469	2165	1672	17.2707419408	0.00913586915241	0.00690506770848	0.00223080144393
NNTANTTT	22272	52801	53998	246	131	8.91563012441	0.00463739702528	0.00242014446969	0.00221725255559
TTNNTNTT	61939	120216	122723	922	666	10.944978526	0.00761115422081	0.00539756380228	0.00221359041852
NNNCTNTT	15505	74968	75756	311	148	13.7366863047	0.00413129823722	0.00194983136594	0.00218146687129
NTTNTTNT	65633	122033	125625	1153	910	8.60446727782	0.00935982985079	0.00719168609476	0.00216814375604
TANNTNTT	30947	59339	59883	311	183	8.18681885909	0.00521374685666	0.00304664868644	0.00216709817022
NTTNTNTT	61523	114150	117402	944	715	9.10565149544	0.00820199141571	0.00605332001321	0.00214867140251
NTTNNTTT	60655	114088	117463	937	709	9.15191765322	0.00814605520539	0.00599972920827	0.00214632599712
TTNNTTNT	59957	110577	113890	1000	782	8.02674118701	0.00896242057055	0.00681945025813	0.00214297031242
ATNTNTNT	78442	83760	84742	464	287	10.2905205842	0.00550911854103	0.00337531900881	0.00213379953222
NTNTTTNN	105239	240113	246267	2345	1872	15.1019831877	0.00967177820488	0.00754415871749	0.00212761948739
NNNTNTTT	105239	241021	248113	1780	1299	20.370807385	0.00733110654404	0.00520824980354	0.0021228567405
TNNANTTT	20779	51609	52522	242	134	7.86521286403	0.00466721953289	0.00254481920389	0.002122400329
TTNTNTNT	65425	110832	114367	977	762	8.08683590185	0.00873811589407	0.00661866254376	0.00211945335031
NNTATNTT	33456	64609	65819	291	156	10.1617265053	0.00448382126348	0.0023645320197	0.00211928924378
NTTTNTNT	64681	115132	119199	1067	849	7.90758877679	0.0091825230854	0.00707217113155	0.00211035195385
TTNNGNNT	14020	74722	78378	402	256	9.39587090372	0.00535115276077	0.00325558918534	0.00209556357543
NNNTTTNT	104853	243099	251585	1992	1527	17.8994700046	0.00812759342448	0.00603290243054	0.00209469099394
TNTTTNNT	61230	109303	112789	1013	806	7.36512489065	0.00918271148338	0.00709538271931	0.00208732876407
NTTTTNNT	60790	118732	122887	1094	872	7.98295600529	0.00912990502896	0.00704595221358	0.00208395281538
TNNNTTNT	101514	222195	228301	1643	1210	17.8043479362	0.00734012991539	0.00527207846247	0.00206805145292
NNTNTNTT	110374	239798	246474	1601	1133	21.1936933667	0.00663217328986	0.00457579955332	0.00205637373654
NNTTNTTT	61915	114416	118502	1082	873	7.31640288893	0.00936812758662	0.00731308900524	0.00205503858139
NNTNTTNT	111691	250176	256608	1904	1421	18.8909705308	0.00755315772771	0.00550713291917	0.00204602480854
ANNTNTTT	30426	67547	69478	394	262	7.32924309045	0.00579914926186	0.00375681101233	0.00204233824953
NNNTTTTN	101701	251420	260718	2691	2249	13.2457964163	0.0105898603366	0.0085524039138	0.00203745642283
NNTNNTTT	100710	239951	246659	1614	1151	20.6142144664	0.00668143149877	0.00464468746217	0.0020367440366
ATATNTNN	76467	71157	70235	368	220	8.41795740207	0.00514505417686	0.00312256049961	0.00202249367725
NATNTNTT	35814	72810	74337	399	256	8.18142143182	0.00545014957177	0.00343195742228	0.0020181921495
TNNNNTTT	95817	229351	235991	1706	1273	17.3518665811	0.00738345949268	0.00536533144514	0.00201812804754
TNTTNTNT	64196	108808	112760	988	793	7.00514600806	0.00899850632081	0.00698352311256	0.00201498320826
NNTTTTNN	101701	252112	260495	2593	2146	13.4293469164	0.010180404782	0.00817084918196	0.00200955560004
NTNTNTNT	160466	251466	256791	1755	1270	20.0521955372	0.00693070479936	0.00492131705294	0.00200938774642
TNNNTNTT	108833	244667	249261	1512	1050	20.9039166033	0.00614187237742	0.00419478169158	0.00194709068584
NTNNTNTT	105461	250311	254517	1521	1055	20.9308787132	0.00603974077957	0.00412799524205	0.00191174553752
TNTNTTNN	110374	240167	245341	2067	1640	13.5850859125	0.00853307132772	0.00664018689697	0.00189288443076
NNNATTTT	25598	69483	70827	356	228	7.36006089522	0.00509743839402	0.00320878192949	0.00188865646453
NNTNTTTN	105239	239787	246697	2366	1963	11.6345560306	0.00977068217202	0.00789431352047	0.00187636865155
TNNTTTNN	100710	239012	245095	2188	1780	12.2951819672	0.00907131011609	0.00721012658228	0.00186118353381
NNNGTNTT	13717	66463	67935	234	113	10.4964181153	0.00350840367633	0.00166059252292	0.0018478111534
NTATNTNT	77968	74198	74313	362	225	7.72112823008	0.00485515021459	0.00301859454238	0.00183655567221
NTTNGNNT	12511	64772	66926	249	134	9.07490512497	0.00382953199735	0.00199821055771	0.00183132143965
NTNNTTTN	100710	238650	245010	2153	1757	11.9383422393	0.00894091851015	0.00712007683361	0.00182084167654
NNATNTTT	30510	72611	74408	364	237	7.24516422934	0.00498800959233	0.00317502846808	0.00181298112424
ANATNTNT	72267	73197	73799	321	190	8.26456433354	0.00436627764629	0.00256794928976	0.00179832835653
TTNNNGNT	13997	79197	83044	361	233	8.12555432536	0.00453757007466	0.00279789137457	0.00173967870009
NTGNNNTT	14492	69471	70712	238	119	9.82115885593	0.00341419328925	0.001680055343	0.00173413794625
ATANNTNT	69796	66133	65813	277	161	7.26128099492	0.00417105857552	0.00244035529148	0.00173070328404
TNTNTNNT	112869	226319	230005	1493	1117	13.9715911929	0.00655364950047	0.00483294537084	0.00172070412962
TNNATNTT	30839	65913	66696	265	154	7.38594227443	0.00400435189942	0.00230366492147	0.00170068697796
NTNTNTTN	110374	239536	245177	2032	1657	11.0977617929	0.00841171016029	0.00671301360428	0.001698696556
NTNNTTNT	109113	250103	254029	1733	1325	14.0955056219	0.00688146253911	0.00518887505189	0.00169258748722
TNTNNTNT	108195	219726	223709	1414	1062	13.1294384958	0.00639413945917	0.00472480880541	0.00166933065376
NNNCNTTT	21567	100802	101170	369	206	10.9496156831	0.00364729023139	0.00203203914141	0.00161525108998
NNCNNTTT	18750	89372	90379	402	260	7.70362421484	0.00447791119923	0.00286852237999	0.00160938881924
NNTTNTNT	107353	234721	240981	1651	1309	11.4757278386	0.00698475284721	0.005402616699	0.00158213614821
TNNTNTNT	110125	225511	230192	1492	1163	11.2080331352	0.00657260036211	0.00502690670182	0.00154569366029
NNNNCTTT	16245	79153	80006	246	125	9.59900175006	0.00309827579692	0.0015599455891	0.00153833020783
TTNNNTNT	100023	223019	226539	1395	1070	11.2710481646	0.00621618972078	0.0047010443348	0.00151514538598
NTNTNNTT	107342	237703	240505	1334	983	13.3112491528	0.00558072599639	0.00407059564036	0.00151013035603
NNNTTNTT	105586	250651	257136	1651	1301	11.8949004574	0.00654374519425	0.00503410889308	0.00150963630117
NTTNNTNT	106243	241552	245166	1510	1159	12.0264024816	0.00621240671104	0.00470516593931	0.00150724077174
TNTTTNNN	105239	241630	246813	2001	1669	8.93098852762	0.00821324051537	0.00671678431436	0.00149645620101
ANNNNTTT	57348	167800	171070	740	498	12.1442420737	0.00439064910407	0.00290263918679	0.00148800991728
NTTTTNNN	101701	253456	260295	2130	1802	8.77695660667	0.00833378980069	0.00687531715357	0.00145847264712
NANNTNTT	62638	170787	174076	737	500	11.6945715247	0.00429677479536	0.00286408211896	0.0014326926764
NNTTTNNT	99559	237370	243274	1644	1336	9.45705349623	0.00687825817735	0.00546175544745	0.0014165027299
NNNANTTT	45947	145383	148475	593	397	10.1466722743	0.00406231161287	0.00266672040411	0.00139559120876
ANNTNTNT	110956	178363	181007	822	581	10.5921691631	0.00458743756453	0.0031995506311	0.00138788693343
TNNTNTTN	105461	250227	253549	1963	1638	8.11206740909	0.00778381379119	0.00641882227543	0.00136499151576
ATNNNTNT	116205	190069	190298	801	541	11.8397538453	0.00419657358411	0.00283485031886	0.00136172326526
TTTNNNNT	94444	230903	235155	1313	1015	10.3258444413	0.00565421848624	0.0042977516196	0.00135646686664
NTNTTNTN	111691	251112	256324	1984	1673	7.99025891765	0.00783892278029	0.00648457152603	0.00135435125426
NTNTTNNT	109617	259278	263690	1623	1290	10.3520962414	0.00622075039958	0.00486829194656	0.00135245845301
TTTTNNNN	101701	254815	260383	1802	1485	9.00725716767	0.00702213805009	0.00567079597354	0.00135134207655
NNATNTNT	118264	184234	185955	795	552	10.8363056853	0.00429662377249	0.00295967443581	0.00133694933668
TTNTNTNN	107353	236080	240410	1765	1472	7.74497729962	0.00742079926002	0.00608561199262	0.0013351872674
TNTANNNT	60190	123836	125686	506	346	7.804851743	0.00406942143443	0.00274533451822	0.00132408691621
TNTNNTTN	107342	237611	239832	1780	1475	7.60580001788	0.00743553433504	0.00611254542968	0.00132298890536
TNNTTNNT	101639	233783	237859	1461	1174	8.70086827646	0.00621057285202	0.00491145574042	0.0012991171116
TNNCNNTT	17094	81292	81155	246	140	6.9871784312	0.00301699820942	0.0017221231318	0.00129487507762
NNANNTTT	53467	162500	166256	727	527	8.73949907161	0.00445392000098	0.00315979446346	0.00129412553752
TNTTNTNN	111691	252375	256520	1945	1641	7.49007544487	0.00764784523435	0.00635649846414	0.00129134677021
NTTNTNNT	105988	251397	254198	1541	1228	9.25841251651	0.00609240209063	0.00480765466319	0.00128474742744
TNTNNNTT	103752	229358	233274	1195	913	10.078533059	0.00518318998235	0.00389859385875	0.00128459612359
ATNTNTNN	118264	185057	185280	988	751	7.84779501779	0.00531054314816	0.00403696158167	0.00127358156649
NTANNTNT	105617	154305	154839	654	460	8.25508480489	0.00422047122142	0.00296202808775	0.00125844313367
ANANNTNT	105814	170625	171896	650	441	9.83579949741	0.00379506641366	0.00255893975177	0.0012361266619
ATANNTNN	106502	148477	146226	611	422	7.65420618619	0.00409825069757	0.00287763897223	0.00122061172534
NTTTNNNT	99551	236689	241227	1461	1196	7.6580054183	0.00613478899853	0.00493352528432	0.00120126371421
TNTTNNNT	100551	227464	231555	1317	1064	7.63114565603	0.0057565969202	0.00457400298342	0.00118259393678
TTNTNNNT	104730	236999	240033	1333	1065	8.04788399766	0.00559303828273	0.00441729089416	0.00117574738857
TTNNTNNT	100821	246415	248652	1369	1094	8.00060402294	0.0055249733639	0.00438045053775	0.00114452282615
ATNNNNTT	59626	154970	155770	526	350	8.65247605267	0.00338272367135	0.00224186523187	0.00114085843948
NNNATNTT	64701	175035	177468	600	406	9.51214245531	0.00341617559143	0.00228251458898	0.00113366100245
TTNNNNTT	95446	239860	243853	1203	952	8.06447495558	0.00499039670128	0.00388880946059	0.00110158724069
NNTANNTT	54194	141415	143190	435	283	8.16565265987	0.00306661966866	0.0019724965673	0.00109412310137
NATNNNTT	61319	160084	161330	582	412	7.35668114075	0.0036224216698	0.00254726663452	0.00107515503528
NTNNATNT	108410	171036	171213	612	430	7.70710564663	0.00356543624161	0.00250519974598	0.00106023649563
ANNNTNTT	57607	166977	169943	640	471	6.99585948776	0.00381822846131	0.00276385742955	0.00105437103176
TNNTNNTT	101596	244369	246334	1239	988	7.35683532943	0.00504462395362	0.0039947922142	0.00104983173942
