#Sequence	Occurrence	Forward Match	Backward Match	Forward Mismatch	Backward Mismatch	Strand Bias Score	FER (Forward Error Rate)	RER (Reverse Error Rate), ERD (Error rate Difference)
TATNTTTT	10922	14419	14913	165	59	12.3486788912	0.0113137685134	0.00394068928667	0.00737307922677
TNTTTTTT	43943	41630	47715	743	559	13.1630717879	0.0175347509027	0.0115797323611	0.00595501854159
TTTTTTTT	35834	28202	33393	575	479	7.7506674327	0.0199812350141	0.0141414737837	0.00583976123042
NTTTTTTT	44441	42407	48532	724	573	10.2620815174	0.0167860703438	0.0116688728235	0.00511719752029
TNTNTTTT	60048	70632	77455	900	624	17.8871860103	0.0125817815803	0.00799190563404	0.00458987594623
NNTTTTTT	58641	72286	80086	1017	754	16.1343598243	0.0138739205762	0.00932706580901	0.00454685476723
NTGTNTTT	4201	12312	12992	79	24	7.62747129198	0.00637559519006	0.00184388444991	0.00453171074015
TTTTTTNT	43457	42566	48286	663	535	8.23179670813	0.0153369266002	0.0109583990496	0.00437852755061
NTATATAT	64908	16075	15743	117	47	6.79642030207	0.00722579051383	0.00297656744775	0.00424922306608
TANNTTTT	16736	29092	30077	226	105	11.2225197416	0.0077085749369	0.00347889470545	0.00422968023145
NTNTTTTT	59391	72781	80357	960	713	14.9156776406	0.0130185378555	0.00879486863205	0.00422366922342
TNNTTTTT	57358	72523	79691	925	683	14.4317601009	0.0125939440148	0.00849777291164	0.00409617110318
TTNTTTTT	43582	43344	49343	666	553	7.27915313342	0.0151329243354	0.0110830527497	0.00404987158566
TATNNTTT	19150	31081	31683	209	86	12.3825707954	0.00667945030361	0.00270704145551	0.0039724088481
TNTTTTNT	59112	70898	77587	893	664	13.271819213	0.012438885097	0.00848551456211	0.0039533705349
ATATATNT	66191	19495	19035	141	62	6.91406067163	0.00718068853127	0.00324658323297	0.0039341052983
TTTNTTTT	44354	44075	49697	633	517	7.17644355726	0.0141585398586	0.010295933405	0.00386260645361
NATNTTTT	20120	39106	40539	297	156	11.4116591401	0.00753749714489	0.00383339476594	0.00370410237895
CTTNTNTT	5517	17814	18137	99	34	7.77576438078	0.00552671244348	0.00187111331242	0.00365559913106
NTTTTTNT	58878	74378	81374	901	684	12.1685851761	0.0119688093625	0.00833556752541	0.0036332418371
ATANNTTT	17455	26784	27341	163	67	9.8272196709	0.00604891082495	0.00244454173964	0.00360436908531
NTTNTTTT	58988	74112	81090	855	641	12.277047193	0.011405018208	0.00784280138503	0.00356221682298
ANNTTTTT	18092	35820	37890	308	191	8.18436459825	0.00852524357839	0.00501562458969	0.0035096189887
ATNTNTTT	25971	37917	38844	265	136	10.4349111452	0.00694044314075	0.0034889687019	0.00345147443885
NTATATNT	80533	35154	34887	219	96	10.9528590387	0.00619116275125	0.00274419003516	0.00344697271609
ATNNTTTT	19584	38836	40166	269	140	10.5417524198	0.00687891573968	0.00347342827371	0.00340548746597
TNTTNTTT	58718	72779	79127	817	618	10.9296077906	0.0111011468015	0.00774970217568	0.00335144462577
NNTTTTCT	6422	20890	21266	122	53	6.81139558191	0.00580620597754	0.00248604531169	0.00332016066584
TNTTTNTT	59842	72412	78818	794	598	10.9238255322	0.0108461055105	0.00752996877204	0.00331613673844
TATNTTNT	23458	31794	32479	210	107	8.45020126101	0.00656167979003	0.00328361873197	0.00327806105806
TATNTNTT	28036	32681	32870	218	111	8.39022437558	0.00662634122618	0.00336557411843	0.00326076710775
ATANATNT	76648	34003	33799	197	85	10.227414392	0.00576023391813	0.00250855861173	0.00325167530639
NTANATAT	75904	29960	29336	166	72	8.31984079157	0.00551019053309	0.00244831338411	0.00306187714898
TATTNTNT	21122	28785	29339	178	91	7.14549243364	0.00614577219211	0.0030920829086	0.00305368928351
ATNTATNT	79506	36298	35698	203	91	9.57663144083	0.00556149146599	0.00254268071195	0.00301881075404
ATATNTNT	81024	39913	39569	243	122	9.20436375971	0.00605139954179	0.00307374467763	0.00297765486415
NTTTTNTT	58989	74150	80938	782	613	9.0032593867	0.0104361287567	0.00751676864784	0.0029193601089
NTTTNTTT	60628	73378	79575	788	622	8.42024928671	0.0106248146051	0.00775590109356	0.00286891351152
TTTTTNNT	56654	72772	79729	758	599	8.56844461867	0.0103087175303	0.00745692660094	0.00285179092932
TTTNTTNT	58113	73166	79385	763	598	8.51171722292	0.0103207131166	0.00747658877511	0.00284412434152
NTATNTAT	78864	30248	29769	164	77	7.1883363217	0.00539260818098	0.00257991020572	0.00281269797526
TTNNTTTT	57276	75059	81764	785	638	7.32945605697	0.0103501925004	0.0077425305211	0.00260766197929
TTNTNTTT	57571	71702	78014	738	599	6.92743107647	0.0101877415792	0.00761960489995	0.00256813667929
NNTATTTT	18371	32326	33169	162	81	6.99086317627	0.0049864565378	0.00243609022556	0.00255036631223
TTTTNTNT	58541	73026	79190	739	598	6.91291067955	0.0100183013624	0.00749486138266	0.00252343997977
NTNTATTT	22552	30414	30150	115	45	7.1582247916	0.003766910151	0.00149031296572	0.00227659718528
