#Sequence	Occurrence	Forward Match	Backward Match	Forward Mismatch	Backward Mismatch	Strand Bias Score	FER (Forward Error Rate)	RER (Reverse Error Rate), ERD (Error rate Difference)
GGGT	13478	365251	383255	16231	2057	9223372036854775807	0.0425472237222	0.00533853085292	0.0372086928693
AGGT	20146	570848	582943	18925	3349	9223372036854775807	0.0320886171459	0.00571217072721	0.0263764464187
NGGT	79810	2231420	2310243	70791	12479	9223372036854775807	0.0307491363737	0.00537257579685	0.0253765605768
CGGT	25144	703769	728098	21832	3747	9223372036854775807	0.0300881614	0.0051199365986	0.0249682248014
TGGT	21042	591552	615947	13803	3326	9223372036854775807	0.0228014966425	0.00537081384139	0.0174306828011
GNGT	70410	2010371	2054399	43185	11738	9223372036854775807	0.0210293753859	0.00568113343888	0.015348241947
GAGT	15444	439236	443324	8420	2728	9223372036854775807	0.0188090855478	0.00611587886614	0.0126932066817
GCGT	20827	607078	617111	10777	3445	9223372036854775807	0.0174426038472	0.00555147319501	0.0118911306522
CNGT	115506	3282580	3377724	58177	19552	9223372036854775807	0.0174143165756	0.00575519916545	0.0116591174101
ANGT	101572	2921772	2957582	53212	18581	9223372036854775807	0.0178864827508	0.0062432736379	0.0116432091129
NNGT	389101	11084074	11358328	194649	66556	9223372036854775807	0.017258070794	0.00582552960713	0.0114325411869
AAGT	28412	804496	806883	15254	5949	9223372036854775807	0.0186081122293	0.00731885555687	0.0112892566725
GGGN	67773	1885458	1886830	33154	12834	9223372036854775807	0.0172802004783	0.00675593157527	0.010524268903
NAGT	80198	2276440	2307092	39038	15066	9223372036854775807	0.0168595857961	0.00648793062315	0.010371655173
CCGT	26889	767728	786495	12775	4745	9223372036854775807	0.0163676500923	0.00599691623275	0.0103707338596
NCGT	91400	2656620	2708288	40847	15765	9223372036854775807	0.0151427246376	0.00578733233164	0.00935539230596
CAGT	25364	726046	742829	11173	4574	9223372036854775807	0.0151556050509	0.00611985769391	0.00903574735697
GGGA	23391	665052	652948	10640	4454	9223372036854775807	0.0157468195568	0.00677515431958	0.00897166523726
ACGT	18070	540897	545347	7875	3239	9223372036854775807	0.0143502219501	0.00590427025115	0.00844595169894
TNGT	101613	2869351	2968623	40075	16685	9223372036854775807	0.013774194635	0.00558903804901	0.00818515658595
TAGT	10978	306662	314056	4191	1815	215.942629801	0.0134822568867	0.00574601657006	0.00773624031664
GTGT	20661	598806	610709	7757	3508	9223372036854775807	0.0127884490152	0.00571133654718	0.00707711246801
TCGT	25614	740917	759335	9420	4336	9223372036854775807	0.0125543589081	0.0056778377076	0.00687652120046
CGGN	117875	3328113	3322049	45487	22251	9223372036854775807	0.0134832226701	0.00665341028018	0.00682981238997
NGGN	386030	10960074	10933541	148113	73492	9223372036854775807	0.0133336790243	0.0066768219919	0.00665685703241
AGGN	100591	2911202	2864078	36773	19486	9223372036854775807	0.0124739863805	0.00675760968024	0.00571637670024
CTGT	38109	1085037	1120302	12397	6486	9223372036854775807	0.0112963513068	0.0057561848369	0.00554016646988
CGNT	128030	3683839	3743817	45023	24679	9223372036854775807	0.0120741931453	0.00654876640442	0.00552542674083
CGGA	34005	984510	961880	12859	7143	9223372036854775807	0.0128929212759	0.00737134206309	0.00552157921279
NTGT	137693	3919594	4032705	43973	23246	9223372036854775807	0.0110942996548	0.00573133156688	0.00536296808796
GGNT	106862	3023033	3064923	36401	20422	9223372036854775807	0.0118979523664	0.00661903287963	0.00527891948672
ATGT	34944	1005531	1022409	11158	6044	9223372036854775807	0.0109748408805	0.00587678775792	0.00509805312262
NGGA	124326	3592040	3512292	43481	25087	9223372036854775807	0.0119600464418	0.00709197402936	0.0048680724124
TGGN	99791	2835301	2860584	32699	18921	9223372036854775807	0.0114013249651	0.00657092104372	0.00483040392141
TTGT	43979	1230220	1279285	12661	7208	9223372036854775807	0.0101868159542	0.00560282877559	0.00458398717863
TTTC	74468	2035990	2135955	19343	11102	9223372036854775807	0.00941112705338	0.00517079891219	0.00424032814119
TGGA	32059	920487	911836	10353	6427	191.235094282	0.0111222121954	0.00699908414038	0.00412312805505
TTTA	59458	1605957	1641890	17279	11380	291.799951681	0.010644786094	0.00688332819201	0.00376145790194
GNGN	351209	10085492	10017076	106701	67978	9223372036854775807	0.0104688951632	0.00674046960978	0.00372842555341
NGNT	530499	15163086	15394243	160954	105195	9223372036854775807	0.0105033659531	0.00678702027777	0.00371634567534
TTTG	63497	1755566	1811569	17192	10984	9223372036854775807	0.00969788318541	0.00602671088303	0.00367117230238
AGNT	122062	3501571	3512002	38976	26418	9223372036854775807	0.0110084684655	0.00746604416661	0.00354242429886
CCCG	20433	560134	560870	5461	3672	77.2736092974	0.00965531873514	0.00650438762749	0.00315093110764
GNGA	106923	3115350	3044456	32167	21968	9223372036854775807	0.0102198018311	0.00716404515488	0.00305575667622
CNGN	523708	14958873	14962144	144139	99995	9223372036854775807	0.00954372545026	0.00663883131075	0.00290489413952
NTTC	199367	5556031	5774915	44883	30803	9223372036854775807	0.00801351350869	0.00530563144817	0.00270788206052
CCGN	117875	3326011	3323205	31383	22989	279.174744958	0.00934742839238	0.00687019341975	0.00247723497263
GCGN	103803	2987902	2962938	27916	20421	238.522189701	0.00925652675327	0.00684496904328	0.00241155770999
CGCT	33186	950895	965085	8862	6655	76.1465166796	0.00923358725177	0.00684853973285	0.00238504751892
TNGN	427189	12167695	12271652	107586	79091	9223372036854775807	0.00876444294839	0.00640374429295	0.00236069865544
TNTC	175921	4913226	5090487	38114	27677	9223372036854775807	0.00769771415415	0.00540760319521	0.00229011095894
AGGA	34871	1021991	985628	9629	7063	67.4178321778	0.00933386324422	0.00711500356103	0.00221885968319
TAAC	21387	611956	614435	4459	3125	53.021345859	0.00723376296813	0.00506023706199	0.00217352590614
GTGN	83901	2440827	2450909	21196	16006	162.155102727	0.00860918033666	0.00648826570838	0.00212091462827
ATTC	44585	1250859	1279428	9422	6896	98.4829892906	0.00747611048647	0.00536101324394	0.00211509724253
AAAC	55949	1615019	1581302	12043	8409	124.69004888	0.00740168475448	0.0052896406957	0.00211204405879
GCCT	28023	794886	818046	7458	5947	47.8383634805	0.00929526487392	0.00721729432168	0.00207797055224
NCGN	413156	11926175	11854385	105468	80624	9223372036854775807	0.0087658850915	0.00675525255155	0.00201063253996
GGCT	31947	903008	916907	7791	6069	53.183143406	0.0085540278371	0.00657546891794	0.00197855891916
TTNC	187554	5224867	5415644	39695	30450	9223372036854775807	0.00754003846854	0.00559116313453	0.001948875334
GCGA	24467	724054	702840	7197	5603	34.2824581323	0.00984203782285	0.00790889316431	0.00193314465855
NTTG	170874	4833606	4908676	38697	29811	280.544205091	0.00794224004542	0.00603646420452	0.00190577584089
GAGN	95732	2771305	2716399	24435	18717	140.989723526	0.00874008312647	0.00684321981225	0.00189686331422
NAAC	131367	3807877	3763917	27465	20021	235.070006732	0.00716103022886	0.00529104863769	0.00186998159117
CNGA	142328	4120808	4046734	39082	30702	186.709431021	0.00939495996288	0.00752973191977	0.00186522804312
TCGN	100078	2894844	2896810	24159	18757	148.818863719	0.00827645603653	0.00643339700305	0.00184305903348
ANGN	532290	15516446	15249102	135700	105249	9223372036854775807	0.00866973768325	0.00685466940283	0.00181506828043
CNNT	546625	15487479	15875678	137732	112863	9223372036854775807	0.0088147289659	0.00705899306259	0.00175573590331
GTTC	30745	876541	902747	6515	5110	47.3201482929	0.00737778804515	0.00562863975274	0.00174914829242
TNGA	129184	3708362	3665988	32689	25987	150.215535322	0.00873791883618	0.00703878005674	0.00169913877943
CCGA	28095	804779	795153	7928	6458	29.7526268822	0.00975505317415	0.00805627667285	0.0016987765013
CCNT	116888	3303258	3412800	30236	25355	131.245679912	0.00907036280851	0.00737459480448	0.00169576800403
CCCA	16687	466854	470685	4872	4105	16.4669765855	0.0103280294069	0.00864592767329	0.00168210173361
CGNN	413156	11932886	11874860	105430	84702	9223372036854775807	0.00875786945616	0.00708236639435	0.00167550306181
CTTG	36505	1046837	1061919	8151	6469	48.2974066599	0.00772615423114	0.00605491637869	0.00167123785244
CTGN	143979	4130171	4162686	34113	27348	173.641723643	0.00819180440143	0.00652691601071	0.00166488839072
TTTN	320831	8684740	9036700	70922	58566	9223372036854775807	0.0081001299502	0.00643917396149	0.00166095598871
NTTA	141070	3903353	3927376	33887	27526	151.962379296	0.00860679054363	0.00695997018384	0.00164682035979
CCCT	17551	486708	508003	4836	4201	17.3523963964	0.00983838679752	0.00820181021624	0.00163657658128
TTNG	142112	3980000	4058343	31191	25226	163.722284951	0.0077759947108	0.00617743939187	0.00159855531893
TATC	37379	1059931	1078720	7407	5797	49.9135713654	0.00693969482957	0.00534523663529	0.00159445819427
CTTC	49569	1392641	1456785	9603	7695	67.170788929	0.00684830885352	0.00525442477876	0.00159388407476
TTGN	170874	4830771	4914447	38380	31227	187.603366475	0.0078822776291	0.00631400290436	0.00156827472474
GNNT	505198	14397329	14622226	122927	101620	9223372036854775807	0.00846589757095	0.00690172934436	0.00156416822659
CCCN	67773	1866472	1902126	17264	14628	59.5469028295	0.00916476618804	0.00763165226211	0.00153311392594
GAAC	30745	900444	888427	6464	5001	37.311614819	0.00712751458803	0.00559754115609	0.00152997343194
TGNT	173545	4954643	5073501	40554	33676	176.290662539	0.00811859872594	0.00659385801589	0.00152474071005
CAAC	23286	680458	679753	4499	3486	28.6145713595	0.00656829552804	0.00510216776267	0.00146612776537
CTTA	22614	638459	640145	5322	4397	20.5390917099	0.00826678637611	0.00682189834022	0.0014448880359
NNGA	551175	16005302	15634921	140995	114912	9223372036854775807	0.00873234277804	0.00729607736158	0.00143626541646
NTGN	561841	16142826	16230354	128389	106037	9223372036854775807	0.00789056010876	0.0064908461116	0.00139971399715
GCNT	141090	4062304	4138910	34163	28943	116.676015924	0.00833962534057	0.00694434280672	0.00139528253385
TNTG	158280	4467514	4543052	33603	27866	138.622623068	0.00746548023524	0.00609636838814	0.0013691118471
TTAC	26271	748138	755557	4873	3896	26.7145994272	0.00647135300812	0.00513000804526	0.00134134496286
NAGN	473369	13699431	13481694	112156	92160	9223372036854775807	0.00812042815934	0.00678952344706	0.00133090471228
CAGN	143979	4174578	4154204	33156	27407	113.078051547	0.00787977567023	0.00655417254259	0.00132560312764
TANC	89726	2560370	2590750	17647	14422	79.7734528359	0.00684518372067	0.00553591087268	0.00130927284799
GTGA	29412	863224	855017	7344	6142	21.730396507	0.00843587175269	0.00713224851624	0.00130362323645
NCCG	117875	3333706	3318760	25504	21006	90.8625095022	0.00759226127572	0.00628966220987	0.00130259906585
TAGN	56446	1606779	1599811	12348	10186	43.9321461268	0.00762633196778	0.00632671986345	0.00129961210433
CTCG	16136	461045	462364	3498	2922	12.429689897	0.00752998107818	0.00628000842493	0.00124997265325
NNTC	551173	15620479	16015342	106967	89661	9223372036854775807	0.00680129501001	0.00556727620603	0.00123401880398
NCGA	100078	2939230	2868844	26465	22256	59.1635965655	0.00892370928231	0.00769810798658	0.00122560129573
ANAC	129733	3760642	3718021	25025	20214	100.301135098	0.00661045992688	0.00540736470554	0.00120309522134
CNCG	69994	2003262	1989996	15166	12649	46.8001060097	0.00751376814035	0.00631614689573	0.00119762124462
TCGA	21902	641957	629221	5601	4730	13.2316194785	0.00864941827605	0.00746114447331	0.00118827380274
ACGN	91400	2717418	2671432	22010	18457	56.071283736	0.00803452399552	0.0068616214275	0.00117290256802
GAGA	29653	863020	833651	6986	5769	17.7882313993	0.00802982967934	0.00687260251126	0.00115722716808
TTGA	56024	1597288	1593027	13139	11233	32.1793753554	0.00815870573457	0.00700198222233	0.00115672351223
TCCG	34005	965320	974711	7328	6257	21.5655469213	0.00753407193558	0.00637839358674	0.00115567834884
GGNN	386030	11024535	10945688	92785	79422	204.787037062	0.00834598626288	0.00720373764978	0.00114224861309
NTNC	543416	15374658	15771353	106412	90930	9223372036854775807	0.00687368508766	0.00573246612735	0.0011412189603
CGAT	36506	1068027	1070445	7976	6770	22.9307607916	0.00741261873805	0.00628472496205	0.001127893776
GGAT	34867	1005390	1002301	7720	6604	19.0429528954	0.00762010048267	0.00654571044846	0.00107439003422
ANTC	127513	3617431	3656541	23741	20093	75.6008771793	0.00652015340116	0.00546505308932	0.00105510031184
AAGN	177212	5146769	5011280	42217	35850	79.6557691556	0.00813588627913	0.00710304668198	0.00103283959715
TNAC	110236	3188014	3209383	20393	17314	60.0855949284	0.00635611379728	0.0053658586474	0.00099025514988
NATC	165559	4755324	4806506	30694	26333	83.7741928092	0.00641326463879	0.0054487641736	0.000964500465183
ATAC	30364	872752	874044	5373	4560	15.6108665714	0.00611871886121	0.00519005149077	0.000928667370436
AATC	49648	1412578	1414351	8941	7628	23.8968850244	0.00628975061185	0.0053643548885	0.000925395723342
NTAC	83318	2402105	2415397	14954	12776	40.7700197195	0.00618685766462	0.00526156908919	0.000925288575437
TNTA	142282	3924114	3963767	32545	29198	47.9204450915	0.00822537398345	0.00731236061423	0.000913013369224
NGCT	153761	4415859	4479473	34804	31223	54.9025325271	0.00781995850955	0.00692199163943	0.000897966870125
NNAC	389101	11307797	11268829	72880	62399	169.068349082	0.00640383695979	0.0055068170899	0.000897019869883
ACCG	25144	727959	716661	5145	4423	10.3402418058	0.00701810384338	0.00613382074765	0.000884283095732
GNCT	100565	2858729	2922360	22456	20338	34.9369406953	0.00779401530967	0.0069113446232	0.000882670686473
TTNA	228893	6379742	6427523	52251	46965	70.8084504793	0.00812360958726	0.00725385544	0.000869754147264
TNNC	516100	14611075	14961058	99509	88927	189.525767509	0.00676444932438	0.00590877665327	0.000855672671112
CGNA	108891	3199929	3117272	29348	25883	30.4610874492	0.00908810238329	0.00823471957317	0.000853382810121
CTGA	45149	1310501	1297145	10963	9748	13.7584217548	0.00829610189911	0.0074589120915	0.000837189807603
ATNC	146086	4174071	4227936	27387	24207	52.8183646515	0.00651845145185	0.00569289414773	0.000825557304126
CTNG	81440	2330182	2342363	16647	14777	27.2669722951	0.00709340135136	0.00626903790186	0.000824363449491
CTAC	11091	321398	324349	1982	1735	4.76977492407	0.0061290123075	0.00532071490782	0.000808297399687
TTNN	832142	23004012	23639863	167996	153907	230.350330792	0.00724995434146	0.00646837386425	0.000781580477211
GATC	36006	1047853	1055536	6811	6034	12.3442328577	0.00645798093042	0.00568403402508	0.000773946905343
GGGC	17802	492670	494473	4186	3816	4.71096505047	0.00842497625066	0.00765820638224	0.000766769868424
GCCG	38293	1080293	1066518	7570	6654	11.2354363535	0.00695859680861	0.00620031085418	0.000758285954427
ATTG	47586	1356386	1355867	9376	8334	14.1106293829	0.00686503212126	0.00610907043757	0.000755961683695
NCCT	100591	2833165	2938642	23447	22113	23.2910317841	0.00820797504176	0.00746870308418	0.000739271957583
CNTC	136336	3891891	4013714	24438	22207	41.4854275045	0.00624002733172	0.00550233763248	0.000737689699242
NCNT	532290	15158925	15559861	120444	112224	118.835536731	0.00788278625904	0.00716075748696	0.000722028772081
CNAC	63847	1860555	1859269	11456	10103	19.167195229	0.00611962216034	0.00540448878019	0.000715133380151
AANC	188137	5414549	5360920	35326	31195	48.0895309184	0.00648198353173	0.00578529946042	0.000696684071317
CTNC	124491	3518910	3624277	22788	20969	31.1093030222	0.00643420189977	0.0057524238419	0.000681778057864
NANC	530497	15313921	15312618	99948	89525	125.002233995	0.00648429021941	0.00581250284457	0.00067178737484
TGAC	33166	971678	973867	6181	5567	8.07546723959	0.00632095220272	0.00568389498425	0.000637057218474
CNCT	98473	2787787	2864610	22241	21002	17.6593503228	0.00791486775221	0.00727817877109	0.000636688981118
CATC	42526	1234962	1257899	7535	6874	10.3390812237	0.00606440096032	0.0054349673815	0.000629433578826
TGTC	34421	989326	1014998	6428	5951	7.88627910137	0.00645540966946	0.00582889057142	0.000626519098037
ATGN	163087	4741057	4702312	34700	31456	29.9451663319	0.00726586382012	0.00664502358375	0.000620840236373
GTNC	85285	2456810	2503496	16542	15304	17.0385219434	0.00668808968558	0.00607590916309	0.000612180522483
NTNG	427189	12198840	12250058	83931	77065	70.8589967566	0.00683323005859	0.00625166147851	0.000581568580078
TCTG	35079	990891	1011912	6537	6084	6.66881293988	0.00655385651897	0.00597644784459	0.000577408674378
CCNN	386030	10883716	11006867	84141	78797	53.1237379439	0.00767159892767	0.00710800904664	0.000563589881028
NTTN	832142	23004295	23671029	163790	155579	111.632071221	0.00706963911778	0.00652963275343	0.000540006364345
CTNA	112654	3229560	3215314	26017	24171	13.9017908871	0.0079915173255	0.00746137117474	0.000530146150761
NTGA	187952	5445368	5373483	42647	39269	22.2085317742	0.0077709335707	0.00725490471391	0.000516028856794
CTNN	473369	13386375	13647416	95697	90608	56.2100426795	0.00709809293408	0.00659541721575	0.000502675718332
GCCN	114121	3230908	3237181	25990	24421	12.1360066529	0.00797998586385	0.0074874248912	0.000492560972646
GANC	111403	3238335	3225678	21658	20081	12.5104679489	0.00664357254755	0.00618684258443	0.000456729963117
GNAC	85285	2498586	2482156	16006	14768	9.95957057412	0.00636524732442	0.00591447717271	0.000450770151704
NCCN	386030	10891190	11019574	84753	81133	28.5356653129	0.00772170555186	0.00730881375393	0.000412891797925
GNTC	111403	3197931	3254600	20674	19684	10.5824746865	0.00642327965066	0.00601169599216	0.000411583658494
CANC	141231	4100667	4135270	25317	23827	13.6141342799	0.00613599083273	0.00572888778502	0.000407103047715
GGNA	119459	3463150	3377136	29540	27448	8.00818083443	0.00845766443629	0.00806207160699	0.000395592829308
CCNG	101651	2855467	2854645	19776	18792	6.15271255434	0.00687802735282	0.00653990325871	0.000338124094108
NGAC	90515	2647633	2629099	16687	15681	6.1051009894	0.00626313656017	0.0059290375759	0.000334098984269
NTCG	100078	2898586	2894712	18771	17830	5.73547377855	0.00643424853386	0.00612180013198	0.00031244840188
TNCG	108891	3140862	3154254	20689	19828	5.55420556168	0.00654393998389	0.00624684554463	0.000297094439255
TNNG	465733	13292888	13351650	87639	84251	18.8630266103	0.00654974202436	0.00627058803128	0.000279153993086
ANNC	505198	14531541	14518014	92241	88290	18.9265114562	0.00630760223313	0.00604465030989	0.000262951923236
TNTN	752559	20817296	21416965	144732	143362	23.4266476657	0.00690448462334	0.00664934256331	0.000255142060028
ANNT	593166	16743248	16850910	136292	133595	11.0622249195	0.00807439065283	0.00786569876484	0.000208691887981
NNCG	413156	11957168	11830906	77490	74600	6.98643606856	0.00643890337391	0.00626600834941	0.000172895024491
TGNN	561841	16153946	16244619	115774	114371	4.67005882929	0.00711591840548	0.00699132403651	0.000124594368971
NNTG	561841	16189934	16223989	102312	100633	4.54491729511	0.00627979715013	0.00616449189451	0.000115305255615
