#Sequence	Occurrence	Forward Match	Backward Match	Forward Mismatch	Backward Mismatch	Strand Bias Score	FER (Forward Error Rate)	RER (Reverse Error Rate), ERD (Error rate Difference)
CCTGCCTTAG	2	14	51	19	1	8.51235469817	0.575757575758	0.0192307692308	0.556526806527
TATACCTTAG	2	18	42	21	0	8.33979383542	0.538461538462	0.0	0.538461538462
ACTGTAGACA	3	16	48	18	0	8.4240646862	0.529411764706	0.0	0.529411764706
GACTCTAACA	3	28	66	30	1	11.0281171808	0.51724137931	0.0149253731343	0.502316006176
TGTACGGGTG	3	27	52	29	1	9.13850028252	0.517857142857	0.0188679245283	0.498989218329
CGTTGTAACA	4	38	56	33	1	9.01489536892	0.464788732394	0.0175438596491	0.447244872745
TGAAACTACA	4	32	60	27	1	8.74139189711	0.457627118644	0.016393442623	0.441233676021
GCAGGGTACA	3	30	68	22	0	9.36803706982	0.423076923077	0.0	0.423076923077
AGATGACACA	4	42	77	32	1	10.5198964782	0.432432432432	0.0128205128205	0.419611919612
TTCTCCAACA	4	40	69	30	2	8.51756469286	0.428571428571	0.0281690140845	0.400402414487
TTGGGCAACA	4	37	84	25	1	9.61841237739	0.403225806452	0.0117647058824	0.391461100569
TATGGGATAA	5	50	83	33	1	10.4160460611	0.397590361446	0.0119047619048	0.385685599541
AGANGACACA	5	52	90	34	1	11.0484360493	0.395348837209	0.010989010989	0.38435982622
TCCTTACACA	3	42	72	27	1	8.5606374079	0.391304347826	0.013698630137	0.377605717689
TCACTAAACA	5	53	102	33	1	11.7226617446	0.383720930233	0.00970873786408	0.374012192368
TAGAGCAACA	4	49	87	32	2	9.64798594608	0.395061728395	0.0224719101124	0.372589818283
CAGATGTCAA	4	46	80	28	1	8.97096437282	0.378378378378	0.0123456790123	0.366032699366
TAGCTTTGCA	4	39	79	22	0	9.06252474134	0.360655737705	0.0	0.360655737705
GTGTCGAACA	6	62	105	39	3	10.8664102345	0.386138613861	0.0277777777778	0.358360836084
TCTGATAACA	7	84	152	48	4	13.7465647337	0.363636363636	0.025641025641	0.337995337995
ACATAAAAGA	4	61	88	31	0	10.2585436101	0.336956521739	0.0	0.336956521739
AGAACCTACA	6	80	121	43	2	12.0126322388	0.349593495935	0.0162601626016	0.333333333333
GGAATTCGAA	4	62	105	35	3	9.66583133688	0.360824742268	0.0277777777778	0.33304696449
AATCCAACAA	4	54	85	28	1	8.65269732685	0.341463414634	0.0116279069767	0.329835507657
CGCGCGGACA	4	53	74	26	0	8.45069100189	0.329113924051	0.0	0.329113924051
AAGTCTGACA	10	96	165	53	5	14.2696995055	0.355704697987	0.0294117647059	0.326292933281
TCTTGCCAAA	7	83	143	44	3	13.0657145019	0.346456692913	0.0205479452055	0.325908747708
CGCGAATTCC	6	75	114	39	2	11.0877835785	0.342105263158	0.0172413793103	0.324863883848
ACGAATGACA	5	69	113	37	3	10.1653833571	0.349056603774	0.0258620689655	0.323194534808
GACTNTAACA	13	140	262	74	7	21.56030114	0.345794392523	0.0260223048327	0.319772087691
TAAACGATAA	6	75	108	38	2	10.259215659	0.336283185841	0.0181818181818	0.318101367659
CGTCCATGAA	4	58	92	28	1	8.71663318193	0.325581395349	0.010752688172	0.314828707177
ANTAGTATAA	5	74	95	37	2	8.86626607648	0.333333333333	0.020618556701	0.312714776632
CGCGGGACAA	5	57	111	27	1	9.88658848577	0.321428571429	0.00892857142857	0.3125
TCACAAAAGA	7	90	151	46	4	12.6964371072	0.338235294118	0.0258064516129	0.312428842505
ACAAGCACAA	5	67	116	34	3	9.72118472797	0.336633663366	0.0252100840336	0.311423579333
TNCGTCCGAA	7	96	111	43	0	12.2232301957	0.309352517986	0.0	0.309352517986
GANTAGATGA	6	67	116	31	1	10.5898018738	0.316326530612	0.00854700854701	0.307779522065
TGAGACATAA	5	61	98	31	3	8.14228705573	0.336956521739	0.029702970297	0.307253551442
TCGGCTCAAA	13	181	239	87	5	21.2188487797	0.324626865672	0.0204918032787	0.304135062393
GCATCCCCAA	5	67	99	32	2	8.72751129508	0.323232323232	0.019801980198	0.303430343034
AAAAGTAACA	4	62	108	29	2	8.7095823579	0.318681318681	0.0181818181818	0.3004995005
GAAATCTGAA	7	83	143	38	2	12.1168644786	0.314049586777	0.0137931034483	0.300256483329
CCAACTAACA	6	68	115	31	2	9.31619729425	0.313131313131	0.017094017094	0.296037296037
CCGTCACAAA	8	98	165	46	4	12.7786675291	0.319444444444	0.0236686390533	0.295775805391
CGACAGACCA	9	105	171	49	4	13.5459779924	0.318181818182	0.0228571428571	0.295324675325
CTNAGTATAA	9	114	160	52	3	13.626704102	0.313253012048	0.0184049079755	0.294848104073
ACGTGNGACA	6	53	104	23	1	8.43642711215	0.302631578947	0.00952380952381	0.293107769424
TGANATAGTA	6	79	108	37	3	8.86656894128	0.318965517241	0.027027027027	0.291938490214
TAGANGACAA	8	85	136	40	4	10.2224250699	0.32	0.0285714285714	0.291428571429
TGNGTCCGAA	8	111	151	50	3	12.7855452929	0.310559006211	0.0194805194805	0.291078486731
AGNGCTAAGA	7	69	99	31	2	8.28952044287	0.31	0.019801980198	0.290198019802
CATAATTAAA	9	104	152	48	4	12.0125662335	0.315789473684	0.025641025641	0.290148448043
GATCTAAAGA	5	63	110	29	3	8.16682347028	0.315217391304	0.0265486725664	0.288668718738
GTACCAATAA	10	119	175	55	5	13.3798856855	0.316091954023	0.0277777777778	0.288314176245
TGTAAGTGAA	11	125	180	52	1	16.316534011	0.293785310734	0.00552486187845	0.288260448856
GGCAAGAACA	7	72	114	31	2	9.02760269103	0.300970873786	0.0172413793103	0.283729494476
CAGACTCAAA	8	90	132	41	4	9.87516991209	0.312977099237	0.0294117647059	0.283565334531
GCACGCTTCC	8	115	167	52	5	12.4031768205	0.311377245509	0.0290697674419	0.282307478067
TTCCGACCAA	7	102	135	46	4	10.3588244318	0.310810810811	0.0287769784173	0.282033832394
GTACGTCGAA	5	74	108	33	3	8.18790584972	0.308411214953	0.027027027027	0.281384187926
TTGCACATAA	7	81	118	33	1	10.0874745145	0.289473684211	0.00840336134454	0.281070322866
CGTCTCGAAA	6	87	107	37	2	9.0126452539	0.298387096774	0.0183486238532	0.280038472921
GCTTGATCGC	6	101	136	45	4	10.3995079226	0.308219178082	0.0285714285714	0.279647749511
TCGNGACAGA	16	191	334	85	10	22.4191728179	0.307971014493	0.0290697674419	0.278901247051
CATTGACAGA	12	167	246	73	7	17.623691092	0.304166666667	0.0276679841897	0.276498682477
GTAAGTTGAA	5	75	95	30	1	8.19616579953	0.285714285714	0.0104166666667	0.275297619048
AGTGCAAAGA	13	149	229	64	6	16.2739719642	0.300469483568	0.0255319148936	0.274937568674
AGCCATTTGA	7	113	151	47	3	11.8095289255	0.29375	0.0194805194805	0.274269480519
AGTTCCGACA	8	85	122	36	3	9.05580297642	0.297520661157	0.024	0.273520661157
TCTCGNACGA	7	92	146	37	2	11.1110143812	0.286821705426	0.0135135135135	0.273308191913
AGANTCCAAA	6	91	122	37	2	9.67933790067	0.2890625	0.0161290322581	0.272933467742
GNTCAAGTCA	8	95	131	41	4	9.31258996271	0.301470588235	0.0296296296296	0.271840958606
GAGAAGTAGA	5	81	120	34	3	8.52001532932	0.295652173913	0.0243902439024	0.271261930011
NGTCTAAAGA	7	75	119	30	2	8.75565519083	0.285714285714	0.0165289256198	0.269185360094
CGAAACCAAA	17	223	314	94	9	21.7168578014	0.296529968454	0.0278637770898	0.268666191364
GCCGTTACGA	6	78	104	30	1	8.45120842794	0.277777777778	0.00952380952381	0.268253968254
GCTAACTTCC	9	133	192	55	5	13.5219236367	0.292553191489	0.0253807106599	0.267172480829
GAACACTGAA	6	82	131	31	1	10.2281982424	0.274336283186	0.00757575757576	0.26676052561
ACAGCCAACA	8	104	136	42	3	10.1803268248	0.287671232877	0.0215827338129	0.266088499064
ATCTGCTTCC	6	84	114	33	2	8.45452958952	0.282051282051	0.0172413793103	0.264809902741
AGNTTGGACA	6	82	129	33	3	8.78541660872	0.286956521739	0.0227272727273	0.264229249012
ACGCACAACA	9	104	132	43	4	9.32677851418	0.292517006803	0.0294117647059	0.263105242097
GGCATTCGAA	8	116	164	48	5	11.0680054712	0.292682926829	0.0295857988166	0.263097128013
CCTGACTCAA	7	119	189	47	4	12.8290451129	0.28313253012	0.020725388601	0.262407141519
TGATGCATAA	10	132	192	52	4	13.534644399	0.282608695652	0.0204081632653	0.262200532387
GACCNAAAGA	9	110	183	44	5	11.5819018604	0.285714285714	0.0265957446809	0.259118541033
GTGAAGACAA	8	102	165	41	5	10.1191565383	0.286713286713	0.0294117647059	0.257301522007
ANTAGTAAGA	8	81	111	28	0	9.41213289391	0.256880733945	0.0	0.256880733945
GGCGGTCGAA	12	160	202	64	6	13.5260864765	0.285714285714	0.0288461538462	0.256868131868
AGCCATAGAA	11	159	209	63	6	14.0287200274	0.283783783784	0.0279069767442	0.25587680704
GAGCCAAAGA	8	102	149	40	4	9.83114440595	0.281690140845	0.0261437908497	0.255546349995
CAGGAATTCC	8	104	142	41	4	9.541227386	0.28275862069	0.027397260274	0.255361360416
TAATGTAGAA	5	76	114	26	0	9.30749680118	0.254901960784	0.0	0.254901960784
GTTTGAAACG	7	78	128	30	3	8.2831266049	0.277777777778	0.0229007633588	0.254877014419
CATTCTCAGA	7	90	143	33	2	9.78302392918	0.268292682927	0.0137931034483	0.254499579479
GATTGACTCG	6	95	126	35	2	9.01286308764	0.269230769231	0.015625	0.253605769231
CCTAAAAAGA	7	91	152	33	2	10.3622248761	0.266129032258	0.012987012987	0.253142019271
GTAACAAAGA	7	93	137	36	4	8.66439532178	0.279069767442	0.0283687943262	0.250700973116
GCGTCTCGAA	7	98	120	37	3	8.21826877172	0.274074074074	0.0243902439024	0.249683830172
GNGTCTCGAA	8	108	137	41	4	8.96360641556	0.275167785235	0.0283687943262	0.246798990909
CCTAANAAGA	10	140	207	53	6	12.6050646087	0.274611398964	0.0281690140845	0.246442384879
TCGTAGACNA	9	107	180	40	5	10.3725186704	0.272108843537	0.027027027027	0.24508181651
TCGGTTAAGA	8	100	152	37	4	9.06488025486	0.270072992701	0.025641025641	0.24443196706
AGTTTAAAGA	11	126	196	46	5	11.5300583121	0.267441860465	0.0248756218905	0.242566238575
GCGGTTCGCA	7	102	140	35	2	9.47516064274	0.255474452555	0.0140845070423	0.241389945512
NAAAGTCCAA	7	87	131	30	2	8.56216642539	0.25641025641	0.015037593985	0.241372662425
CNTTGACAGA	18	237	349	87	10	20.1588388398	0.268518518519	0.0278551532033	0.240663365315
CCGAATAACA	9	112	168	40	4	9.94209968112	0.263157894737	0.0232558139535	0.239902080783
GGGATCTGAA	13	197	231	72	7	14.3625249554	0.267657992565	0.0294117647059	0.238246227859
TGGAGGCGAA	8	94	134	33	3	8.3481969412	0.259842519685	0.021897810219	0.237944709466
TCCTTAACGA	8	115	131	42	4	8.36290813827	0.267515923567	0.0296296296296	0.237886293937
GGTGGTAACA	10	123	186	44	5	10.7836277818	0.263473053892	0.0261780104712	0.237295043421
ANGGCTCGAA	8	116	150	40	3	9.576338518	0.25641025641	0.0196078431373	0.236802413273
TGGCACAGAA	13	163	240	55	4	14.9151366501	0.252293577982	0.016393442623	0.235900135359
GCTNTGTCAA	9	118	175	41	4	10.2186440915	0.25786163522	0.0223463687151	0.235515266505
ACGTTCGACA	11	163	206	57	5	12.8035195751	0.259090909091	0.0236966824645	0.235394226626
GAGNTCTGAA	12	151	206	54	6	11.9156456747	0.263414634146	0.0283018867925	0.235112747354
TATCTAATAA	7	105	144	37	4	8.42146429717	0.260563380282	0.027027027027	0.233536353255
GGAAGGGACA	9	104	157	36	4	9.02251949178	0.257142857143	0.0248447204969	0.232298136646
NGGGCTAAGA	12	145	234	49	5	13.0581073138	0.252577319588	0.0209205020921	0.231656817496
ATGAGACGAA	6	104	130	34	2	8.50776611675	0.246376811594	0.0151515151515	0.231225296443
ACATTTNGAA	17	226	314	79	9	17.4205602103	0.259016393443	0.0278637770898	0.231152616353
AAATTCCCAA	7	115	170	39	4	9.59050396911	0.253246753247	0.0229885057471	0.2302582475
TGGNATCCAA	14	186	265	65	8	14.5198444287	0.258964143426	0.029304029304	0.229660114122
CACCAACAGA	10	120	195	41	5	10.542013626	0.254658385093	0.025	0.229658385093
AGTTGTGACA	8	107	141	37	4	8.23652430971	0.256944444444	0.0275862068966	0.229358237548
ACCGAAAAGA	7	99	142	33	3	8.42466009734	0.25	0.0206896551724	0.229310344828
NTTGGACAGA	14	213	251	72	6	15.1152014977	0.252631578947	0.0233463035019	0.229285275445
GAAGATTCAA	8	125	176	42	4	10.301151554	0.251497005988	0.0222222222222	0.229274783766
CATAACAGAA	10	116	179	40	5	9.65095371509	0.25641025641	0.0271739130435	0.229236343367
GATAAGTGAA	9	110	157	37	4	8.86155397755	0.251700680272	0.0248447204969	0.226855959775
GCATNTAGAA	13	180	242	59	5	14.0974005943	0.246861924686	0.0202429149798	0.226619009706
GNAGAGACCA	9	110	165	36	4	9.02247482193	0.246575342466	0.0236686390533	0.222906703412
GCTAAATTCC	8	108	168	33	2	9.97778592581	0.234042553191	0.0117647058824	0.222277847309
AAGTTCACGA	12	155	219	49	4	12.5095498581	0.240196078431	0.0179372197309	0.2222588587
ACATTTTGAA	11	143	200	48	6	10.5836729876	0.251308900524	0.0291262135922	0.222182686931
GGTGATCCAA	10	121	181	39	4	9.96339498527	0.24375	0.0216216216216	0.222128378378
ATNGGAGTCA	10	120	144	38	3	8.40469724797	0.240506329114	0.0204081632653	0.220098165849
GCGTTAAAGA	17	200	329	63	7	16.7392165551	0.239543726236	0.0208333333333	0.218710392902
GNCGGTCTCC	14	179	263	59	8	13.2349749773	0.247899159664	0.029520295203	0.218378864461
TCCTCCGANA	12	135	171	44	5	9.14721944383	0.245810055866	0.0284090909091	0.217400964957
GNCTCAAAGA	14	177	254	57	7	12.9447588317	0.24358974359	0.0268199233716	0.216769820218
TTAAACTGAA	10	142	208	46	6	10.5071017696	0.244680851064	0.0280373831776	0.216643467886
TATTTCCGAA	10	133	165	43	5	8.78125973474	0.244318181818	0.0294117647059	0.214906417112
TAAGACTGAA	8	119	157	35	2	9.32828073661	0.227272727273	0.0125786163522	0.214694110921
NAGTTGGACA	10	158	220	48	5	11.3019429645	0.233009708738	0.0222222222222	0.210787486516
CGAATTTGCA	8	116	170	35	4	8.60846837425	0.23178807947	0.0229885057471	0.208799573723
NCTAAATTCC	9	121	188	35	3	9.80243871158	0.224358974359	0.0157068062827	0.208652168076
GTCTNTAGAA	7	116	168	35	4	8.30118962554	0.23178807947	0.0232558139535	0.208532265517
GNCCAAAAGA	12	191	264	58	7	12.9677131631	0.232931726908	0.0258302583026	0.207101468605
GAANTCTGAA	17	234	337	72	10	15.5047562911	0.235294117647	0.028818443804	0.206475673843
GACCCCTGNA	10	156	180	46	4	9.75793315988	0.227722772277	0.0217391304348	0.205983641842
AAGACTTTGA	8	124	168	38	5	8.20687762351	0.234567901235	0.028901734104	0.205666167131
GTTCGAAGAA	11	172	236	52	7	10.9334536786	0.232142857143	0.0288065843621	0.203336272781
ACTCTNCGAA	10	127	177	38	5	8.35400817709	0.230303030303	0.0274725274725	0.202830502831
GNGGTTCGCA	12	179	227	53	6	11.2252767539	0.228448275862	0.0257510729614	0.202697202901
TGGATTACAA	15	204	270	60	7	13.0353924505	0.227272727273	0.0252707581227	0.20200196915
TNCTACAAGA	9	121	176	36	5	8.19325162072	0.229299363057	0.0276243093923	0.201675053665
CACGCAAGAA	21	321	395	96	12	18.342981046	0.230215827338	0.029484029484	0.200731797854
ACGAAAATTC	10	154	181	44	4	9.28663127821	0.222222222222	0.0216216216216	0.200600600601
CTCGNAAAGA	11	169	234	48	5	11.2571023769	0.221198156682	0.0209205020921	0.20027765459
GTAATCTGCA	12	174	217	51	6	10.3406684237	0.226666666667	0.0269058295964	0.19976083707
ACAGTGCCAA	9	144	182	42	5	8.80633554057	0.225806451613	0.0267379679144	0.199068483698
GNTCGACAGA	18	270	376	78	10	17.0374062731	0.224137931034	0.0259067357513	0.198231195283
TTTGGANAGA	14	205	229	59	6	11.2073695095	0.223484848485	0.0255319148936	0.197952933591
NGTCTCAGAA	9	140	197	40	5	8.9323913977	0.222222222222	0.0247524752475	0.197469746975
ANACAAAGGA	14	184	223	53	6	10.7549628854	0.223628691983	0.0262008733624	0.197427818621
GGANGGGACA	12	153	222	43	5	10.3157047697	0.219387755102	0.0220264317181	0.197361323384
GGTTAAATTC	23	345	423	101	13	19.0126896813	0.226457399103	0.0298165137615	0.196640885342
GCCTNTAAGA	10	141	187	39	4	8.8475658351	0.216666666667	0.020942408377	0.19572425829
CCTAAAANGA	9	148	203	40	4	9.62770122241	0.212765957447	0.0193236714976	0.193442285949
TGCAGAAAGA	18	265	358	75	10	15.6654189857	0.220588235294	0.0271739130435	0.193414322251
GTCGAACAGA	10	146	179	40	4	8.59170374147	0.215053763441	0.0218579234973	0.193195839944
GACNCACGAA	26	374	518	107	16	21.7021101052	0.222453222453	0.0299625468165	0.192490675637
GGGNATAAGA	12	166	221	46	6	9.77656618219	0.216981132075	0.0264317180617	0.190549414014
ATCCAANTAA	9	145	172	39	4	8.18032068915	0.211956521739	0.0227272727273	0.189229249012
ANTATACGGA	11	152	206	41	5	9.12048881452	0.212435233161	0.0236966824645	0.188738550696
GTATGNACGA	16	201	289	54	7	12.3678918914	0.211764705882	0.0236486486486	0.188116057234
CTCGNACAGA	13	181	236	50	7	10.1171665224	0.21645021645	0.0288065843621	0.187643632088
ANGAGACGAA	21	308	399	81	9	17.491986407	0.20822622108	0.0220588235294	0.18616739755
AAACACTGAA	19	262	299	69	7	13.6196738875	0.208459214502	0.0228758169935	0.185583397508
ATGGCACAGA	10	144	201	38	5	8.59112725776	0.208791208791	0.0242718446602	0.184519364131
CCTGTAAAGA	15	208	314	54	7	12.9843348655	0.206106870229	0.0218068535826	0.184300016646
GAAAACCGAA	13	182	231	49	7	9.48388275561	0.212121212121	0.0294117647059	0.182709447415
CATNACAAGA	12	188	238	46	4	10.7520287854	0.196581196581	0.0165289256198	0.180052270961
ACAGTAAACG	11	153	206	40	6	8.12798975487	0.20725388601	0.0283018867925	0.178951999218
GNCACATGAA	18	293	357	75	10	14.1253024741	0.203804347826	0.0272479564033	0.176556391423
NCGAGTACAA	15	223	294	54	6	12.0302728688	0.194945848375	0.02	0.174945848375
AGAGTGAAGA	13	177	202	44	5	8.47029069231	0.199095022624	0.024154589372	0.174940433252
TTTCTAACNA	13	199	258	50	7	10.1157024981	0.200803212851	0.0264150943396	0.174388118512
CTTCAATCAA	15	232	293	58	8	11.2420386877	0.2	0.0265780730897	0.17342192691
CCAGCACAGA	15	211	266	51	6	10.6533200335	0.19465648855	0.0220588235294	0.17259766502
NAGGAACGAA	20	280	357	67	8	14.1112158215	0.193083573487	0.0219178082192	0.171165765268
CCGTAACGAA	15	201	262	49	7	9.86622727263	0.196	0.0260223048327	0.169977695167
AAATTACAGA	13	188	236	46	7	8.6089143852	0.196581196581	0.0288065843621	0.167774612219
GTCGNACAGA	23	332	440	81	13	15.5150642092	0.19612590799	0.0286975717439	0.167428336246
CNAGCACAGA	22	299	387	71	10	14.2207676973	0.191891891892	0.0251889168766	0.166702975015
GTCGAAATTC	12	200	229	48	7	8.27804596424	0.193548387097	0.0296610169492	0.163887370148
NTTGGAAAGA	13	205	244	46	5	9.42324918122	0.183266932271	0.0200803212851	0.163186610986
GCAGAAAGAA	17	280	386	66	11	13.1340916007	0.190751445087	0.0277078085642	0.163043636522
CNTGTAAAGA	22	310	454	74	14	14.4824070477	0.192708333333	0.0299145299145	0.162793803419
CANAGCAAGA	17	256	318	60	9	11.0748135872	0.189873417722	0.0275229357798	0.162350481942
GTTNACAAGA	15	203	264	47	7	9.29542115375	0.188	0.0258302583026	0.162169741697
TTGGNCAAGA	12	193	251	43	6	8.83641544867	0.182203389831	0.0233463035019	0.158857086329
TGCCGCAACA	20	294	358	68	11	11.9263433425	0.187845303867	0.029810298103	0.158035005764
TNGACCAAGA	13	216	243	49	7	8.48380143119	0.184905660377	0.028	0.156905660377
CCTGTANAGA	23	334	464	74	12	15.0590117	0.18137254902	0.0252100840336	0.156162464986
GAGGNCTGAA	16	240	309	52	7	10.6283641874	0.178082191781	0.0221518987342	0.155930293047
GNAGTACAGA	31	487	591	109	17	19.2854256611	0.18288590604	0.0279605263158	0.154925379724
TGTAGCANGA	14	198	282	42	8	8.21222159846	0.175	0.0275862068966	0.147413793103
CAATTCCCNA	14	220	254	45	6	8.38542983138	0.169811320755	0.0230769230769	0.146734397678
CCNAAATTTC	19	308	335	63	10	9.91324716472	0.169811320755	0.0289855072464	0.140825813508
ACCATCTGCA	20	319	387	64	11	11.0857073621	0.167101827676	0.0276381909548	0.139463636721
TTTTGACTTC	12	222	273	41	5	8.40799393989	0.155893536122	0.0179856115108	0.137907924611
AGNGCACAGA	21	280	399	55	11	10.5758250719	0.164179104478	0.0268292682927	0.137349836185
TNTCCACAGA	17	241	342	45	9	8.71676690762	0.157342657343	0.025641025641	0.131701631702
TTTAAACGCA	20	320	335	60	10	9.00392247681	0.157894736842	0.0289855072464	0.128909229596
TNGGAAAGAA	16	272	319	48	8	8.28053231038	0.15	0.0244648318043	0.125535168196
