#Sequence	Occurrence	Forward Match	Backward Match	Forward Mismatch	Backward Mismatch	Strand Bias Score	FER (Forward Error Rate)	RER (Reverse Error Rate), ERD (Error rate Difference)
NACCTCTT	510	7942	8213	74	20	7.70089597026	0.00923153692615	0.0024292481477	0.00680228877845
NACCTCNT	711	9787	10094	79	22	7.95428010095	0.00800729779039	0.00217477263741	0.00583252515299
NACCNCTT	704	9892	9998	75	20	7.61497864736	0.00752483194542	0.00199640646836	0.00552842547706
TTTTTTTT	37061	35986	42039	759	657	7.58962052765	0.0206558715471	0.0153878583474	0.00526801319976
NNCCTCTT	941	11811	11957	84	27	7.09678920329	0.00706179066835	0.00225300400534	0.00480878666301
TTTTTTNT	45095	53968	61238	922	746	11.0566033738	0.0167972308253	0.0120353639649	0.00476186686039
NANCTCTT	1158	12713	13032	87	28	7.4918947543	0.006796875	0.00214395099541	0.00465292400459
TNTTTTTT	45650	53144	60287	966	809	9.57660698893	0.0178525226391	0.0132414560691	0.00461106656993
AACNTCTT	895	12623	12735	73	20	7.23554814023	0.00574984247007	0.0015680125441	0.00418182992597
AACNTCNT	1388	16340	16439	88	24	8.63646642259	0.00535670805941	0.00145781449311	0.00389889356631
TTNTTTTT	45244	54989	61824	892	756	7.84467601943	0.0159624917235	0.0120805369128	0.00388195481073
NATGNTTT	3170	13261	14038	67	17	7.66945933522	0.00502701080432	0.00120953397367	0.00381747683065
ATATATNT	67508	23433	23336	179	90	6.97406902581	0.00758089107234	0.00384188508495	0.00373900598739
NACNTCTT	1817	22349	22551	109	28	11.2131644098	0.00485350431917	0.00124009034944	0.00361341396973
TTTTNTTT	45797	56687	63509	826	693	7.59882291119	0.0143619703371	0.0107940562599	0.00356791407721
TNTTTTNT	61629	90218	98752	1201	961	12.2375431642	0.0131373128124	0.00963766008444	0.00349965272799
TNTNTTTT	62666	90231	98984	1177	938	12.4412843332	0.0128763346753	0.00938732211125	0.00348901256406
TNTTTTTN	62198	93171	102681	1527	1321	9.78915003538	0.0161249445606	0.0127016788139	0.00342326574673
AACNNCTT	1442	18490	18461	97	34	7.17173042512	0.0052187012428	0.00183833468505	0.00338036655775
TATNTTTN	23827	42282	43957	357	222	8.74960068337	0.00837261661859	0.00502501188347	0.00334760473511
TTTTNTNT	60856	92773	101477	1053	817	12.6814614538	0.0112229019675	0.00798678319354	0.00323611877393
TNNTTTTT	59976	93511	102477	1234	1014	10.8474345585	0.0130244340071	0.00979795344523	0.00322648056184
NTTTTTNT	61720	95940	105456	1272	1053	10.8821381531	0.0130848043451	0.00988648846576	0.00319831587938
TTNTTTNT	61767	93442	101608	1121	889	11.588551325	0.0118545308419	0.00867342458804	0.00318110625384
TTTTTTNN	61586	94688	104444	1481	1294	8.90969240283	0.0153999729643	0.0122377953054	0.00316217765888
NTNTTTTT	62198	92875	102180	1300	1104	9.48141902252	0.0138040881338	0.0106889740909	0.00311511404294
TANNTTTT	18009	38367	40086	297	190	6.86828632585	0.00768156424581	0.00471744959778	0.00296411464803
TATNTNTT	29457	43017	44379	283	161	8.85470107418	0.00653579676674	0.00361472833408	0.00292106843266
AACNTNTT	3668	24620	24843	119	49	7.10996245413	0.00481021868305	0.00196850393701	0.00284171474604
ATNTATNT	81309	44996	45576	259	136	9.39229780104	0.00572312451663	0.00297514875744	0.00274797575919
TTNTNTTT	60010	91992	99654	1011	823	8.85029525364	0.0108706170769	0.00819092926739	0.00267968780947
TTTTTNNT	59052	93928	102728	1040	859	8.85777669352	0.0109510571982	0.008292546362	0.00265851083622
TNTTNTTT	61190	93153	101301	1079	900	8.28302860475	0.0114504626878	0.00880617606481	0.00264428662302
ATANATNT	78608	42129	41915	232	124	7.696182891	0.00547673567668	0.0029496419991	0.00252709367759
TNNTCTTT	6209	25034	25541	88	27	7.91150327843	0.0035029058196	0.00105600750939	0.00244689831021
TTTNTTNT	61058	95717	103744	1065	898	7.43689365858	0.0110041123349	0.00858164025917	0.00242247207577
TTNNTTTT	59855	97039	105283	1053	884	7.63886456731	0.0107348203727	0.00832650446937	0.00240831590334
TNTTTNTT	62687	95261	103512	1035	874	7.30697020212	0.0107481099942	0.00837277029487	0.00237533969932
AANNTCTT	3107	26423	26811	97	35	7.14317831727	0.00365761689291	0.00130373239961	0.0023538844933
ATATNTNT	83395	50771	51406	314	197	6.83848462619	0.00614661838113	0.00381760750344	0.00232901087769
NTTTNTAT	20181	40220	41863	200	110	7.17104806868	0.00494804552202	0.00262073237557	0.00232731314644
TTTNNTTT	60177	96324	104264	944	782	7.42063516915	0.00970514454908	0.00744435770996	0.00226078683913
TTNTNTAT	24154	38747	39945	171	89	6.8427061999	0.00439385374377	0.0022231103562	0.00217074338757
TANGTNTT	3648	28117	29067	97	37	6.8968106014	0.00343800949883	0.00127130291369	0.00216670658514
TANNTCTT	4519	41381	42045	105	31	9.65948602853	0.00253097430458	0.000736762049624	0.00179421225496
