#Sequence	Occurrence	Forward Match	Backward Match	Forward Mismatch	Backward Mismatch	Strand Bias Score	FER (Forward Error Rate)	RER (Reverse Error Rate), ERD (Error rate Difference)
GGGT	3504	263082	272293	5148	1172	9223372036854775807	0.0191924840622	0.00428574040554	0.0149067436566
AGGT	10003	782246	801927	12052	3379	9223372036854775807	0.0151731466024	0.00419592055691	0.0109772260455
NGGT	26293	2045013	2088461	28997	7503	9223372036854775807	0.0139811283456	0.00357973705655	0.010401391289
CGGT	1410	104705	108190	1380	404	123.212453314	0.013008436631	0.00372027920511	0.00928815742589
TGGT	11376	894980	906051	10417	2548	9223372036854775807	0.0115054500954	0.00280431741615	0.00870113267922
AAGT	21314	1666065	1691791	21452	7027	9223372036854775807	0.012712168233	0.00413640543013	0.00857576280284
NAGT	48848	3874254	3912324	39681	13093	9223372036854775807	0.0101383901368	0.00333544181421	0.00680294832257
GAGT	5068	392550	397276	3849	1276	286.818070058	0.00970991349625	0.00320158975491	0.00650832374134
GNGT	21686	1679999	1701924	15864	4994	9223372036854775807	0.00935452922789	0.00292574101392	0.00642878821397
ANGT	82975	6588667	6613731	57337	19750	9223372036854775807	0.00862728942083	0.00297732065563	0.00564996876521
CCGT	1733	130313	133347	1023	305	88.6495919426	0.00778918194554	0.00228204591027	0.00550713603527
TAGT	17691	1448033	1447053	11632	3660	9223372036854775807	0.00796895178003	0.0025228973615	0.00544605441853
GCGT	1313	98090	99795	840	305	57.0785837232	0.00849085211766	0.00304695304695	0.00544389907071
NNGT	195291	15466921	15579241	120482	41547	9223372036854775807	0.00772944665638	0.00265972497674	0.00506972167964
ACGT	6144	478626	483689	3550	1377	213.419660651	0.00736245686222	0.00283878894831	0.00452366791392
GGGN	11068	836600	842968	7789	4043	263.392964502	0.00922442144557	0.00477325560117	0.0044511658444
CAGT	4775	367606	376204	2748	1130	155.372973809	0.00741992796082	0.00299469435566	0.00442523360515
TNGT	75417	6023075	6065097	39578	13742	9223372036854775807	0.00652816514486	0.00226062904446	0.0042675361004
GTGT	11801	926277	932560	6027	2241	9223372036854775807	0.00646462956289	0.00239730167169	0.0040673278912
CNGT	15213	1175180	1198489	7703	3061	9223372036854775807	0.00651205571472	0.00254754275727	0.00396451295745
NCGT	16071	1245652	1264241	8061	3205	9223372036854775807	0.00642970121551	0.00252870733743	0.00390099387808
ATGT	45514	3661730	3636324	20283	7967	9223372036854775807	0.00550867147943	0.00218615911847	0.00332251236096
NGGN	78175	6082410	6104587	44617	24396	9223372036854775807	0.00728199826768	0.0039804319901	0.00330156627757
AGGN	31518	2468824	2479355	18119	10048	9223372036854775807	0.00728565150066	0.00403630910704	0.00324934239361
NTGT	104079	8302002	8314215	43743	17746	9223372036854775807	0.00524135352806	0.00212987074711	0.00311148278094
TGGN	31165	2449171	2449324	16511	8909	9223372036854775807	0.0066963217479	0.00362414791438	0.00307217383352
TTTG	40071	3126655	3126352	30823	21368	9223372036854775807	0.00976190491272	0.0067884055761	0.00297349933662
TTGT	39469	3141439	3164583	14881	6316	9223372036854775807	0.0047146677143	0.00199186413695	0.00272280357735
TCGT	6881	538623	547410	2648	1218	120.823407882	0.00489218894048	0.00222008355388	0.00267210538659
CCGN	4424	327412	333052	1680	846	63.8721683684	0.00510495545319	0.00253370789882	0.00257124755437
GGNT	25393	1988733	2028814	11034	6001	9223372036854775807	0.00551764280539	0.00294916245457	0.00256848035081
CGGN	4424	327815	332940	2198	1396	42.5267465342	0.00666034368343	0.00417544027565	0.00248490340778
CTGT	7295	572556	580748	2552	1222	106.86677385	0.00443742740494	0.00209976459268	0.00233766281226
AGNT	56423	4484711	4531497	23817	14687	9223372036854775807	0.00528265544763	0.00323062154985	0.00205203389778
AAGN	88814	7045655	7020860	35263	20631	9223372036854775807	0.00498000400513	0.0029299192458	0.00205008475933
GNGN	64479	5010261	5013651	26572	16686	9223372036854775807	0.00527553722746	0.0033170739853	0.00195846324216
AAAC	28424	2229731	2238877	20574	16244	114.931408921	0.009142760648	0.00720316116075	0.00193959948725
TTTC	49409	3842042	3891924	43157	36240	150.893389177	0.0111080539247	0.00922568406003	0.00188236986462
TAGN	52140	4222066	4185147	18524	10488	9223372036854775807	0.00436826007702	0.00249974080205	0.00186851927497
NAGN	181287	14396194	14360728	65710	39343	9223372036854775807	0.00454366174744	0.00273213930681	0.00181152244063
TNGN	182458	14491673	14479541	68178	41777	9223372036854775807	0.00468260286455	0.00287694271278	0.00180566015177
ANGN	254831	20402522	20267221	94944	59716	9223372036854775807	0.00463198719295	0.00293777660648	0.00169421058647
GCGN	3634	268257	271421	1336	903	20.212350344	0.00495561828386	0.00331590311541	0.00163971516845
NGNT	192983	15424912	15561153	66766	41849	9223372036854775807	0.00430979781532	0.00268211207048	0.00162768574483
ACGN	16071	1252709	1254508	5339	3410	93.9516448653	0.0042438762273	0.00271082852777	0.00153304769952
NCGN	39554	3046281	3065895	12882	8328	219.467962606	0.00421095574182	0.00270897719521	0.0015019785466
TTNG	75074	5896043	5894447	40204	31361	236.889999465	0.00677262923864	0.00529227406625	0.00148035517239
GTGN	28441	2241405	2233368	10492	7184	132.754648037	0.00465918290224	0.00320635272022	0.00145283018202
GAGN	21336	1663999	1665894	6955	4556	110.143562331	0.0041622929177	0.00272740878206	0.00143488413563
TTGN	83728	6622533	6638156	28616	19211	9223372036854775807	0.00430241451515	0.00288567537286	0.00141673914228
CGNT	14521	1130077	1153453	4087	2696	69.3384999683	0.00360353529119	0.00233187936849	0.0012716559227
TTNC	99028	7738396	7832889	59396	50132	195.614060253	0.00761702799972	0.00635949086017	0.00125753713955
TACC	9882	781686	778237	2647	1693	45.66282113	0.00337484206326	0.00217070762761	0.00120413443565
NTGN	249594	19976564	19868744	80498	55976	9223372036854775807	0.00401344922801	0.00280937448556	0.00120407474244
TGNT	96646	7821391	7847389	27828	18465	9223372036854775807	0.00354532087842	0.00234748827019	0.00119783260823
CNGN	46842	3596993	3639541	14013	9864	168.2442396	0.00388063603328	0.00270290636419	0.00117772966909
NTTG	83728	6620663	6590917	45615	37581	161.189604391	0.00684264892643	0.00566961021939	0.00117303870704
TATT	161066	13098181	13010158	46110	30544	9223372036854775807	0.00350798685148	0.00234220519724	0.00116578165424
TCGN	15425	1197903	1206914	4527	3169	55.3144372931	0.00376487612585	0.00261882862581	0.00114604750004
ANAC	80130	6330897	6344316	42868	36061	131.265915573	0.00672569509544	0.0056518603838	0.00107383471164
ATGN	118428	9635334	9512498	36223	25627	9223372036854775807	0.00374531215605	0.00268679640915	0.0010585157469
AANC	65360	5149857	5173187	30854	25671	109.165159499	0.00595555320496	0.00493781518941	0.00101773801554
GGCT	1933	144771	148461	628	495	4.87109614136	0.00431914937517	0.00332312897768	0.000996020397483
TNTC	100841	8003475	8055670	57734	50552	114.487692859	0.00716195300234	0.00623619733089	0.000925755671445
CAGN	18997	1464474	1488827	4968	3668	48.3412810199	0.00338087518936	0.0024576296738	0.000923245515556
CCCC	2228	158814	167025	590	472	4.97664600793	0.00370128729517	0.0028179609187	0.000883326376472
CCTG	3269	250418	250737	1586	1369	4.19141740302	0.00629355089602	0.00543025552744	0.000863295368581
GGAT	11180	887686	903568	3753	3043	19.9096378599	0.00421004690169	0.00335645607653	0.000853590825164
TTCC	16265	1255621	1289244	4249	3260	35.2856292567	0.00337257018581	0.00252223590797	0.000850334277839
CTGN	18997	1477292	1484722	5167	3954	37.404630523	0.0034854252293	0.0026560514175	0.000829373811797
TNCC	33230	2573089	2617210	8371	6360	68.3642863323	0.00324273860529	0.00242417774254	0.000818560862744
TTAC	25996	2078664	2079101	9890	8256	33.0309470882	0.00473533363274	0.00395524100573	0.000780092627012
NAAC	71681	5679720	5707525	37544	33399	58.0047999509	0.00656677739562	0.00581770460644	0.000749072789185
NACC	26293	2060975	2079029	6064	4558	50.3501685216	0.00293366501551	0.00218757364103	0.000746091374479
CTAG	4192	331137	331986	1114	875	7.14120374918	0.00335288682352	0.00262872490319	0.000724161920328
GTNT	80130	6384350	6453609	18096	13627	148.472162805	0.00282641977769	0.00210708253108	0.000719337246607
GNNT	187596	14879126	15083578	52907	42759	265.553368418	0.00354318799054	0.0028267914433	0.000716396547248
ATAC	33715	2697447	2681337	16940	15027	23.3836171355	0.00624081975046	0.00557306061051	0.000667759139952
ATCC	11180	887036	893242	2504	1943	17.1715613146	0.00281493805787	0.00217050106961	0.000644436988261
NTCC	34947	2714404	2771783	8029	6421	47.5975225592	0.00294920021907	0.00231120536865	0.000637994850421
NATT	314724	25342878	25370216	75259	59557	9223372036854775807	0.00296083855398	0.00234201854653	0.000618820007454
TNNC	215308	17021388	17139732	93311	83580	132.131353228	0.00545209705412	0.00485272519014	0.000599371863979
CGAT	5346	419712	428906	1333	1105	6.52687295675	0.00316593238252	0.00256970170531	0.000596230677219
AATC	20797	1661109	1673176	6262	5335	18.5396576115	0.003755612878	0.00317841229518	0.000577200582815
NNCC	78175	6036656	6146650	17598	14445	81.4315711708	0.0029067165005	0.00234455076573	0.000562165734765
AGAC	6190	490168	492820	2216	1955	4.55659721397	0.00450055241438	0.00395129099085	0.000549261423521
AACC	8776	688695	693635	2112	1748	8.85597415086	0.00305729386066	0.00251372265356	0.000543571207099
TCTC	9379	730113	746513	2488	2136	8.46071787479	0.00339611876042	0.00285313945521	0.000542979305211
NNAC	195291	15442279	15550701	81356	73441	101.226143119	0.005240782845	0.00470048211287	0.000540300732124
NTAC	77095	6148399	6155507	31784	28493	40.8602907615	0.00514288978174	0.00460753557568	0.000535354206064
TANT	318041	25993108	25815057	103379	88852	217.964212463	0.00396141442333	0.00343006146292	0.000531352960404
NTTC	108209	8503675	8601103	63115	59238	38.0658290736	0.00736740365995	0.00684014636375	0.000527257296196
TTAA	83520	6692491	6644971	20236	16636	71.9757672144	0.00301457217015	0.00249729532228	0.000517276847863
TNTT	503429	39552419	39654581	94102	75072	9223372036854775807	0.00237352477914	0.00188957099625	0.000483953782882
ANCC	25393	1987443	2003861	5677	4772	19.657164743	0.00284829814562	0.00237574509629	0.000472553049329
TNTG	111227	8872424	8748372	56386	51475	35.6752466204	0.00631506326151	0.0058495335203	0.000465529741211
NTNG	182457	14514613	14401385	70830	63791	69.409938282	0.00485621177224	0.0044099705389	0.000446241233345
TTGA	26434	2105673	2090642	8756	7772	12.1299366612	0.00414107070987	0.00370374959374	0.000437321116129
CTNG	17035	1328469	1332374	5264	4709	7.87923400243	0.00394681694162	0.00352184568946	0.000424971252162
CCNC	11137	827235	860046	2205	1929	7.4737909358	0.00265842013889	0.00223788392935	0.000420536209541
ATNT	513524	39456863	39235918	109686	92499	297.514060401	0.00277219021553	0.00235196346703	0.000420226748501
NTNC	243267	19145202	19316284	108602	101437	68.7800193816	0.00564054770683	0.00522393951381	0.000416608193024
NANC	192983	15360994	15442162	67989	61904	70.0979293179	0.00440657689493	0.00399275906075	0.000413817834173
TNNT	1028427	82122572	82343247	236221	204320	9223372036854775807	0.00286819404942	0.00247517894743	0.000393015101989
ACAC	11801	913551	931282	3138	2835	5.4643434403	0.00342318932593	0.00303495172446	0.00038823760147
CNCC	11679	866820	901791	2196	1937	6.88680354039	0.00252699605071	0.00214334401501	0.000383652035692
NCTC	21336	1644884	1683876	4726	4218	9.98140629505	0.00286491958705	0.0024986760216	0.000366243565458
GTAT	33715	2713126	2736380	6749	5807	18.1193085076	0.00248136403327	0.00211765280778	0.000363711225496
TCNC	24342	1886177	1936754	5494	4946	10.6711977818	0.00290431052757	0.00254725240768	0.000357058119887
GGNN	78175	6109708	6147617	21628	19560	26.436896292	0.00352745307059	0.00317162941813	0.000355823652459
GCNT	20589	1596181	1632441	4953	4492	8.2212196219	0.00309343252969	0.00274415629717	0.000349276232522
NCCC	11068	826010	851547	2357	2132	4.88155038982	0.00284535719071	0.00249742584742	0.000347931343293
ANNT	922038	71642760	71752045	295434	270767	242.241864735	0.00410677532438	0.00375946165501	0.000347313669375
TGTT	40101	3230766	3245456	7384	6287	21.2185204021	0.00228031437704	0.00193342462796	0.000346889749075
ANNC	187596	14819947	14869696	72452	67527	42.3258310381	0.00486503215499	0.00452071981519	0.000344312339805
NCAC	28441	2193022	2254630	6629	6035	11.0383926401	0.00301365989423	0.00266956846769	0.000344091426543
NTNT	1171626	91232787	91409288	224117	193251	9223372036854775807	0.00245052030189	0.00210966859772	0.000340851704167
GGTT	8776	693194	704492	1505	1291	5.06874021605	0.00216640588226	0.00182917412292	0.000337231759335
AGNN	181286	14413219	14411419	48437	43905	49.2729272579	0.00334933979898	0.00303728923682	0.000312050562159
TNAC	64627	5171548	5184509	22952	21417	13.2949084621	0.00441851958803	0.00411396550777	0.000304554080256
NNTC	224399	17788770	17973005	92489	87978	36.6338690483	0.00517239865493	0.00487116343557	0.00030123521936
TTNN	943541	74302655	74410343	311455	289409	183.456303841	0.0041742104811	0.00387429666433	0.000299913816769
NCNC	64479	4929905	5060917	14266	13140	18.4686902042	0.00288541800031	0.00258964375055	0.000295774249755
NGAT	76780	6246166	6272323	20716	18970	19.2896467199	0.00330563109374	0.00301527841733	0.00029035267641
TTTN	468326	36252328	36290313	194185	184023	62.6169060298	0.00532794454164	0.00504527347667	0.000282671064964
ATAT	303826	22729094	22589587	68140	61773	60.6433164694	0.00298895909916	0.00272712102055	0.000261838078613
TNAA	271222	21645150	21530924	48753	42835	77.5593502189	0.00224731345024	0.00198551397557	0.000261799474669
AGAT	23757	1917019	1928437	7348	6885	4.61003140747	0.00381839846557	0.00355754752956	0.000260850936015
NANT	727142	58293464	58497625	280248	265915	93.891302786	0.00478453542436	0.00452516985873	0.00025936556563
NGTT	71681	5734603	5777025	12649	11245	21.2495243007	0.00220087791522	0.0019427220914	0.000258155823817
NATC	76780	6214948	6250089	20329	18832	15.2773969894	0.00326032027126	0.00300402573266	0.000256294538599
CATC	15875	1268980	1304456	3100	2854	4.639695782	0.00243695365071	0.00218310882652	0.000253844824192
TTNT	498217	39077610	39258580	83792	74209	137.204960289	0.0021396578192	0.00188669560147	0.000252962217723
NNTT	943546	74454580	74817141	161864	144280	239.35906746	0.0021692805409	0.00192472338538	0.000244557155515
TNGA	66087	5287132	5236801	18270	16901	9.77153927478	0.00344365987723	0.00321696967205	0.000226690205182
CNTC	38553	3021654	3106150	9277	8881	5.76216851436	0.00306077571545	0.00285101496582	0.000209760749626
AAAA	257870	19789211	19722882	36913	32703	53.4313533665	0.00186183643359	0.00165537998495	0.000206456448635
CGNN	39554	3052365	3090249	9397	8898	5.18695659965	0.00306914776524	0.00287111259969	0.000198035165548
TATC	33274	2739824	2720932	9592	8988	4.09892353129	0.0034887408817	0.00329240417302	0.000196336708684
TANC	71021	5762180	5725190	22720	21475	6.7718800697	0.00392746633477	0.00373695003972	0.000190516295049
TAAA	120976	9618727	9553450	17344	15406	23.1636793191	0.00179990371594	0.00161001482309	0.000189888892855
TTAN	283278	22905082	22844499	62668	58291	33.0064671979	0.00272852151386	0.00254514842951	0.000183373084347
NAAA	468326	36490044	36349248	66279	59687	70.687568558	0.00181306528012	0.00163935034079	0.000173714939327
CATT	41845	3365384	3434263	7313	6925	5.06123712046	0.00216829439466	0.00201238642004	0.000155907974625
NTAT	516529	40006779	39913573	106528	100236	39.5636445198	0.00265567732922	0.00250503519922	0.000150642129998
TTTT	257870	19701608	19806871	34346	31908	23.4580026357	0.0017402756411	0.00160836511158	0.000131910529514
AATA	161066	13109039	13060452	32639	31086	7.85150744933	0.00248362499827	0.00237451092454	0.000109114073731
AANT	269116	21126151	21324395	138899	138088	4.168835923	0.0065317974799	0.00643392472343	9.78727564676e-05
TATN	516528	40128420	39627252	141708	136591	9.72883295081	0.00351893592193	0.00343505530891	8.38806130173e-05
AANN	943546	74406575	74359139	306370	300576	12.133757826	0.00410062807724	0.00402594625495	7.46818222846e-05
TNTN	1171625	91308139	90897727	379087	371531	10.8445367684	0.00413456722968	0.0040707134926	6.38537370836e-05
AANA	503429	39681900	39529543	83661	80893	8.79765272408	0.00210385564534	0.00204221432958	6.16413157638e-05
NTAN	929042	73366142	73027755	214343	209861	7.0959642798	0.00291304141309	0.00286548103914	4.75603739441e-05
