#Sequence	Occurrence	Forward Match	Backward Match	Forward Mismatch	Backward Mismatch	Strand Bias Score	FER (Forward Error Rate)	RER (Reverse Error Rate), ERD (Error rate Difference)
GGGT	2199	21352	22039	677	300	34.5022191404	0.0307322166235	0.013429428354	0.0173027882695
GAGT	2772	32705	33020	918	510	26.623529397	0.0273027391964	0.0152102594691	0.0120924797273
CAGT	2886	35404	37099	938	536	28.5362696011	0.0258103571625	0.0142420619105	0.0115682952521
AAGT	10495	98285	102503	2082	1120	71.9496371418	0.0207438699971	0.01080841126	0.00993545873706
NGGT	14597	160573	164257	3494	1995	96.1260707781	0.021296177781	0.0119998556408	0.00929632214019
AGGT	5502	66832	68510	1495	899	35.9834199712	0.02188007669	0.0129522108084	0.00892786588164
CTAA	8700	92714	94155	1163	336	102.243886679	0.0123885509763	0.00355589421215	0.00883265676413
AACC	4745	42453	42355	935	547	22.4749600068	0.0215497372545	0.0127499883455	0.00879974890901
CGGT	663	6583	6460	116	58	4.51328656652	0.017316017316	0.00889843510279	0.00841758221323
GNGT	11832	118255	116382	2478	1463	53.6103445219	0.0205246287262	0.0124146124146	0.00811001631159
TTCC	7882	69472	67587	1249	660	36.6176885042	0.0176609493644	0.00967075475845	0.00799019460595
ATCC	5639	55978	54464	971	507	29.5854802302	0.0170503432896	0.00922304487821	0.0078272984114
AGCC	1013	8846	8696	167	95	4.60441989845	0.0185287917453	0.0108065066545	0.00772228509072
CCAA	5252	49484	48146	575	192	40.0025818042	0.0114864459937	0.00397203028673	0.007514415707
CNAA	37044	326897	333221	3721	1314	259.445726843	0.0112546806284	0.00392784013631	0.00732684049209
TTAA	39424	282946	288190	2867	798	261.673950629	0.0100310342777	0.0027613603333	0.00726967394436
ANCC	13596	129553	127218	2379	1390	52.9420647857	0.0180320164933	0.0108080368251	0.00722397966826
NAGT	25066	268357	273862	5385	3461	99.2839940069	0.0196718077606	0.0124800323089	0.0071917754517
TGGT	6233	65806	67248	1206	738	27.3676453714	0.0179967766967	0.0108551760657	0.00714160063105
CGAA	3621	33412	33715	461	220	19.7193101159	0.0136096596109	0.0064829821718	0.0071266774391
NTCC	17946	180083	174581	2980	1620	78.6675444121	0.0162785489149	0.00919404543675	0.00708450347811
NTAA	136403	992939	1019503	10199	3220	9223372036854775807	0.0101670956538	0.003148457598	0.00701863805584
GTAA	12551	113837	117176	1357	574	74.5231420797	0.0117801274372	0.00487473460722	0.00690539282997
GGGN	6303	58689	60728	1092	717	20.4649315406	0.0182666733578	0.0116689722516	0.00659770110615
ATAA	75728	503442	519982	4812	1512	9223372036854775807	0.00946770709134	0.00289936221701	0.00656834487432
CNGT	8440	98227	96623	1795	1113	32.950612856	0.0179460518686	0.0113878202505	0.00655823161812
CAAA	19471	151287	157205	1522	566	103.739816865	0.00996014632646	0.00358747805363	0.00637266827283
TNAA	128780	908710	943370	8587	2923	9223372036854775807	0.00936119926262	0.00308889529987	0.00627230396275
AAGG	7874	70412	74132	1049	632	28.0938721332	0.0146793355816	0.00845326627789	0.00622606930376
TCAA	12534	104671	106322	987	334	73.022455843	0.00934146018285	0.00313156315632	0.00620989702654
TGAA	19471	162472	166540	1657	653	100.769449247	0.010095717393	0.00390566590707	0.00619005148596
AAAC	14141	105916	111303	1591	967	40.7819505997	0.0147990363418	0.00861316469226	0.00618587164956
GCAA	3874	33816	35410	322	119	23.1351067457	0.00943230417716	0.00334937656562	0.00608292761154
CTCC	2635	32109	30981	406	208	13.1031326522	0.0124865446717	0.00666901792299	0.0058175267487
NCAA	41393	348401	353721	3199	1254	191.109380532	0.009098407281	0.00353264314388	0.00556576413712
NNAA	451379	3127462	3267413	28008	10873	9223372036854775807	0.00887601530041	0.00331667218784	0.00555934311257
TAAA	57351	358621	382318	3076	1138	221.71638622	0.00850435585587	0.00296774597346	0.00553660988241
CACC	2524	27194	26780	502	344	6.54798537124	0.018125361063	0.0126824952072	0.00544286585577
GNAA	47360	393431	408578	3950	1904	172.696111513	0.00994008269142	0.00463844943262	0.0053016332588
NGCC	3213	29864	29322	491	328	7.08357437252	0.0161752594301	0.0110623946037	0.00511286482637
AANC	32297	265850	274187	3883	2590	65.570213746	0.0143957172463	0.0093577139719	0.00503800327442
NGAA	51467	432097	439621	4114	1978	170.944132659	0.0094312156273	0.00447917680973	0.00495203881757
CGGN	2342	24724	25895	446	337	5.1125352341	0.01771950735	0.0128469045441	0.00487260280595
ANAA	238195	1498424	1582244	11750	4732	9223372036854775807	0.00778056038576	0.00298177162099	0.00479878876476
NAAA	222116	1354025	1454568	10496	4421	9223372036854775807	0.0076920765602	0.003030180488	0.0046618960722
CTGG	1679	25258	25125	349	228	6.02695984399	0.0136290857969	0.00899301857768	0.00463606721917
NNCC	42059	434841	424120	7190	5024	72.3713110033	0.0162658275098	0.0117070260798	0.00455880143001
CNCC	6763	74910	72918	1103	733	14.854391167	0.0145106758055	0.00995234280594	0.00455833299952
GAAA	23053	178419	185282	1662	884	58.9793552894	0.00922918020224	0.00474845030779	0.00448072989445
ACAA	19733	160430	163843	1315	609	60.3339640385	0.00813008130081	0.00370320823097	0.00442687306984
GAAC	5760	53073	53508	670	434	12.127922402	0.0124667398545	0.00804567869193	0.00442106116256
GGAA	7882	67359	70710	609	327	22.3633304295	0.00896009887006	0.00460323493391	0.00435686393615
GTCA	3745	39786	39040	575	392	7.48124688054	0.0142464260053	0.00994116453642	0.00430526146889
TNCC	16969	166648	161520	2794	2006	23.7197954118	0.016489418208	0.0122671624084	0.00422225579958
NGGN	42059	423023	436938	6390	4709	68.1496332388	0.0148807791101	0.0106623615693	0.00421841754078
CNGG	4083	49679	50291	767	559	8.35651830481	0.0152043769575	0.0109931170108	0.00421125994672
CGAN	8108	80452	81314	955	617	17.3596505698	0.0117311779085	0.00753072707522	0.00420045083331
TGGN	16616	167235	172747	2267	1605	30.2167956396	0.0133744734575	0.00920551527943	0.00416895817811
CGNA	8619	87495	88520	1155	797	15.9516564436	0.0130287648054	0.00892327328504	0.00410549152037
CTNA	26636	269254	268782	2930	1827	55.8331321816	0.0107647767687	0.00675143842223	0.00401333834643
ANGG	18635	172530	180140	2222	1596	29.3227107376	0.0127151620582	0.00878196945019	0.00393319260804
AAAA	122241	665698	729763	4236	1833	258.121195261	0.00632301092346	0.0025054811672	0.00381752975626
NAAC	36715	323544	330541	3784	2609	53.2130427656	0.0115602698211	0.00783130721897	0.00372896260213
TTGG	5252	47664	49873	593	437	7.49016909414	0.0122883726713	0.00868614589545	0.00360222677587
AGAA	20493	168854	168656	1387	778	37.9007371425	0.008147273571	0.00459175844282	0.00355551512818
CCNA	12839	137979	135043	1374	860	24.1698504938	0.0098598523175	0.00632804279523	0.00353180952227
ANAC	40126	341717	348062	3849	2678	51.1465990657	0.0111382485545	0.00763528539659	0.00350296315796
CNNA	103828	966734	967304	10683	7324	136.646904758	0.0109298283128	0.00751466200438	0.00341516630841
GAGN	11634	125172	126748	1945	1525	12.9651791704	0.0153008645578	0.011888706119	0.00341215843887
GTNA	32935	321829	323362	3490	2388	46.770342935	0.0107279316609	0.00733077513431	0.00339715652662
AGGN	16798	172375	177568	2585	2050	17.849986143	0.0147748056699	0.0114131100447	0.00336169562522
NNGT	101204	974739	972241	14484	11135	93.3549905891	0.0146417946206	0.0113232375002	0.00331855712042
TGGA	6873	66536	69991	685	485	10.552432087	0.0101902679222	0.00688177535615	0.00330849256608
AAGN	42832	378596	388295	4645	3486	43.257331421	0.0121203107183	0.00889782812336	0.00322248259496
NAGG	16798	172887	178682	2294	1783	18.6014575172	0.0130950274288	0.0098800321392	0.00321499528958
ATGG	7299	70291	72472	833	626	8.56270204693	0.0117119397109	0.00856384579605	0.00314809391487
ANNC	93559	835023	842144	10070	7462	89.5369927724	0.0119158483149	0.00878289465941	0.00313295365551
NTGG	16616	167911	172959	1997	1506	19.0817755784	0.0117534194976	0.00863210386037	0.00312131563724
CAGN	10469	118860	120658	1938	1580	9.85731527408	0.0160433119754	0.0129256041493	0.00311770782608
AATC	9890	88028	89663	990	728	10.5218625988	0.0111213462446	0.00805389917138	0.0030674470732
GNGN	35347	357279	356683	5013	3892	30.981328663	0.0138369050379	0.0107938709006	0.00304303413728
CGNN	21420	214441	215693	2506	1853	22.8907184572	0.0115512083596	0.00851773877709	0.00303346958256
GTGT	6109	57346	54627	795	590	5.27255463787	0.0136736554239	0.0106851150914	0.00298854033252
CAAN	41393	348497	354464	3255	2240	45.3662801855	0.00925367872819	0.00627971651565	0.00297396221254
NTNA	362458	2815999	2829755	25460	17087	9223372036854775807	0.00896018559479	0.00600208933267	0.00295809626212
GTGA	4977	52234	51186	587	421	5.91223647053	0.0111130042975	0.0081578080493	0.00295519624824
ATNA	174107	1296399	1318118	10919	7158	183.969123997	0.00835221422791	0.00540113908348	0.00295107514443
CANA	55734	472006	474959	5224	3840	48.530651838	0.0109465037822	0.00802006687566	0.00292643690658
ANGT	42314	388539	392273	6049	4944	27.1970138652	0.0153299137328	0.0124465972	0.00288331653279
CNGN	25622	290907	289418	4333	3456	21.2440451629	0.0146761956374	0.0118002963732	0.00287589926426
CGNT	7517	69768	69939	714	516	7.75692848422	0.0101302460203	0.00732382371727	0.00280642230299
NNGG	42059	425070	438628	5220	4135	35.9986832601	0.0121313532734	0.00933908208229	0.00279227119109
NACC	14597	163926	161145	2921	2407	9.67214257776	0.0175070573639	0.014717031892	0.00279002547193
ATNC	41813	361759	359142	3928	2888	33.6548339793	0.0107414264111	0.00797723945529	0.00276418695582
ATAC	16606	138910	137749	1318	945	13.4923845681	0.00939897880594	0.0068135607885	0.00258541801745
TTGA	12534	104972	105424	855	589	11.6882970641	0.00807922363858	0.00555592238688	0.0025233012517
TTNA	128780	928517	919493	8121	5714	86.5887870308	0.00867037211815	0.00617591522762	0.00249445689053
CNCA	14581	136385	138699	1990	1674	7.85893978677	0.0143812104788	0.0119253702635	0.00245584021526
CNAN	92307	882843	883646	7908	5735	76.3053233297	0.00887790190525	0.00644830505711	0.00242959684813
CAAC	5152	47628	48849	483	376	4.14329686565	0.0100392841554	0.00763839512443	0.00240088903096
AGNC	7617	88967	89825	1060	851	6.11017865011	0.0117742455041	0.00938506330231	0.00238918220182
GCNA	8730	81418	82944	718	531	7.59376900901	0.00874159929872	0.00636118598383	0.0023804133149
ACAC	6109	55773	57408	588	468	4.40708829312	0.0104327460478	0.00808625336927	0.00234649267853
NAGN	91125	902564	913866	11630	9593	48.808972982	0.0127215886344	0.010388116852	0.00233347178239
NCGT	8930	89902	88577	960	738	6.31696820222	0.010565472915	0.00826288977215	0.00230258314282
CTGN	10469	121520	118213	1636	1318	6.35944500438	0.0132839650525	0.0110264282906	0.00225753676188
GGNT	13596	126622	129746	1629	1370	7.04962384379	0.0127016553477	0.0104487629275	0.00225289242023
CTAN	26190	280281	280341	2271	1663	21.3105033886	0.00803745859169	0.00589707947405	0.00214037911764
TNGG	12839	135501	138388	1555	1295	7.14321694639	0.011345727294	0.00927099217514	0.00207473511881
GNNA	107438	985562	1003389	9625	7730	53.3972351034	0.00967154916614	0.00764499529729	0.00202655386885
TCGN	8108	80785	81153	735	573	5.19935874036	0.00901619234544	0.00701123265546	0.00200495968998
CATT	20226	178522	173298	1488	1092	11.5839913994	0.00826620743292	0.00626182693962	0.0020043804933
ATAG	10954	104373	103225	981	760	6.28842625163	0.00931146420639	0.00730874645382	0.00200271775257
GNGA	12987	131567	130967	1440	1166	6.71267055435	0.0108264978535	0.00882444203946	0.00200205581404
CANN	126044	1142154	1139490	12468	10163	50.5622006568	0.0107983391967	0.00884005869597	0.00195828050075
NTGA	44825	404482	408269	3515	2770	21.5912845102	0.00861525942593	0.00673901989836	0.00187623952757
TGNA	51642	445420	451761	4062	3285	21.1810593107	0.00903706933759	0.00721905038172	0.00181801895587
NNAC	101204	976961	984855	9118	7381	43.6446692333	0.00924672363979	0.00743875448986	0.00180796914993
GAAN	51467	432247	440023	3884	3154	20.2626878101	0.00890558112127	0.00711679532106	0.00178878580021
GTAN	39251	380799	383800	3392	2723	17.9182909085	0.00882894185444	0.00704485890878	0.00178408294566
TAAC	11662	116927	116881	1040	832	5.70577636296	0.0088160248205	0.0070680383645	0.001747986456
CGTN	8930	89894	88717	848	681	4.14438273725	0.00934517643429	0.00761762008099	0.0017275563533
NANC	98484	935001	939548	10980	9455	27.1687321128	0.0116069984492	0.00996308757717	0.00164391087206
NCGN	21420	215141	215311	2070	1712	8.18816766566	0.00952990410246	0.0078885648065	0.00164133929597
ATTC	14770	124682	124669	1211	1003	4.92014423144	0.00961927986465	0.00798109364059	0.00163818622406
TNGA	32120	291375	294690	2575	2117	11.6882414476	0.00875999319612	0.00713258110489	0.00162741209123
GNAN	120656	1098223	1118299	9657	7994	41.7494928023	0.00871664801242	0.00709762024624	0.00161902776618
ATCA	17906	167648	166557	1876	1591	5.38895355617	0.0110662797008	0.00946190260961	0.0016043770912
ANGN	127372	1154105	1175446	12974	11289	33.3752859647	0.0111166424895	0.00951265446793	0.00160398802157
NGAN	110792	1030300	1042486	9067	7499	37.2350580575	0.0087235788706	0.00714200679057	0.00158157208003
ANTC	29652	275665	276665	2870	2440	8.67889378219	0.0103039115371	0.00874222962684	0.00156168191031
NGGA	17946	173984	181564	1896	1690	5.53656146828	0.0107800773254	0.00922217250374	0.00155790482171
ANNA	496658	3586854	3704974	27166	22325	140.245125369	0.00751683720621	0.00598959192702	0.00152724527919
GTGN	15370	153739	149701	1795	1518	4.21215732182	0.0115408849512	0.0100384210979	0.00150246385332
NCNA	92307	882753	879529	7679	6314	28.7323352417	0.00862390390282	0.00712767386546	0.00149623003737
CANT	39514	366590	360263	3847	3233	10.1567641062	0.0103850317328	0.0088941831547	0.00149084857809
GANA	48804	420241	429338	4007	3444	12.8752661712	0.00944494729498	0.0079578170996	0.00148713019538
GGAN	17946	174279	181763	1592	1393	5.69895162969	0.00905208931546	0.0076055384481	0.00144655086737
TGAN	44826	404673	409265	3226	2662	14.0095601564	0.00790882056588	0.0064623100695	0.00144651049637
ATAN	247532	1485498	1485076	12524	10352	45.5195977927	0.00836035785856	0.00692243290884	0.00143792494972
GNAC	15110	161997	164149	1599	1385	4.65113336134	0.00977407760581	0.00836686118864	0.00140721641717
NAAN	451380	3127205	3271629	24707	21259	95.7888803638	0.00783873407633	0.00645603494562	0.00138269913072
TNGT	38618	369718	366963	4162	3615	8.25838623316	0.0111319139831	0.00975503132944	0.00137688265366
NGNA	120656	1097072	1115566	10007	8699	25.780379559	0.00903910199724	0.00773749961086	0.00130160238638
AAAN	222116	1350063	1456979	10386	9314	37.5739457728	0.00763424428259	0.00635207288039	0.0012821714022
TNGN	92307	879175	881369	9001	7892	17.2705634251	0.0101342526706	0.00887478479322	0.00125946787743
ANAN	562171	3658163	3766243	29472	25555	88.5766256353	0.00799211418701	0.00673954677965	0.00125256740735
CATA	24319	203677	199317	2063	1766	4.37409366197	0.0100272188199	0.00878244307077	0.0012447757491
AGAN	39912	370896	370144	3294	2827	8.31536222294	0.00880301451134	0.00757967777656	0.00122333673479
NTNC	120656	1113330	1100482	11512	10020	19.7079780697	0.0102343262432	0.00902294637921	0.00121137986395
NTCA	44826	406477	404157	4407	3886	7.22908816364	0.0107256549294	0.00952350610107	0.0012021488283
CATN	58812	523072	512148	4908	4190	10.0444296834	0.00929580665934	0.00811483950436	0.00118096715499
ATGA	23862	211562	216721	1556	1336	5.5942577953	0.00730111956756	0.00612683839547	0.0011742811721
CNTA	42757	400866	393252	3580	3071	7.23593931997	0.00885161430698	0.00774873020239	0.00110288410459
NTAC	39251	385477	382234	3148	2698	7.49055178768	0.00810035381151	0.00700903016637	0.00109132364515
NTAN	449376	3157954	3152127	24330	20881	56.6329982696	0.00764545213438	0.0065808217313	0.00106463040308
ACNA	38618	369416	368810	3070	2669	6.6950217954	0.00824192050171	0.00718479375685	0.00105712674486
TTNC	47360	403540	396446	4431	3928	5.49110166585	0.0108610661052	0.00981082687687	0.00105023922832
CNTT	51468	447485	433561	3195	2648	8.48159798213	0.00708928729919	0.0060704845613	0.00101880273789
CTNN	91125	915319	903268	7917	6933	12.3152149128	0.00857527219476	0.00761699888266	0.000958273312094
TNNA	429668	2909282	2911136	26436	23636	35.2690422862	0.00900495211052	0.00805377726106	0.000951174849461
NNGA	110791	1030476	1040623	9138	8343	10.4599691561	0.00878980082992	0.00795354663545	0.000836254194475
GANN	110792	1028942	1040333	10538	9800	8.50255101939	0.0101377611883	0.00933215126084	0.000805609927446
TAAN	136404	996398	1020163	7182	6551	10.7839072725	0.00715638015903	0.00638054998763	0.0007758301714
NANA	562171	3652608	3761953	30764	28915	28.0173404669	0.00835212951611	0.00762754071099	0.000724588805114
AANA	240507	1518956	1610506	9797	9248	14.8597756695	0.00640849110353	0.00570950897482	0.000698982128714
GTNN	101204	979694	971243	9036	8275	6.66189252351	0.00913899649045	0.00844803260379	0.000690963886656
NGNT	98484	936730	934725	9564	8899	5.62279851742	0.0101067955625	0.00943066306071	0.000676132501768
NTGN	126044	1140738	1136801	11231	10515	5.31567859846	0.00974939429794	0.00916486826646	0.000584526031478
AANN	451380	3119990	3274462	26137	25707	12.7251355562	0.00830767480143	0.00778960107801	0.000518073723425
ATNN	493884	3452462	3431766	28289	26383	12.9148633771	0.00812726908647	0.00762922592404	0.000498043162428
TNAN	362458	2821714	2838744	18742	17675	9.08469057827	0.00659823633952	0.00618781768361	0.000410418655907
