#Sequence	Occurrence	Forward Match	Backward Match	Forward Mismatch	Backward Mismatch	Strand Bias Score	FER (Forward Error Rate)	RER (Reverse Error Rate), ERD (Error rate Difference)
GGGT	1093	8461	8950	61	22	5.00033495168	0.00715794414457	0.00245207311636	0.0047058710282
TTTT	55360	126119	132097	1133	760	20.7803461892	0.00890359287084	0.00572043625853	0.00318315661231
NTTT	98787	281680	290392	1677	1146	26.2686633754	0.00591832917486	0.00393087693543	0.00198745223943
TTNT	105153	283966	291686	1646	1165	21.6969967372	0.00576306317662	0.00397813222424	0.00178493095238
TNTT	107594	311599	319075	1527	1030	24.5498342512	0.00487663113252	0.00321769419409	0.00165893693842
CTTT	8812	45056	45848	143	72	6.00944501131	0.00316378680944	0.00156794425087	0.00159584255857
TTCT	8995	44184	44699	161	96	4.3447171011	0.00363062352013	0.00214309632772	0.00148752719241
TCTT	10182	63211	62917	148	61	8.46600503268	0.0023358954529	0.000968592206802	0.00136730324609
TTCN	22446	121662	121339	478	324	7.0702396481	0.00391354183724	0.00266309395626	0.00125044788098
TTTN	98787	280679	288599	2067	1778	7.39365479271	0.00731044824684	0.00612307448593	0.00118737376091
NTNT	249441	735400	746352	3114	2310	29.5131182156	0.00421657544745	0.0030855045401	0.00113107090735
NTCT	18271	110071	109751	368	250	5.50759565143	0.00333215621293	0.00227270661176	0.00105944960117
TNCT	20173	121672	122516	399	275	5.84467263416	0.0032685895913	0.00223957781922	0.00102901177208
NNTT	201479	742479	756339	2527	1833	27.8532079132	0.00339191899126	0.00241765720707	0.000974261784185
NCTT	21119	143433	143889	283	156	8.81813765879	0.00196916140165	0.00108299489743	0.000886166504225
TNNT	220440	786587	797773	2862	2281	17.0234507129	0.00362531335146	0.00285105755362	0.000774255797849
CNTT	22923	126764	128193	270	174	5.42132166601	0.00212541524316	0.00135548856014	0.000769926683019
TNCN	54409	313460	311331	1081	840	6.97975900273	0.0034367538731	0.00269083290889	0.000745920964218
TTNN	201479	741580	751439	3629	3125	10.5278233858	0.00486977478801	0.00414146447485	0.000728310313163
ATNT	107548	253471	255211	851	673	5.50107267305	0.00334615172891	0.00263009801316	0.000716053715748
NTTN	201479	741821	752330	3516	3097	7.92049928837	0.00471732920813	0.00409966813471	0.000617661073419
NTCN	49691	310409	306601	985	789	4.89292119866	0.00316319518038	0.00256677185335	0.000596423327036
NCTN	45140	332319	328949	843	667	4.76860438666	0.0025303005745	0.00202356681714	0.00050673375735
TNTN	249441	737396	745244	3234	2923	4.87997011327	0.00436655279964	0.00390688175234	0.000459671047308
