#Sequence	Occurrence	Forward Match	Backward Match	Forward Mismatch	Backward Mismatch	Strand Bias Score	FER (Forward Error Rate)	RER (Reverse Error Rate), ERD (Error rate Difference)
TTTT	257870	520462	547027	4615	3305	63.0937676233	0.0087891871097	0.00600546579156	0.00278372131814
GGGT	3504	22245	23757	124	70	4.68137433234	0.00554338593589	0.00293784362278	0.00260554231311
NCCC	11068	66491	65655	539	380	6.24770280221	0.00804117559302	0.005754524116	0.00228665147702
NTTT	468327	1143535	1180207	6543	4618	86.8165649868	0.00568917934262	0.00389762201169	0.00179155733093
NCGG	4424	30680	31437	117	64	4.24111729074	0.00379907133812	0.00203168153392	0.0017673898042
ATGG	14107	70789	71600	295	187	6.21962724609	0.00415001969501	0.00260492846894	0.00154509122607
ACCT	10003	68845	68118	264	158	6.22930800201	0.00382005238102	0.00231413673912	0.0015059156419
TTCC	16265	78149	77068	372	251	5.42553654121	0.00473758612346	0.00324629133848	0.00149129478498
TTNT	498217	1156649	1187037	6709	5190	52.0682466446	0.00576692643193	0.004353197839	0.00141372859293
CTTT	41606	161204	164587	498	280	15.1179981173	0.00307973927348	0.00169833866086	0.00138140061262
TNTT	503429	1185020	1217263	5869	4338	60.1941560859	0.00492825107966	0.00355107764319	0.00137717343646
TTTN	468326	1138754	1172558	8546	7295	31.0654235566	0.00744879281792	0.00618297364163	0.00126581917629
ATCT	23757	103106	102851	364	245	5.67857762518	0.00351792790181	0.00237642585551	0.00114150204629
NTGG	31164	177207	180013	698	513	7.54772867231	0.00392344228661	0.002841695933	0.00108174635362
NCCT	31518	183226	180956	769	564	7.0560667396	0.00417946139841	0.00310709563684	0.00107236576156
GNGT	21686	107465	110485	375	267	5.30687368458	0.00347737388724	0.00241079167871	0.00106658220853
ATTT	140427	348658	352579	1074	713	17.6377500817	0.00307092287809	0.00201816061502	0.00105276226307
TTCT	44532	173885	174979	667	487	7.0962296185	0.00382121087126	0.00277546647214	0.00104574439912
ACCN	26293	168655	165596	656	477	6.17832436139	0.00387452675845	0.00287223088642	0.00100229587203
NTNT	1171626	2763066	2806354	11852	9244	80.1192470732	0.00427111720058	0.00328313914131	0.000987978059268
TTCN	108209	454975	452668	1825	1377	14.0092059919	0.00399518388792	0.00303273904569	0.000962444842227
NTCT	82691	359870	360776	1279	940	12.2946846784	0.00354147457144	0.00259872386071	0.000942750710729
AAAT	140427	344790	348693	1847	1552	7.07446962664	0.00532834059838	0.00443118388557	0.000897156712812
NNTT	943546	2712291	2761963	9392	7076	81.2314411225	0.00345080599026	0.00255539918362	0.000895406806648
ATGT	45514	149458	151369	461	340	4.99340868315	0.00307499383	0.00224113269483	0.000833861135171
TTAA	83520	231464	230861	661	467	7.91050968476	0.00284760366182	0.00201877853092	0.000828825130903
NTGT	104079	386925	391564	1210	901	11.4927660232	0.0031174720136	0.00229574611749	0.000821725896115
TCTT	44392	186664	187494	363	220	8.51846190493	0.00194089623423	0.00117199569558	0.000768900538654
ATNT	513524	972974	977099	3222	2510	20.8335330297	0.00330056668948	0.00256224677397	0.000738319915508
NTTN	943543	2708181	2747410	13594	11757	35.9347988264	0.00499453481643	0.00426106864862	0.000733466167817
ANCT	56423	297356	296859	958	742	6.63658562238	0.00321138129622	0.00249327119197	0.000718110104253
TTNN	943541	2706739	2742565	13883	12130	31.900459896	0.0051028772097	0.00440339130103	0.000699485908664
NCTT	88814	409339	409676	761	494	13.2527396044	0.00185564496464	0.00120437867226	0.000651266292385
TNCT	89880	397245	397360	1340	1082	6.75019448846	0.00336189269541	0.00271557717309	0.000646315522321
CTNT	79755	329846	333325	946	740	6.70374262658	0.00285980313913	0.00221513777259	0.000644665366544
NNCT	181286	903276	902428	2952	2390	13.6291675354	0.00325745838796	0.00264141517963	0.000616043208328
ANTT	269116	794667	801629	1955	1478	16.2415696852	0.00245411248999	0.00184035253086	0.000613759959131
CNTT	105641	436899	440740	926	663	10.8032735579	0.0021150002855	0.0015020287583	0.000612971527202
GTNT	80130	303597	308893	975	804	4.94344835739	0.00320121350617	0.00259608585166	0.000605127654511
CTTN	88814	409516	409226	1250	1003	6.60442021575	0.0030430950955	0.00244497585495	0.000598119240555
NCCN	78175	462171	454857	1935	1631	5.35109863832	0.00416930614989	0.00357293072326	0.000596375426627
ACAA	39469	150376	148805	229	142	4.88794300282	0.00152053384682	0.000953359248592	0.000567174598226
TNNT	1028427	2851139	2886179	10689	9183	29.9671388739	0.0037350253055	0.00317162413543	0.000563401170076
NTCN	224399	1042581	1031204	3430	2824	12.2382694101	0.00327912421571	0.00273106724383	0.000548056971884
AANT	269116	788478	796699	2997	2614	7.36758203869	0.00378660096655	0.00327030837732	0.000516292589231
ANNT	922038	2410441	2422947	7712	6637	19.6979689659	0.00318921093909	0.00273174337664	0.000457467562449
NNGT	195291	884257	895860	2552	2235	6.26768170239	0.00287773353676	0.00248860087185	0.000389132664914
ANNG	208521	920919	928346	4069	3750	4.09446313386	0.00439897598672	0.0040231907443	0.000375785242414
TNTN	1171625	2772518	2802415	12503	11578	10.8961568373	0.00448937368874	0.00411443809562	0.000374935593127
ATTN	314722	833362	836643	2780	2480	4.6863901197	0.00332479411392	0.00295546660025	0.00036932751367
NCAA	83728	372299	365797	545	402	4.84750851995	0.0014617373486	0.00109776378417	0.000363973564424
NTAA	283278	755105	750698	1594	1330	5.58660880428	0.00210651791531	0.00176855117097	0.000337966744347
ANCN	192983	958694	945673	2910	2578	4.11780807794	0.00302619373464	0.00271868946091	0.000307504273722
ATNN	1026459	2516173	2509753	7798	7183	5.91476152277	0.00308957591034	0.00285386676499	0.000235709145354
