#Sequence	Occurrence	Forward Match	Backward Match	Forward Mismatch	Backward Mismatch	Strand Bias Score	FER (Forward Error Rate)	RER (Reverse Error Rate), ERD (Error rate Difference)
GGGT	2354	18595	19732	121	53	7.32217524597	0.00646505663603	0.00267879706849	0.00378625956755
NCCC	6798	51096	50531	362	251	4.75211761066	0.00703486338373	0.00494269623095	0.00209216715278
TTTT	126702	312938	329435	2368	1873	19.5692841994	0.00751016472887	0.0056533497531	0.00185681497577
CTTT	20171	94060	95969	258	117	12.9215624843	0.00273542695986	0.00121765918032	0.00151776777954
GNGT	11688	70650	72707	266	171	5.77696731927	0.00375091657736	0.00234638711271	0.00140452946465
ATCT	11378	59699	59822	200	121	4.89769388999	0.00333895390574	0.00201858432177	0.00132036958397
GGNT	14152	99046	102247	314	193	7.87281365024	0.00316022544283	0.00188402967591	0.00127619576693
CCTT	7874	46523	46392	110	52	5.07908124639	0.00235884459503	0.00111962793902	0.00123921665601
NTTT	227409	677451	700398	3448	2708	26.0060546356	0.00506389347025	0.00385148185338	0.00121241161687
TTCT	20979	101408	102185	372	253	5.81674639161	0.00365494203183	0.00246978660263	0.00118515542921
NGGT	14641	104429	106968	378	260	6.08100776907	0.00360662932819	0.00242473980677	0.00118188952143
TTCA	19149	94451	93369	346	237	4.82068480042	0.00364990453284	0.00253188898148	0.00111801555137
TTCN	51935	270009	268658	1008	703	12.3291031705	0.00371932388005	0.0026098804207	0.00110944345935
TTNT	241695	687155	706919	3469	2796	21.0613093346	0.00502299369845	0.00393960956158	0.00108338413687
NTCT	39600	208488	209213	692	486	8.76874726453	0.00330815565542	0.00231760761854	0.000990548036877
TTNG	37334	206077	210781	1075	894	5.26354143684	0.00518942612188	0.00422345576946	0.000965970352424
TNTT	244400	699114	719690	3002	2397	19.7260945058	0.00427564675922	0.00331954459781	0.000956102161413
TTTN	227407	673863	695944	4279	3751	12.5570118646	0.00630988789958	0.00536090725245	0.000948980647139
NTGT	52457	232440	235033	664	468	8.63856618623	0.00284851396801	0.00198725270806	0.000861261259958
CTTN	43363	232011	232308	647	468	7.04507341512	0.00278090587902	0.0020105165481	0.000770389330918
NTNT	568223	1630495	1658849	6186	5019	31.9672805912	0.00377960030085	0.00301646524845	0.000763135052408
CNTT	51670	258963	261124	496	321	9.25203221035	0.00191167005192	0.00122779169615	0.000683878355765
TTNN	454980	1576074	1601448	7144	6182	19.5575984518	0.00451232868752	0.00384541219062	0.000666916496905
CTNT	39028	197257	198734	492	367	4.83714091732	0.00248800246777	0.00184328556863	0.000644716899144
NNGT	100583	531448	539681	1442	1118	10.8745518616	0.00270599936197	0.002067311515	0.000638687846971
NNTT	454983	1580829	1613371	4891	3994	24.8425979113	0.00308440329945	0.00246944876388	0.000614954535563
NTCN	110166	625886	618818	1859	1459	10.3597452856	0.00296139355949	0.0023521749154	0.000609218644086
NNCC	42979	306512	300500	1019	820	4.54726360706	0.00331348709561	0.00272135935218	0.000592127743426
NCTT	43363	231972	232682	403	267	6.82075084041	0.00173426573427	0.00114617362599	0.000588092108279
NTTN	454982	1577205	1604502	6935	6149	14.3057422347	0.00437776964157	0.00381771097525	0.00056005866632
ATNT	247314	565635	569509	1590	1282	8.44997722792	0.00280312045485	0.00224600598117	0.000557114473672
TNNT	497465	1681585	1704739	5489	4669	17.8722042396	0.00325356208441	0.00273135494861	0.0005222071358
NTNG	92091	533335	540377	2037	1786	5.04790861488	0.00380483103337	0.0032942122572	0.000510618776176
NNCT	90180	528920	526564	1527	1263	5.91894251744	0.00287870418722	0.00239282946875	0.000485874718477
TNCN	121049	649275	642027	1894	1584	6.02281631264	0.00290861512142	0.00246111393373	0.000447501187693
TNTN	568221	1634198	1656577	6396	5911	6.48688654897	0.00389858795046	0.00355551438567	0.000343073564794
ANNT	443410	1370382	1377843	3733	3378	5.00800671612	0.00271665763055	0.00244566220757	0.000270995422979
