#Sequence	Occurrence	Forward Match	Backward Match	Forward Mismatch	Backward Mismatch	Strand Bias Score	FER (Forward Error Rate)	RER (Reverse Error Rate), ERD (Error rate Difference)
CGGT	831	9338	9726	123	37	11.4323842635	0.0130007398795	0.00378981870327	0.00921092117624
GGGT	2354	27555	29657	457	226	21.5537699741	0.01631443667	0.00756282836395	0.00875160830605
AGGT	5322	59604	61006	794	296	52.5735879344	0.0131461306666	0.00482855371766	0.00831757694892
NGGT	14641	168140	172698	2055	789	130.061253018	0.012074385264	0.00454789119646	0.0075264940675
TGGT	6134	71643	72309	681	230	50.1421803613	0.00941596150655	0.00317070817078	0.00624525333578
AAGT	10403	111025	110402	1189	502	60.4618160883	0.0105958258328	0.00452643727909	0.0060693885537
NAGT	24706	277340	274136	2226	991	100.5517851	0.00796234162953	0.00360197290706	0.00436036872247
ANGT	42268	431402	434279	3344	1485	158.579398361	0.00769184765357	0.00340780789602	0.00428403975756
GGGN	6798	75252	76963	756	469	16.8373663717	0.00994632143985	0.00605692736853	0.00388939407132
GNGT	11688	126411	126927	1034	583	28.5695741436	0.0081133037781	0.00457219041644	0.00354111336166
CGGN	2605	30000	30138	217	111	8.23821287589	0.00718138796042	0.0036695427948	0.00351184516562
NNGT	100583	1080645	1082622	7351	3561	287.414576624	0.00675645866345	0.00327845307835	0.0034780055851
TAGT	9346	110709	108358	659	287	30.9339438677	0.00591731915811	0.00264163100005	0.00327568815806
AGGN	16799	188678	190340	1366	773	37.7217608736	0.00718780913894	0.0040447274649	0.00314308167403
ACGT	3360	34278	34154	249	140	7.23551720329	0.00721174732818	0.0040823467662	0.00312940056198
CAGT	2396	26635	26925	168	85	6.76804514696	0.00626795507966	0.00314698259904	0.00312097248062
GAGT	2561	28971	28451	210	117	6.04027812439	0.00719646345225	0.00409549145898	0.00310097199327
CNGT	7881	88097	88730	568	295	20.021290342	0.00640613545367	0.00331367593373	0.00309245951995
NGGN	42980	486112	491359	3487	2002	91.5188997712	0.00712215506976	0.00405788053778	0.00306427453198
GGGA	2452	26392	26393	194	120	4.3978532075	0.00729707364778	0.0045260815449	0.00277099210288
TNGT	38746	434735	432686	2405	1198	87.4650670737	0.00550166994556	0.00276110665524	0.00274056329032
TGGN	16778	192182	193918	1148	649	31.9821995347	0.00593803341437	0.00333561189719	0.00260242151718
GAGA	4690	53883	51446	246	104	11.8853233231	0.00454469877515	0.00201745877789	0.00252723999726
ATGT	23183	226495	228717	1112	547	43.9313862862	0.00488561423858	0.00238589573592	0.00249971850266
NCGT	8779	96362	96667	588	347	14.477786561	0.00606498194946	0.00357680334797	0.00248817860149
AAGN	43363	474022	465198	2189	1163	65.0553876301	0.00459670188215	0.00249377628061	0.00210292560154
TTTC	23751	246673	253652	1670	1182	22.1070081383	0.00672457045296	0.00463831356883	0.00208625688413
TCGT	3712	43188	43953	215	128	5.79225806581	0.0049535746377	0.00290374537783	0.00204982925987
CAGA	4005	47306	46849	183	86	8.08880569674	0.00385352397397	0.00183232129541	0.00202120267856
NTGT	52457	538803	539121	2482	1434	62.0223227787	0.00458538477881	0.00265282903682	0.00193255574199
AGGA	7687	86761	86368	420	253	9.60361949319	0.00481756345993	0.00292076979024	0.00189679366969
CTGT	3658	40853	41151	204	127	4.6404505146	0.00496870204837	0.00307669945249	0.00189200259588
GNGA	12840	148431	144564	713	419	15.7975619843	0.00478061470793	0.0028899939993	0.00189062070864
NAGN	90180	1013579	997009	4188	2247	121.24891496	0.00411489073629	0.00224867301272	0.00186621772357
CGAA	3635	42103	41011	148	68	6.64406517341	0.00350287567158	0.00165534701429	0.00184752865729
ANGN	128143	1400019	1388662	6174	3608	142.561875969	0.00439057796476	0.00259145137078	0.00179912659398
GNGN	35687	402806	397882	2011	1286	33.672586016	0.00496767675271	0.00322170113837	0.00174597561434
GAGN	11080	127879	124305	513	281	14.1637655192	0.00399557604835	0.00225547011703	0.00174010593132
CNGA	9278	110425	109277	480	289	10.6661036545	0.00432802849285	0.00263767957213	0.00169034892072
NGGA	18149	205739	205863	1064	716	15.6897773233	0.00514499306103	0.00346598637809	0.00167900668294
GTGT	6062	62260	61187	316	207	5.1968408387	0.005049859371	0.00337166498355	0.00167819438746
TAGN	26003	298513	293721	1088	583	32.3559070601	0.00363149655709	0.00198094487333	0.00165055168376
CNGN	24678	287061	286909	1167	700	26.2547805468	0.00404887797161	0.00243385985835	0.00161501811326
CAGN	9734	113165	113785	398	220	12.1504554209	0.00350466261018	0.00192973992369	0.00157492268649
ACGN	8779	97372	96080	435	280	7.59495501325	0.00444753443005	0.00290577002906	0.00154176440099
NAGA	39600	446122	430540	1519	803	43.5958272008	0.00339334422003	0.00186162752149	0.00153171669855
NCGA	8034	94462	92094	425	274	7.00376239882	0.00447901187729	0.00296639528841	0.00151261658887
TTAA	38620	357441	357426	1123	594	36.3733464083	0.00313193739472	0.00165912518854	0.00147281220618
TTTG	19669	208378	206646	1054	740	12.212326412	0.00503265976546	0.0035682254347	0.00146443433076
CTAA	8520	99122	99647	291	146	11.3941734555	0.00292718256164	0.00146302846893	0.00146415409271
TNGN	92090	1032312	1027214	4366	2842	69.3598567761	0.00421152952026	0.0027590732931	0.00145245622715
TCAA	12461	135077	136278	392	201	14.5597008787	0.00289365094597	0.00147275405007	0.0014208968959
TTGT	19554	209195	208066	850	553	14.1669772183	0.0040467518865	0.00265076527066	0.00139598661584
NCGN	21662	245729	244039	1091	745	14.5161199524	0.00442022526538	0.00304349957514	0.00137672569024
AAGA	21483	240822	231340	777	433	19.2534020913	0.00321607291421	0.00186820725451	0.0013478656597
AGAA	20979	232095	222110	602	276	24.1947301028	0.0025870552693	0.00124108532012	0.00134596994918
AAAA	126702	1062360	1081284	2736	1345	109.452539844	0.00256878253228	0.00124234617768	0.00132643635459
NGAA	51935	575285	561119	1584	806	51.9126095394	0.00274585737836	0.00143435511857	0.0013115022598
TNAA	127515	1202230	1211869	3364	1811	104.997416061	0.00279032576473	0.00149215608727	0.00129816967745
NNGA	110167	1257957	1232599	4728	3041	73.3148107167	0.00374440181043	0.00246107280438	0.00128332900605
TGAA	19149	211684	208210	584	314	17.5543810345	0.00275123899976	0.00150582187182	0.00124541712793
CNAA	37334	410155	412552	1170	661	32.361340843	0.00284446605482	0.00159965925564	0.00124480679918
NAAA	227407	2020411	2050733	5099	2634	179.774128811	0.00251739068185	0.00128277117534	0.00123461950651
ATGN	59202	639947	637044	2184	1392	38.3296746489	0.00340117514962	0.00218032817698	0.00122084697264
TAGA	9422	104111	100905	313	180	7.64803588963	0.00299739523481	0.00178067962606	0.00121671560875
GTAA	12763	135485	136194	404	240	10.0420389448	0.00297301473997	0.00175909230837	0.0012139224316
CTNA	26400	292371	296278	1129	784	15.4109653804	0.00384667802385	0.00263917969986	0.00120749832399
NNAA	454980	4308383	4334934	11478	6325	9223372036854775807	0.00265702993684	0.00145695062193	0.00120007931491
TTNC	48436	513722	520490	2218	1630	22.1665033236	0.00429894949025	0.00312188768865	0.0011770618016
NCAA	41275	446678	449824	1280	759	30.6954882826	0.0028574107394	0.00168448432364	0.00117292641576
TNGA	31458	350593	345707	1384	957	16.5395678082	0.00393207510718	0.00276059815845	0.00117147694873
TAAA	57285	498028	509955	1265	702	38.9669149524	0.00253358248563	0.00137469965163	0.00115888283401
ANAA	241695	2176588	2193629	5592	3091	161.780126093	0.00256257503964	0.00140709785498	0.00115547718466
CTGN	9734	113727	113141	403	270	6.27250709038	0.00353106107071	0.00238072144677	0.00115033962394
GGAA	8172	89403	89788	250	148	6.46843735449	0.00278852910667	0.00164561465931	0.00114291444735
TTGA	12461	136386	134492	568	406	6.08880648706	0.00414737795172	0.0030096813889	0.00113769656282
ANGA	56591	648508	633051	2151	1376	34.0459311044	0.0033058791164	0.00216888625484	0.00113699286156
ACAA	19554	208172	210244	557	324	14.7464691071	0.00266853192417	0.00153869533832	0.00112983658585
GNAA	48436	519410	516884	1352	762	36.1472775855	0.00259619557495	0.00147204846555	0.00112414710939
GAAA	23751	253526	249475	573	284	21.073005629	0.00225502658413	0.0011370961607	0.00111793042343
TNTC	48754	528064	538420	2204	1648	20.7955141887	0.00415638884489	0.00305146759297	0.00110492125192
NTAA	134363	1266009	1273258	3515	2126	77.0945799373	0.00276875427326	0.0016669489346	0.00110180533866
CAAA	19669	206497	210019	525	303	14.6100439322	0.00253596236149	0.00144064814903	0.00109531421246
NTGN	125776	1376778	1368260	4952	3442	58.0258196842	0.00358391292076	0.0025092913767	0.00107462154406
AANA	244400	2195839	2218729	5696	3450	125.993275286	0.0025872856893	0.00155253019671	0.00103475549259
GANA	48754	537810	530849	1380	845	27.428871466	0.00255939464753	0.00158925998789	0.000970134659639
CNNA	103907	1110860	1114101	4171	3097	36.1703595972	0.00374070317328	0.00277211380615	0.000968589367128
TTGN	41275	448677	445955	1754	1326	13.2355540847	0.003894048145	0.00296457931368	0.000929468831324
NTTC	51935	558372	575999	2508	2055	13.9557769343	0.00447154471545	0.00355503119086	0.00091651352459
CNTA	42347	429484	429957	1837	1452	10.7239369823	0.00425900895157	0.00336571559703	0.000893293354538
NANA	568221	4914407	4929668	13379	9026	187.647181728	0.00271501238081	0.00182760867549	0.000887403705322
NTGA	44384	511634	504102	1720	1248	15.7265079918	0.00335051445981	0.0024695755417	0.000880938918104
TTNA	127515	1208623	1198403	6524	5422	21.0367270051	0.00536889775476	0.00450397690694	0.000864920847815
GTGN	15565	174427	172120	611	454	5.28288735623	0.00349067059724	0.00263075550199	0.000859915095254
AGNT	27693	309532	309139	1415	1154	6.43886300855	0.00455061473499	0.00371906552839	0.000831549206599
ATAA	74460	673961	679991	1697	1146	25.2552151404	0.00251162570413	0.0016824809106	0.000829144793533
CANA	55763	572163	573405	1582	1113	18.8869587432	0.0027573225039	0.00193727611668	0.000820046387225
CATA	24267	236291	234081	612	426	7.63034684325	0.00258333579566	0.00181657690389	0.000766758891775
AATA	76024	675190	688787	1613	1129	21.6763750852	0.00238326366757	0.00163643110176	0.000746832565809
AGNA	43633	486860	474973	1400	1013	12.3554534333	0.00286732478597	0.00212821385503	0.000739110930945
ANNA	497465	4806704	4824338	13282	9808	117.396327624	0.0027556096636	0.00202890024422	0.000726709419376
ANAC	40186	406698	405871	1559	1264	7.34618675817	0.00381867304174	0.00310462131725	0.000714051724482
ATGA	23709	276608	272346	789	584	6.72714832432	0.00284429896502	0.00213974279119	0.000704556173829
GNNA	107549	1185808	1178301	3664	2817	23.8778088101	0.00308035834387	0.00238502842222	0.000695329921647
TANA	219304	1608595	1606685	4721	3618	32.4383107043	0.0029262711087	0.00224678212734	0.000679488981359
TNNA	429932	3706277	3693802	14300	11785	51.8939455319	0.0038434898673	0.00318033283256	0.000663157034739
TNNC	107549	1175359	1188312	3559	2829	20.8713506899	0.00301886984506	0.00237503368619	0.000643836158873
NTNA	357493	3555604	3550705	13811	11574	43.1946697667	0.00386926148963	0.00324904365997	0.000620217829656
NGNA	121049	1311000	1297091	4340	3514	17.9542305594	0.00329952711846	0.00270181953783	0.000597707580633
ACNA	38746	433287	436695	1280	1029	7.13701651383	0.00294546065394	0.00235079639225	0.000594664261691
NATA	248757	1907323	1908791	5259	4125	30.9909436248	0.00274968602653	0.00215639369423	0.000593292332299
TTNG	37334	410880	410040	1554	1306	5.28270104654	0.00376787558737	0.00317494274893	0.00059293283844
NTNC	121049	1296289	1312762	4067	3347	18.1805883747	0.00312760505585	0.00254310243301	0.000584502622841
NNTC	110166	1234442	1261063	3621	2992	17.019483534	0.00292473000162	0.00236698561376	0.000557744387865
AGNN	90180	1014465	997701	3250	2659	11.6687676849	0.00319342841562	0.00265804310448	0.000535385311135
GTNA	32892	363892	362083	1252	1052	4.23472481353	0.00342878426046	0.0028969942308	0.00053179002966
NAAC	36537	399158	399315	1487	1277	4.15941652254	0.00371151518177	0.00318778208252	0.000523733099252
AGAN	39600	446087	431672	1175	911	6.24837516205	0.0026270955279	0.00210595423306	0.00052114129484
NGNT	97730	1108834	1110620	4153	3600	9.60733224812	0.00373140027691	0.00323095977455	0.000500440502362
NCNA	92090	1028638	1033078	3887	3393	8.57499808997	0.00376455775889	0.00327360823409	0.000490949524798
NTAC	38808	398500	398410	960	774	5.03209547958	0.00240324437991	0.00193895546916	0.000464288910756
NNAC	100583	1083702	1087925	2939	2451	10.8833179917	0.00270466511019	0.00224784844861	0.00045681666158
NCNC	35687	397883	405471	825	662	5.29365366534	0.00206918346258	0.00163000790381	0.000439175558769
TATA	132542	814727	805627	2617	2242	6.16633965697	0.00320183423381	0.00277520241524	0.000426631818568
TNAC	32892	362094	364991	770	623	4.30285488613	0.00212200714317	0.00170398288906	0.000418024254114
ATNC	42161	435076	435149	1050	876	4.09126552335	0.00240756111766	0.00200905911358	0.000398502004076
NGAN	110166	1258369	1237846	3134	2589	10.2740359158	0.00248433812682	0.00208717103274	0.000397167094079
ANNC	94045	1007115	1006644	2809	2408	7.4547081234	0.00278139741208	0.00238639832239	0.000394999089697
NATC	37478	437362	442128	766	616	4.58554367764	0.00174834751488	0.00139132320257	0.000357024312308
ATNA	170686	1690718	1693941	4906	4316	9.29347891861	0.00289333012507	0.00254142924186	0.000351900883211
NNTA	447931	3871332	3868021	14608	13318	13.623275138	0.0037591933998	0.00343129007799	0.000327903321809
NANC	97730	1109647	1113143	2703	2363	5.95063870606	0.00242999056053	0.00211832119236	0.000311669368169
ANTA	150966	1435095	1448994	4023	3695	4.45932437855	0.00279546222061	0.00254355887599	0.000251903344622
AANN	454983	4300008	4339115	14343	13806	4.10306822895	0.00332448611622	0.00317166334974	0.000152822766483
