 1000000 / 4004736 Strand Bias Scores calculated
 2000000 / 4004736 Strand Bias Scores calculated
 3000000 / 4004736 Strand Bias Scores calculated
 4000000 / 4004736 Strand Bias Scores calculated
#Sequence	Occurrence	Forward Match	Backward Match	Forward Mismatch	Backward Mismatch	Strand Bias Score	FER (Forward Error Rate)	RER (Reverse Error Rate), ERD (Error rate Difference)
TGCTNTAGAN	19	299	348	32	1	9.03164499801	0.0966767371601	0.00286532951289	0.0938114076472
ACNTATCAAN	80	338	396	33	1	9.38262528975	0.088948787062	0.00251889168766	0.0864298953743
NGTAGAAACN	28	465	410	34	0	8.78385594971	0.0681362725451	0.0	0.0681362725451
CCTCTNCTTC	25	470	733	26	2	8.26986501813	0.0524193548387	0.00272108843537	0.0496982664033
CCNCTNCTTC	30	521	817	27	2	8.6887876624	0.0492700729927	0.002442002442	0.0468280705507
CTTCTTCTTC	99	1074	1598	53	13	10.2080385643	0.0470275066548	0.008069522036	0.0389579846188
ACANATANTC	114	558	899	22	0	9.05086865767	0.0379310344828	0.0	0.0379310344828
CNTCTTCCNC	56	873	949	37	3	8.35478944307	0.0406593406593	0.0031512605042	0.0375080801551
NGTAACAACA	42	1449	983	64	6	8.19623125997	0.0423000660939	0.00606673407482	0.036233332019
CNTCTNCCTC	56	912	958	37	3	8.19044326268	0.0389884088514	0.00312174817898	0.0358666606724
CTTNTTCCNC	61	756	890	29	1	8.45188670073	0.0369426751592	0.00112233445567	0.0358203407036
NGTAACNACA	56	1554	1061	66	6	8.64844510939	0.0407407407407	0.00562324273664	0.0351174980041
AGTNACAACA	47	2020	1270	92	11	9.18238515337	0.0435606060606	0.00858704137393	0.0349735646867
CCTCTNCNTC	61	1235	1347	48	4	10.5946919035	0.037412314887	0.00296076980015	0.0344515450868
CTTCNTCTTC	170	2200	2849	99	26	14.8808779073	0.0430622009569	0.00904347826087	0.0340187226961
NNTCTTCCTC	91	1208	1371	50	8	9.08421434474	0.0397456279809	0.00580130529369	0.0339443226872
CNTCTTCTTC	156	1891	2767	77	17	15.2495928067	0.0391260162602	0.00610632183908	0.0330196944211
AGTNANAACA	119	2448	1676	107	17	9.81129588904	0.0418786692759	0.0100413467218	0.0318373225541
CTTCTTNTTC	199	1416	2052	61	21	8.71166196242	0.0412999322952	0.0101302460203	0.0311696862749
CTTCTTCNTC	185	2390	2885	91	17	15.7754031153	0.0366787585651	0.00585802894555	0.0308207296195
NGTAACANCA	81	2066	1631	85	15	8.96247280879	0.0395165039517	0.00911300121507	0.0304035027366
CTTCNTCTNC	209	2555	3345	109	37	13.4228955129	0.0409159159159	0.0109402720284	0.0299756438875
AGTNACAACN	65	2391	1546	97	15	8.32900469708	0.0389871382637	0.00960922485586	0.0293779134078
CTNCTTCTTC	130	1659	2087	64	17	9.33373304635	0.0371445153802	0.00807984790875	0.0290646674714
CTTCTNCTTC	143	1735	2233	70	22	9.11447882311	0.0387811634349	0.00975609756098	0.0290250658739
CNTCTNCTTC	221	2841	3667	106	27	16.3004529343	0.035968781812	0.00730914997293	0.0286596318391
CTTCNNCTTC	232	2933	3528	116	35	14.0503539873	0.0380452607412	0.0098231827112	0.02822207803
CTTNNTCTTC	307	3002	3864	122	43	14.03776954	0.039052496799	0.0110058868697	0.0280466099293
AGTNACAANA	125	2735	1941	119	27	8.22035398003	0.041695865452	0.0137195121951	0.0279763532569
CTNCNTCTTC	219	2980	3538	114	34	13.7076019202	0.0368455074337	0.00951847704367	0.0273270303901
GAACCAGTNA	55	3331	2071	136	25	9.29497092143	0.0392269974041	0.011927480916	0.0272995164881
GANCCAGTNA	59	3333	2072	136	25	9.29433305187	0.0392043816662	0.0119217930377	0.0272825886285
GAACCAGTNN	68	3859	2360	153	27	10.4506559662	0.0381355932203	0.0113112693758	0.0268243238446
NGTNACAACA	87	3694	2299	139	22	10.8409066746	0.0362640229585	0.00947867298578	0.0267853499727
CTTCNTCNTC	341	4931	5325	176	42	20.5798525448	0.0344625024476	0.00782560089435	0.0266369015533
GAACCNGTNA	79	4974	3154	191	33	14.1008594992	0.0369796708616	0.010354565422	0.0266251054395
CTTCTNCNTC	244	3194	3614	111	26	15.240770795	0.0335854765507	0.00714285714286	0.0264426194078
AGNNACAACA	98	2828	1997	114	25	8.13890270275	0.0387491502379	0.0123639960435	0.0263851541944
GAACCAGNNA	68	3611	2259	141	26	9.66533667703	0.0375799573561	0.0113785557987	0.0262014015574
GNACCAGTNA	60	3527	2144	138	25	9.21862335047	0.037653478854	0.0115260488704	0.0261274299836
CNNCTTCTTC	201	2704	3542	91	23	14.459747521	0.0325581395349	0.00645161290323	0.0261065266317
CTTCTTCNNC	228	2873	3516	102	29	13.3225251132	0.0342857142857	0.00818053596615	0.0261051783196
CNTCNTCTTC	313	4152	5107	148	43	18.2307017949	0.0344186046512	0.00834951456311	0.0260690900881
CTTCNTNTTC	378	3344	4565	130	53	14.0346209119	0.0374208405296	0.0114768297964	0.0259440107332
NTTCCTNTTC	253	1773	2839	67	31	8.4535003765	0.0364130434783	0.0108013937282	0.02561164975
CTNCTTCNTC	238	3342	3749	115	29	14.7310315875	0.0332658374313	0.0076760190577	0.0255898183736
GAACNAGTNA	88	3627	2352	141	29	9.16546007498	0.0374203821656	0.0121797564049	0.0252406257607
CTTCTTNNTC	327	3095	3660	110	34	12.5945298334	0.0343213728549	0.00920411478073	0.0251172580742
CNTCTTNTTC	312	2695	3717	98	38	11.4379746715	0.0350877192982	0.010119840213	0.0249678790852
CTTNTTNTTC	516	2907	3534	117	51	9.53793002257	0.0386904761905	0.0142259414226	0.0244645347679
CNTCTTCNTC	336	4654	5411	147	34	19.7339189598	0.0306186211206	0.00624426078972	0.0243743603309
CTTNTTCNTC	339	3249	3849	108	31	13.3789749714	0.0321715817694	0.00798969072165	0.0241818910478
CNTCTTCTNC	210	2685	3731	95	38	10.8336845183	0.0341726618705	0.0100822499337	0.0240904119368
GAACCANTNA	87	3713	2450	140	32	8.16266260653	0.0363353231248	0.0128928283642	0.0234424947606
CTNCTTNTTC	280	2504	3325	87	35	9.34642660726	0.0335777692011	0.0104166666667	0.0231611025344
TANNATCATC	467	2370	3236	80	33	8.73308792371	0.0326530612245	0.0100948302233	0.0225582310012
CTNCTNCTTC	193	2735	3245	93	34	9.16150365842	0.0328854314003	0.0103690149436	0.0225164164567
CTTCNTCTTN	364	3423	4476	130	67	9.45935021201	0.0365887981987	0.0147479639005	0.0218408342982
NTTCNTCTTC	485	4262	5961	141	63	14.1453380629	0.0320236202589	0.0104581673307	0.0215654529282
TTTNNTCTTC	631	2903	4416	103	57	9.30205622137	0.0342648037259	0.0127431254192	0.0215216783067
NTTCTTCNTC	462	4570	5308	138	50	12.5870491064	0.0293118096856	0.0093318402389	0.0199799694467
CNTNTTCTTC	375	3231	4517	103	50	9.38052930306	0.0308938212358	0.0109481059777	0.0199457152581
NNTCTTCTTC	446	4370	5497	127	58	10.1741923084	0.0282410495886	0.0104410441044	0.0178000054842
NATNATCATC	714	4471	5580	127	62	9.09887256627	0.0276207046542	0.010989010989	0.0166316936652
