#Sequence	Occurrence	Forward Match	Backward Match	Forward Mismatch	Backward Mismatch	Strand Bias Score	FER (Forward Error Rate)	RER (Reverse Error Rate), ERD (Error rate Difference)
GGGT	1964	16527	17125	357	62	47.7793931844	0.021144278607	0.00360737766917	0.0175369009378
AGGT	6133	61809	62806	1062	210	126.802678713	0.0168917306866	0.00333248698743	0.0135592436992
AAGT	11922	113281	115051	1876	448	194.707649575	0.0162908029907	0.00387882146166	0.012411981529
NGGT	15225	144533	147286	2195	442	259.299013748	0.0149596532359	0.00299198527023	0.0119676679657
TGGT	6409	59786	60686	698	139	83.4158395065	0.0115402420475	0.00228524455405	0.00925499749344
NAGT	27274	260775	264481	3293	873	9223372036854775807	0.0124702728085	0.00328994475305	0.00918032805547
ANGT	46938	438239	442514	5283	1319	9223372036854775807	0.0119114722607	0.00297183850683	0.00893963375385
GNGT	11685	105358	107830	1187	316	114.443810802	0.0111408325121	0.00292197584747	0.00821885666462
GAGT	2631	24657	25066	286	85	25.0751501815	0.0114661428056	0.00337958729275	0.00808655551284
GCGT	781	7197	7339	76	21	7.56895425315	0.0104496081397	0.00285326086957	0.00759634727013
CGGT	719	6411	6669	78	31	5.35882732432	0.0120203421174	0.00462686567164	0.00739347644579
CAGT	2608	24902	25081	259	82	20.946336441	0.0102937085171	0.00325875293089	0.00703495558626
NNGT	107688	1001328	1015595	9835	2760	9223372036854775807	0.00972642392967	0.00271025330067	0.00701617062901
ACGT	3640	34715	34790	351	118	25.9914547774	0.0100096960018	0.00338031396814	0.00662938203368
GGGN	6047	53382	53447	579	227	34.2263678224	0.0107299716462	0.0042292357566	0.00650073588958
ATGT	25243	228434	229867	1994	543	182.487867858	0.00865346225285	0.00235666854737	0.00629679370548
TAGT	10113	97935	99283	872	258	74.9833096367	0.0088252856579	0.00259189680634	0.00623338885156
GTGT	6309	56977	58300	468	148	38.4998320941	0.00814692314388	0.00253216534355	0.00561475780032
AGGN	17347	165016	166246	1499	621	81.0713628963	0.00900219199472	0.00372152672488	0.00528066526984
AACC	4814	44257	43697	311	88	27.2355133252	0.00697810087955	0.00200982071486	0.0049682801647
TNGT	41069	382076	389243	2810	915	217.39317763	0.00730086311271	0.00234520373797	0.00495565937474
NCGT	8867	83128	84084	648	240	42.543841515	0.00773491214668	0.00284616479294	0.00488874735374
NTGT	56322	512892	519744	3699	1205	282.754467523	0.00716040349135	0.00231308630979	0.00484731718156
NGGN	42528	396521	398968	3322	1472	157.920687204	0.00830826099244	0.00367595644791	0.00463230454453
CNGT	7996	75655	76008	555	210	34.9639732868	0.00728250885711	0.00275525466425	0.00452725419285
AAAC	15223	138997	138736	1860	1221	29.2732982058	0.0132048815465	0.00872410811892	0.00448077342761
NACC	15225	146671	146046	845	262	66.9966367124	0.0057281921961	0.00179074281652	0.00393744937958
ANCC	13575	125010	123805	740	252	51.9800684123	0.00588469184891	0.0020313243106	0.00385336753831
TACC	5440	50740	51036	302	107	21.2321469042	0.00591669605423	0.00209217292689	0.00382452312734
TGGN	16886	157565	158424	1104	522	46.7945849378	0.0069578808715	0.00328413423427	0.00367374663723
CACC	2527	24082	23749	121	32	11.6447750737	0.00499938024212	0.00134561204323	0.00365376819889
AAGN	47162	447176	448123	3132	1485	129.006952283	0.00695523952495	0.003302877173	0.00365236235194
GCGN	1963	18144	18325	108	45	6.38406197635	0.00591715976331	0.00244964616222	0.00346751360109
ATCC	5717	53701	53443	279	92	21.0701083338	0.00516858095591	0.00171850191464	0.00345007904127
AANC	34428	318340	316987	3011	1915	52.7356560629	0.00936981680468	0.00600497958621	0.00336483721847
TNCC	17453	159548	162113	937	403	48.9743894395	0.00583855188958	0.00247975583943	0.00335879605016
TTCC	8239	74627	76105	462	215	21.4700717553	0.00615269879743	0.00281708595388	0.00333561284355
ANGN	135984	1274961	1274239	8315	4110	9223372036854775807	0.00647951025345	0.00321508445659	0.00326442579685
GGNT	13575	124135	126041	792	389	32.0909004758	0.00633970238619	0.00307680139207	0.00326290099412
TTGT	20969	191196	195284	1061	442	59.1456687967	0.00551865471738	0.00225825899472	0.00326039572267
NNCC	42528	397546	398403	2175	885	119.522268949	0.00544129530347	0.00221644527259	0.00322485003089
NTCC	17997	167461	168488	931	394	48.8798440032	0.00552876621217	0.00233298989827	0.0031957763139
TCGT	3578	33159	33990	179	76	10.3064278195	0.00536924830524	0.00223096342394	0.0031382848813
GNGN	34808	321200	323055	2105	1101	70.4049361155	0.00651087981937	0.00339651279014	0.00311436702923
AGNT	30987	300376	302321	1949	1021	65.1531732613	0.0064467047052	0.00336583789914	0.00308086680606
TCCC	2314	20870	21491	102	39	7.14396298129	0.00486362769407	0.00181142591732	0.00305220177674
ANAC	43480	399454	396610	3875	2668	47.3017827075	0.00960754123805	0.00668206112032	0.00292548011772
NAGN	96658	920156	921409	5596	2895	187.937318368	0.00604481545814	0.00313208641313	0.00291272904501
ACCC	1964	17022	16777	86	36	4.86242643222	0.00502688800561	0.0021412002617	0.00288568774391
ACAC	6309	57813	56832	423	250	9.77876183632	0.00726354832063	0.00437966434252	0.0028838839781
CTCC	2185	20890	20646	103	42	6.02572516683	0.00490639737055	0.00203016241299	0.00287623495756
CTGT	3801	36285	36293	176	72	10.1845334356	0.00482707550533	0.00197992575278	0.00284714975255
ACGN	8867	84090	83155	505	261	17.119574862	0.0059696199539	0.00312889613503	0.00284072381886
GACC	2444	27592	27564	111	35	9.22758300446	0.00400678626864	0.00126816188992	0.00273862437871
GTGN	15932	147726	149403	867	474	26.8751303616	0.0058347297652	0.00316259332653	0.00267213643867
CNCC	6253	58484	58011	272	121	13.1069086972	0.00462931445299	0.00208146975848	0.00254784469451
ATGN	62608	578679	576715	3179	1743	90.8177247869	0.00546353233951	0.00301318332532	0.00245034901418
AAGG	8322	77901	78439	491	304	10.611782249	0.0062633942239	0.00386066063015	0.00240273359375
TAGN	28642	275707	276006	1449	787	43.6601646843	0.00522810258483	0.00284327999624	0.00238482258858
TNGN	97916	917622	924540	4922	2813	129.157911189	0.00533524688253	0.00303336485675	0.00230188202579
NGNT	103207	973027	980268	4936	2717	144.130037847	0.00504722571304	0.00276402996994	0.0022831957431
NCGN	21204	199576	199332	1013	566	28.278998543	0.00505012737488	0.00283144403646	0.00221868333842
ACNC	11685	107087	105581	643	400	12.3703067364	0.00596862526687	0.00377426142422	0.00219436384265
ATAC	18153	163629	162085	1407	1035	12.3679403447	0.00852541263724	0.00634502206964	0.0021803905676
NTGN	132790	1229636	1234678	6458	3797	153.086645245	0.00522452175967	0.00306586729647	0.0021586544632
GNCC	5247	54504	54474	226	109	9.59042174178	0.00412936232414	0.00199695876005	0.00213240356408
ANNC	99360	919827	914776	6990	5045	66.7924475243	0.00754194193676	0.00548476279624	0.00205717914052
NCCC	6047	53307	53769	244	135	7.72281955728	0.00455640417546	0.00250445235975	0.00205195181571
CAGN	9988	95325	95400	464	268	12.2333589108	0.0048439799977	0.00280135468495	0.00204262531275
GAGN	10866	101948	101880	551	355	9.96262666945	0.00537566220158	0.00347239203795	0.00190327016363
TTAA	43972	407729	408881	1618	853	52.8946358913	0.0039526367605	0.00208183846105	0.00187079829945
NAAC	39448	371023	367850	3357	2633	18.5399193307	0.00896682515092	0.00710693877992	0.001859886371
TTGN	44262	407908	412883	2048	1309	38.2653408499	0.00499565807062	0.00316037006992	0.0018352880007
AATC	10489	98783	98514	594	412	7.79177234264	0.00597723819395	0.00416472919152	0.00181250900243
TTAC	14170	134310	133843	916	670	8.87844999929	0.00677384526644	0.00498093121111	0.00179291405533
NANC	103205	973731	968236	6483	4813	52.5051363707	0.00661386187098	0.00494630794544	0.00166755392554
TCGN	8126	76442	77227	321	195	7.69232082126	0.00418170212212	0.00251866394565	0.00166303817647
TGNT	50953	476417	478877	1897	1114	46.0968106711	0.00396601395736	0.00232087684977	0.00164513710758
CGAA	3743	35956	35252	119	59	4.73824685849	0.00329868329868	0.00167086743508	0.00162781586361
NTAC	41821	386641	384622	2764	2134	17.7729516355	0.00709800850015	0.00551769074042	0.00158031775973
NCAC	15932	148691	147513	807	569	9.32307683248	0.00539806552596	0.00384246566092	0.00155559986504
TTTG	20971	189053	193157	2441	2188	4.98130914912	0.0127471356805	0.0112006962042	0.00154643947634
NNAC	107686	1009619	1003212	7424	5809	41.5146979671	0.00729959303589	0.00575706551202	0.00154252752387
GCTT	3902	36532	36697	120	64	4.34628336446	0.00327403688748	0.00174097549033	0.00153306139715
ANGG	18721	173098	173232	853	589	11.3636984298	0.00490367977189	0.00338854338659	0.0015151363853
CGNT	7692	72099	73029	298	193	5.85868975139	0.00411619265992	0.00263581983557	0.00148037282435
CNGN	24472	232106	232553	1047	706	15.4225965275	0.00449061345983	0.00302667849901	0.00146393496082
GANC	13322	130190	129473	800	609	6.11738266212	0.0061073364379	0.00468166233606	0.00142567410183
TATT	84370	757943	761794	2580	1512	62.7552074676	0.00339240233366	0.00198085695645	0.00141154537721
ATNC	44990	412968	411015	2944	2346	14.9406215398	0.00707842043509	0.00567542656419	0.0014029938709
TNAA	142690	1313226	1311679	4101	2308	109.528023104	0.00311312225438	0.00175648617528	0.0013566360791
NCNC	34808	322049	321397	1606	1190	14.1320963366	0.00496207381317	0.00368892732813	0.00127314648503
AATT	46822	429083	431327	1493	957	27.0441556838	0.00346744825536	0.00221382239454	0.00125362586082
NATT	163198	1487756	1495183	4813	3006	93.7161141063	0.00322464154086	0.00200642242067	0.00121821912019
TAAA	64169	580879	579042	1488	787	47.4633166144	0.00255508983167	0.00135729672024	0.00119779311143
TCNC	12931	120995	121776	589	453	4.72199298671	0.0048443874194	0.00370615811305	0.00113822930635
CATC	7957	75247	75770	260	176	4.27452719947	0.00344338935463	0.002317436073	0.00112595328163
GTNT	43480	400780	404114	1323	906	18.6242144762	0.00329020176422	0.00223692657153	0.0010532751927
TGAA	21032	197733	197000	596	394	9.58744619086	0.00300510767462	0.00199600798403	0.00100909969059
CTAA	10064	100840	100813	320	218	4.85692927732	0.00316330565441	0.00215775356079	0.00100555209362
GNNT	99360	921553	928613	3719	2821	29.2807749477	0.00401935863184	0.00302866332988	0.000990695301964
TCAA	13517	126885	126756	399	274	5.71363477178	0.00313472235316	0.0021569707943	0.000977751558862
TTNC	51742	476027	481499	4389	3967	6.48204860262	0.00913583227869	0.00817153003506	0.000964302243633
NAGG	17347	165443	165996	744	586	4.87992511833	0.00447688447351	0.00351778703581	0.000959097437701
TNAC	36208	347224	345104	2113	1767	7.01482356236	0.00604860063492	0.00509411279698	0.000954487837941
CANC	17404	164807	164204	707	547	4.9988776532	0.00427154198436	0.00332016194135	0.00095138004301
NAAA	249835	2237523	2227331	5117	2969	122.923842937	0.00228168587022	0.00133121104784	0.000950474822383
ATNT	278823	2412346	2419060	9128	6942	66.9587757161	0.00376960479444	0.00286149805318	0.00090810674126
CNAA	40626	387567	383806	1045	689	16.0296178904	0.00268905746606	0.00179196088376	0.000897096582302
NNAA	499643	4558812	4535189	12445	8341	172.426914946	0.0027224459268	0.00183579727657	0.000886648650232
NTNC	127677	1180129	1184841	8835	7805	15.6376555688	0.00743083894887	0.00654427214781	0.000886566801054
AAAA	139290	1223050	1220303	2647	1561	61.4373923675	0.00215958756528	0.00127755625831	0.000882031306972
GATT	10489	99117	99877	252	166	4.63338443824	0.00253600217372	0.0016592865068	0.000876715666914
NTAA	150180	1386158	1380997	4732	3513	39.1997325927	0.00340213819928	0.00253735978794	0.000864778411343
NATC	38797	364592	363547	1762	1442	7.52470098423	0.00480955578484	0.00395080399683	0.000858751788009
CAAA	20971	195600	192780	459	291	8.42251071803	0.00234113200618	0.00150721755209	0.00083391445409
GAAA	25405	237994	235206	523	330	9.79775216	0.00219271582319	0.00140105971062	0.000791656112573
GTAA	14170	135408	135493	403	296	4.22093279713	0.00296735905045	0.00217985256538	0.000787506485068
AGNN	96658	922344	922369	3907	3177	17.272650776	0.00421807911678	0.00343256845149	0.000785510665297
NGAA	55366	520489	516576	1399	981	16.1806649999	0.00268065178736	0.00189544340044	0.00078520838692
GNTT	34428	319719	322723	765	518	11.6798618034	0.00238701464036	0.00160251948237	0.000784495157989
TNNC	113988	1062553	1066188	7518	6705	11.5575300608	0.00702570203286	0.00624945824048	0.000776243792379
NCAA	44262	414642	410285	1197	878	10.7764011257	0.00287851788793	0.00213540615279	0.000743111735142
GNAA	51742	486633	482388	1214	845	14.5644720288	0.00248848511931	0.00174863885538	0.000739846263934
ANTT	141742	1300914	1309543	3279	2330	37.3002882114	0.00251419843535	0.00177608655716	0.000738111878195
NNGG	42528	397334	398354	1519	1250	6.58753096745	0.0038084206462	0.00312809681585	0.000680323830355
TNGA	33848	318260	317647	1269	1056	4.85056897123	0.00397147050815	0.00331342974493	0.000658040763219
ACAA	20969	195633	192276	535	399	4.4743553159	0.00272725419029	0.00207084468665	0.000656409503637
ANAA	264585	2371386	2357316	6085	4499	50.6826584143	0.00255944236544	0.00190489094192	0.000654551423514
TGAN	47089	443847	442270	1522	1230	7.28630432814	0.00341739097243	0.0027733934611	0.000643997511325
NNTT	499645	4527086	4565658	10427	7743	92.2717017758	0.00229795484883	0.00169305075151	0.000604904097326
NGTT	39450	370888	374858	899	681	7.83224005695	0.00241805119598	0.00181339354901	0.000604657646975
NGAT	38797	366109	366254	1505	1284	4.51294535567	0.00409396812961	0.00349351631668	0.000600451812934
CATT	21517	201613	202185	488	371	4.18926079568	0.00241463426702	0.00183159225103	0.000583042015993
TNTT	268409	2389539	2414561	5330	3974	47.1457158008	0.00222559146241	0.00164314347322	0.000582447989196
CNNC	42228	398850	398814	1659	1434	4.23020354605	0.00414222901358	0.00358277867722	0.00055945033636
GGNN	42528	399065	399709	1681	1460	4.13027826936	0.00419467692753	0.00363936395883	0.0005553129687
ATTT	73700	665208	670856	1255	921	12.6375964226	0.0018830752795	0.00137099067101	0.000512084608487
NGAN	115514	1091551	1087702	3825	3259	10.2504112586	0.00349195162209	0.00298727452219	0.000504677099904
ANNT	498490	4454167	4461945	21679	19512	26.5784183155	0.00484355359858	0.00435394114012	0.000489612458458
NTNT	628408	5550169	5591675	16396	13775	54.8856566304	0.00294544301558	0.00245742982276	0.000488013192814
ATAN	279949	2423216	2415076	9984	9028	10.6246805099	0.00410323853362	0.0037242626554	0.000378975878221
NTAN	500592	4467017	4466431	16741	15454	12.0378925796	0.00373369838426	0.00344810275141	0.000285595632848
NTTT	249835	2218453	2244040	3773	3191	12.9805714595	0.00169784711366	0.00141996973164	0.000277877382021
AANN	499645	4536768	4524333	21884	20698	7.28945032982	0.00480054191458	0.00455398434026	0.000246557574323
AANA	268409	2408692	2397639	5708	5090	7.90184239681	0.00236414844268	0.00211842450813	0.000245723934545
TTTT	139290	1211218	1228368	1943	1728	4.1162050856	0.00160160110653	0.00140476840832	0.000196832698211
TNNT	541469	4903772	4940646	14276	13531	6.42112406436	0.00290277768741	0.00273123063629	0.000171547051118
