#Sequence	Occurrence	Forward Match	Backward Match	Forward Mismatch	Backward Mismatch	Strand Bias Score	FER (Forward Error Rate)	RER (Reverse Error Rate), ERD (Error rate Difference)
GGGT	2354	153437	158593	4418	1530	9223372036854775807	0.0279877102404	0.009555154475	0.0184325557654
AGGT	5322	444749	454152	11483	4037	9223372036854775807	0.0251692121552	0.00881077459302	0.0163584375622
NGGT	14641	1180581	1208733	27549	10194	9223372036854775807	0.0228030096099	0.00836309311386	0.014439916496
CGGT	831	68052	69864	1364	535	83.4503905832	0.019649648496	0.00759953976619	0.0120501087298
TGGT	6134	514343	526124	10284	4092	9223372036854775807	0.0196024985371	0.0077176094271	0.01188488911
AAGT	10403	872020	883441	18603	9173	9223372036854775807	0.0208876258529	0.0102765585124	0.0106110673405
AGGG	2602	176823	180169	3675	2127	95.8604460181	0.0203603364026	0.0116678369246	0.00869249947806
GGGN	6798	500830	511949	9747	5387	291.155856531	0.0190901666154	0.0104129617889	0.00867720482656
NAGT	24706	2093143	2119387	38038	19731	9223372036854775807	0.0178483197814	0.00922389508199	0.00862442469939
TAGG	4542	365368	368712	7018	3866	202.967302405	0.0188460361023	0.0103763507239	0.00846968537845
CAGG	1867	144650	146838	2741	1519	80.2515778993	0.0185967935627	0.0102388158294	0.00835797773332
CGGG	383	28926	29279	586	346	14.7291150639	0.0198563296286	0.0116793248945	0.00817700473411
ANGT	42268	3535909	3572355	60265	31550	9223372036854775807	0.0167580879012	0.00875439280447	0.00800369509673
GNGT	11688	921656	935017	15475	8070	9223372036854775807	0.0165131662489	0.00855700481504	0.00795616143386
AAGG	7874	655687	660394	12874	7592	9223372036854775807	0.0192562832711	0.0113655076603	0.00789077561075
NAGG	16799	1371784	1385398	26069	15079	9223372036854775807	0.0186493143414	0.0107670457994	0.00788226854196
CNGG	3944	314571	318416	5629	3121	161.972777596	0.0175796377264	0.00970650345061	0.00787313427581
GAGT	2561	217264	220233	3665	1954	118.063875904	0.0165890399178	0.00879439391143	0.00779464600637
NGGG	6798	500599	510920	9964	6142	212.382058654	0.0195157110876	0.0118786528501	0.00763705823742
GTGG	2573	206342	209708	3509	1929	105.265867881	0.0167213880325	0.00911466331502	0.00760672471745
CTGG	1356	114926	116072	1853	976	61.3877906966	0.0158675789311	0.00833845943545	0.0075291194957
TAGT	9346	801396	811611	12882	6856	9223372036854775807	0.0158201498751	0.0083766358326	0.0074435140425
GGGG	1428	103359	106061	2232	1474	38.5121522378	0.0211381651845	0.013707165109	0.0074310000755
ANGG	18811	1542933	1558204	28337	16779	9223372036854775807	0.0180344562042	0.0106534483229	0.00738100788128
AGGN	16799	1374824	1387872	23135	12995	9223372036854775807	0.0165491262619	0.00927639811631	0.00727272814562
NNGG	42980	3493940	3538384	62792	37259	9223372036854775807	0.0176544085976	0.0104202237192	0.00723418487835
NGGN	42980	3498441	3544239	58310	32828	9223372036854775807	0.0163941754708	0.00917735116507	0.00721682430574
GNGG	6885	543258	553804	9613	5798	219.741221423	0.0173874194885	0.0103609350932	0.0070264843953
NNGT	100584	8427958	8525702	130377	70625	9223372036854775807	0.0152339210839	0.00821571817824	0.00701820290571
TNGG	13340	1093178	1107960	19213	11561	9223372036854775807	0.0172718046083	0.0103267379531	0.00694506665517
TGGN	16778	1412948	1431734	22013	12412	9223372036854775807	0.0153404866056	0.00859469887394	0.00674578773162
NTGG	16778	1411517	1429471	23535	13977	9223372036854775807	0.0164001025747	0.00968306444015	0.00671703813453
TGGG	2385	191491	195411	3471	2195	68.401825944	0.017803469394	0.0111079623088	0.0066955070852
ATGG	7339	629197	635584	10480	6244	240.711618039	0.0163832684308	0.00972846307734	0.00665480535345
CGGN	2605	209839	212684	3415	2034	80.3418060544	0.0160137676198	0.00947289002319	0.00654087759664
GAGG	2516	206079	209454	3436	2102	74.8389764435	0.0163997804453	0.009935903496	0.00646387694931
CCGG	338	26069	26227	449	280	9.41400978594	0.0169318953164	0.0105632474441	0.00636864787232
ACGT	3360	277005	278483	4390	2600	101.671887072	0.0156008457862	0.00924993685139	0.00635090893478
TTGG	5510	461052	468107	7693	4828	151.354498765	0.0164119083937	0.0102085910326	0.0062033173611
GCGT	711	57436	57736	833	477	22.1484856809	0.0142957661879	0.00819404600347	0.00610172018438
TNGT	38746	3304321	3346666	45828	25752	9223372036854775807	0.0136793915733	0.00763606409407	0.00604332747926
CCGT	996	81895	81898	1126	622	32.2804188673	0.0135628335	0.00753756665051	0.00602526684945
ACGG	996	81226	82057	1308	816	26.5481613644	0.0158480141517	0.00984639146646	0.00600162268528
CAGT	2396	202463	204102	2888	1748	63.3949153277	0.0140637250366	0.00849162011173	0.00557210492491
NCGG	2605	210040	212595	3224	2061	59.1593198818	0.0151174131593	0.00960140876565	0.00551600439362
GCGG	368	27478	28581	436	293	8.05857032915	0.0156194024504	0.0101475375771	0.00547186487332
NCGT	8779	734907	739910	10191	6163	220.470297661	0.0136773954567	0.00826058576037	0.00541680969633
CNGT	7881	666072	671664	8809	5253	201.146945771	0.013052671508	0.00776018330165	0.00529248820637
ATGT	23183	1942135	1956279	25789	15740	9223372036854775807	0.0131046727414	0.00798166751943	0.005123005222
GTGT	6062	493519	498455	6559	4109	127.555506914	0.0131159539112	0.00817607309716	0.00493988081403
TCGG	903	75267	75730	1031	672	17.6792691749	0.0135128050539	0.00879558126751	0.00471722378636
TTTG	19669	1658091	1676747	29709	21980	267.543779928	0.0176022040526	0.0129391008679	0.00466310318473
TTNG	37334	3153411	3186370	51468	37127	9223372036854775807	0.0160592646399	0.0115176158067	0.00454164883326
NTGT	52457	4419327	4457672	54599	34537	9223372036854775807	0.0122038227722	0.00768819972535	0.00451562304687
ATNG	32951	2839671	2853089	43130	30293	9223372036854775807	0.0149611436932	0.0105060654468	0.00445507824648
AAAG	20171	1693375	1695717	33297	25639	216.186347194	0.0192839172698	0.0148946528202	0.00438926444954
AAGN	43363	3685892	3694968	50238	33832	9223372036854775807	0.013446534248	0.00907316026604	0.00437337398197
NTNG	92091	7839494	7902239	119989	85500	9223372036854775807	0.0150749740907	0.0107039050725	0.00437106901814
TAGN	26004	2223784	2235051	29511	19722	9223372036854775807	0.0130968204341	0.00874677850054	0.00435004193353
TCCG	1047	86651	86730	1172	788	17.1833974568	0.0133450235132	0.00900386206266	0.00434116145054
TNGN	92091	7859776	7922756	101481	67180	9223372036854775807	0.0127468564323	0.00840807736132	0.00433877907102
ATAG	11062	955090	955534	14718	10486	154.16618916	0.0151761998251	0.0108548477257	0.0043213520994
TCGT	3712	318571	321793	3842	2464	69.0163520404	0.0119163929494	0.00759891074055	0.00431748220886
GNGN	35687	2896594	2927498	39891	27582	9223372036854775807	0.0135846088095	0.00933375746173	0.00425085134779
AANG	51670	4399860	4409024	73263	54247	9223372036854775807	0.0163784899275	0.0121540905762	0.00422439935134
GGGA	2452	201235	203276	2558	1727	37.5799974466	0.012551952226	0.00842426696195	0.00412768526409
NAGN	90181	7673997	7704141	101106	69072	9223372036854775807	0.0130038148691	0.00888590084949	0.00411791401958
ANNG	103938	8825910	8856197	137422	100806	9223372036854775807	0.0153315753561	0.0112544341003	0.00407714125579
GTNG	13180	1107362	1119340	15284	10780	179.095410302	0.0136142648707	0.00953881003787	0.0040754548328
ANGN	128143	10893626	10927626	141713	96749	9223372036854775807	0.0128417441458	0.0087759170021	0.00406582714369
GTAG	4278	361066	364282	4928	3474	58.0477395683	0.0134647016071	0.0094464808188	0.00401822078833
TGGA	6963	603111	605708	7114	4668	112.838015167	0.0116579950018	0.00764774499653	0.00401025000532
NTAG	26004	2220790	2231449	32029	23054	9223372036854775807	0.0142172984159	0.0102257570737	0.00399154134216
CGGA	1047	86425	86920	1146	802	14.3919050365	0.0130865240776	0.00914251841043	0.00394400566717
NTTG	41275	3516972	3548283	55734	41892	9223372036854775807	0.0155999402134	0.0116685119806	0.00393142823277
ANAG	39028	3311348	3316915	56247	42924	9223372036854775807	0.0167024241335	0.0127756121647	0.00392681196879
TTGT	19554	1670011	1687138	18820	12340	9223372036854775807	0.0111438030211	0.00726105309983	0.00388274992131
CCGN	2605	212182	211328	2792	1965	31.2589627175	0.0129876171072	0.00921267927217	0.00377493783501
CTNG	8626	739050	743440	10107	7300	102.112307332	0.0134911640684	0.00972373924395	0.00376742482447
TTAG	8520	720120	726406	9908	7255	94.3703031149	0.0135720821667	0.00988876333893	0.00368331882779
ATTG	11911	1025836	1031227	15143	11367	120.993162011	0.0145468832705	0.0109026140569	0.0036442692136
TACG	2797	233787	235271	3246	2395	29.8086066531	0.013694295731	0.0100771671169	0.0036171286141
ACGN	8779	737470	737038	9497	6782	98.2622675534	0.012714082416	0.00911779731656	0.0035962850994
TTGN	41275	3531912	3561761	41846	29278	9223372036854775807	0.0117092427635	0.00815307213316	0.00355617063034
TNCG	8404	708544	711602	9523	7017	85.1575934303	0.013261993658	0.00976456230631	0.00349743135166
GAGN	11080	937726	944408	11685	8410	121.125207263	0.0123076307311	0.00882644954231	0.00348118118875
TTGA	12461	1086925	1092469	12057	8251	159.101345836	0.0109710623104	0.00749600261647	0.00347505969392
CTGT	3658	313662	315800	3431	2348	46.4445300395	0.0108201694771	0.00738021298264	0.00343995649446
TTCG	3635	314148	315110	4158	3064	37.4446170586	0.0130629017361	0.00962995090737	0.0034329508287
NCGN	21662	1819707	1823288	22720	16388	224.474827405	0.0123315604906	0.00890809033765	0.00342347015295
CTAG	2144	184514	185227	2475	1839	21.6817915446	0.0132360727102	0.00983075492072	0.00340531778944
AGNG	11436	918046	926288	12543	9456	100.336481428	0.0134785603526	0.0101053279529	0.00337323239969
TNNG	103907	8727930	8786631	131263	101761	9223372036854775807	0.0148165865672	0.0114487524853	0.00336783408193
TCGN	8034	691132	694210	8111	5768	88.6176323255	0.0115996870902	0.00824025897957	0.00335942811061
CNGN	24678	2076368	2083450	24957	17898	256.666277615	0.0118767920241	0.00851738978979	0.00335940223429
GTGN	15565	1279115	1290429	16139	11912	146.378885166	0.0124601043502	0.00914660599643	0.00331349835376
CCGA	903	75580	75661	962	709	9.11746888883	0.0125682631758	0.00928375016368	0.0032845130121
CGNG	2432	196374	197350	2730	2088	20.0556131916	0.0137114271938	0.0104694190676	0.00324200812625
NGGA	18149	1547573	1553359	17743	12678	186.921039683	0.0113350914448	0.0080955941654	0.00323949727939
NANG	128143	10869298	10894676	163388	127615	9223372036854775807	0.0148094489411	0.0115779015452	0.00323154739593
NTGN	125776	10734219	10789662	125906	91121	9223372036854775807	0.011593420886	0.00837448922564	0.0032189316604
TCGA	2612	230194	230500	2638	1903	26.8592972373	0.011330057724	0.00818836245659	0.00314169526743
CAGN	9734	826595	829714	9672	7108	87.641191685	0.0115656841655	0.00849404054865	0.00307164361682
CNNG	29128	2448170	2455886	33355	25736	217.495082617	0.0134413314393	0.0103706366239	0.00307069481539
NNAG	90181	7659612	7681664	113768	89948	9223372036854775807	0.0146355896663	0.011573917998	0.00306167166831
GTCG	1016	83968	84801	987	732	9.52265582187	0.011617915367	0.00855810038231	0.00305981498465
ATGN	59202	5095440	5107748	58843	43140	9223372036854775807	0.0114163308456	0.0083752549075	0.00304107593813
NTCG	8034	690215	693036	8691	6577	66.0069054156	0.0124351486466	0.00940091164687	0.00303423699973
NGNG	35687	2896704	2923062	39248	30616	247.501653374	0.0133680659629	0.0103653817376	0.00300268422531
TNGA	31458	2747022	2754668	29164	20850	9223372036854775807	0.0105050598195	0.00751211125275	0.00299294856673
NAAG	43363	3674126	3678516	60973	49713	249.514785883	0.0163243330364	0.0133342131076	0.0029901199288
ANTG	38427	3315942	3326264	44576	34546	281.173119465	0.0132646217042	0.010279069629	0.00298555207511
CTTG	4382	377059	379760	5022	3900	33.1543495073	0.0131438098204	0.0101652504822	0.00297855933823
NCCG	2605	212186	211048	2737	2086	19.1278512793	0.0127347933911	0.00978726998039	0.00294752341073
AATG	20166	1755366	1758716	23149	17889	148.327833551	0.0130159149628	0.0100692050287	0.00294670993407
TNTG	55763	4693661	4721464	71227	57597	9223372036854775807	0.0149483051858	0.0120519491172	0.00289635606857
CANG	14126	1195293	1197785	16552	13103	88.9372548171	0.0136585124335	0.0108209842694	0.00283752816413
TGNG	14948	1235983	1245504	17013	13542	91.7478167708	0.0135778565933	0.0107557626965	0.0028220938968
NNCG	21662	1818528	1820413	23287	18084	143.104416373	0.0126435065411	0.00983629562626	0.00280721091484
NACG	8779	737096	735619	9747	7669	53.5585153303	0.0130509357388	0.0103176695978	0.00273326614105
GNNG	43626	3679701	3701841	45502	35435	283.677997491	0.0122146363567	0.00948150471092	0.00273313164581
CTGN	9734	827752	829724	9078	6791	73.3641691582	0.0108480814502	0.00811820469448	0.00272987675576
NNTG	125776	10709631	10760094	147695	118447	9223372036854775807	0.0136032573766	0.0108881328847	0.0027151244919
TANG	42347	3542636	3555372	53570	43855	216.60226313	0.0148962545527	0.0121845607404	0.00271169381231
GTTG	5313	455986	460549	5860	4645	33.960485497	0.012688212088	0.00998508149288	0.00270313059513
GGNG	6871	546301	553920	6962	5530	40.8118264078	0.0125835271833	0.00988470819555	0.00269881898773
CTCG	744	62551	62381	757	585	5.35991864811	0.0119574145448	0.00929072832957	0.00266668621519
AACG	3459	295432	294197	3943	3127	20.5116177047	0.0131707724426	0.0105171462781	0.00265362616445
ACCG	831	69550	68675	851	658	5.52354888779	0.0120878964787	0.00949043024245	0.00259746623629
ATCG	2639	229548	230744	2789	2196	16.8046590924	0.0120041147127	0.00942732034	0.00257679437268
TNAG	26400	2232547	2245605	31300	25586	131.760905437	0.013826022695	0.011265454997	0.00256056769804
GCGN	2244	178923	180712	2320	1873	12.1185779718	0.0128004943639	0.0102582358901	0.00254225847379
ANCG	7672	655687	654814	8262	6557	42.8267473393	0.0124437268525	0.00991425387566	0.00252947297685
TCNG	9278	795900	799385	9212	7237	54.0787642534	0.0114418863462	0.00897198439914	0.00246990194711
AGAG	4137	348691	351806	4412	3570	21.7557041924	0.0124949377377	0.0100456980775	0.00244923966018
ACNG	7881	668333	667796	8486	6810	40.3179404767	0.012538064091	0.0100947812501	0.0024432828409
CGAG	744	62315	62547	805	653	4.20180245898	0.0127534854246	0.010332278481	0.00242120694358
TGCG	925	73958	74491	947	770	4.9072047767	0.0126426807289	0.0102310625689	0.00241161816
CNTG	14126	1195504	1199256	15490	12588	67.6383080846	0.0127911451254	0.0103874756157	0.00240366950974
CNAG	8626	740819	741429	9752	7940	41.3332541237	0.0129927748341	0.0105955810822	0.00239719375188
NCNG	24678	2076215	2080578	24917	20007	118.926767137	0.0118588456127	0.00952448960647	0.00233435600628
NCGA	8034	693788	692268	7590	5944	43.4691759193	0.0108215541406	0.00851317364926	0.0023083804913
NGAG	11080	937748	943036	11421	9276	51.6094180957	0.0120326306485	0.00974050521258	0.00229212543592
GNCG	3154	257021	257212	3018	2423	15.0382072563	0.011605951415	0.00933233192751	0.00227361948747
CGTG	1127	90959	91355	1187	980	5.16665988233	0.0128817311658	0.0106135268316	0.00226820433411
GGNT	14152	1131371	1141720	12546	10069	64.565543146	0.0109675789415	0.00874205258081	0.00222552636067
CCNG	3944	317453	317311	3966	3245	16.394753076	0.0123390340957	0.0101230362246	0.00221599787112
NATG	59202	5086292	5095143	66599	55154	236.721501594	0.0129245893228	0.0107088969821	0.00221569234071
GGAG	2383	200350	200676	2182	1738	11.8779382251	0.0107736061462	0.00858636260338	0.00218724354281
GACG	1396	116626	115087	1392	1118	6.44330713677	0.011794810961	0.00962092853147	0.00217388242957
TGAG	3816	326392	328007	4022	3315	16.3743148969	0.0121726076982	0.0100053724172	0.00216723528106
AGGA	7687	656802	657455	6925	5481	37.6271577363	0.0104335065471	0.00826776642089	0.00216574012623
CAAG	4382	378396	377865	5182	4342	16.6297854537	0.0135096381961	0.0113603361529	0.00214930204322
GNAG	16127	1374898	1377715	16469	13498	65.877883022	0.0118365607349	0.00970232451824	0.00213423621663
CCTG	1867	146490	146123	1818	1495	7.39811429417	0.0122582733231	0.0101274912274	0.00213078209573
CATG	6750	580996	582018	7463	6213	26.0866650732	0.0126822769301	0.0105621771039	0.00212009982619
GNGA	12840	1088355	1094185	11279	9021	57.921261811	0.0102570491636	0.00817707662939	0.00207997253424
TCTG	4005	352526	354322	4005	3274	17.5869596378	0.011233244795	0.00915558339579	0.0020776613992
CTGA	3323	282533	282266	2794	2198	16.1693829003	0.00979227342663	0.00772681253164	0.00206546089499
NGCG	2244	179031	180710	2112	1752	8.79330586425	0.0116592967987	0.00960199932041	0.00205729747826
TAAG	10741	904579	908589	14366	12513	30.2496337035	0.0156331445299	0.0135848147111	0.00204832981879
TGTG	7822	644142	647595	8573	7262	25.9047973078	0.0131343695181	0.0110894439549	0.00204492556315
CNGA	9278	799292	799060	7851	6189	43.4392214301	0.00972690093329	0.00768582140431	0.00204107952898
GANG	20000	1731509	1732495	20003	16410	77.9554647512	0.0114204184727	0.00938301394301	0.00203740452972
NCTG	9734	827041	828272	9611	7955	35.2326483295	0.0114874523697	0.00951296717279	0.00197448519689
NNGA	110167	9571709	9572048	92130	72946	9223372036854775807	0.00953347836196	0.00756309438865	0.00197038397331
TTTA	57285	4692756	4731204	60003	50967	175.6482962	0.0126248774659	0.010657711738	0.00196716572787
CNCG	2432	197276	196785	2484	2087	8.02273781906	0.0124349219063	0.0104941872159	0.00194073469039
ACTG	2396	203365	203206	2507	2107	8.21566656912	0.0121774694956	0.0102623798785	0.00191508961708
NTGA	44384	3892228	3894245	37280	29828	180.495769421	0.00948719279869	0.00760128570493	0.00188590709376
TATG	24267	2038902	2042800	28940	25081	61.960051167	0.0139952665629	0.0121288410697	0.00186642549324
GCNG	3575	294529	296086	3253	2715	11.9632813376	0.0109240988374	0.00908631497217	0.00183778386523
NGTG	15565	1279326	1288396	15751	13446	43.8559493829	0.0121622112044	0.0103284423148	0.00183376888962
ACAG	3658	314192	313858	3820	3229	11.4178657719	0.0120121253286	0.0101833250811	0.00182880024747
GTGA	4891	417850	420323	4352	3596	17.4429356138	0.0103078621134	0.00848275260132	0.00182510951207
AGTG	3954	331375	333115	3777	3183	12.5032705791	0.0112695135342	0.00946481989188	0.00180469364228
GNTG	17460	1504524	1513110	16402	13716	56.10206897	0.0107842196136	0.00898334191322	0.00180087770035
TTNA	127517	10694026	10745507	118581	99451	9223372036854775807	0.0109669203736	0.00917025220384	0.00179666816976
TCAG	3323	281456	282603	3004	2503	11.1471539518	0.0105603599803	0.00877919089742	0.00178116908289
ACGA	3712	321616	319158	3212	2620	12.9059839337	0.00988831012105	0.00814225957026	0.00174605055079
NCAG	9734	826948	828663	9345	7905	27.5865737347	0.0111743133089	0.00944932151361	0.00172499179524
TTAA	38620	3252265	3256356	31196	25742	115.358052682	0.00950095036914	0.00784315398261	0.00165779638653
GCTG	1466	124660	124621	1281	1079	4.40327205196	0.0101714294789	0.00858392999204	0.00158749948684
TAGA	9422	826792	825991	7355	6028	29.1802126464	0.00881739069972	0.00724502685636	0.00157236384336
GATG	8019	711028	711609	7047	5971	20.367850462	0.00981373811928	0.0083210234399	0.00149271467938
GAGA	4690	402872	403637	3591	2986	13.1753328613	0.0088347524867	0.00734341146467	0.00149134102202
NAGA	39600	3438120	3432176	29517	24496	100.087156364	0.00851213665098	0.00708658501588	0.00142555163511
AAGA	21483	1853702	1848335	15622	13002	51.2933559082	0.00835703173982	0.0069853014258	0.00137173031401
ANGA	56591	4937040	4924135	43836	36886	126.43607567	0.0088008615352	0.00743516304406	0.00136569849114
AGNT	27693	2403230	2410040	26319	23102	48.226496869	0.0108328747434	0.00949471917381	0.00133815556961
CAGA	4005	354754	354213	2949	2480	9.44620612535	0.00824426968742	0.00695275769359	0.00129151199383
GAAG	8069	697776	696345	8128	7219	12.1025612169	0.0115143135611	0.0102606159497	0.0012536976114
TTTN	227409	17829275	18088910	190749	173385	237.653819343	0.0105853910072	0.00949415174818	0.00109123925907
TTTC	23751	2008967	2019769	31681	29607	18.5254254478	0.0155249704996	0.0144468365005	0.00107813399909
ATGA	23709	2104920	2099187	18077	15783	33.301896587	0.0085148495264	0.00746251719883	0.00105233232758
NGNT	97731	8393779	8425891	81464	73097	105.870281311	0.00961199578584	0.0086006710446	0.00101132474124
GGNN	42979	3520790	3545134	35987	32716	39.7171845657	0.0101178679462	0.00914403901785	0.000973828928331
TTCC	8172	689811	691001	8058	7394	7.20160238749	0.0115465796589	0.0105871319239	0.000959447735022
TTNN	454984	37158081	37494402	363412	335731	294.136795272	0.0096854354916	0.00887469784999	0.000810737641608
ATAC	16739	1400838	1394727	17457	16322	8.00766387361	0.0123084407687	0.0115672807961	0.000741159972609
NTTA	134363	11299186	11343602	118589	111388	56.0186028905	0.0103863493544	0.00972397182363	0.000662377530773
TGNT	48213	4201910	4216220	36731	34275	21.2048039417	0.00866574923425	0.0080637666907	0.000601982543544
TGAA	19149	1666684	1664244	13904	12875	9.07640985066	0.008273294823	0.00767685536924	0.000596439453765
TNNA	429936	35203024	35218129	328657	307528	154.481002055	0.00924968903104	0.00865650422735	0.000593184803684
TNAA	127517	10759665	10725151	93271	86516	51.3468787453	0.00859407997983	0.00800209625398	0.00059198372585
NTNA	357495	30450260	30453557	286436	269439	113.673107857	0.00931902374933	0.00876994548318	0.000549078266151
TNTA	219304	17288077	17338443	169525	160552	59.5343802289	0.00971066931186	0.00917492690294	0.000535742408911
TTCA	19149	1662080	1665478	15325	14491	6.19254278328	0.00913613587655	0.0086257544038	0.000510381472746
NTTC	51935	4448424	4465275	58108	56157	9.71505495457	0.0128941722815	0.0124201801553	0.000473992126166
TTNC	48436	4105507	4112032	54973	53111	8.39503505304	0.0132131388686	0.0127513028964	0.000461835972149
TGNN	125775	10759431	10783666	103420	98871	25.3789833351	0.00952052090193	0.00908528957908	0.00043523132285
NTTN	454984	37172238	37491421	356822	344169	76.52193593	0.00950788535604	0.00909643539324	0.000411449962805
AGNN	90181	7702060	7702450	74448	71313	15.5462252128	0.00957344864816	0.00917354954094	0.000399899107223
CATA	24267	2054198	2052187	16642	15819	5.07934627502	0.00803635239806	0.0076493975356	0.000386954862464
AAAA	126702	9646300	9483403	81744	76881	17.7867883355	0.00840292251968	0.0080417067108	0.000361215808871
TNTN	568223	45605433	45939243	433243	420577	64.0614509146	0.00941041397455	0.00907201537883	0.000338398595712
NTAA	134363	11365950	11322021	97231	93145	16.6550791486	0.0084820260624	0.00815975869295	0.000322267369446
TATA	132542	10092843	10100882	87551	84957	9.75519077365	0.00859996184823	0.00834069731516	0.00025926453307
NNAA	454984	37537732	37247347	311269	301375	20.9335503119	0.00822396871188	0.00802623854948	0.000197730162405
NAAA	227409	18117916	17902908	149668	144526	9.29109607982	0.00819309220092	0.00800811904895	0.000184973151971
TATN	248757	19909002	19962927	176521	173820	7.02867773304	0.00878846918748	0.00863198013065	0.00015648905683
ATNN	493112	40930539	40925770	364279	358743	9.89848517847	0.00882142161276	0.00868952965486	0.000131891957894
