#Sequence	Occurrence	Forward Match	Backward Match	Forward Mismatch	Backward Mismatch	Strand Bias Score	FER (Forward Error Rate)	RER (Reverse Error Rate), ERD (Error rate Difference)
CGGT	865	8141	8318	161	58	11.6054378546	0.0193929173693	0.00692454632283	0.0124683710465
GGGT	2120	19487	19717	530	322	12.171169707	0.02647749413	0.0160686661011	0.0104088280289
AAGT	13735	137519	141393	2986	1626	95.2188530531	0.0212519127433	0.0113691187884	0.00988279395491
AGGT	8132	113607	114558	2490	1355	74.8158922899	0.0214475826249	0.0116898018341	0.00975778079074
TGCC	1544	13599	13387	272	135	10.1920814198	0.0196092567227	0.00998373021742	0.00962552650524
AACC	5808	54262	55341	1171	678	31.2339767283	0.0211246008695	0.0121030364698	0.00902156439975
AGCC	1113	9623	9481	196	105	6.2836535113	0.0199612995213	0.010953473816	0.00900782570535
ATCC	6328	58163	56542	1075	533	36.9916506255	0.0181471352848	0.00933858957512	0.00880854570966
CTAA	11436	136940	139414	1924	725	122.663376183	0.0138552828667	0.00517343494673	0.00868184791996
NGCC	3501	32077	31624	635	353	17.2863865517	0.0194118366349	0.0110391844138	0.00837265222108
TTCC	9423	76944	75968	1491	818	41.2578519058	0.0190093708166	0.0106529836168	0.00835638719979
NGGT	18386	215297	217481	4394	2568	107.654898264	0.0200008193326	0.0116701280169	0.00833069131567
GTAA	15521	143483	147680	1808	633	130.484900081	0.0124439917132	0.00426800078213	0.00817599093105
ANCC	15369	141978	141015	2743	1553	70.021166973	0.0189537109335	0.0108930475282	0.00806066340525
CAGT	2988	30854	30369	545	290	16.7351476821	0.0173572406765	0.00945888646075	0.00789835421571
CNAA	44110	391800	402530	4814	1763	9223372036854775807	0.0121377460201	0.00436069880013	0.00777704721993
CGAA	4149	36181	36759	453	171	29.3689796504	0.0123655620462	0.00463038180341	0.00773518024277
NTCC	20517	187504	183763	3418	1889	89.1270735702	0.0179025989671	0.0101749509836	0.00772764798356
CCAA	6064	54426	54745	654	236	43.8548773081	0.0118736383442	0.00429239191721	0.00758124642702
TTAA	47358	336785	342932	3630	1095	9223372036854775807	0.0106634549006	0.00318288971505	0.00748056518558
NTAA	162096	1151442	1189215	12549	4131	9223372036854775807	0.0107810111934	0.00346169509933	0.00731931609406
CAAA	22461	164253	171612	1783	631	130.972571906	0.0107386349948	0.00366342899276	0.00707520600206
TCAA	15104	124337	128218	1285	436	97.2611544884	0.0102290999984	0.00338893466196	0.00684016533645
CGGN	2585	24322	25432	371	213	11.5784421469	0.0150245008707	0.00830571261454	0.00671878825615
ATAA	87781	534234	559189	5187	1678	9223372036854775807	0.00961586590066	0.00299179662915	0.00662406927151
TGAA	23561	193106	196151	2129	868	119.906148264	0.0109048070274	0.00440566645856	0.00649914056886
TNAA	154547	1053613	1093411	10503	3788	9223372036854775807	0.00987016453093	0.00345242749948	0.00641773703146
AAAC	16473	119321	124181	1773	1052	47.0752031644	0.0146415181594	0.00840034176295	0.00624117639649
CTGG	2024	24288	24283	385	232	8.91412345067	0.0156041016496	0.00946359371813	0.00614050793144
CTCC	2601	25066	24764	387	233	8.58895219354	0.0152044945586	0.00932111853422	0.00588337602437
NNAA	541373	3571661	3750803	33585	13199	9223372036854775807	0.00931559177931	0.0035066400071	0.00580895177221
GNAA	57108	457608	473606	4828	2272	219.155820951	0.0104403636395	0.00477433291726	0.00566603072225
NCAA	48958	398317	408332	4017	1786	198.481200694	0.00998424194823	0.00435484421557	0.00562939773266
AAGG	9337	81088	86846	1210	805	24.978136067	0.0147026659214	0.0091841507798	0.00551851514161
NGAA	63577	515793	525899	5254	2431	236.958703089	0.0100835433272	0.00460129085988	0.00548225246731
GTCC	2165	27331	26489	465	305	6.83847208082	0.0167290257591	0.0113831454803	0.00534588027877
TAAA	68524	399385	426110	3459	1389	222.433550057	0.0085864503381	0.00324913040732	0.00533731993077
AANC	37706	300021	310332	4485	2978	77.9547326569	0.0147287738173	0.00950496313555	0.00522381068171
TGGT	7269	74062	74888	1213	833	16.9881225615	0.0161142477582	0.0110009112399	0.00511333651827
GCAA	4317	37214	38315	483	299	11.3333343035	0.012812690665	0.00774330553685	0.00506938512819
CNGG	5031	56570	57742	892	611	13.4284054896	0.0155233023563	0.0104707555738	0.0050525467825
ATGG	8181	73088	74948	917	559	21.6354317425	0.0123910546585	0.00740328711245	0.00498776754602
ANAA	285608	1668640	1781256	13440	5376	9223372036854775807	0.00799010748597	0.00300901360773	0.00498109387824
TNCC	20430	191791	187289	3442	2431	33.380855859	0.0176302162032	0.0128136200717	0.00481659613152
NAAA	266742	1506109	1627357	11765	4851	9223372036854775807	0.00775097274214	0.0029720476802	0.00477892506194
NAGT	31482	340279	343849	5719	4092	62.7044156317	0.0165289972774	0.011760614587	0.00476838269049
CGNA	9406	86273	87953	1034	632	23.5666822342	0.0118432657175	0.0071343906982	0.00470887501933
AGAA	26444	210997	214495	1998	1026	72.0693350268	0.00938050188972	0.00476055697589	0.00461994491383
NNCC	49058	497178	490068	8594	6167	79.3757603561	0.0169918461283	0.012427579675	0.00456426645334
GAAA	27847	201402	209117	1863	974	68.718558093	0.00916537524906	0.00463608626738	0.00452928898168
GAAC	6676	58607	59928	856	598	11.9707389788	0.0143955064494	0.0098800515481	0.00451545490129
NTGG	18897	179286	182255	2311	1511	39.9932478436	0.0127259811561	0.00822241328646	0.00450356786961
CNGT	9022	88229	85416	1193	764	18.2902178673	0.0133412359375	0.00886516593177	0.00447607000569
ANGG	21080	184069	192635	2503	1741	38.4360239299	0.0134157322642	0.00895686710293	0.00445886516129
ACAA	23473	182340	187054	1595	815	60.0188406385	0.00867154157719	0.00433812922835	0.00433341234884
AGGN	20922	227799	232251	3592	2642	36.2166355317	0.0155235078287	0.0112476744731	0.00427583335568
GGAA	9423	75509	78494	674	366	23.3107138959	0.00884711812347	0.00464113619072	0.00420598193275
TTGG	6064	54220	54796	707	481	10.6023914111	0.0128716296175	0.00870162997268	0.00416999964481
CTNA	34199	377086	376465	4116	2530	82.1882527522	0.0107974249873	0.00667554980936	0.00412187517791
CTCA	4560	41844	42687	567	401	7.62264293504	0.0133691730919	0.00930653546231	0.00406263762958
GTNA	39801	397975	398945	4307	2675	84.2612352401	0.0107064198746	0.00666052487426	0.00404589500036
CGAN	9215	85725	86102	919	572	18.6706110655	0.010606620193	0.00659944158571	0.00400717860726
AAAA	147910	741069	820518	4660	1857	9223372036854775807	0.00624891884317	0.00225809393525	0.00399082490792
ANGT	52427	497593	499885	8229	6230	62.4008148763	0.0162685687851	0.0123094553609	0.00395911342413
NCGG	2585	24489	25398	281	189	5.31437434238	0.0113443681873	0.00738656348927	0.00395780469805
CNNA	122797	1133780	1141211	12348	8084	199.039573188	0.0107736657686	0.00703387728999	0.00373978847858
NGGN	49057	489778	500313	7115	5388	60.5957629244	0.0143189781301	0.0106545171949	0.00366446093516
CAGN	12196	123892	125116	1633	1181	17.5301677107	0.0130093606851	0.00935097429076	0.00365838639436
CANA	63984	501388	509174	5661	3955	72.159142829	0.0111646014488	0.00770761348511	0.00345698796367
GNGT	12785	114717	112176	1832	1394	11.6183576827	0.0157187105852	0.012274368231	0.0034443423542
GGGN	6654	58829	60524	975	789	6.16238816897	0.0163032573072	0.012868396588	0.0034348607192
ANAC	47334	383679	391909	4347	3072	54.3482399461	0.0112028575405	0.00777758930176	0.00342526823871
ANNC	108835	914760	926162	11345	8348	107.508184056	0.0122502308054	0.00893302372366	0.0033172070817
CNCC	7207	72396	70951	1160	896	6.94884617416	0.0157702974604	0.012470945203	0.00329935225744
CCNA	15208	169033	167619	1537	967	27.9963652948	0.0090109632409	0.005735944859	0.00327501838189
CNGN	29561	299551	297655	3575	2562	35.7025170513	0.0117937755257	0.00853382719833	0.00325994832736
CTGA	4403	45282	44107	443	286	7.1791139812	0.00968835429196	0.00644245714414	0.00324589714782
ATAC	19689	151101	151483	1653	1159	19.9362599935	0.0108213205546	0.00759292986203	0.00322839069259
AAGN	54131	489921	505325	6338	4881	52.1232954788	0.0127715567879	0.00956672402912	0.00320483275877
ATNC	49234	394592	393495	4666	3370	45.3408611291	0.0116866787892	0.00849155254306	0.0031951262461
CNGA	11434	112999	113127	1158	795	15.5503769756	0.0101439245951	0.00697845894559	0.00316546564948
NTNA	428343	3239042	3255298	30539	20367	9223372036854775807	0.00934034055128	0.00621766877871	0.00312267177258
NAAC	44722	403196	413234	4449	3281	45.5825427464	0.0109139079346	0.00787726732531	0.00303664060929
GTCA	4308	46247	45657	556	408	5.19117850498	0.0118795803688	0.00885704982091	0.00302253054787
AATC	11356	91580	95343	1096	849	9.90354615106	0.0118261470068	0.00882609780439	0.00300004920239
NNGG	49057	492032	502177	6031	4631	47.0758675819	0.012108909917	0.00913758267431	0.00297132724271
TTNA	154547	1076507	1065723	10165	6948	124.79682797	0.00935424856811	0.00647728893575	0.00287695963236
CGNN	23908	225632	226732	2439	1811	21.6508447284	0.01069403826	0.00792411056125	0.00276992769876
ATNA	199796	1387474	1414165	11951	8214	166.52073271	0.00853993604516	0.00577483216499	0.00276510388018
CAGA	5021	49145	49798	504	375	5.15319468763	0.0101512618582	0.00747413947741	0.00267712238084
GTGA	5513	54170	53537	601	448	5.12855584595	0.0109729601431	0.00829860146337	0.00267435867977
CGNT	8725	81293	80341	814	589	8.01021525297	0.00991389284714	0.00727789447671	0.00263599837043
NNGT	120849	1141463	1134389	15897	12772	70.2463766939	0.013735570609	0.0111335723582	0.00260199825078
CAAN	48958	398251	409152	3882	2909	37.0910584999	0.00965352259078	0.00705963437452	0.00259388821626
CTAN	32674	358056	359210	3364	2443	33.2218924491	0.00930773061812	0.00675509397129	0.00255263664682
TGGN	18896	178828	182106	2177	1744	12.9559740448	0.0120272920638	0.00948599401686	0.00254129804689
CTGN	12195	126055	122787	1344	992	10.3775115285	0.0105495333558	0.00801428352144	0.0025352498344
NCCC	6654	60761	58965	829	653	4.09658145024	0.013459977269	0.0109530678654	0.00250690940363
CNAN	109744	1024719	1033141	9638	7087	89.7039318964	0.00931786607525	0.00681292947315	0.0025049366021
NAGG	20922	229033	233686	2719	2191	15.5555502557	0.0117323690842	0.00928873947015	0.00244362961405
TTGA	15104	126518	125420	1133	812	11.7052527232	0.00887576282207	0.00643260029153	0.00244316253054
GNNA	126299	1119951	1136864	10887	8372	80.3861839936	0.00962737368217	0.00731028364459	0.00231709003758
CNCA	16648	147608	148166	2111	1770	7.51625991523	0.0140997468591	0.0118050368157	0.00229471004341
GCNA	9757	89006	90148	944	750	6.08091083893	0.0104947192885	0.00825100662281	0.00224371266569
GTAN	47050	428718	430307	4156	3250	25.6630734662	0.00960094623378	0.00749613084323	0.00210481539054
NCGT	9903	94670	94052	946	744	5.65607992311	0.0098937416332	0.00784843242331	0.00204530920989
TNGG	15208	168722	169442	1780	1440	8.88209955719	0.0104397602374	0.00842686766307	0.00201289257435
ANGN	152471	1368457	1389227	16313	13748	56.9448732743	0.0117802956448	0.00979917674941	0.00198111889536
NTCA	52075	451587	455178	5264	4398	19.2069962335	0.0115223563044	0.00956969032325	0.0019526659811
TTCA	23561	193718	194331	2185	1806	8.84457349401	0.0111534790177	0.00920784961532	0.00194562940236
NCGA	9215	86020	85824	699	530	5.65966451472	0.00806051730301	0.00613752692406	0.00192299037896
NACC	18386	216836	215716	3712	3272	6.23336930358	0.0168308032719	0.0149414579794	0.00188934529242
TGAN	52075	455720	454674	3996	3125	23.582295943	0.00869232308643	0.00682613985614	0.00186618323029
TGNA	61497	500418	501270	4645	3721	23.3761457254	0.00919687246938	0.00736844815056	0.00182842431881
NCGN	23908	226210	226462	2077	1665	10.7553544033	0.00909819656835	0.00729856614956	0.0017996304188
TCGN	9215	85497	86364	703	553	4.89968846252	0.00815545243619	0.00636239170703	0.00179306072916
CANN	145928	1245225	1250155	13296	11083	46.3188274746	0.0105647819941	0.00878739777901	0.00177738421509
ANTC	34398	288991	292038	3123	2637	10.8450829837	0.0106910315836	0.00894884194452	0.00174218963904
CATT	23343	193546	188153	1610	1233	9.45828477325	0.00824981040808	0.0065105129207	0.00173929748738
NTGA	52076	455640	453859	3914	3103	20.5492175082	0.00851695339394	0.00679049899116	0.00172645440278
NGNA	145024	1252980	1269888	11422	9351	51.8873663256	0.00903351940285	0.00730981466325	0.0017237047396
NGAN	131314	1162452	1171338	10449	8551	45.2199153044	0.00890868027225	0.00724729190627	0.00166138836598
AGNT	36531	390566	391192	4880	4227	11.1881695168	0.0123404965533	0.0106899263819	0.00165057017137
ATAG	13004	123231	121826	1249	1031	4.67192959791	0.0100337403599	0.0083918702231	0.00164187013679
TCNA	38162	328051	331551	2836	2319	13.3224096763	0.00857090184867	0.00694581723425	0.00162508461441
GTGN	17261	163403	160351	1807	1511	5.28102115442	0.0109375945766	0.00933511262681	0.00160248194979
NCNA	109742	1025290	1028589	9176	7539	36.8392886982	0.00887027703182	0.00727612804596	0.00159414898587
NAGN	112458	1104220	1115670	12900	11217	30.229259394	0.011547550845	0.00995397054008	0.00159358030495
GNGA	14489	133123	131849	1391	1166	4.50955938508	0.0103409310555	0.00876592865466	0.00157500240084
CCAN	18897	182687	178677	1473	1163	7.24714571333	0.00799847958297	0.0064668594306	0.00153162015237
ATTC	17497	137315	137575	1434	1222	4.42694020414	0.0103352096231	0.00880422487518	0.00153098474796
NNAC	120850	1139539	1151925	10671	9027	34.6476322186	0.00927743629424	0.00777551526678	0.00150192102746
ANNA	588732	4013940	4169415	31326	26251	144.028289418	0.00774386653436	0.00625669440799	0.00148717212637
ATAN	295392	1623796	1631067	14293	11963	48.0376957185	0.00872541113456	0.00728105999282	0.00144435114174
GNAN	145022	1253570	1271826	11542	9847	35.6048410451	0.00912330291705	0.00768292692442	0.00144037599264
GNGN	39578	374238	370654	4518	3938	8.2329497864	0.0119285239046	0.0105127712284	0.00141575267614
AGNA	53691	478596	486940	4151	3525	14.4147334994	0.00859870698316	0.00718705718043	0.00141164980273
CATA	27748	214669	213652	2247	1929	5.64636950669	0.0103588485865	0.00894791284946	0.00141093573709
GANA	56311	445277	454046	4044	3474	12.7915995172	0.00900024703942	0.00759311068369	0.00140713635574
NANC	116116	1088633	1100398	12911	11537	20.9634551758	0.0117208209568	0.0103756064878	0.00134521446898
NTNC	145022	1265450	1256310	13914	12146	24.1866204592	0.0108757163716	0.00957542082658	0.00130029554499
AAAN	266739	1501295	1629904	11632	10514	41.2874040546	0.00768840796681	0.00640934200917	0.00127906595764
ANAN	672716	4048252	4190727	33367	29213	95.8276638711	0.00817494234518	0.00692261027408	0.0012523320711
GGAN	20517	183580	189651	1659	1473	4.57129492784	0.00895599738716	0.00770703836253	0.00124895902463
GAAN	63577	516026	526122	4704	4129	11.556362484	0.00903347224089	0.00778687828972	0.00124659395118
NTAN	537212	3590444	3584217	29457	24906	81.7620885059	0.00813751536299	0.00690084544085	0.00123666992214
NAAN	541370	3572112	3755341	28605	25517	79.9525658246	0.00794425110332	0.00674899718529	0.00119525391803
TNNA	518000	3291811	3292597	31205	27266	58.5981134399	0.00939056567889	0.00821298951192	0.00117757616697
AGAN	49507	437427	440911	3875	3381	8.97515125226	0.00878083489311	0.00760986018204	0.00117097471107
NTAC	47050	431782	430531	3858	3350	8.2411599581	0.00885593609402	0.00772101106064	0.00113492503339
CNTT	60143	498013	480900	3499	2836	11.2982696123	0.00697690184881	0.00586270196967	0.00111419987914
CTNN	112460	1115697	1102685	9766	8419	19.2568608698	0.00867731769059	0.00757714849375	0.00110016919684
CATN	67515	560387	554191	5351	4682	8.93338592458	0.0094584418936	0.0083775741537	0.0010808677399
AANG	60143	479530	499533	5554	5234	6.62101732396	0.0114495633746	0.0103691406134	0.0010804227612
ATNG	38478	340814	340440	3646	3268	5.0977097925	0.0105846832724	0.00950807080429	0.00107661246808
TTGN	48958	405551	399428	3876	3412	5.69739602575	0.00946688909134	0.00846986396584	0.000997025125497
CNTA	50605	481373	477388	4265	3756	6.88371426281	0.00878226168463	0.00780639475916	0.000975866925472
AGNN	112458	1105112	1113897	11400	10408	12.4112304043	0.0102103694362	0.00925727449402	0.000953094942224
TNGA	38162	330149	329154	2742	2426	4.68271061733	0.00823693040665	0.00731648470957	0.000920445697077
TTNC	57108	467248	461204	5493	4999	4.42713181845	0.0116194702808	0.0107227967216	0.000896673559167
NTGN	145929	1251493	1239488	12485	11353	10.2400754357	0.00987754533702	0.00907629346975	0.00080125186727
ACNA	46615	439200	439271	3859	3503	4.43472691009	0.0087099009387	0.00791148531757	0.000798415621135
GTNN	120850	1144762	1132964	10820	9850	8.62004646124	0.00936324726415	0.0086190753701	0.000744171894054
NANA	672719	4042170	4186312	34629	32716	31.7550843843	0.00849416417145	0.00775439271794	0.000739771453506
NGNT	116117	1097253	1089366	11423	10541	7.13520394473	0.0103032806699	0.00958353751726	0.000719743152653
TNGN	109742	1029455	1024397	10171	9375	6.97635686976	0.00978332592682	0.00906873082266	0.000714595104166
AANA	288630	1708670	1829039	11365	11009	13.0082023009	0.00660742368615	0.00598299609575	0.000624427590392
NNGA	131315	1162954	1169637	9740	9078	6.67861706128	0.0083056620056	0.00770160725875	0.000604054746852
ATNN	581142	3758374	3734310	32068	29735	16.8979979856	0.00846022706587	0.00789974615075	0.000560480915117
TAAN	162096	1156540	1190163	8387	7965	6.48533349404	0.00719959276418	0.00664787067826	0.000551722085924
AANN	541369	3562661	3758086	31077	30703	15.2759187747	0.00864754191875	0.00810364472659	0.000543897192162
TNAN	428343	3247065	3266043	22750	21204	14.7413682912	0.00695758016891	0.00645038234121	0.000507197827697
