#Sequence	Occurrence	Forward Match	Backward Match	Forward Mismatch	Backward Mismatch	Strand Bias Score	FER (Forward Error Rate)	RER (Reverse Error Rate), ERD (Error rate Difference)
GGGT	28955	1316300	1351117	37807	3473	9223372036854775807	0.0279202455936	0.00256387541618	0.0253563701774
AGGT	31880	1472087	1484390	30457	4638	9223372036854775807	0.0202702882578	0.0031147836038	0.017155504654
NGGT	175686	8125359	8221631	150183	23511	9223372036854775807	0.0181478143667	0.00285149728167	0.015296317085
CGGT	58733	2733682	2769770	44241	7837	9223372036854775807	0.0159259273925	0.00282149346542	0.0131044339271
TGGT	56118	2603290	2616354	37678	7563	9223372036854775807	0.0142667385595	0.00288233202498	0.0113844065345
GGGA	28141	1284177	1309619	18186	3913	9223372036854775807	0.0139638487887	0.00297899099527	0.0109848577934
GNGT	138255	6435204	6422177	87317	19902	9223372036854775807	0.0133870017437	0.00308937533986	0.0102976264038
GGGN	116790	5378755	5442533	66820	16089	9223372036854775807	0.0122705132149	0.00294744717623	0.00932306603863
ANGT	130130	6011059	6024480	71720	20667	9223372036854775807	0.0117906634451	0.00341877542432	0.00837188802079
AAGT	30485	1385401	1400262	16730	5123	9223372036854775807	0.011931838038	0.0036452644649	0.00828657357306
NNGT	607276	28245154	28229593	317024	91691	9223372036854775807	0.0110994336636	0.00323752976737	0.00786190389627
GAGT	23594	1084373	1083708	11633	3229	9223372036854775807	0.0106139929891	0.00297073335437	0.00764325963472
CNGT	193654	9105276	9051737	94957	29888	9223372036854775807	0.0103211516491	0.0032910409756	0.0070301106735
GCGT	58871	2765741	2744946	27287	9231	9223372036854775807	0.00976968365516	0.00335163644167	0.00641804721349
NAGT	119131	5504020	5508849	53596	17875	9223372036854775807	0.0096437033433	0.00323428490368	0.00640941843963
TNGT	145237	6693615	6731199	63030	21234	9223372036854775807	0.00932859429495	0.00314464430821	0.00618394998674
NGGA	137964	6380490	6466489	58920	21904	9223372036854775807	0.00914990659082	0.00337587442684	0.00577403216398
NGGN	646400	30055178	30304758	254562	90012	9223372036854775807	0.00839868636287	0.00296143053558	0.00543725582728
CGGA	41923	1943345	1984670	18100	7782	9223372036854775807	0.00922789066224	0.00390574026376	0.00532215039849
CAGT	49329	2316534	2310430	19859	7407	9223372036854775807	0.00849985426253	0.00319565180813	0.0053042024544
GGNT	162946	7553001	7596997	66750	26350	9223372036854775807	0.00876012877586	0.00345648702597	0.00530364174989
NCGT	170187	7987750	7928876	69688	27793	9223372036854775807	0.00864890303841	0.00349304463966	0.00515585839875
GTGT	26835	1268790	1242406	10590	3969	9223372036854775807	0.00827744688834	0.0031844348611	0.00509301202724
ACGT	33454	1569315	1564351	13716	5625	9223372036854775807	0.00866439128482	0.00358285731756	0.00508153396726
AGGN	121730	5680633	5687816	45788	16795	9223372036854775807	0.00799591926615	0.00294410959836	0.00505180966779
CCGT	44166	2087448	2049413	18449	7832	9223372036854775807	0.0087606373911	0.00380703319245	0.00495360419865
CGGN	207156	9641338	9770647	76115	30665	9223372036854775807	0.00783281380419	0.00312866277494	0.00470415102925
TGGA	40169	1870931	1882855	14822	6151	9223372036854775807	0.00785999014717	0.00325620987969	0.00460378026748
TAGT	15723	717712	714449	5374	2116	9223372036854775807	0.00743203436382	0.00295297705023	0.00447905731359
TGGN	200724	9354452	9403762	65839	26463	9223372036854775807	0.00698906222748	0.00280618967204	0.00418287255544
GNGA	159069	7368739	7379112	55181	27240	9223372036854775807	0.00743286565588	0.00367792403062	0.00375494162526
CGNT	230144	10717349	10761123	79317	39698	9223372036854775807	0.00734643453822	0.00367546133761	0.0036709732006
ATGT	34311	1584256	1575477	10817	5281	9223372036854775807	0.0067815078056	0.00334080232395	0.00344070548165
NGNT	760352	35281374	35360391	253609	131877	9223372036854775807	0.00713688254754	0.00371565435041	0.00342122819714
TCGT	33696	1565246	1570166	10236	5105	9223372036854775807	0.00649705931264	0.00324071223301	0.00325634707964
NTGT	142272	6628025	6570237	43557	22512	9223372036854775807	0.00652873636268	0.00341466056117	0.00311407580151
AGNT	140321	6479994	6493447	46993	27237	9223372036854775807	0.00719979984639	0.00417701578546	0.00302278406093
GNGN	639212	29841408	29800438	180380	92192	9223372036854775807	0.00600830303645	0.00308410467731	0.00292419835914
AGGA	27731	1282037	1289345	7812	4058	262.754196953	0.00605652289532	0.00313745986363	0.00291906303168
CTGT	41426	1967612	1922124	12408	6812	9223372036854775807	0.00626660336764	0.00353148056753	0.00273512280012
AAAC	59080	2717862	2759504	9414	3013	9223372036854775807	0.00345179585784	0.0010906720212	0.00236112383664
TTTC	66018	2988084	3077821	10921	3947	9223372036854775807	0.00364154111114	0.00128075831795	0.00236078279318
GGCT	42278	1973057	1967029	11712	7022	252.183299706	0.00590093859789	0.00355715227216	0.00234378632574
GCGA	57188	2661613	2662932	17749	11480	292.615162668	0.006624338182	0.00429253233982	0.00233180584218
GGGC	36951	1721510	1727459	8812	4904	245.254679433	0.00509269372984	0.00283081548151	0.00226187824832
GTGA	45704	2132433	2118111	12541	7628	253.072237297	0.0058466909156	0.00358839914025	0.00225829177535
TNGA	133069	6126946	6169614	34976	21952	9223372036854775807	0.00567615104508	0.00354546814166	0.00213068290342
TGNT	226941	10531030	10508824	60549	38592	9223372036854775807	0.00571671136098	0.00365890565045	0.00205780571053
GGNA	181669	8420766	8487245	51411	34302	9223372036854775807	0.0060682159969	0.00402532544854	0.00204289054837
NNGA	636272	29453870	29524806	173087	113062	9223372036854775807	0.00584221322494	0.00381478181899	0.00202743140595
GAGN	103480	4792554	4790960	23694	13957	9223372036854775807	0.0049195971636	0.00290473279767	0.00201486436593
TNGN	602286	27889595	28081598	133123	79171	9223372036854775807	0.00475053847382	0.00281139339625	0.00193914507757
GAGA	28036	1290516	1288450	6705	4219	122.846428963	0.00516874148661	0.0032637898797	0.00190495160691
ATTC	42147	1926206	1951307	6102	2498	9223372036854775807	0.00315788166276	0.00127853086669	0.00187935079606
TTGT	39700	1807367	1830230	9742	6450	155.213421956	0.00536126341348	0.00351177123941	0.00184949217407
GGAT	44373	2058434	2082054	10953	7211	177.489961791	0.00529287175381	0.00345145302295	0.00184141873086
GGNN	646400	30104130	30236166	152448	98559	9223372036854775807	0.00503850765939	0.0032490487387	0.00178945892069
CGCT	61043	2836673	2853256	16289	11307	202.191930707	0.00570950471825	0.00394719892703	0.00176230579123
ANGN	624235	29071400	29107313	136339	85868	9223372036854775807	0.00466790668049	0.00294137182241	0.00172653485807
AAGN	149182	6883158	6913390	31981	20111	9223372036854775807	0.00462478049971	0.00290055485677	0.00172422564294
CNGA	191735	8938464	8954004	52814	37497	9223372036854775807	0.00587391469822	0.00417027145968	0.00170364323854
GNNT	640543	29749743	29721295	168494	119395	9223372036854775807	0.00563181580519	0.00400108040397	0.00163073540122
NTTC	199731	9202416	9323180	27789	13367	9223372036854775807	0.00301065902653	0.00143168561139	0.00157897341514
NAAC	193131	8973824	9060979	25544	11676	9223372036854775807	0.00283842154249	0.00128694411944	0.00155147742305
CNGN	913020	42896051	42803958	198633	132751	9223372036854775807	0.0046092227988	0.00309178330365	0.00151743949515
TAAC	41470	1924723	1939610	5263	2355	246.913052161	0.00272696278626	0.00121268920913	0.00151427357713
CCGA	36180	1684958	1671521	10273	7729	74.6188648615	0.00605994109357	0.00460264999256	0.00145729110102
GTGN	158651	7481657	7384588	32435	21301	9223372036854775807	0.00431655614544	0.0028762245829	0.00144033156254
TTTG	56296	2552800	2609766	8493	4910	226.441565843	0.00331590333476	0.00187786173124	0.00143804160352
TTNC	219408	10072927	10269915	29264	15326	9223372036854775807	0.00289679733832	0.00149009634291	0.00140670099541
NCGA	161456	7507556	7498629	43311	32758	9223372036854775807	0.00573589761282	0.00434953083675	0.00138636677607
GCGN	260291	12188442	12182357	57431	40845	9223372036854775807	0.00468982489039	0.0033415957619	0.0013482291285
GAAC	42619	1990059	2018431	5836	3189	177.851266059	0.00292400151311	0.0015774477894	0.00134655372371
TNTC	174367	8021873	8092765	22012	11607	9223372036854775807	0.00273648864945	0.00143218993403	0.00130429871543
ANAC	144022	6702677	6766297	17748	9083	9223372036854775807	0.00264090440709	0.00134058901493	0.00130031539215
GTTC	42619	2001014	1998692	5995	3441	150.514319355	0.00298703194654	0.0017186670416	0.00126836490494
ATCC	44373	2079279	2068421	6312	3681	148.489696538	0.00302648026387	0.00177645695048	0.00125002331339
NAGN	564684	26296309	26314260	109651	76676	9223372036854775807	0.00415250950922	0.00290539145713	0.00124711805209
AANC	201800	9323376	9408986	25190	13844	9223372036854775807	0.00269453090453	0.00146919768265	0.00122533322188
TCGA	34392	1589857	1598259	8641	6786	51.5670837478	0.0054056996005	0.0042279188434	0.0011777807571
ATNC	170564	7948568	7959797	21535	12369	9223372036854775807	0.00270197260939	0.00155152313687	0.00115044947251
TAGN	62668	2893106	2884379	10835	7510	129.691310026	0.00373113641083	0.00259691848477	0.00113421792606
TTGA	45157	2057442	2083211	9212	6964	75.0662033394	0.00445744667467	0.0033317784396	0.00112566823507
TTAC	42995	1983246	2027227	4707	2531	153.734472125	0.00236776221571	0.00124694668034	0.00112081553536
TTCC	48421	2240638	2265705	6311	3846	137.01356	0.00280869748268	0.0016946083168	0.00111408916588
GCNT	195293	9143513	9098080	48546	38217	256.332889298	0.00528129769402	0.00418298573262	0.0010983119614
CGNN	799090	37267650	37429336	169341	131190	9223372036854775807	0.00452336033096	0.00349276258804	0.00103059774292
CNNT	703178	32724812	32549112	174534	139762	9223372036854775807	0.00530509025924	0.00427552200177	0.00102956825747
GGCA	64761	2994163	3028048	17010	14108	67.0318704659	0.00564896138482	0.00463750050951	0.00101146087531
NTGA	201744	9338808	9328532	43789	34289	249.272096097	0.00466704474252	0.00366225093911	0.0010047938034
NTCC	137964	6451694	6432265	18502	11966	9223372036854775807	0.00285957334214	0.00185685460375	0.00100271873838
NTNC	686785	32033192	32147815	84414	52375	9223372036854775807	0.00262827808523	0.00162654319742	0.00100173488782
CCCG	39963	1867747	1840166	6005	4076	75.130622649	0.0032047997814	0.00221012209894	0.000994677682458
TANC	154294	7182415	7178096	17868	10856	9223372036854775807	0.00248156912721	0.00151009493456	0.000971474192653
TATC	48330	2235451	2236594	5252	3117	119.642132651	0.00234390724697	0.00139169741096	0.000952209836006
NGCT	188716	8793033	8778905	42859	34476	195.081720762	0.00485055724991	0.00391177914582	0.000938778104084
ANTC	138282	6370280	6398009	14844	8956	9223372036854775807	0.00232477865739	0.00139785374198	0.000926924915409
ATTG	48846	2239092	2250279	6232	4194	89.8382406991	0.00277554597911	0.00186030172018	0.00091524425893
CGNA	177198	8235060	8299290	48096	40873	140.531508307	0.00580648245669	0.00490074354662	0.000905738910068
GTNC	134201	6350359	6313080	17635	11803	244.463988609	0.00276931793592	0.00186612147608	0.000903196459834
TNAC	175187	8149951	8239291	18579	11483	9223372036854775807	0.00227446064347	0.00139174821659	0.000882712426878
GTGC	42009	1992539	1962315	5804	3986	68.5048698416	0.00290440630062	0.00202715657471	0.000877249725915
TACC	40346	1895672	1878012	4963	3283	72.0653392086	0.00261123256175	0.00174507453642	0.000866158025326
CTGA	60275	2826360	2804899	13577	11041	53.6283549309	0.00478073985444	0.00392089320085	0.000859846653591
ATAC	32798	1538280	1544330	3351	2032	72.4352565693	0.00217367190981	0.00131405194903	0.000859619960789
CTCG	23455	1081703	1087067	3228	2306	35.3926215419	0.00297530442028	0.00211681398382	0.000858490436457
TTGN	177438	8133126	8237740	28808	22063	214.249782937	0.00352955561758	0.00267112908141	0.00085842653617
NCGN	799090	37442991	37408297	154384	121967	9223372036854775807	0.00410624411944	0.00324983059005	0.000856413529383
AACC	47340	2202709	2205946	6022	4159	75.7371123459	0.00272645242902	0.00188181104518	0.000844641383843
TTGC	61974	2860959	2899162	7325	5002	103.004003032	0.00255379174447	0.00172235452268	0.000831437221793
CAAC	49962	2341180	2343434	5031	3119	98.9562679458	0.00214430841898	0.00132918370052	0.000815124718461
NTAC	125251	5872552	5930460	12754	8037	243.645507295	0.00216709207644	0.00135337274735	0.000813719329089
AATC	49597	2273886	2293918	4721	2898	99.379618112	0.002071879881	0.0012617466963	0.000810133184701
NGNA	686784	31861760	31995134	165046	140146	9223372036854775807	0.00515337058588	0.00436112584051	0.000792244745368
NTTG	177438	8160338	8226968	22010	15661	244.696847721	0.00268993692275	0.00190000059447	0.000789936328281
NTGN	768579	35903976	35765992	129878	101327	9223372036854775807	0.00360433274775	0.00282505084921	0.00077928189854
ANNC	640543	29845561	29952667	75439	53238	9223372036854775807	0.00252127268474	0.00177425076831	0.000747021916429
TNNC	747612	34710479	34948228	88339	63108	9223372036854775807	0.00253856323511	0.00180250190967	0.00073606132544
NNAC	607276	28384277	28637189	64631	44063	9223372036854775807	0.00227182709438	0.00153629974033	0.000735527354051
TGAC	45018	2106884	2118261	4701	3194	65.3694363405	0.00222628973023	0.00150557046932	0.000720719260902
CGAT	54615	2538650	2543693	11119	9351	34.9478024381	0.00436078719288	0.00366268658119	0.000698100611684
NANC	760351	35468798	35538552	84372	59791	9223372036854775807	0.00237312172164	0.00167960064883	0.000693521072808
NNTC	636273	29568783	29622444	67970	47504	9223372036854775807	0.00229343612642	0.00160108133658	0.000692354789844
NGGC	215960	10098962	10159376	31365	24493	193.581149264	0.00309614882126	0.00240507807003	0.000691070751223
TGNN	768579	35824620	35768500	139384	114321	9223372036854775807	0.00387565300015	0.00318595352355	0.000689699476596
CCGN	207156	9745891	9657010	39816	32800	134.528452113	0.00406879135049	0.00338499929307	0.000683792057415
GTCC	20833	981970	973822	2936	2245	19.7465100873	0.00298099514065	0.00230004702546	0.000680948115193
CAGN	249354	11727491	11725531	43141	35098	180.166255718	0.00366513879629	0.00298436418664	0.000680774609642
TGGC	73079	3408681	3438551	9861	7612	68.3080605442	0.00288456306812	0.0022088334185	0.000675729649614
GGNC	119589	5600116	5607558	18809	15082	91.1654231253	0.00334743745467	0.00268236984762	0.000665067607057
ATGC	51246	2404803	2395739	5770	4158	56.6406219523	0.00239362176545	0.00173257435632	0.000661047409131
CTTG	22334	1032108	1031901	2677	2009	21.6306159859	0.00258701082834	0.00194310916811	0.000643901660227
ANCC	162946	7619553	7598412	21549	16691	132.205234592	0.00282014295844	0.00219182852812	0.000628314430313
TGNA	176088	8180387	8188573	39226	34092	80.1792782384	0.00477224414337	0.00414610105118	0.000626143092188
TCGN	161456	7508911	7555717	27641	23135	94.0808567123	0.00366759228889	0.00305257313377	0.00061501915512
ATGN	183136	8507862	8492894	29074	23775	114.418743553	0.00340567154305	0.00279158436238	0.000614087180661
AAGC	45783	2128919	2149618	5033	3774	42.8645577316	0.00235853477492	0.00175258383053	0.000605950944382
CTCC	24337	1149807	1124317	2943	2194	21.1929293822	0.00255302537411	0.00194760637047	0.000605419003639
AGAC	25309	1182494	1191475	2616	1916	25.6550783627	0.00220739003131	0.00160550900753	0.000601881023779
GANC	148874	6951324	6984327	18010	13900	120.355866002	0.00258417805776	0.0019862173662	0.000597960691561
TGTC	31983	1496027	1480225	3428	2504	30.2010680751	0.00228616397291	0.00168877792233	0.000597386050579
NTGC	223839	10506530	10461910	25369	19005	193.459515333	0.00240877737244	0.00181329588113	0.000595481491305
NATC	202819	9417709	9428981	19039	13634	196.729926475	0.00201753824517	0.00144387968799	0.000573658557178
CTTC	48947	2287112	2295360	4771	3481	45.9117623793	0.00208169439714	0.00151424130682	0.000567453090325
GTAC	28740	1374836	1378251	2900	2131	26.9652985866	0.00210490253575	0.00154377556358	0.000561126972178
NACC	175686	8234472	8188502	21425	16779	118.247521665	0.00259511474041	0.00204490254508	0.000550212195329
ACGN	170187	7999747	8013213	29496	25187	76.3915946446	0.00367357171778	0.00313333499204	0.000540236725744
ANGA	152399	7019721	7022076	30116	26373	55.1798903433	0.00427187181775	0.00374167423216	0.000530197585585
NGAC	130243	6086103	6143928	13406	10365	92.0142907018	0.0021978818295	0.00168419020674	0.000513691622766
TNTG	174105	8081662	8082415	19568	15520	102.654260966	0.00241543568075	0.0019165379816	0.000498897699158
AGGC	39393	1853824	1855371	5145	4225	20.7709068721	0.00276766315092	0.00227199886427	0.000495664286649
ACCG	58733	2774493	2723934	7651	6190	28.9531826199	0.00275003738124	0.00226729628398	0.000482741097264
GGAN	137964	6413875	6475744	24846	21991	45.0414641131	0.00385884090955	0.00338441010598	0.00047443080357
NAGA	135108	6227016	6231156	27067	24111	38.5422439995	0.00432789267427	0.00385451172588	0.000473380948395
CTAC	20718	976190	980652	1796	1343	15.5784603262	0.00183642710632	0.00136762407141	0.000468803034913
TCCG	41923	1973706	1957408	5513	4560	18.875814621	0.00278544213652	0.0023241969288	0.000461245207721
GGAC	20833	975238	987953	2454	2036	10.5320230141	0.00250999292211	0.00205658850755	0.000453404414557
TNGC	216389	10061204	10148973	25092	20814	95.9892696816	0.00248773186906	0.00204665053457	0.000441081334494
GGCN	215960	10054016	10106334	40429	36183	57.0646759134	0.00400507407787	0.00356745766362	0.000437616414256
TTNG	148944	6800928	6931726	17043	14404	60.7722474624	0.00249971729126	0.00207367267817	0.000426044613091
CTGN	249354	11781331	11650770	39561	34188	73.6040321439	0.00334670175483	0.00292581282706	0.00042088892777
GNAC	134201	6315954	6385584	14520	12043	57.374390928	0.00229366710929	0.00188241671482	0.000411250394465
GANT	138282	6346952	6352415	27847	25251	29.0652065993	0.0043682945925	0.00395928541884	0.000409009173669
GATC	42700	1997952	1995344	4210	3395	19.7234550407	0.00210272695216	0.00169857094898	0.000404156003181
TNCC	181669	8477451	8467199	22656	19204	62.0489728538	0.0026653782123	0.00226291398134	0.000402464230956
ACCC	28955	1356939	1340053	3791	3202	10.0939345463	0.00278600457108	0.00238376183227	0.00040224273881
CTNC	162612	7661338	7605023	15980	12877	68.7427026484	0.00208145605015	0.0016903608606	0.000391095189542
AAAG	54209	2492232	2510586	5572	4661	20.087641397	0.00223075949914	0.00185309832394	0.000377661175202
GNCT	129924	6068982	6023696	28487	25998	21.7890323192	0.00467193847152	0.00429740743912	0.0003745310324
TGNC	214841	10043042	10060138	25912	22268	62.3451063285	0.0025734549984	0.00220859981239	0.000364855186018
AGNN	564685	26285595	26232492	100361	90566	105.89748842	0.0038035764177	0.0034405577042	0.000363018713497
GNTC	148874	6986894	6957636	16192	13611	47.3417744564	0.00231212354096	0.00195244839266	0.000359675148303
NCCG	207156	9741665	9636446	26195	22489	53.9635306653	0.002681754243	0.00232831052285	0.000353443720149
GNGC	188614	8844319	8834648	25764	22663	43.4870167738	0.00290459514302	0.00255867723285	0.000345917910169
CNAC	153866	7215695	7246017	13784	11454	50.0054786311	0.00190663808554	0.00157823572426	0.000328402361276
TATG	32547	1511210	1510382	2877	2386	10.7660098613	0.00190015501091	0.00157724118966	0.000322913821247
GGTC	32205	1514021	1503883	3515	3017	8.36482176398	0.00231625477089	0.00200212356493	0.000314131205957
ANGC	195293	9153051	9189949	21298	18508	46.0646658868	0.00232147261893	0.00200989155947	0.000311581059464
TCTC	28036	1302311	1298125	2411	2039	7.29652255768	0.00184790323149	0.00156826369596	0.000279639535528
AGNC	129924	6086190	6098069	15268	13613	22.3223690643	0.00250235271635	0.00222737374098	0.000274978975374
NGTC	130243	6110787	6075907	12839	11132	25.3652019093	0.00209663359585	0.00182880379114	0.000267829804709
TCTG	53357	2511421	2485471	5480	4781	9.68993404476	0.00217728071148	0.00191988601957	0.000257394691911
CACC	55795	2631108	2599163	6268	5526	9.11917327249	0.0023766046252	0.00212155846629	0.000255046158914
CGAC	39083	1821487	1846239	3635	3219	7.58483306816	0.00199164768163	0.00174050992237	0.000251137759268
TAGC	24148	1126569	1123880	2390	2101	4.59907453552	0.00211699450556	0.00186592846593	0.000251066039625
TCAC	45704	2135098	2154193	3908	3403	9.44181943452	0.00182701684801	0.00157721834857	0.000249798499443
GACC	32205	1504983	1505381	4172	3811	4.26397523865	0.00276446090693	0.00252519228832	0.000239268618608
AGTC	22944	1069246	1067231	2083	1823	4.34911889961	0.00194431402492	0.00170524594642	0.000239068078501
CANT	182773	8458593	8410076	37654	35455	12.6560031412	0.00443183914027	0.00419807824991	0.000233760890365
GNNC	591278	27751144	27767891	72148	65741	66.6429752648	0.0025930792086	0.00236192675106	0.000231152457538
CATC	62192	2910420	2903125	4856	4224	10.0873961194	0.00166570849552	0.00145286995129	0.000212838544239
CNTC	174750	8189736	8174034	14922	13330	19.8371023151	0.00181872297419	0.00162811864722	0.000190604326971
NGNC	692406	32409547	32488178	84106	78107	52.5255526456	0.00258838241425	0.00239840067726	0.000189981736987
NGAT	202819	9387044	9421070	37150	35497	10.3977978077	0.00394198166973	0.0037536877812	0.000188293888532
NTCG	161456	7485652	7533571	17783	16475	13.6742394115	0.00236998121527	0.00218210591035	0.000187875304922
GNNA	747612	34651749	34659567	168640	162178	28.7399811112	0.00484313946062	0.00465737716476	0.000185762295862
ATCG	54615	2536072	2545602	5979	5530	4.91012127714	0.00235203778366	0.00216766517765	0.000184372606009
NNGC	888805	41644491	41702804	98887	91333	68.6300541392	0.0023689266355	0.00218530651799	0.000183620117508
CANC	255383	12011683	11967143	23304	21191	21.1464818617	0.00193635439739	0.00176763510259	0.000168719294799
CTGC	68610	3248229	3204694	6470	5859	5.67052034277	0.00198789504037	0.00182491925846	0.000162975781913
CNCG	163696	7611329	7635309	20310	19147	9.12256066975	0.00266128940323	0.00250141878143	0.000159870621807
NNCC	646400	30249979	30138285	80671	76267	24.4608918576	0.0026597187993	0.00252418106348	0.000135537735818
CGAN	161456	7505161	7532937	26943	26019	5.02169654964	0.00357708815492	0.00344214201009	0.00013494614483
ATNG	172302	7983877	8005289	18127	17263	5.87351608633	0.00226530754046	0.00215180905029	0.000113498490174
TCNC	159069	7412095	7440079	15295	14658	4.19259238504	0.00205926981079	0.00196626654971	9.3003261083e-05
ANNT	631734	28843716	28857085	136414	134334	4.39597429463	0.00470715624809	0.00463357795629	7.35782918002e-05
