#Sequence	Occurrence	Forward Match	Backward Match	Forward Mismatch	Backward Mismatch	Strand Bias Score	FER (Forward Error Rate)	RER (Reverse Error Rate), ERD (Error rate Difference)
AGGT	8132	702252	719206	20533	7022	9223372036854775807	0.0284081711712	0.00966913971921	0.018739031452
GGGT	2120	156263	159606	4415	1463	9223372036854775807	0.0274773148782	0.00908306378012	0.0183942510981
GAGG	3423	283978	295962	7672	3138	9223372036854775807	0.0263055031716	0.0104914744233	0.0158140287483
NGGT	18386	1567112	1597080	39400	14209	9223372036854775807	0.0245251825072	0.00881840563673	0.0157067768705
TGGT	7269	634046	642903	12922	5064	9223372036854775807	0.0199731671427	0.00781521281176	0.012157954331
CGGT	865	74551	75365	1530	660	77.2009859001	0.0201101457657	0.00868135481749	0.0114287909482
GNGG	7739	639644	656822	14088	6873	9223372036854775807	0.0215501153378	0.010355660356	0.0111944549817
AAGT	13735	1192938	1214268	26470	13571	9223372036854775807	0.0217072546678	0.0110527520302	0.0106545026376
CGGG	319	26349	27225	479	243	19.1403084834	0.0178544803936	0.00884665792923	0.00900782246439
NAGG	20922	1798486	1819120	36332	19953	9223372036854775807	0.0198014189963	0.0108494877582	0.00895193123809
AGGN	20922	1801221	1821915	33951	17649	9223372036854775807	0.0185001732808	0.00959412121568	0.00890605206508
TAGG	5780	501602	506302	9772	5276	297.978883179	0.019109301607	0.0103131878228	0.00879611378427
ANGT	52428	4557903	4610626	82978	42415	9223372036854775807	0.0178797948062	0.0091155440066	0.0087642507996
NAGT	31482	2770972	2807656	52531	28662	9223372036854775807	0.0186049032	0.0101053549003	0.00849954829977
GGGN	6656	532216	538055	9723	5276	294.36544119	0.0179411335962	0.00971047114926	0.00823066244695
NGGN	49067	4216491	4258983	73570	39825	9223372036854775807	0.0171489403064	0.00926419602829	0.00788474427815
GNGT	12785	1069779	1084124	17866	9349	9223372036854775807	0.0164263155717	0.00854982244646	0.00787649312526
AAGG	9337	812471	817878	15443	8916	9223372036854775807	0.0186529035624	0.0107838228144	0.00786908074806
GCGG	317	26379	26837	452	249	14.2277095869	0.0168461853826	0.00919294100273	0.00765324437985
NNGG	49067	4212749	4252955	76905	44398	9223372036854775807	0.0179280193694	0.0103314761436	0.00759654322582
GTGG	2628	223663	227430	3928	2231	107.651745317	0.0172590304538	0.0097143180601	0.00754471239366
TNGG	15209	1319498	1329586	23667	13616	9223372036854775807	0.0176203221495	0.0101369712076	0.00748335094194
GAGT	3017	263051	266570	4413	2461	125.802136036	0.0164994167439	0.00914764469522	0.00735177204871
GGGG	1370	105624	106593	2036	1255	42.3054435167	0.018911387702	0.0116367480157	0.0072746396863
NNGT	120853	10543514	10666556	171137	94036	9223372036854775807	0.0159722421197	0.00873892440119	0.00723331771851
TAGT	11742	1052446	1062693	17574	10010	9223372036854775807	0.0164239920749	0.00933156707868	0.00709242499624
CCGG	306	25375	25570	403	221	12.5292595504	0.0156334859182	0.00856888061727	0.00706460530096
ANGG	21080	1826071	1841149	31724	18718	9223372036854775807	0.0170761574878	0.0100641605018	0.00701199698598
AGGG	2539	194017	196916	3522	2161	75.4098488618	0.017829390652	0.0108550962693	0.00697429438269
NGGG	6656	532463	537405	9399	5664	207.248376656	0.0173457448575	0.0104296139165	0.00691613094108
TGGN	18897	1661233	1674968	26277	14653	9223372036854775807	0.0155714632802	0.00867235906751	0.00689910421271
TTGG	6064	528669	532969	9214	5520	206.290111915	0.0171301193754	0.0102509057752	0.00687921360017
NTGG	18897	1659905	1672485	27635	16586	9223372036854775807	0.0163759081266	0.00981959905771	0.00655630906892
GCGT	747	62309	63579	897	490	28.4661535397	0.0141916906623	0.00764800449515	0.00654368616713
ACGT	4002	356627	358435	5447	3088	143.869134915	0.0150438860564	0.00854164188724	0.0065022441692
TGGG	2425	206473	206671	3362	2005	75.0834521021	0.0160221126123	0.0096081964385	0.00641391617379
ATGG	8181	732196	738461	11394	6731	267.449799678	0.0153229602335	0.00903257147151	0.00629038876195
CGGN	2585	221821	224045	3619	2247	72.9970536175	0.0160530518098	0.00992964841886	0.00612340339094
CCGT	1023	87617	88055	1274	733	32.9563740379	0.0143321596112	0.00825562012885	0.00607653948236
GCGA	879	75986	76925	1178	716	26.4309479548	0.0152661863045	0.00922193171134	0.00604425459316
TCGG	939	82754	83644	1319	815	27.7301750024	0.0156887466844	0.00964965249411	0.00603909419032
GAGN	13459	1170383	1188751	17916	10885	9223372036854775807	0.0150770134453	0.00907358565432	0.00600342779095
NCGG	2585	221895	223945	3539	2195	71.4636314103	0.0156986080183	0.00970637658088	0.00599223143743
TNGT	46617	4126529	4176312	59359	35212	9223372036854775807	0.014180742533	0.00836086889212	0.00581987364089
AAAG	23538	2053359	2061947	43056	31148	9223372036854775807	0.0205379183034	0.0148813121239	0.00565660617948
NCGT	9903	874798	879987	12041	7170	273.043796525	0.0135774362652	0.00808199676044	0.00549543950477
CAGT	2988	262537	264125	4074	2620	70.8688853476	0.015280689844	0.00982211475379	0.00545857509021
GTGT	6901	588156	594369	8141	4935	177.580872462	0.0136525925839	0.00823455208041	0.00541804050348
CTGG	2024	175377	173625	3099	2104	39.7488583989	0.0173636791501	0.0119729811243	0.00539069802579
GNGN	39582	3377415	3417082	49521	31598	9223372036854775807	0.014450517897	0.00916234617303	0.00528817172401
GCGN	2205	186898	189431	2748	1783	48.1015390079	0.0144901553421	0.00932463104166	0.0051655243004
ACGG	1023	87387	87894	1365	910	21.072179721	0.0153799351001	0.0102472861583	0.00513264894177
TTAG	11436	1030686	1039615	15073	9778	253.51725544	0.0144134547252	0.00931776750941	0.00509568721582
TTNG	44112	3900523	3936078	63911	43886	9223372036854775807	0.0161210906778	0.0110267329051	0.00509435777264
ATGT	26558	2306086	2318717	30528	18734	9223372036854775807	0.0130650590983	0.00801471346351	0.00505034563482
GAAG	11557	1016682	1034701	15895	10822	227.554354805	0.0153935251318	0.0103508005085	0.00504272462333
CNGG	5031	427536	425398	7426	5191	83.652128532	0.017072755781	0.0120555796827	0.00501717609825
GANG	25501	2261900	2292266	33277	22162	9223372036854775807	0.0144986639375	0.00957558411841	0.00492307981906
CNGT	9022	789303	795494	10934	7060	187.105432593	0.0136634522023	0.00879691584616	0.00486653635612
TTTG	22461	1968877	1990889	34639	25095	9223372036854775807	0.0172891057521	0.0124480154604	0.00484109029165
NTNG	109750	9722007	9800875	151532	105829	9223372036854775807	0.0153472832791	0.0106825640496	0.00466471922952
AANG	60145	5327100	5341603	90814	65598	9223372036854775807	0.0167618016823	0.0121316000644	0.00463020161791
ATAG	13004	1167254	1168330	18338	12805	213.260759374	0.0154673783224	0.0108412670863	0.00462611123607
ANAG	46140	4057814	4073162	72828	53773	9223372036854775807	0.0176311575779	0.0130297666428	0.00460139093513
GTNG	16236	1405973	1428391	20740	14387	270.043520967	0.0145369110676	0.00997173508329	0.00456517598432
NTAG	32674	2915189	2930389	43842	30357	9223372036854775807	0.0148163368346	0.01025315917	0.00456317766457
ATNG	38478	3449592	3468586	52129	36352	9223372036854775807	0.0148866800068	0.0103716527939	0.00451502721292
GTCG	1073	94232	95437	1283	864	19.7018528276	0.0134324451657	0.00897186945099	0.00446057571469
GNNG	53021	4631694	4693825	66329	45980	9223372036854775807	0.0141184919699	0.00970082102534	0.00441767094458
AAGN	54132	4777262	4806461	68178	46973	9223372036854775807	0.0140705488046	0.00967830200225	0.0043922468024
NAGN	112460	9940772	10003799	139811	96197	9223372036854775807	0.0138693367239	0.00952445921761	0.00434487750627
ANGN	152479	13480268	13539331	182448	123126	9223372036854775807	0.0133537138589	0.00901199542659	0.00434171843235
NTGT	61079	5330632	5381833	67165	43995	9223372036854775807	0.0124430392621	0.00810843985471	0.00433459940742
TAGN	32673	2919653	2934011	39971	27277	9223372036854775807	0.0135054317711	0.0092111945883	0.00429423718276
TNGN	109749	9745827	9821002	129900	87860	9223372036854775807	0.0131534620185	0.00886681033604	0.0042866516825
NTTG	48958	4320522	4369785	69012	50559	9223372036854775807	0.0157219422381	0.0114377976013	0.00428414463679
NAAG	54132	4759837	4789512	84409	63933	9223372036854775807	0.0174245899155	0.013172705161	0.00425188475457
ANNG	120772	10686810	10731373	168693	122843	9223372036854775807	0.0155398602902	0.011317537812	0.00422232247818
GNAG	21200	1856655	1881353	26747	19003	9223372036854775807	0.014201429116	0.00999970531837	0.00420172379766
TCGT	4131	368245	369918	4423	2859	75.0321813376	0.0118684727425	0.00766946458607	0.00419900815643
GTTG	7114	617753	630925	9056	6549	99.4532812799	0.0144477823388	0.0102733601684	0.00417442217038
CCGN	2585	223474	223526	2973	2061	36.6527635785	0.0131288999192	0.00913616476127	0.00399273515792
TTCG	4149	372291	372605	4985	3493	57.8761761726	0.0132131383921	0.00928747294588	0.00392566544617
NNAG	112461	9921470	9980467	157321	118305	9223372036854775807	0.0156091142281	0.0117147906696	0.00389432355849
CAGG	2382	200435	198978	3445	2623	23.6057748618	0.0168971944281	0.0130108481605	0.00388634626762
ACGN	9903	877136	877449	11511	8032	134.685359183	0.012953399944	0.00907077622219	0.00388262372177
NANG	152479	13447667	13503141	211147	158146	9223372036854775807	0.0154586628092	0.0115762153302	0.00388244747901
ATTG	14146	1262752	1273663	18859	13954	167.834033057	0.0147150734505	0.0108370734465	0.00387800000399
NCGN	23908	2115622	2120263	27008	18860	9223372036854775807	0.0126050694707	0.00881669731007	0.00378837216063
CTAG	2814	246924	247845	3958	3031	28.1620093072	0.0157763410687	0.0120816658429	0.00369467522582
GTAG	5420	470325	474599	6473	4743	61.925993555	0.013575979765	0.00989481414105	0.00368116562396
GTGN	17261	1487918	1500845	19134	13654	208.554758823	0.0126963104126	0.00901552262497	0.00368078778767
TNNG	122800	10773389	10828116	163317	123445	9223372036854775807	0.014932924045	0.0112719090913	0.00366101495364
TGGA	7778	699134	703539	8483	5932	101.86108452	0.0119881235188	0.00836115922991	0.00362696428889
CTNG	10921	965919	967820	14752	11204	106.800866574	0.0150427615378	0.0114440504012	0.00359871113655
GGGA	2615	224218	225899	2762	1956	31.9988297104	0.0121684729932	0.00858440674991	0.00358406624331
CCAG	2024	173188	176919	2440	1854	20.9601541306	0.013893001116	0.0103706935611	0.00352230755489
CCNG	5031	424638	431244	5766	4301	51.9578511216	0.0133967156439	0.00987498421518	0.00352173142873
CGGA	1071	93221	93893	1135	807	13.3257583488	0.0120289117809	0.00852164730729	0.00350726447363
TTGT	23473	2071792	2100798	24440	17279	287.696541645	0.0116590148419	0.00815787150326	0.00350114333861
TTGN	48958	4336827	4382166	53876	38946	9223372036854775807	0.012270472405	0.00880909599214	0.00346137641285
TTGA	15104	1354261	1364206	15103	10568	181.03050511	0.0110292077198	0.00768708165851	0.00334212606128
CCGA	939	83618	83353	1043	756	10.5027713975	0.0123197221861	0.00898833656327	0.00333138562286
TCGN	9215	828114	829857	9776	6984	102.613242624	0.0116674026424	0.00834567139994	0.00332173124241
CCTG	2382	199012	202199	2583	1954	21.9623822678	0.0128128177782	0.00957125293285	0.00324156484537
GGNG	7207	606017	612726	8095	6152	62.8251311892	0.0131816346204	0.00994056986999	0.0032410647504
NTCG	9215	826391	828216	11043	8327	84.3589996416	0.0131867108333	0.00995406093889	0.00323264989444
CGNG	2595	222421	224873	3054	2346	22.6586776605	0.0135447388846	0.0103248407924	0.00321989809221
NTGN	145932	12921786	12993681	154884	113449	9223372036854775807	0.0118442998103	0.00865551802721	0.00318878178306
CTTG	5237	471140	474308	6458	4961	45.4835542406	0.0135218321685	0.0103511806522	0.00317065151627
CGAG	846	72207	72829	974	746	7.71362841718	0.0133094655717	0.0101393136256	0.00317015194611
TNCG	9406	827830	828533	11056	8381	80.8235110126	0.0131793831343	0.0100141711096	0.00316521202472
TNTG	63984	5584299	5613670	84831	67170	9223372036854775807	0.0149636716745	0.0118239556122	0.00313971606229
TNAG	34199	3041762	3056327	43763	34278	258.554167908	0.0141833237456	0.0110910323383	0.00309229140723
GNCG	3182	277471	279250	3591	2742	26.6933981214	0.0127765404075	0.0097236801044	0.00305286030305
NGGA	20517	1818499	1826951	21116	15534	189.882083676	0.0114784887055	0.00843100486571	0.00304748383981
TCGA	3266	299971	300158	3307	2378	33.8993154648	0.0109041869176	0.00786022159346	0.00304396532415
ATGN	67515	6024649	6033506	68808	50472	9223372036854775807	0.0112921121787	0.00829588798645	0.00299622419224
NCGA	9215	829174	829245	9615	7081	84.0511920188	0.0114629543306	0.00846679404921	0.00299616028138
CNNG	34772	3050066	3059500	43250	34081	240.80016405	0.0139817593805	0.0110166826083	0.00296507677227
TANG	50605	4421579	4433709	67378	54156	9223372036854775807	0.0150097227485	0.012067207904	0.00294251484453
ANTG	44824	4018496	4031541	54210	42269	9223372036854775807	0.0133105605953	0.0103757907217	0.00293476987363
NNTG	145932	12893758	12963559	179602	141718	9223372036854775807	0.0137380137929	0.0108138118714	0.00292420192158
CNGN	29562	2591161	2599311	33404	25747	219.54450089	0.0127274424524	0.00980816423866	0.00291927821371
NGNG	39582	3381106	3410858	45811	36034	270.903385483	0.0133679922799	0.0104540554215	0.00291393685842
TGNG	16648	1434759	1443908	19306	15207	111.524655476	0.0132772606452	0.0104220709128	0.00285518973231
TGCG	909	75762	77338	940	736	7.05756325979	0.0122552215066	0.00942695391552	0.00282826759109
CNAG	10921	965239	969625	13983	11251	67.3776834331	0.0142797036831	0.0114703591484	0.00280934453477
TCCG	1071	93611	93371	1108	838	8.73127892982	0.0116977586334	0.00889511617786	0.00280264245557
TNGA	38162	3439726	3455219	36567	26884	9223372036854775807	0.0105189637352	0.00772062170476	0.00279834203046
CTGT	4146	364598	367949	4056	3047	33.9693154923	0.0110021863319	0.00821302655554	0.00278915977636
AGNG	13127	1117909	1129351	15356	12329	79.0866242954	0.0135502287638	0.0107989979679	0.00275123079589
AATG	23343	2109438	2109733	27665	21790	151.438797021	0.0129450943637	0.0102227374511	0.00272235691262
NNCG	23908	2113982	2115833	27761	21928	149.52446127	0.012961872643	0.0102574609603	0.00270441168266
GCNG	4074	357804	360442	4217	3279	27.8173105919	0.0116484955293	0.00901515172344	0.00263334380583
CTGA	4403	387008	390268	4632	3625	29.3372880343	0.0118271882341	0.00920300690797	0.00262418132613
GCAG	1622	145235	145340	1676	1288	11.8782160947	0.0114082675906	0.00878413399896	0.00262413359162
CNTG	16224	1433039	1441948	18658	14917	95.8832950156	0.0128525442982	0.0102391093204	0.0026134349778
NCNG	29562	2591179	2597940	33099	26340	170.303470366	0.012612611926	0.0100370387306	0.0025755731954
GNGA	14489	1281005	1288947	13473	10215	102.167545304	0.0104080563748	0.00786276076425	0.0025452956106
AACG	3925	351832	352045	4650	3744	22.150840443	0.0130441368709	0.0105230909331	0.00252104593776
AGNT	36532	3266868	3283586	41547	33312	205.157540043	0.0125579771582	0.0100431186006	0.00251485855767
GGAG	2601	224413	226713	2703	2150	15.7447409097	0.0119014072104	0.00939426643887	0.00250714077154
CTGN	12196	1072392	1077164	13066	10377	70.1424832152	0.0120373151241	0.00954170923211	0.00249560589201
GNTG	20897	1857924	1876400	21903	17362	124.138434686	0.0116516041104	0.00916799471106	0.00248360939932
CAGN	12196	1073474	1074576	13746	11062	64.2120857838	0.0126432552749	0.01018940015	0.00245385512496
TGAG	4560	405248	408431	5198	4226	24.2533116135	0.0126642725231	0.0102409507169	0.00242332180612
TCNG	11434	1016528	1014421	12722	10196	59.9301367817	0.0123604566432	0.00995103536248	0.0024094212807
GACG	1445	127857	128039	1638	1326	7.96724871835	0.0126491370323	0.0102500676381	0.00239906939424
NACG	9903	876574	875259	11718	9567	47.1645073282	0.0131916081649	0.0108122952987	0.00237931286615
TACG	3277	286166	285219	4023	3314	15.1596456142	0.0138633786946	0.0114856879456	0.002377690749
NGCG	2205	187323	189157	2321	1887	11.4438853808	0.0122387209719	0.00987730575155	0.00236141522037
NGAG	13459	1172946	1186351	15457	12777	62.5993324522	0.0130065306129	0.0106552428098	0.00235128780316
AGGA	9053	801926	803620	8736	6839	51.7843783968	0.0107763778245	0.00843842810062	0.00233794972392
NCTG	12196	1072092	1076579	13268	10760	59.7566557713	0.0122245153682	0.00989571789479	0.00232879747339
CANG	16224	1437088	1435563	19678	16230	71.537143608	0.0135080033444	0.0111792796907	0.00232872365369
ATCG	3147	287390	288132	3538	2862	16.6975297331	0.0121610845295	0.00983525433514	0.00232583019436
CNGA	11434	1014097	1020846	11484	9140	61.9317725486	0.0111975553369	0.00887390702398	0.00232364831295
ANCG	8725	784429	785521	9931	8083	42.4482769159	0.0125018883126	0.0101851805182	0.00231670779436
NCCG	2585	223694	223201	2679	2147	13.2825083196	0.0118344502215	0.00952748637663	0.00230696384491
NATG	67515	6012770	6019250	78688	64693	297.999492386	0.0129177612322	0.0106334000828	0.0022843611494
ACGA	4131	369599	368809	4087	3231	22.1829559168	0.0109369898792	0.00868455004838	0.00225243983082
ACNG	9022	792209	791833	10394	8564	38.8973202802	0.0129503627572	0.0106996902787	0.00225067247848
TATG	27748	2416935	2421356	34736	29223	105.41348174	0.0141682958276	0.0119249369231	0.00224335890455
GGTG	2902	248419	251561	3016	2482	13.5703597198	0.0119951478513	0.009769999567	0.00222514828433
TCTG	5021	451211	449957	5650	4612	22.9871769588	0.0123670000285	0.0101458744437	0.00222112558475
NCAG	12196	1073498	1074215	13613	11238	50.2999932186	0.0125221803477	0.0103532810725	0.00216889927522
CATG	7348	653014	654597	8215	6804	30.3202580521	0.0124238350103	0.0102872538747	0.00213658113553
TGTG	8754	747276	751468	9806	8240	32.2077557775	0.0129523618313	0.0108462725152	0.00210608931612
AGAG	5452	471078	478378	6582	5655	19.2956289924	0.0137796759201	0.0116830877234	0.00209658819675
GTGA	5513	492153	494258	4985	3972	26.6799652496	0.0100273968194	0.00797222166469	0.0020551751547
TAAG	13800	1216876	1220832	18847	16343	41.1001229292	0.0152517999584	0.013209933922	0.00204186603636
CAAG	5237	472920	472032	6611	5620	17.8287983898	0.0137863871157	0.0117658881361	0.00202049897961
ACTG	2988	263500	264073	3276	2739	11.4547517006	0.0122799652143	0.0102656552179	0.00201430999636
GAGA	5482	488648	491865	4548	3571	27.8118750159	0.00922148598123	0.00720779273206	0.00201369324917
GCTG	1805	158369	160350	1759	1455	7.84126522864	0.0109849620304	0.00899230555298	0.0019926564774
NGTG	17261	1488374	1497945	18634	15706	58.9742528475	0.0123648978638	0.0103762360016	0.00198866186228
NNGA	131316	11801679	11828301	118058	94426	9223372036854775807	0.00990441315945	0.00791983243431	0.00198458072514
NTGA	52076	4718746	4726019	46003	36784	225.611924272	0.00965486324673	0.00772318317596	0.00193168007077
CNCG	2595	224252	222529	3183	2722	7.80090793356	0.0139952074219	0.012084297073	0.00191091034886
CGTG	1256	109873	110844	1402	1198	4.53672402921	0.0125994158616	0.0106924189143	0.00190699694727
CACG	1256	110719	109956	1407	1183	4.53765290339	0.012548383069	0.0106443282736	0.00190405479544
TTTA	68524	5914490	5962059	69109	58470	210.90977463	0.0115497378751	0.00971177117492	0.00183796670022
GGNT	15369	1311815	1320530	14408	12089	48.2243267761	0.0108639346475	0.00907161011512	0.00179232453237
ACAG	4146	366123	364507	4852	4165	11.5028708093	0.0130790484534	0.0112973049214	0.00178174353195
TCAG	4403	388952	387449	4645	3931	13.1244981312	0.011801411088	0.0100439470591	0.00175746402887
TTTC	27847	2447156	2465949	36930	32763	61.6834215904	0.0148666350521	0.0131119552794	0.00175467977273
CAGA	5021	450250	453332	4674	3952	15.051633304	0.0102742436099	0.00864233168009	0.00163191192983
AGTG	4347	382806	384072	4410	3786	11.5720820178	0.0113889921904	0.00976130439491	0.0016276877955
TTNA	154552	13587870	13648760	143412	121985	9223372036854775807	0.0104441813954	0.00885827164761	0.00158590974783
TAGA	12014	1086360	1087316	9674	8006	35.3706582973	0.00882636852506	0.00730926613361	0.00151710239145
NAGA	49507	4435260	4446086	41324	35027	116.566546151	0.0092311458916	0.00781658485291	0.00141456103868
GATG	9076	833383	833564	8072	6876	21.7071551858	0.00959290752328	0.0081814287754	0.00141147874787
ANGA	67231	6066851	6063289	56534	48187	143.653587227	0.00923247517509	0.00788467466779	0.0013478005073
NGNT	116121	10364987	10408099	108654	95034	209.747112635	0.0103740427994	0.00904815734505	0.00132588545439
AAGA	26990	2410002	2413573	22428	19498	46.247126904	0.00922040922041	0.00801374065944	0.00120666856097
TTAA	47358	4209019	4211731	38377	33417	75.8068513853	0.00903541840695	0.00787181035856	0.00116360804839
TTTN	266753	21927741	22257170	225804	204729	296.238754659	0.0101926802234	0.00911450096005	0.00107817926337
ATGA	27056	2485324	2477287	21283	18619	37.6620840329	0.00849076061784	0.007459816195	0.00103094442284
CGAA	4149	373727	374106	3360	2979	5.78385687774	0.0089104105949	0.00790007557978	0.00101033501513
AGNN	112460	9975116	10001689	107060	98614	80.8169653782	0.0106187394467	0.00976346947215	0.000855269974569
AAAC	16473	1439642	1433411	19347	18089	8.80620320683	0.0132605523414	0.0124622803996	0.000798271941795
TTNC	57109	5041628	5056192	66766	62857	28.8895632265	0.0130698610953	0.012279038548	0.000790822547307
TTNN	541420	46263496	46682632	448047	415387	9223372036854775807	0.00959178334143	0.00881962784889	0.000772155492541
NTTC	63578	5655904	5659528	70554	66351	29.4097600865	0.0123207050501	0.011587915148	0.000732789902088
GGNN	49067	4245612	4257782	44576	41693	23.6179708062	0.0103902206617	0.00969723047581	0.000692990185845
TGAA	23561	2112761	2113685	18253	16846	13.2433294423	0.00856540595228	0.00790694901881	0.000658456933471
NTTA	162097	14293365	14354617	142929	134241	68.1605153986	0.00990067118334	0.00926511944558	0.000635551737762
TTCA	23561	2110100	2110764	20823	19530	9.90145331533	0.00977182188188	0.00916774867694	0.000604073204936
ATTC	17497	1584530	1581511	18323	17371	5.85671454056	0.0114314912222	0.010864466546	0.000567024676215
TGNT	55492	4998303	5017468	44963	42269	21.2712316767	0.0089154528038	0.00835399152169	0.000561461282104
TNTC	56311	5020313	5042658	63587	61008	15.0383824672	0.0125075237515	0.011953760297	0.000553763454441
TNNA	518010	44389942	44405856	402920	379472	154.586803201	0.00899518320575	0.00847313209362	0.000522051112135
TGNN	145932	12954460	12989734	125478	119478	36.4161589281	0.00959316473824	0.00911404896038	0.000479115777863
TNTA	263794	21839318	21897637	203106	192967	63.139334658	0.00921432234495	0.00873525232719	0.000479070017759
AAAA	147910	11828452	11623005	93265	86132	38.359851155	0.00782311809616	0.00735596483328	0.000467153262885
GANN	131316	11810366	11822802	108591	103222	31.681990788	0.00911078041476	0.00865518969273	0.000455590722037
NTNA	428358	38114560	38113008	351296	334214	92.858094676	0.00913267080291	0.00869279970345	0.000439871099458
TNAA	154552	13665093	13620720	115588	109193	36.0244860434	0.00838768417903	0.00795292730551	0.000434756873521
NTTN	541420	46285220	46684817	435672	419367	101.881531102	0.00932499319576	0.00890296709099	0.000422026104772
NGAA	63578	5678996	5683117	48519	46506	10.4185977487	0.00847121308281	0.00811676440143	0.000354448681384
TNTN	672734	56457327	56864551	523155	508966	68.1237331486	0.00918130176575	0.00887109639801	0.00031020536774
GTNN	120852	10617578	10660610	101311	98542	11.7870326416	0.00945163253393	0.00915890025534	0.000292732278595
TATA	159720	12791867	12801939	106443	103247	11.9929129776	0.00825247648723	0.00800042711511	0.000252049372115
NAAA	266753	22292564	22021435	174696	167217	19.349152298	0.00777558100098	0.00753614955969	0.000239431441283
TATN	295392	24731431	24798076	214784	210418	13.3250041376	0.00860988330294	0.00841386130648	0.000196021996455
TANA	263794	21912404	21871090	179654	176675	4.98090974618	0.00813206266252	0.00801328388614	0.000118778776374
