#Sequence	Occurrence	Forward Match	Backward Match	Forward Mismatch	Backward Mismatch	Strand Bias Score	FER (Forward Error Rate)	RER (Reverse Error Rate), ERD (Error rate Difference)
AGNAAGGT	466	10	10	64	0	7.17447192752	0.864864864865	0.0	0.864864864865
AGNAAGNT	1932	11	11	64	0	7.54007875069	0.853333333333	0.0	0.853333333333
GCGAAAGG	126	4	51	18	0	12.8760826791	0.818181818182	0.0	0.818181818182
GCNAAAGG	544	4	51	18	0	12.8760826791	0.818181818182	0.0	0.818181818182
ACCNTCAT	494	21	63	36	0	15.4056101928	0.631578947368	0.0	0.631578947368
NCCGTCAT	351	23	70	36	0	15.9039726751	0.610169491525	0.0	0.610169491525
NCNGTCAT	1326	32	76	36	0	14.6479313557	0.529411764706	0.0	0.529411764706
ANNGTCAT	1492	32	54	35	0	11.3457159113	0.522388059701	0.0	0.522388059701
AGGAAGNN	1036	72	53	65	0	11.7376655965	0.474452554745	0.0	0.474452554745
ACNGTCAN	1373	41	37	35	0	7.41391715118	0.460526315789	0.0	0.460526315789
GNAAGGTG	494	55	58	36	0	8.96904193039	0.395604395604	0.0	0.395604395604
AGNAANGT	1519	100	69	64	0	11.637829548	0.390243902439	0.0	0.390243902439
ACCGTCNT	265	57	58	35	0	8.55514100257	0.380434782609	0.0	0.380434782609
AGNNAGGT	1075	114	87	64	1	11.6489745791	0.359550561798	0.0113636363636	0.348186925434
CCTCACCN	317	62	78	33	0	9.70484346362	0.347368421053	0.0	0.347368421053
CCGTCNTT	225	39	70	19	0	7.36504862329	0.327586206897	0.0	0.327586206897
CCGTCATN	351	39	70	19	0	7.36504862329	0.327586206897	0.0	0.327586206897
CCGTCATT	76	39	70	19	0	7.36504862329	0.327586206897	0.0	0.327586206897
CNGTCATT	325	39	70	19	0	7.36504862329	0.327586206897	0.0	0.327586206897
AGGNANGT	681	139	191	64	0	20.643903107	0.315270935961	0.0	0.315270935961
CCGTNNTT	1331	44	75	19	0	7.22111697558	0.301587301587	0.0	0.301587301587
CCGTNATT	357	44	75	19	0	7.22111697558	0.301587301587	0.0	0.301587301587
AGNTGGTT	562	66	75	28	0	7.82066836462	0.297872340426	0.0	0.297872340426
AAGGTGNT	660	85	88	37	1	8.59780147957	0.303278688525	0.0112359550562	0.292042733468
CNGTCATN	1326	48	76	19	0	6.94004743427	0.283582089552	0.0	0.283582089552
AGGNAGGN	685	165	132	64	0	14.2484963255	0.279475982533	0.0	0.279475982533
GGANGGTG	285	85	70	32	0	7.09338086302	0.273504273504	0.0	0.273504273504
AGNAAGGN	1586	185	116	66	0	12.1280559858	0.262948207171	0.0	0.262948207171
GCGAANGG	366	52	107	18	0	7.9033329849	0.257142857143	0.0	0.257142857143
ACCGNCAT	549	108	87	37	0	8.37929995537	0.255172413793	0.0	0.255172413793
CNGTNATT	1791	58	90	19	0	6.97877674949	0.246753246753	0.0	0.246753246753
AGGNAGNT	840	206	180	66	1	14.6463165457	0.242647058824	0.00552486187845	0.237122196945
GCGAAAGN	697	55	176	18	2	8.31789407141	0.246575342466	0.0112359550562	0.23533938741
GNANGGTG	1477	117	131	36	0	10.5702779486	0.235294117647	0.0	0.235294117647
GCNANAGG	1296	62	107	18	0	7.16935215749	0.225	0.0	0.225
GCGANAGG	329	62	107	18	0	7.16935215749	0.225	0.0	0.225
GNNAGGTG	1116	132	107	36	0	8.36165754658	0.214285714286	0.0	0.214285714286
ANGTGGTT	623	103	105	28	0	7.49466478261	0.213740458015	0.0	0.213740458015
CCTNANCA	1354	119	134	33	1	8.51597008143	0.217105263158	0.00740740740741	0.20969785575
ANCNTCAT	2125	138	208	36	0	13.2468221253	0.206896551724	0.0	0.206896551724
NGGAAGGT	293	253	282	65	0	19.1879267046	0.204402515723	0.0	0.204402515723
ACNNTCAT	1430	138	157	36	1	9.43558082626	0.206896551724	0.00632911392405	0.2005674378
AGGANGGT	164	276	324	70	2	18.8108009499	0.202312138728	0.00613496932515	0.196177169403
CCTCNCCN	780	131	120	33	1	7.30574223399	0.201219512195	0.00826446280992	0.192955049385
NGGNAGGT	819	282	357	65	0	21.4280389946	0.187319884726	0.0	0.187319884726
ANGGTGGN	1685	154	150	34	0	9.18713461211	0.18085106383	0.0	0.18085106383
ANGGTNGT	1313	150	137	33	0	8.37832842565	0.180327868852	0.0	0.180327868852
ACCGTCNN	1111	178	169	37	0	9.93240945345	0.172093023256	0.0	0.172093023256
NAGGTGGN	1328	149	146	33	2	6.89272167292	0.181318681319	0.0135135135135	0.167805167805
NGGAAGNT	1265	393	383	86	5	17.3950751539	0.179540709812	0.0128865979381	0.166654111874
GGAAGNNG	1540	168	144	32	0	7.93163672327	0.16	0.0	0.16
ANGTGGNT	1986	148	171	28	0	8.6032455908	0.159090909091	0.0	0.159090909091
GNGGAAGN	1396	178	166	35	1	7.89466000977	0.164319248826	0.0059880239521	0.158331224874
CCTCANCN	1254	179	153	33	0	8.19713515188	0.155660377358	0.0	0.155660377358
AAGGNGNT	1948	190	226	37	2	9.4852541296	0.162995594714	0.00877192982456	0.154223664889
GCNAANGG	1832	100	157	18	0	6.96040601569	0.152542372881	0.0	0.152542372881
GTGANNCC	1447	287	307	63	9	10.1525632477	0.18	0.0284810126582	0.151518987342
CNGCTCGA	483	250	314	53	8	10.1520681283	0.174917491749	0.0248447204969	0.150072771252
GAGGAANN	923	185	150	34	1	6.97273029848	0.155251141553	0.00662251655629	0.148628624996
GAGNNAGG	1040	209	152	38	1	7.01219348658	0.153846153846	0.00653594771242	0.147310206134
GAGGANGG	142	221	233	38	0	10.9735162978	0.146718146718	0.0	0.146718146718
AGGNNGGT	710	400	431	70	2	18.1297329452	0.148936170213	0.00461893764434	0.144317232568
TTNCANTA	1666	237	243	45	4	8.76195859227	0.159574468085	0.0161943319838	0.143380136101
CTGCTNGA	691	255	279	51	8	8.30508127122	0.166666666667	0.0278745644599	0.138792102207
NTTTCAGN	2623	474	553	96	17	15.1415945165	0.168421052632	0.0298245614035	0.138596491228
ANGTGNTT	2410	177	151	28	0	7.03675006858	0.136585365854	0.0	0.136585365854
NGNAAGGT	1632	405	437	66	2	17.0193260384	0.140127388535	0.00455580865604	0.135571579879
CNGTCNTT	943	123	180	19	0	7.06790538134	0.133802816901	0.0	0.133802816901
AGNNANGT	4506	406	411	64	1	16.8462221463	0.136170212766	0.00242718446602	0.1337430283
NTTCNGTA	1389	275	330	48	5	10.3031755954	0.148606811146	0.0149253731343	0.133681438011
ANNTGGTT	2452	184	261	28	0	10.2149043089	0.132075471698	0.0	0.132075471698
TTGNAANA	2519	237	315	45	9	8.15083788151	0.159574468085	0.0277777777778	0.131796690307
ANCGTCAN	1947	233	220	35	0	9.3338512887	0.130597014925	0.0	0.130597014925
CCNCACNA	1304	213	192	33	1	7.48041790363	0.134146341463	0.00518134715026	0.128964994313
ANCGTCNT	1188	234	219	36	1	8.46351280567	0.133333333333	0.00454545454545	0.128787878788
ANGNTGGT	2149	224	220	33	0	9.22945581969	0.128404669261	0.0	0.128404669261
NGGAANGT	972	443	464	66	1	17.9634608602	0.129666011788	0.00215053763441	0.127515474153
NCCTNACC	1013	224	214	34	1	7.96597135708	0.131782945736	0.0046511627907	0.127131782946
CTNCTNGA	1470	307	344	53	8	9.12764116384	0.147222222222	0.0227272727273	0.124494949495
CTNTCNGT	1214	550	653	98	18	15.7207040291	0.151234567901	0.026825633383	0.124408934518
GNAAGNTG	2052	256	295	36	0	11.4188581712	0.123287671233	0.0	0.123287671233
ANGGTGNT	2204	252	243	38	2	8.20167447691	0.131034482759	0.00816326530612	0.122871217452
AGGANGGN	596	487	482	70	2	16.968481462	0.125673249551	0.00413223140496	0.121541018146
ACCNTCAN	2254	269	222	37	0	9.14882626561	0.12091503268	0.0	0.12091503268
NTTNAGTA	1459	294	280	47	5	8.07263081928	0.137829912023	0.0175438596491	0.120286052374
CTNNTCGA	1410	320	359	54	9	8.81919643993	0.144385026738	0.0244565217391	0.119928504999
CTNNCANT	5636	552	555	97	17	13.0505291696	0.149460708783	0.0297202797203	0.119740429062
NAGNTGGT	1989	265	366	36	0	12.9694481237	0.119601328904	0.0	0.119601328904
TNTCAGTN	1577	305	288	46	4	8.456161241	0.131054131054	0.013698630137	0.117355500917
TNTNAGNA	4901	304	264	46	4	7.70434661965	0.131428571429	0.0149253731343	0.116503198294
TTNNNGTA	5971	286	299	45	6	7.75806568073	0.135951661631	0.0196721311475	0.116279530484
AAGGNNGT	1292	251	221	33	0	8.55494234403	0.116197183099	0.0	0.116197183099
TTNCAGTN	1946	300	267	45	4	7.75885270165	0.130434782609	0.0147601476015	0.115674635007
NGGTGGTT	613	207	272	28	1	8.54413625312	0.11914893617	0.003663003663	0.115485932507
NNGAAGGT	1649	477	496	74	10	12.3653967315	0.134301270417	0.0197628458498	0.114538424568
CTNCTCGN	1219	333	338	53	8	8.25041177357	0.137305699482	0.0231213872832	0.114184312199
NAGGTGNT	1705	277	257	37	1	8.71383474876	0.117834394904	0.00387596899225	0.113958425912
CTGCTNNA	2577	323	343	51	8	8.1709461917	0.136363636364	0.022792022792	0.113571613572
NGGANGGT	892	537	613	71	2	19.5893864014	0.116776315789	0.00325203252033	0.113524283269
NTTCANTA	2137	314	318	45	4	8.66172150622	0.125348189415	0.0124223602484	0.112925829167
AGNAAGNN	7253	523	446	69	2	14.8907057826	0.116554054054	0.00446428571429	0.11208976834
AGGAANNT	949	515	537	64	0	18.8408837303	0.110535405872	0.0	0.110535405872
CTTTCNNT	2168	595	643	96	19	13.1359771647	0.138929088278	0.0287009063444	0.110228181933
NTGGANGA	1974	301	391	46	9	8.32873063757	0.132564841499	0.0225	0.110064841499
AANGTGGT	726	275	222	34	0	8.27908130965	0.11003236246	0.0	0.11003236246
NTNNCAGT	5713	615	603	98	17	13.1026117579	0.13744740533	0.0274193548387	0.110028050491
NNGGTGGT	2431	276	324	35	1	9.97392329282	0.112540192926	0.00307692307692	0.109463269849
TTTNAGTN	2186	318	271	45	4	7.39748388554	0.123966942149	0.0145454545455	0.109421487603
ANNGTGGT	2207	278	225	34	0	8.29122683613	0.108974358974	0.0	0.108974358974
GNGGANGG	846	313	383	38	0	12.6541288286	0.108262108262	0.0	0.108262108262
AACATNNA	1621	166	240	20	0	7.46121318805	0.10752688172	0.0	0.10752688172
AGNANGGT	1289	602	703	81	8	17.4021074725	0.11859443631	0.0112517580872	0.107342678223
AGGNGGNT	895	295	231	35	0	8.17915534266	0.106060606061	0.0	0.106060606061
NNTNAGTA	4841	349	330	48	5	8.29408678121	0.120906801008	0.0149253731343	0.105981427873
AGNTGNTT	2292	251	250	29	0	8.33659985945	0.103571428571	0.0	0.103571428571
ACCNNCAT	1901	328	333	39	1	9.89645907418	0.106267029973	0.00299401197605	0.103273017997
AAGNTGNT	2759	311	325	37	1	9.71260905609	0.10632183908	0.00306748466258	0.103254354418
TTNNANTA	5508	355	367	45	4	9.03113228189	0.1125	0.010781671159	0.101718328841
GGAAGGTN	293	284	282	32	0	8.92871814882	0.101265822785	0.0	0.101265822785
CNTCACCN	2704	289	286	36	3	7.20142403179	0.110769230769	0.0103806228374	0.100388607932
CTNTCAGN	1345	668	547	97	15	10.991561747	0.126797385621	0.0266903914591	0.100106994162
NAGGNGGT	1078	298	258	33	0	8.50261954047	0.0996978851964	0.0	0.0996978851964
NAGGTNGT	1275	329	255	38	1	7.61224559288	0.103542234332	0.00390625	0.0996359843324
GTGANCNC	1839	463	428	64	10	8.74533708031	0.121442125237	0.0228310502283	0.0986110750089
CNTGCNAT	1518	490	512	70	14	9.33672050673	0.125	0.0266159695817	0.0983840304183
GTGNGCNC	1141	446	333	63	9	6.8955859609	0.123772102161	0.0263157894737	0.0974563126874
ACNNTCAN	7271	652	528	93	15	10.0941436322	0.124832214765	0.0276243093923	0.0972079053728
NNNGTCAT	5579	969	985	122	16	20.0419378418	0.111824014665	0.015984015984	0.0958399986814
GGANGGNG	898	306	346	32	0	10.1346681854	0.094674556213	0.0	0.094674556213
TANNTNAT	4532	636	547	89	16	9.8845264304	0.12275862069	0.0284191829485	0.0943394377412
GTGNNCCC	663	493	465	63	9	9.32542268485	0.113309352518	0.0189873417722	0.0943220107458
GGAANNTG	1319	327	231	34	0	7.38667175839	0.0941828254848	0.0	0.0941828254848
ANNAAGNT	9054	555	508	71	10	10.0931411381	0.113418530351	0.019305019305	0.0941135110464
AANGNGGT	2004	328	269	34	0	8.3244469631	0.0939226519337	0.0	0.0939226519337
NCCGTCNT	859	358	514	37	0	13.8261401984	0.0936708860759	0.0	0.0936708860759
CGNTGGAN	1654	526	567	71	15	9.65154281451	0.118927973199	0.0257731958763	0.093154777323
CTTGNNAT	1750	518	520	70	14	8.95281114907	0.119047619048	0.0262172284644	0.0928303905832
GGNAGGTN	819	313	357	32	0	10.2053267958	0.0927536231884	0.0	0.0927536231884
GNGNAAGG	1555	514	492	55	2	12.8213757767	0.0966608084359	0.00404858299595	0.0926122254399
GAGGANNG	622	363	362	38	1	9.54384426687	0.0947630922693	0.00275482093664	0.0920082713327
CGTNNGNA	4203	561	575	75	16	9.44901875467	0.117924528302	0.0270727580372	0.0908517702647
NACNTNAT	6066	673	704	88	18	11.5629518683	0.115637319317	0.0249307479224	0.0907065713943
CTNGCNAT	1686	582	688	72	14	11.5498656585	0.110091743119	0.019943019943	0.0901487231762
NNGTGGTT	2390	274	375	28	1	8.91419724048	0.0927152317881	0.00265957446809	0.09005565732
CNGCTCNA	2241	473	540	55	8	9.91986866864	0.104166666667	0.014598540146	0.0895681265207
GNGNGCCC	568	513	439	63	9	8.30557450674	0.109375	0.0200892857143	0.0892857142857
TCNTNNTG	7141	587	651	76	17	10.2422182459	0.114630467572	0.0254491017964	0.0891813657752
CTNNNAGT	4111	786	779	101	21	12.1641769008	0.113866967306	0.02625	0.0876169673055
NTTNNGAT	8044	563	556	71	14	9.07906096697	0.111987381703	0.0245614035088	0.0874259781947
TNNCAGNA	6596	415	382	46	5	7.69181824478	0.0997830802603	0.0129198966408	0.0868631836195
GGAANGNG	1098	349	371	34	1	8.94625952641	0.088772845953	0.00268817204301	0.08608467391
ANNCNTCA	7628	1244	1390	160	40	19.2860713926	0.11396011396	0.027972027972	0.0859880859881
CTTNNAGN	6249	799	762	96	17	12.439763231	0.107262569832	0.0218228498074	0.085439720025
AANGTGNT	2679	394	379	38	1	9.40066362255	0.087962962963	0.00263157894737	0.0853313840156
TNCNTCAT	1824	686	665	86	18	10.1057655796	0.111398963731	0.0263543191801	0.0850446445505
CTNGCGAN	1616	550	517	70	15	7.84724873093	0.112903225806	0.0281954887218	0.0847077370846
AGGANNGT	584	754	764	72	2	18.2995841869	0.0871670702179	0.00261096605744	0.0845561041605
GTNANCCC	1129	531	423	64	10	7.19751873513	0.10756302521	0.0230946882217	0.0844683369884
CNNCACCA	3588	342	323	34	2	7.26823137356	0.0904255319149	0.00615384615385	0.084271685761
CTTTCNGN	1946	833	895	96	18	13.9811606128	0.103336921421	0.0197152245345	0.0836216968864
NTGAGCNC	1934	527	471	64	12	7.47073777125	0.108291032149	0.0248447204969	0.083446311652
NTTTNNGT	8812	817	795	96	18	12.2913932599	0.105147864184	0.0221402214022	0.0830076427818
TNNCANTA	5871	438	400	46	5	7.65938534716	0.095041322314	0.0123456790123	0.0826956433017
NTGNGCCC	895	559	584	64	12	9.10758788153	0.102728731942	0.0201342281879	0.0825945037543
AGNNGGTT	1602	313	266	28	0	7.04199915185	0.0821114369501	0.0	0.0821114369501
NACGTNNT	4695	765	715	90	17	10.8000727185	0.105263157895	0.0232240437158	0.0820391141789
TACGNCNT	1209	690	673	86	20	9.30971552391	0.110824742268	0.02886002886	0.081964713408
GAGGNNGG	578	437	394	39	0	10.3274178988	0.0819327731092	0.0	0.0819327731092
CGNNNGAA	5650	622	585	74	15	8.68030508279	0.10632183908	0.025	0.0813218390805
NANGTCAN	5695	759	814	86	17	12.1274068348	0.101775147929	0.0204572803851	0.0813178675439
ANNAANGT	7223	660	598	71	10	10.0160709556	0.0971272229822	0.0164473684211	0.0806798545612
CTTNNANT	6686	919	968	97	15	15.4551100678	0.0954724409449	0.0152594099695	0.0802130309754
CGTNGGNN	3662	1016	1074	122	30	13.876898409	0.107205623902	0.0271739130435	0.0800317108581
GCGNNGGA	1327	449	614	50	13	8.20331349505	0.100200400802	0.0207336523126	0.079466748489
TCATNTNG	1636	671	729	75	16	10.1111739429	0.100536193029	0.0214765100671	0.0790596829624
NGNNAGGT	4096	722	845	67	5	15.9140322967	0.084917617237	0.00588235294118	0.0790352642958
NGTTGNAN	7107	630	619	72	15	8.8229245441	0.102564102564	0.0236593059937	0.0789047965704
CTTNCNNT	6851	1473	1501	176	43	18.9637117311	0.106731352335	0.0278497409326	0.0788816114021
AGGNANGN	3377	644	681	64	8	11.6211854544	0.090395480226	0.011611030479	0.078784449747
CCTCACNN	903	388	495	33	0	11.4471478393	0.0783847980998	0.0	0.0783847980998
TNNTCTNG	6163	691	788	76	17	10.5640753437	0.0990873533246	0.0211180124224	0.0779693409023
ANCGNCAT	2672	423	413	38	2	8.50537012261	0.0824295010846	0.00481927710843	0.0776102239762
CTTNNNGT	6509	921	852	101	19	12.010080694	0.0988258317025	0.0218140068886	0.0770118248139
GNAAGGTN	1632	435	438	36	0	10.5429589133	0.0764331210191	0.0	0.0764331210191
CTTGNGAN	1289	621	578	70	15	7.79383053267	0.101302460203	0.0252951096121	0.0760073505905
NTTNNGTA	5730	536	617	50	6	10.2084698883	0.0853242320819	0.00963081861958	0.0756934134623
TANGNNAT	4156	875	847	94	19	11.3586818782	0.0970072239422	0.0219399538106	0.0750672701316
NGNTNGAA	8215	1168	1231	122	25	16.230061614	0.0945736434109	0.0199044585987	0.0746691848121
CTGCTNGN	2252	511	545	51	9	7.84668167476	0.0907473309609	0.0162454873646	0.0745018435962
CTGCNCGA	576	566	626	54	8	9.53972061936	0.0870967741935	0.01261829653	0.0744784776636
TNNTNTTG	10773	725	860	76	18	10.7716600631	0.0948813982522	0.0205011389522	0.0743802593
NANATTGA	2935	596	612	60	11	8.58791584013	0.0914634146341	0.0176565008026	0.0738069138316
NANGTGGT	2147	468	437	37	0	10.2215430706	0.0732673267327	0.0	0.0732673267327
NGGNAGNT	4167	966	956	90	12	14.554785652	0.0852272727273	0.0123966942149	0.0728305785124
NNNTCAGT	7167	1058	1166	101	17	16.0874948059	0.0871440897325	0.0143702451395	0.0727738445931
NNGCTCGA	1669	582	644	54	8	9.53959513046	0.0849056603774	0.0122699386503	0.0726357217271
TNNGTCAN	6498	876	928	86	16	12.5269134705	0.0893970893971	0.0169491525424	0.0724479368547
GNGNTGGA	2200	498	573	52	13	6.89450823366	0.0945454545455	0.0221843003413	0.0723611542042
NNTTNGAA	7345	723	805	72	15	10.453970369	0.0905660377358	0.0182926829268	0.072273354809
CNNTNGAA	6108	646	648	71	18	7.66202109465	0.0990237099024	0.027027027027	0.0719966828753
NACGNCAT	1603	768	709	86	21	8.30782201936	0.100702576112	0.0287671232877	0.0719354528247
ATNNGNCA	6586	1305	1417	144	40	15.3862050165	0.0993788819876	0.0274536719286	0.071925210059
TTTCAGNN	2623	526	564	45	4	9.41016620474	0.0788091068301	0.00704225352113	0.071766853309
GTNNGNCC	2826	661	644	64	11	8.84502501613	0.088275862069	0.0167938931298	0.0714819689392
ANNATNGA	7359	667	649	62	9	9.38574674378	0.0850480109739	0.0136778115502	0.0713701994238
NTTTNAGN	8210	957	1000	99	23	11.954300142	0.09375	0.0224828934506	0.0712671065494
NCNTNTTG	9324	741	803	75	17	9.86702699765	0.0919117647059	0.0207317073171	0.0711800573888
NGTNGGAA	1160	722	854	71	16	10.5155546358	0.0895334174023	0.0183908045977	0.0711426128046
ACCNTCNT	1432	444	501	36	2	9.08875609628	0.075	0.00397614314115	0.0710238568588
CTNTCANN	5826	997	800	97	15	11.0153903065	0.0886654478976	0.0184049079755	0.0702605399222
TNTNAGTN	4981	549	546	46	4	9.13136466072	0.0773109243697	0.00727272727273	0.070038197097
NANGTCNT	4213	904	894	87	17	11.2319645057	0.087790110999	0.0186608122942	0.0691292987048
ANNGTCAN	6568	514	521	38	0	11.2047953426	0.0688405797101	0.0	0.0688405797101
NNTNCAGT	5863	1032	997	100	20	12.1865438814	0.0883392226148	0.0196656833825	0.0686735392323
NACGTCNN	3220	878	862	87	19	10.1101070808	0.0901554404145	0.0215664018161	0.0685890385984
GNAAGGNG	1463	499	419	38	1	8.36635085187	0.0707635009311	0.00238095238095	0.0683825485501
CTNTNNGT	4866	1023	1028	98	20	12.3917332087	0.0874219446922	0.0190839694656	0.0683379752266
ACCGTNAT	466	479	435	35	0	9.51523354818	0.068093385214	0.0	0.068093385214
TNATCTNN	7004	804	833	75	15	10.1336579916	0.0853242320819	0.0176886792453	0.0676355528366
NNATCTTN	8215	778	820	75	17	9.52169680202	0.0879249706917	0.0203106332139	0.0676143374778
NTTNAGTN	7020	697	655	75	20	6.94884237989	0.0971502590674	0.0296296296296	0.0675206294377
NAGGANGG	596	522	482	39	1	9.47119307285	0.0695187165775	0.00207039337474	0.0674483232028
ATNNNTCA	7802	1332	1437	141	42	13.9895987411	0.0957230142566	0.0283975659229	0.0673254483337
AANANTGN	8831	706	611	64	10	8.23768406638	0.0831168831169	0.0161030595813	0.0670138235356
NGNTGGTT	2577	393	559	29	1	9.62716047785	0.0687203791469	0.00178571428571	0.0669346648612
GGAAGNTN	1265	447	388	32	0	8.18654852936	0.0668058455115	0.0	0.0668058455115
ACNGNCAT	1597	517	513	37	0	10.7697013187	0.0667870036101	0.0	0.0667870036101
CNNNGGAA	4016	747	733	72	16	8.38147451229	0.0879120879121	0.0213618157543	0.0665502721577
GTGANCCN	1481	709	772	64	13	9.22524872284	0.0827943078913	0.0165605095541	0.0662337983372
GNNAGNCC	2747	705	647	65	12	7.93772397782	0.0844155844156	0.0182094081942	0.0662061762214
NTTTCANT	3163	1076	1110	96	18	13.456368802	0.0819112627986	0.0159574468085	0.0659538159901
ATNCNNCA	7200	1429	1451	146	40	14.3127544535	0.0926984126984	0.0268276324614	0.065870780237
CTGCTCNN	2433	594	598	51	8	7.93041444952	0.0790697674419	0.013201320132	0.0658684473098
NNCGTCNT	3971	1501	1617	125	18	21.3074942351	0.0768757687577	0.0110091743119	0.0658665944458
NCATCNTG	2202	805	801	74	15	9.49615814228	0.0841865756542	0.0183823529412	0.065804222713
CTGCNCNA	2655	660	765	54	8	9.97865891198	0.0756302521008	0.0103492884864	0.0652809636144
NTTNCNGT	7311	1097	1181	101	23	12.9749489908	0.0843071786311	0.0191029900332	0.0652041885978
NNGGAAGN	5028	968	1026	81	13	12.9173930386	0.0772163965682	0.0125120307988	0.0647043657693
ACNGTCNT	828	529	517	40	3	8.22566114788	0.0702987697715	0.00576923076923	0.0645295390023
NNTCNGTA	5061	621	668	49	6	9.34609171188	0.0731343283582	0.00890207715134	0.0642322512069
ANNATTNA	7620	708	804	60	12	9.16966780928	0.078125	0.0147058823529	0.0634191176471
TCANCTNN	7697	902	1102	76	16	12.3541367572	0.0777096114519	0.0143112701252	0.0633983413267
NGNANGGT	4976	1077	1196	83	10	16.1014969686	0.0715517241379	0.00829187396352	0.0632598501744
GGAANGTN	972	475	465	32	0	9.23077566223	0.0631163708087	0.0	0.0631163708087
ACCGNCAN	2175	550	511	37	0	10.2090914652	0.0630323679727	0.0	0.0630323679727
TNTNANTA	5210	598	471	46	4	7.1101611443	0.0714285714286	0.00842105263158	0.063007518797
NTACGNCN	4227	1392	1357	140	40	12.3328494026	0.0913838120104	0.0286327845383	0.0627510274721
TNNCAGTN	5713	660	601	49	4	9.03549181643	0.0691114245416	0.00661157024793	0.0624998542937
CNTNGNAA	5489	824	868	72	16	9.28972019829	0.0803571428571	0.0180995475113	0.0622575953458
CTNNCNAT	5811	879	1022	72	14	11.6325553928	0.0757097791798	0.0135135135135	0.0621962656663
TACNTNAN	4416	1022	1005	86	16	11.4373746674	0.0776173285199	0.0156709108717	0.0619464176482
AGNTGGNT	1955	425	401	28	0	7.57904660159	0.0618101545254	0.0	0.0618101545254
ACNGTNAT	1513	532	504	35	0	9.68157661685	0.0617283950617	0.0	0.0617283950617
AANGTNGT	1674	512	427	35	1	7.51838096007	0.0639853747715	0.00233644859813	0.0616489261733
TACNNCAN	5753	921	778	86	19	7.92561377254	0.0854021847071	0.0238393977415	0.0615627869655
TNNTCTTN	8409	834	853	79	22	8.04697004913	0.0865279299014	0.0251428571429	0.0613850727586
NGNTGGNA	7749	831	856	73	17	8.77000668416	0.0807522123894	0.0194730813288	0.0612791310606
NNNCGTCA	5878	1839	1867	167	42	17.7694149927	0.0832502492522	0.0220010476689	0.0612492015833
NTGCTNGA	2281	664	627	54	9	7.4288507376	0.075208913649	0.0141509433962	0.0610579702528
GGNAGGNG	831	495	452	32	0	8.70268122428	0.0607210626186	0.0	0.0607210626186
CNNTCNGT	5240	1262	1469	100	19	16.1528927596	0.0734214390602	0.0127688172043	0.0606526218559
TCNTCNNG	5801	945	884	80	16	9.46339088951	0.0780487804878	0.0177777777778	0.06027100271
ANGNTNGT	5388	515	564	33	0	10.3604197545	0.0602189781022	0.0	0.0602189781022
ANNTTNAG	6865	623	698	51	11	7.47243991764	0.0756676557864	0.015514809591	0.0601528461954
NTTNNAGT	6450	1216	1155	98	17	13.0156741242	0.0745814307458	0.0145051194539	0.0600763112919
ANGGNGGT	1310	534	632	35	1	10.3135724369	0.0615114235501	0.00157977883096	0.0599316447191
TNNNTCAT	7518	1020	984	86	18	10.2235414696	0.0777576853526	0.0179640718563	0.0597936134963
ANCGTNAT	2025	552	527	35	0	9.68180135404	0.0596252129472	0.0	0.0596252129472
NCCGTCAN	1488	584	570	37	0	10.6779522346	0.0595813204509	0.0	0.0595813204509
GGANGNTG	1267	506	548	32	0	9.96966554336	0.0594795539033	0.0	0.0594795539033
CTNTCNNT	5630	1216	1291	98	20	13.3353753172	0.0745814307458	0.0152555301297	0.0593259006161
ACCNTNAT	1911	572	560	36	0	10.4097511701	0.0592105263158	0.0	0.0592105263158
CTGNTNGA	2444	691	803	52	9	9.13555984373	0.0699865410498	0.0110837438424	0.0589027972074
TNNCNGTA	5583	633	655	47	7	7.84154854116	0.0691176470588	0.0105740181269	0.0585436289319
GGNNGGTG	1311	584	775	38	2	11.2361230855	0.0610932475884	0.002574002574	0.0585192450144
AAGGTNNT	2019	535	625	38	5	7.70654717653	0.0663176265271	0.00793650793651	0.0583811185905
NNATCTNG	6402	985	919	79	15	9.66834821531	0.0742481203008	0.0160599571734	0.0581881631273
GNGANNCC	3952	847	893	64	11	9.84410142678	0.0702524698134	0.0121681415929	0.0580843282205
CNNCTCGA	1210	782	996	55	8	11.5772056186	0.0657108721625	0.00796812749004	0.0577427446724
CNGNTCGA	1469	785	893	58	10	9.73825374171	0.0688018979834	0.0110741971207	0.0577277008627
GTNAGNCN	4159	839	810	63	10	9.27771970186	0.069844789357	0.0121951219512	0.0576496674058
CNGCTCGN	1650	743	852	53	8	9.67409256624	0.0665829145729	0.0093023255814	0.0572805889915
NNNCAGTA	6240	928	850	82	21	7.63945871877	0.0811881188119	0.0241102181401	0.0570779006718
TACGNNNT	4623	1042	1006	86	20	9.39665518837	0.0762411347518	0.0194931773879	0.0567479573639
CNGCTNGA	2005	772	808	55	8	9.28702415654	0.0665054413543	0.00980392156863	0.0567015197857
CNTNNGAT	5001	894	919	71	16	8.7329249148	0.0735751295337	0.0171122994652	0.0564628300684
CGTNGNAN	4178	941	1007	73	16	9.7880014019	0.0719921104536	0.0156402737048	0.0563518367489
NTGAGCCN	1929	819	670	64	11	7.17671578534	0.0724801812005	0.0161527165932	0.0563274646072
TNTNNGTA	5108	664	585	46	5	7.51016239534	0.0647887323944	0.00847457627119	0.0563141561232
AGGNANNT	3555	1090	1240	67	2	18.8059512135	0.0579083837511	0.00161030595813	0.0562980777929
GTNAGCNC	1573	850	789	64	11	8.41862530094	0.0700218818381	0.01375	0.0562718818381
NTNCANTA	5237	710	812	46	4	10.5771751129	0.0608465608466	0.00490196078431	0.0559446000622
CGNTNGNA	6068	879	731	72	15	7.02023501559	0.0757097791798	0.0201072386059	0.0556025405739
NTNCNGTA	4912	697	776	48	7	8.84280915749	0.0644295302013	0.00893997445722	0.0554895557441
NGGNGGTT	1325	459	485	28	1	7.11335076655	0.0574948665298	0.00205761316872	0.055437253361
NCCGTNAT	1510	596	593	36	1	9.25374670049	0.0569620253165	0.0016835016835	0.055278523633
TCNTNTTN	7788	913	832	74	17	7.50178289506	0.0749746707194	0.020023557126	0.0549511135933
NNTTGGAN	6262	917	933	72	17	8.49496100588	0.0728008088979	0.0178947368421	0.0549060720558
GGANGGTN	892	573	615	33	0	10.2358755594	0.0544554455446	0.0	0.0544554455446
NTTCNGNA	6312	723	669	50	7	7.46110312231	0.0646830530401	0.0103550295858	0.0543280234543
NCCNTCAT	1679	628	700	37	1	10.4125282038	0.0556390977444	0.00142653352354	0.0542125642208
CTNCNCGA	1300	871	965	58	8	10.8029084328	0.0624327233584	0.0082219938335	0.0542107295249
CGTNNNAA	5246	957	946	74	17	8.59360186426	0.0717749757517	0.0176531671859	0.0541218085658
NTNCNTCA	7671	1711	1820	142	42	14.0318222221	0.0766324878575	0.0225563909774	0.0540760968801
NNCGTCAN	5878	1862	1893	124	16	20.9354871602	0.0624370594159	0.00838135149293	0.054055707923
CCTCNNCN	3333	574	511	34	1	7.70006569274	0.0559210526316	0.001953125	0.0539679276316
NNTTCAGN	7802	1545	1660	124	35	13.188374309	0.0742959856201	0.0206489675516	0.0536470180685
AGNAANGN	6762	1028	825	68	7	10.0077403395	0.0620437956204	0.00841346153846	0.053630334082
CTNTNAGN	4151	1337	1124	97	16	11.3256434605	0.0676429567643	0.0140350877193	0.053607869045
TNATCNTN	7800	1000	965	74	15	9.14258509791	0.0689013035382	0.015306122449	0.0535951810892
NTTNCNAT	7379	925	934	71	17	8.24376658407	0.0712851405622	0.0178759200841	0.0534092204781
ANGTGNNT	6401	514	459	29	0	7.77233372657	0.0534069981584	0.0	0.0534069981584
NTTNAGNA	7405	729	709	48	6	8.19648019146	0.0617760617761	0.00839160839161	0.0533844533845
CTTTNNNT	9461	1339	1394	98	21	12.7463064028	0.0681976339596	0.0148409893993	0.0533566445603
NNGGAAGG	1002	575	690	34	2	9.08429275845	0.055829228243	0.0028901734104	0.0529390548326
CTTGCGNN	2106	969	957	81	24	7.24039862552	0.0771428571429	0.0244648318043	0.0526780253386
CTTNNNAT	5656	1002	1023	71	14	9.59639355785	0.0661696178938	0.0135004821601	0.0526691357337
TANGNCNT	3986	1062	939	88	23	7.41365615664	0.0765217391304	0.0239085239085	0.0526132152219
GTGNGCNN	6134	1220	994	91	17	9.33339576532	0.06941266209	0.0168150346192	0.0525976274708
CNTNCNGT	4873	1359	1330	98	20	12.1852917582	0.0672614962251	0.0148148148148	0.0524466814103
TCNTNTNG	5439	1138	1428	78	17	12.7714415831	0.0641447368421	0.0117647058824	0.0523800309598
NNGAAGNT	7085	1439	1452	96	15	14.5969343243	0.0625407166124	0.0102249488753	0.0523157677371
NTTGNNAT	8920	1018	1077	73	16	9.71111831622	0.0669110907424	0.0146386093321	0.0522724814103
GNGNNAGG	3889	1058	959	62	3	13.2162580628	0.0553571428571	0.0031185031185	0.0522386397386
NNCGTNAT	6609	1854	1757	122	17	18.2597080756	0.0617408906883	0.00958286358512	0.0521580271031
CTTTNANN	9306	1407	1215	98	16	12.0848978239	0.0651162790698	0.0129975629569	0.0521187161128
TNANCTNG	7014	1075	1204	75	16	10.9123885439	0.0652173913043	0.0131147540984	0.052102637206
ANNAAGGN	7223	1113	963	74	10	10.4294742107	0.0623420387532	0.0102774922919	0.0520645464613
ANNAGGGT	876	328	479	18	0	6.90704942919	0.0520231213873	0.0	0.0520231213873
TTTNANNA	10872	749	653	46	4	8.1221860763	0.0578616352201	0.00608828006088	0.0517733551592
CGTTNGNN	6231	1023	1076	77	20	8.66941714308	0.07	0.0182481751825	0.0517518248175
ACCGNNAT	2038	696	664	39	1	9.65963592905	0.0530612244898	0.0015037593985	0.0515574650913
NTTGNGAN	6398	949	860	70	15	7.64907625268	0.0686947988224	0.0171428571429	0.0515519416795
NTNNCGAT	10081	1087	1209	76	17	10.6192791556	0.0653482373173	0.0138662316476	0.0514820056696
TNCNTNAT	6477	1174	1065	87	19	9.11471671115	0.0689928628073	0.0175276752768	0.0514651875305
CNTTNGAN	5549	968	945	73	18	7.73320993901	0.0701248799232	0.018691588785	0.0514332911381
AGGAANNN	4029	1073	1037	65	6	12.2281124674	0.0571177504394	0.00575263662512	0.0513651138142
AANANTNA	8261	851	948	60	14	8.12881947118	0.0658616904501	0.014553014553	0.051308675897
CTTTNNGN	8014	1445	1600	99	21	14.0420477363	0.0641191709845	0.0129549660703	0.0511642049141
TANGNCAN	4776	1166	1081	88	21	8.84021330366	0.0701754385965	0.019056261343	0.0511191772535
GNGAGNNC	3333	885	794	65	14	6.99816090801	0.0684210526316	0.0173267326733	0.0510943199583
NCCTNANC	4793	621	577	37	3	7.23141018558	0.0562310030395	0.0051724137931	0.0510585892464
NGNAANGT	6016	1174	1070	69	5	13.3796349233	0.0555108608206	0.0046511627907	0.0508596980299
ATANNTNN	16233	1711	1459	145	41	10.2702564774	0.078125	0.0273333333333	0.0507916666667
TCNTCTNN	5816	1059	990	78	18	8.19422060695	0.0686015831135	0.0178571428571	0.0507444402563
ACNTTNAN	7033	937	967	63	12	8.99990489901	0.063	0.0122574055158	0.0507425944842
NACNTCAN	7411	1291	1350	89	19	11.6716554001	0.0644927536232	0.0138787436085	0.0506140100147
NTGCNCGA	1766	869	873	55	8	8.86124062492	0.0595238095238	0.00908059023837	0.0504432192854
ANNGTNGT	5342	639	592	35	1	8.43216396043	0.0519287833828	0.00168634064081	0.050242442742
NTTNCAGN	7933	1445	1545	97	20	13.3669100803	0.0629053177691	0.0127795527157	0.0501257650535
NTNTCANT	7727	1472	1523	98	19	13.6303739948	0.0624203821656	0.0123216601816	0.050098721984
NACGNNAT	5467	1164	1156	87	23	8.93985204402	0.0695443645084	0.019508057676	0.0500363068324
