#Sequence	Occurrence	Forward Match	Backward Match	Forward Mismatch	Backward Mismatch	Strand Bias Score	FER (Forward Error Rate)	RER (Reverse Error Rate), ERD (Error rate Difference)
GGGT	2354	191383	199569	2553	1016	157.995309526	0.0131641366224	0.00506518433582	0.00809895228657
AGGT	5322	352076	355973	4459	1702	273.616065054	0.0125064860392	0.00475850982037	0.00774797621887
AAGT	10403	701037	710913	7218	2533	9223372036854775807	0.0101912446788	0.00355037381946	0.00664087085936
NGGT	14641	1022044	1045281	10154	3760	9223372036854775807	0.00983725990556	0.00358422597401	0.00625303393155
CGGT	831	56165	58123	465	135	42.6900177264	0.00821119547943	0.00231727831371	0.00589391716572
GAGT	2561	174155	179360	1497	495	116.549734225	0.00852253319063	0.00275221706375	0.00577031612688
TTTG	19669	1347497	1394626	17369	11059	9223372036854775807	0.0127257913964	0.00786733869964	0.00485845269673
GNGT	11688	823793	840673	6225	2354	9223372036854775807	0.00749983735292	0.00279231863274	0.00470751872019
NAGT	24706	1669567	1683715	12465	4690	9223372036854775807	0.00741067946389	0.00277776955174	0.00463290991215
TGGT	6134	422420	431616	2677	907	198.728421869	0.00629738624361	0.00209699830992	0.00420038793369
ANGT	42268	2848744	2862069	18821	6904	9223372036854775807	0.00656340832727	0.00240643603129	0.00415697229598
GGGN	6798	490098	498964	4446	2812	87.0393096839	0.00899009997088	0.0056040942572	0.00338600571368
NNGT	100583	6892713	6970949	37066	14860	9223372036854775807	0.00534879972363	0.00212716952324	0.00322163020038
GGCC	496	31987	32214	162	60	11.038826427	0.00503903698404	0.00185908161368	0.00317995537036
ACGT	3360	223602	222887	1225	525	61.2275734685	0.00544863383846	0.00234991853616	0.00309871530231
GTGT	6062	410184	413778	1927	702	127.153659031	0.00467592469019	0.00169368847713	0.00298223621306
TCCC	2452	168046	170137	1104	650	27.6434665186	0.00652675140408	0.00380591028591	0.00272084111817
AGGN	16799	1183408	1186743	8178	5033	165.026027721	0.00686312192322	0.00422310904063	0.00264001288259
TAGT	9346	629491	625892	2963	1296	140.478644504	0.00468492570211	0.00206636606568	0.00261855963643
CAGT	2396	164884	167550	787	366	35.7836076667	0.00475037876273	0.0021796612592	0.00257071750353
TTTC	23751	1649250	1683656	23703	19958	87.7857035769	0.0141683597806	0.0117150950861	0.00245326469449
TTNG	37334	2576018	2648350	23274	17397	221.295641636	0.00895397669827	0.0065261256976	0.00242785100067
NGGN	42980	3017911	3041989	18942	11707	9223372036854775807	0.00623737796989	0.00383371494739	0.0024036630225
ATGT	23183	1572029	1572296	5919	2144	9223372036854775807	0.00375107417988	0.00136175402048	0.00238932015941
CCCC	1428	92430	92475	1042	833	5.77706706326	0.0111477233824	0.00892742315771	0.00222030022469
GCGT	711	48071	47966	248	141	7.0361976273	0.00513255655125	0.00293096638743	0.00220159016383
CCTG	1867	140702	139718	2446	2118	5.3036834297	0.0170872104395	0.0149327392199	0.0021544712196
NCCC	6798	495026	490409	3658	2581	39.1188027756	0.00733530652678	0.00523540031238	0.0020999062144
NCGT	8779	603040	605201	2518	1266	91.9081400054	0.00415814835243	0.00208750022672	0.00207064812571
TNGT	38746	2673011	2714734	9912	4576	9223372036854775807	0.0036944780003	0.00168277982282	0.00201169817748
CNGT	7881	547165	553473	2108	1026	84.8350981649	0.00383780014674	0.00185031893655	0.00198748121019
CGGN	2605	176986	178283	764	428	22.0025048903	0.00429817158931	0.00239492812418	0.00190324346513
AAGN	43363	3017219	3019404	12760	7002	9223372036854775807	0.004211250309	0.00231363538137	0.00189761492762
NTGT	52457	3598062	3636752	11929	5144	9223372036854775807	0.00330444037118	0.0014124510969	0.00189198927428
TGGN	16778	1167419	1177999	5554	3434	113.698374601	0.00473497684942	0.00290663964863	0.00182833720079
AATC	9935	712278	709281	3866	2543	59.0619559036	0.00539835563797	0.00357251230641	0.00182584333156
NTTG	41275	2856637	2915663	24560	19769	135.149619408	0.00852423489265	0.00673461350834	0.00178962138432
GGGA	2452	170914	170008	867	557	15.1576868379	0.00504712395434	0.00326561721338	0.00178150674096
GNGN	35687	2477929	2494169	11112	6768	236.044078436	0.00446437001239	0.00270618572159	0.00175818429079
GAGN	11080	771595	777909	2767	1481	87.8585815067	0.00357326418393	0.0019002040057	0.00167306017824
ACCC	2354	197492	190994	1379	1016	10.2666248306	0.00693414323858	0.00529139107338	0.0016427521652
TTNC	48436	3340133	3390106	31344	26189	118.040529278	0.0092968156093	0.00766590707184	0.00163090853746
ANGN	128143	8943437	8915013	35030	20437	9223372036854775807	0.00390155691389	0.00228718195502	0.00161437495887
TCGA	2612	187478	186091	545	250	24.2039139785	0.00289858155651	0.00134162637315	0.00155695518336
TNCC	17357	1193882	1201644	5388	3638	77.1604447567	0.00449273307929	0.00301838076069	0.0014743523186
NAGN	90180	6300168	6301084	22220	13032	9223372036854775807	0.00351449483961	0.00206394687712	0.00145054796248
GGNT	14152	1063118	1082390	4303	2809	75.1324270792	0.00403121167749	0.00258846534138	0.00144274633611
CTTC	8069	570111	576046	2616	1826	33.2939358559	0.00456762122268	0.00315986931362	0.00140775190906
TNTC	48754	3424008	3438040	31152	26366	91.3949933291	0.00901608029729	0.00761053987321	0.00140554042408
CACC	2662	180766	181996	513	260	19.2377763814	0.00282989204486	0.00142656483188	0.00140332721297
TCGT	3712	262008	265740	813	457	23.7091006833	0.00309336011963	0.00171677366762	0.001376586452
TTCC	8172	567531	579396	2325	1575	35.7787086377	0.00407997809973	0.00271097868913	0.0013689994106
TTGA	12461	888782	892304	3005	1791	68.8283463299	0.00336963871418	0.00200314284276	0.00136649587141
CTCG	744	52208	51697	169	99	4.43833833778	0.00322660709854	0.00191134450537	0.00131526259317
TCTC	4690	329260	330208	1389	959	18.2808182441	0.00420082927818	0.00289581993375	0.00130500934443
ACGN	8779	606781	599383	1922	1129	43.6992960294	0.00315753331263	0.0018800623468	0.00127747096584
CCGT	996	69359	68608	232	143	5.03146135825	0.00333376442356	0.00207996974589	0.00125379467767
GTGN	15565	1064589	1066562	3436	2132	67.9065657421	0.00321715315653	0.00199495833232	0.00122219482421
CNCC	6871	465712	468167	1960	1414	20.7535385019	0.00419097145008	0.00301119508668	0.00117977636339
TACC	5244	358921	351404	1587	1138	14.9572567617	0.00440212145084	0.00322798418344	0.0011741372674
ATGN	59202	4136029	4109483	12170	7273	261.941446668	0.00293380332043	0.00176668231005	0.00116712101038
TTGT	19554	1359092	1391486	3459	1916	105.357942327	0.00253862057273	0.00137505185151	0.00116356872122
TGGA	6963	497805	495609	1692	1115	26.1778303339	0.00338740773218	0.00224470732238	0.0011427004098
TNGN	92090	6428816	6482130	22585	15346	9223372036854775807	0.00350078998345	0.00236184019764	0.00113894978581
TCNC	12840	893345	897564	3392	2390	39.7624735401	0.00378260292594	0.00265569129089	0.00112691163505
NNCC	42979	3029490	3020240	12512	9095	116.066004529	0.0041130807935	0.00300230908764	0.00111077170587
ACTC	2561	178789	175036	448	247	12.5410135629	0.00249948392352	0.00140914977494	0.00109033414858
NTGN	125776	8777796	8806317	27437	17972	9223372036854775807	0.00311598795852	0.00203665133814	0.00107933662038
NCGN	21662	1504442	1497883	4483	2849	78.6224300963	0.00297098928045	0.00189840691076	0.00107258236969
TTGN	41275	2877536	2931043	10235	7367	114.319429001	0.00354425610618	0.0025071382142	0.00103711789198
NTCC	18149	1267472	1280173	4119	2831	55.7276577101	0.00323924909818	0.00220654027579	0.00103270882239
TCGN	8034	567346	569614	1636	1058	28.4237708287	0.00287531064252	0.00185395463594	0.00102135600658
TNGA	31458	2246293	2241037	6199	3889	114.793182641	0.00275206304839	0.00173235108863	0.00101971195976
TTAA	38620	2692598	2703064	7269	4541	140.238162111	0.00269235484563	0.00167712794148	0.00101522690414
GAGA	4690	331784	331015	743	405	22.3733402458	0.00223440502576	0.00122201436244	0.00101239066332
NGGA	18149	1283078	1276013	4272	2959	51.2709978792	0.00331844486736	0.0023135768414	0.00100486802596
TNNC	107549	7450253	7461033	48964	41552	134.780276655	0.00652921498338	0.00553835777935	0.000990857204026
ATCC	5828	414419	414701	1265	854	18.2958872403	0.0030431770287	0.00205508296134	0.000988094067364
TTGC	3750	254944	260349	1090	856	8.00819859826	0.00425724708437	0.00327711950384	0.000980127580534
NTTC	51935	3645269	3697254	35422	32278	42.9451508434	0.00962373641254	0.00865470520162	0.00096903121092
AGNT	27693	1921056	1939143	7614	5819	56.8524967442	0.00394779822365	0.00299183223117	0.000955965992477
CTGT	3658	256757	259192	624	382	14.0041914555	0.00242442138309	0.00147164199804	0.000952779385043
TAGN	26003	1816515	1803474	5160	3487	68.7977372252	0.00283255794804	0.00192975941373	0.000902798534308
GNGA	12840	904394	899090	2536	1755	30.8988658595	0.00279624667835	0.001948170884	0.000848075794351
NCGA	8034	574590	565616	1240	743	26.3630932215	0.0021534133338	0.00131188874901	0.000841524584787
NGCC	3392	225286	227601	989	807	5.12430701893	0.00437078775826	0.00353315120311	0.000837636555149
AANC	32778	2377478	2344795	17139	14972	26.5138428994	0.00715730323471	0.00634469420074	0.000812609033973
GNCC	4599	299785	298907	729	484	11.4301951108	0.00242584372109	0.00161661506191	0.000809228659182
TNTG	55763	3799773	3841360	28230	25400	40.3912149929	0.007374602371	0.00656880695983	0.000805795411169
CCGN	2605	178668	178152	462	319	6.3210922917	0.00257913247362	0.00178740523671	0.000791727236917
ATGG	7339	518675	513160	2111	1683	10.3598023256	0.00405348838102	0.00326895772109	0.000784530659932
NCTC	11080	778178	773091	2359	1738	20.5279523754	0.00302227825202	0.00224307556893	0.000779202683092
NACC	14640	1041706	1022057	3746	2876	22.3315232395	0.00358313915895	0.00280603707755	0.000777102081402
GCGN	2244	151647	150734	463	343	4.38453902878	0.00304384984551	0.00227036544279	0.000773484402719
TATT	76024	5260266	5260660	12697	8620	170.505434379	0.00240794407243	0.00163589712446	0.000772046947967
CNGN	24678	1750135	1755961	4355	3009	55.5034825966	0.00248220280537	0.00171066021592	0.000771542589452
ANCC	14152	1070111	1051522	4435	3559	18.5931349484	0.00412732447006	0.00337320073056	0.000754123739495
CTTA	10741	724010	723074	3928	3373	9.84322256209	0.0053960639505	0.0046431467127	0.000752917237802
NTNG	92091	6391955	6455820	38221	33713	72.3952127187	0.00594400526517	0.00519498090232	0.000749024362851
AAAC	14279	1026807	1011729	10928	10016	6.69567384329	0.0105306267978	0.00980283730285	0.000727789494936
NTNC	121049	8367900	8410705	56527	50619	78.2941807798	0.00670989255412	0.00598239708112	0.000727495472998
AGGA	7687	541098	538025	1472	1073	13.9906850728	0.00271301398898	0.00199036167821	0.000722652310768
NNTC	110166	7764065	7787134	50361	44914	72.0740175333	0.00644461922091	0.00573464309718	0.00070997612373
NGNT	97730	6935666	7000642	20010	15240	151.068667593	0.00287678724541	0.00217221441296	0.000704572832453
AAGA	21483	1526505	1522297	2480	1412	64.1320288407	0.00162199105943	0.000926686132326	0.000695304927103
CAGN	9734	694839	700297	1533	1062	20.3328931991	0.00220140959143	0.0015142031399	0.000687206451521
NNGA	110167	7867230	7820855	17242	11829	213.091395901	0.00218683001221	0.00151021029318	0.00067661971903
NCNC	35687	2483557	2472136	9521	7803	36.336670902	0.00381897397514	0.00314644836022	0.000672525614921
CTNC	16127	1120804	1128909	3741	3006	19.5192993044	0.00332667879009	0.00265567644214	0.000671002347953
ATGC	4971	340468	335908	1273	1034	5.42320235273	0.0037250432345	0.0030687774157	0.000656265818799
NATC	37478	2686598	2661934	10616	8797	34.4922474369	0.0039359131311	0.00329385475362	0.000642058377481
ACNC	11688	834060	818005	3737	3141	9.68245360628	0.00446050773636	0.00382514193578	0.000635365800579
NAGA	39600	2818765	2807274	4564	2812	90.0042985469	0.00161653140672	0.00100068111794	0.000615850288774
NTGC	12157	826017	826516	3024	2548	9.73803085894	0.00364758799625	0.00307334536296	0.000574242633288
ATAC	16739	1133869	1110461	7643	6843	7.0946565997	0.0066955056101	0.00612456412937	0.000570941480735
NTGA	44384	3190797	3171952	7166	5315	58.3876494342	0.00224080141015	0.00167282132726	0.000567980082887
TTTN	227407	15607159	15934634	89096	81829	104.722950427	0.00567625844509	0.0051090556011	0.000567202843985
CTGN	9734	699642	699229	1596	1200	13.020220156	0.00227597477604	0.00171323574552	0.000562739030517
AATA	76024	5270337	5264950	9906	6980	110.647918819	0.0018760500227	0.00132399330037	0.000552056722332
CNTC	20000	1421527	1429239	4278	3512	18.2299074784	0.00300041029454	0.00245122844095	0.000549181853585
TNAA	127515	8981930	8981334	15695	10913	187.763650314	0.00174434920326	0.0012136010054	0.000530748197863
CTNA	26400	1862257	1848049	6184	5198	17.9051601206	0.00330971114421	0.00280480691457	0.000504904229644
ANTC	29234	2064836	2059898	10047	8990	13.0996663873	0.00484220074096	0.00434532947168	0.00049687126928
ANGG	18811	1337988	1335166	6293	5615	8.90719426257	0.00468131291002	0.004187857674	0.000493455236027
ANGA	56591	4039962	4009278	7234	5200	70.0982345439	0.00178741034534	0.00129531161959	0.000492098725743
AAAA	126702	8831744	8758509	11088	6793	217.601789162	0.00125389694161	0.0007749875589	0.000478909382713
TTAC	12763	868408	866705	4226	3800	5.46891272089	0.0048428092419	0.00436528222124	0.000477527020665
CTAA	8520	615349	608814	986	689	11.6204588517	0.00159977934078	0.00113042921856	0.000469350122221
ANNC	94045	6631676	6554915	38300	34802	29.0250587152	0.00574214959694	0.00528125866407	0.000460890932873
ANAC	40186	2779986	2734995	21136	19535	9.4302669128	0.00754554781977	0.00709195398126	0.000453593838507
AANA	244400	17057605	16944964	25331	17501	9223372036854775807	0.00148282473224	0.00103174862852	0.00045107610372
CCTN	16799	1198025	1192446	9179	8609	4.08953435171	0.0076035202004	0.00716786491876	0.000435655281638
GGAA	8172	581903	575979	781	524	11.2775730269	0.00134034914293	0.000908928487796	0.000431420655135
CNTA	42347	2924228	2893383	13431	12060	13.9257079195	0.00457200784706	0.00415083001112	0.000421177835944
CAGA	4005	288248	286929	384	262	5.5841786039	0.00133041381413	0.000912284855723	0.000418128958407
CNGA	9278	676581	671450	1273	985	8.31887415175	0.00187798552491	0.00146482559653	0.00041315992838
AATN	147675	10335046	10339001	25218	21051	83.0026420698	0.00243410785671	0.00203193960803	0.000402168248686
TANC	35314	2467760	2421702	11650	10457	10.3911921722	0.00469869848069	0.00429947219734	0.000399226283351
TTNN	454980	31469765	31968524	128853	118037	144.075795552	0.00407780492172	0.00367870523737	0.000399099684348
TGNT	48213	3410634	3434382	6911	5614	32.2272699602	0.0020222118509	0.00163197864184	0.000390233209069
NAAA	227407	15958648	15849648	19331	13014	259.872421967	0.00120985263531	0.000820417153187	0.000389435482119
NANC	97730	6940943	6854263	35435	32407	22.6448370966	0.00507928326131	0.00470575764484	0.000373525616473
TNAC	32892	2247901	2234159	10260	9376	8.33167795807	0.00454352014759	0.00417911911336	0.000364401034226
NATT	147675	10342964	10374701	20429	16746	82.898886777	0.0019712655884	0.00161151762599	0.000359747962417
TATC	15924	1139988	1117814	4905	4406	4.58285146103	0.00428424315635	0.00392614638841	0.000358096767939
CGNT	7672	540858	544727	1182	998	4.3496521424	0.00218065087447	0.00182875990655	0.000351890967928
CTTN	43363	3034792	3051546	8806	7813	15.0426923	0.00289328616986	0.00255380293715	0.000339483232704
TAAA	57285	4006353	4008706	5449	4091	43.2814303417	0.00135824250549	0.00101948840173	0.000338754103757
TCAA	12461	897440	893628	1208	902	10.2058586323	0.00134424157178	0.00100835075403	0.000335890817756
NTAC	38808	2629142	2606762	13962	12962	7.11144546361	0.00528242551182	0.00494784946811	0.000334576043711
TAGA	9422	672228	667033	957	733	6.84560796289	0.00142160030304	0.00109768990934	0.000323910393698
GTNT	40186	2780721	2817186	9081	8304	10.7821551717	0.00325506971462	0.00293895926016	0.000316110454461
ATNC	42161	2922286	2897612	15507	14477	6.68895966589	0.00527845222587	0.00497134531259	0.00030710691328
GGNN	42979	3039404	3057404	9303	8414	11.7603109676	0.00305145755233	0.00274445515031	0.000307002402027
TTNA	127515	8902378	8945707	56376	54010	14.5561039533	0.00629283938369	0.00600129981865	0.000291539565041
NNAA	454980	32032662	31799967	46642	37238	215.563631069	0.00145395922555	0.0011696378498	0.000284321375744
CATA	24267	1682450	1653821	3137	2618	9.17148024226	0.00186107273015	0.00158049888949	0.000280573840668
TGAA	19149	1385539	1375936	1769	1379	10.7831045665	0.00127513140557	0.00100122339479	0.000273908010778
GANA	48754	3503740	3480832	4439	3491	24.3172241405	0.00126532882159	0.00100191629766	0.000263412523934
ATNT	247314	16161797	16153146	31185	26973	66.9415125752	0.00192583429044	0.0016670458357	0.00025878845474
NGAA	51935	3735205	3704648	4288	3303	27.0846304929	0.00114667950976	0.000890788470506	0.000255891039257
ATGA	23709	1704857	1688119	2867	2412	8.40166778	0.00167884271697	0.00142677064189	0.000252072075086
CNAA	37334	2684920	2637059	2921	2247	17.5222789944	0.00108674583058	0.000851360168165	0.00023538566241
GAAA	23751	1707828	1694339	1567	1167	12.9333896093	0.000916698598042	0.000688290103367	0.000228408494675
GNAA	48436	3438601	3407636	4069	3266	18.5366024641	0.00118193146598	0.000957517982047	0.000224413483937
NANA	568221	38704762	38377368	65485	56619	125.168634317	0.00168905294826	0.0014731492728	0.000215903675453
AANN	454983	31792760	31716530	125266	118082	43.4549596994	0.00392461614011	0.00370923320818	0.000215382931926
GATA	15924	1153370	1148539	1720	1480	4.39023214318	0.00148906145841	0.00128693525933	0.000202126199084
CNNC	43626	3036870	3048521	9080	8496	5.46765709694	0.00298100756743	0.00277917983446	0.000201827732966
ATAT	146496	9144500	9128323	20956	19209	16.8167980523	0.00228641106345	0.00209991066443	0.000186500399026
AGNN	90180	6309626	6315151	17179	16011	10.0286468534	0.00271527255858	0.00252891965172	0.000186352906866
GNNT	94045	6641777	6713901	20373	19365	9.02625791453	0.00305802180978	0.0028760188592	0.000182002950578
TNTT	244400	16853752	17114083	22179	19403	51.203016121	0.00131423860408	0.00113246072632	0.000181777877758
CAAA	19669	1412723	1388094	1227	963	6.71596246909	0.000867781746172	0.000693276085863	0.00017450566031
ANAA	241695	16927211	16773938	23957	20812	43.124133452	0.00141329494227	0.0012391967728	0.000174098169471
AGAA	20979	1504708	1495896	1460	1194	6.22010429153	0.000969347376919	0.000797547241649	0.000171800135271
TNTN	568221	38230352	38461066	151251	145625	32.1342144799	0.00394071607692	0.00377201454535	0.000168701531564
CNNA	103907	7326460	7224057	20097	18595	9.35426019028	0.00273556715071	0.00256742972049	0.000168137430213
NTAA	134363	9384813	9340457	19354	17720	14.9653759364	0.00205802385262	0.00189353118668	0.000164492665935
NATA	248757	16270286	16131390	36466	33880	17.0988903184	0.00223625158462	0.00209585116735	0.000140400417271
NCAA	41275	2953996	2905214	3669	3201	6.11048903165	0.00124050560155	0.00110059946741	0.00013990613414
ANNT	443410	29705164	29770205	102529	98996	16.1461440444	0.00343968250076	0.00331431697821	0.000125365522541
CTNN	90181	6345242	6357689	14926	14179	5.238964759	0.00234679335514	0.00222525011504	0.000121543240107
NATN	493112	33415405	33254846	84442	80027	22.3598153329	0.00252066822872	0.00240069911171	0.000119969117016
CNTN	128143	9009634	8996115	26130	25026	5.58520984364	0.00289184179666	0.00277415018788	0.00011769160879
TTAN	134363	9306761	9371089	20290	19509	5.35761081579	0.00217539284389	0.00207750347741	9.7889366476e-05
ANNA	497465	34857663	34647014	64784	62562	6.55551106339	0.00185508191909	0.00180244206959	5.26398494986e-05
NTNT	568223	38355989	38728263	60876	59658	6.64940203414	0.00158461654797	0.00153805613866	4.65604093043e-05
