#Sequence	Occurrence	Forward Match	Backward Match	Forward Mismatch	Backward Mismatch	Strand Bias Score	FER (Forward Error Rate)	RER (Reverse Error Rate), ERD (Error rate Difference)
NGGCNGGT	20	167	266	32	5	7.96753086956	0.160804020101	0.0184501845018	0.142353835599
CGGNNGGT	15	173	223	27	1	7.77627322401	0.135	0.00446428571429	0.130535714286
TTTTTTTG	697	6742	7617	621	191	59.2970754094	0.0843406220291	0.0244620901639	0.0598785318651
AAAAAAGT	226	2515	2585	158	19	27.9640789223	0.0591096146652	0.00729646697389	0.0518131476913
GNANGGGT	48	614	585	26	0	7.40011488931	0.040625	0.0	0.040625
TAAAAGGT	62	671	667	29	1	7.27396663811	0.0414285714286	0.00149700598802	0.0399315654405
AAAAAGGT	95	1079	1011	52	7	8.20571732636	0.0459770114943	0.00687622789784	0.0391007835964
TTTTTTNG	1067	10929	11929	672	230	54.7795729236	0.0579260408585	0.0189160292787	0.0390100115798
TAANAGGT	101	1139	1149	46	2	11.172643591	0.0388185654008	0.00173761946134	0.0370809459395
TTTTNTTG	1072	11047	11977	683	262	47.6122504547	0.0582267689685	0.0214069776943	0.0368197912742
AAAANAGT	428	4775	4862	207	28	34.3857265364	0.0415495784825	0.00572597137014	0.0358236071124
NTTTTTTG	1100	11494	12541	664	255	46.9676440786	0.0546142457641	0.019928102532	0.0346861432321
NAAAAGGT	217	2474	2357	99	10	17.7327656312	0.0384764865915	0.00422475707647	0.0342517295151
TTTTTNTG	1220	12618	13708	698	255	52.2786306356	0.0524181435867	0.0182625510277	0.0341555925589
AAANAAGT	428	4872	4868	210	39	28.2889179959	0.0413223140496	0.00794782963114	0.0333744844184
AANAAAGT	401	4570	4696	196	37	27.1321736519	0.0411246328158	0.00781745193323	0.0333071808825
TNTTTTTG	1131	11665	12752	690	297	41.4431664649	0.0558478348847	0.0227603647789	0.0330874701058
TGGNNGGT	61	649	820	23	1	6.92396696476	0.0342261904762	0.00121802679659	0.0330081636796
TTNTTTTG	1157	12141	12959	665	258	44.4049324564	0.0519287833828	0.0195203147462	0.0324084686366
NAAAAAGT	464	5292	5372	210	33	28.7760721757	0.0381679389313	0.00610545790934	0.032062481022
TNAAAGGT	119	1394	1372	48	2	11.5801162825	0.0332871012483	0.00145560407569	0.0318314971726
CNGNTGGT	59	708	803	23	0	7.48377955541	0.03146374829	0.0	0.03146374829
TTTNTTTG	1191	12475	13431	680	280	42.4134485223	0.0516913721019	0.0204215593319	0.0312698127699
ANAAAAGT	486	5563	5754	201	28	29.9015642967	0.0348716169327	0.00484261501211	0.0300290019206
NANAGGGT	118	1301	1370	45	5	8.8977152523	0.0334323922734	0.00363636363636	0.029796028637
NNAAGGGT	144	1627	1753	57	8	10.3860403144	0.0338479809976	0.0045428733674	0.0293051076302
AAANAGGT	162	1893	1851	68	10	10.7269350902	0.0346761856196	0.00537345513165	0.0293027304879
AAAAANGT	730	8336	8466	295	42	42.1825942314	0.0341791217704	0.0049365303244	0.029242591446
ANAAAGGT	185	2084	2047	76	14	10.5055716797	0.0351851851852	0.00679281901989	0.0283923661653
AAAANGGT	246	2849	2947	92	10	17.610480821	0.0312818769126	0.00338180588434	0.0279000710283
NAANGGGT	167	2038	2018	67	9	11.1120453915	0.0318289786223	0.00444005920079	0.0273889194215
NAANAGGT	387	4564	4493	144	19	23.6480623939	0.0305862361937	0.0042109929078	0.0263752432859
NNAAAGGT	433	5000	4950	159	23	24.9777038051	0.0308199263423	0.00462497486427	0.026194951478
AAAAANAC	725	8126	8019	387	162	19.6458197622	0.0454598848819	0.019801980198	0.0256579046839
AAAATAGT	119	1319	1340	39	5	6.93876095173	0.0287187039764	0.00371747211896	0.0250012318575
TTTTTTTC	1022	10709	11807	615	363	20.0775124412	0.0543094312964	0.0298274445357	0.0244819867606
AANAAGGT	183	2141	2009	65	11	9.06498096576	0.0294650951949	0.00544554455446	0.0240195506405
TNANAGGT	269	3228	3131	88	9	16.2245360443	0.0265379975875	0.00286624203822	0.0236717555492
NAAANGGT	508	5938	5923	175	30	22.6127703471	0.0286275151317	0.00503947589451	0.0235880392372
ANNAGGGT	118	1422	1413	37	3	7.74322316713	0.0253598355038	0.0021186440678	0.023241191436
NNAGAGGT	124	1544	1512	44	7	6.87882740829	0.0277078085642	0.00460829493088	0.0230995136334
NAAANAGT	857	9849	10015	284	50	36.7515134767	0.0280272377381	0.00496770988574	0.0230595278523
AAANNAGT	856	9759	9862	290	58	34.4253597602	0.0288585928948	0.00584677419355	0.0230118187013
NAAAAAAC	625	7100	7007	332	157	13.5018225072	0.0446716899892	0.0219151312116	0.0227565587776
AANNGGGT	146	1680	1753	43	4	9.04423699109	0.024956471271	0.0022766078543	0.0226798634167
AAAANNGT	1378	15785	16161	424	65	59.1794713245	0.0261583071133	0.00400591643042	0.0221523906829
AANANAGT	829	9613	9735	270	51	33.3963991097	0.0273196397855	0.00521152667075	0.0221081131147
NAANAAGT	948	10992	11132	314	64	36.8996054197	0.027772863966	0.00571632725974	0.0220565367063
AAANNGGT	432	5054	5253	138	24	18.8529750059	0.0265793528505	0.00454803865833	0.0220313141922
NANAAAGT	867	10043	10177	294	66	32.3585839688	0.0284415207507	0.0064434247779	0.0219980959728
AAAAAAGG	248	2787	2674	93	28	7.98799068724	0.0322916666667	0.0103626943005	0.0219289723661
TGNNAGGT	107	1302	1285	29	0	8.44365244575	0.0217881292261	0.0	0.0217881292261
ANAANAGT	1034	11824	11984	308	47	42.7302563283	0.0253874052094	0.00390657468207	0.0214808305273
NAAAANGT	1539	17756	17921	484	93	58.4107031188	0.0265350877193	0.00516265127123	0.0213724364481
NTTTTTNG	1793	19478	20735	731	313	42.2370561417	0.0361720025731	0.0148707715697	0.0213012310034
ANAANGGT	484	5529	5734	139	19	21.2144060806	0.0245236414961	0.00330262471754	0.0212210167786
NANAAGGT	447	5192	5028	136	22	17.5665577758	0.0255255255255	0.00435643564356	0.021169089882
AAAAATAC	225	2511	2503	71	16	8.74310570286	0.0274980635167	0.00635172687574	0.0211463366409
NNAAAAGT	1098	12716	12965	327	52	44.7803079337	0.025070919267	0.00399477606207	0.021076143205
AANNAAGT	808	9204	9276	274	74	25.7106377948	0.0289090525427	0.00791443850267	0.0209946140401
TTTTNTNG	1867	20313	21326	750	319	42.4245972003	0.0356074633243	0.0147378147378	0.0208696485865
AANANGGT	462	5393	5426	131	16	20.1609096025	0.0237146994931	0.00294009555311	0.02077460394
CANANGGT	182	2239	2260	64	16	7.32391410346	0.02778983934	0.00702987697715	0.0207599623628
AAAAAANC	684	7632	7687	371	203	11.3651506291	0.046357615894	0.0257287705957	0.0206288452983
TNNAAGGT	281	3142	3243	76	10	13.4839886311	0.0236171535115	0.00307408545958	0.0205430680519
GAANAAGT	151	1865	1949	49	10	6.98335673659	0.0256008359457	0.00510464522716	0.0204961907185
TNTTTTNG	1865	20131	21444	761	348	39.3462055809	0.0364254260004	0.0159691629956	0.0204562630048
TAANNGGT	234	2740	2680	70	12	10.1125348954	0.0249110320285	0.00445765230312	0.0204533797253
TTNTTTNG	1840	20089	21106	726	309	41.1385541989	0.0348786932501	0.0144291384544	0.0204495547957
AANAANGT	1312	15282	15451	394	78	46.9609663491	0.0251339627456	0.00502286045463	0.020111102291
AAAANAAC	714	8053	7902	353	177	12.4249710062	0.0419938139424	0.0219086520609	0.0200851618815
TTTTTNNG	1997	21516	22797	810	379	39.586465624	0.0362805697393	0.0163531239213	0.019927445818
TTTNTTNG	1908	20722	21859	775	359	38.2041075703	0.0360515420756	0.0161580700333	0.0198934720423
ANANGGGT	152	1812	1797	43	6	7.26508806234	0.0231805929919	0.00332778702163	0.0198528059703
NNGGTGGT	110	1337	1397	28	1	7.42432399504	0.0205128205128	0.00071530758226	0.0197975129306
GAANNGGT	136	1746	1689	38	3	7.89217534812	0.0213004484305	0.00177304964539	0.0195273987851
ANNAAAGT	911	10592	10918	268	57	31.575009078	0.0246777163904	0.00519362186788	0.0194840945225
AANNAGGT	357	4202	4100	99	15	15.0133347518	0.0230179028133	0.00364520048603	0.0193727023273
TANNAGGT	257	2935	2965	68	10	11.1191618992	0.022644022644	0.00336134453782	0.0192826781062
ANAAANGT	1526	17770	18060	420	71	55.3421533262	0.0230896096756	0.00391594506646	0.0191736646092
ANANAAGT	1037	12121	12184	303	66	33.7339889619	0.0243882807469	0.00538775510204	0.0190005256449
TTTTNNTG	2034	22131	23405	786	366	38.6596256213	0.0342976829428	0.0153969122039	0.0189007707388
NTTTNTTG	1824	20026	21126	743	363	33.105104441	0.0357744715682	0.0168923635348	0.0188821080334
AAANANGT	1468	16783	16799	404	79	47.8576156327	0.0235061383604	0.00468064936604	0.0188254889944
TTNTNTTG	1943	21269	22031	763	368	33.2383529174	0.0346314451707	0.0164293048797	0.018202140291
TTTNNTTG	1869	20453	21457	763	391	30.269249082	0.0359634238311	0.0178963749542	0.0180670488768
GNANAGGT	184	2183	2285	46	6	8.46714215926	0.0206370569762	0.00261894369271	0.0180181132835
NAATNGGT	231	2734	2857	65	15	8.27269928539	0.0232225794927	0.00522284122563	0.017999738267
TTTTTTNC	1601	17312	18585	736	438	21.6392998506	0.040780141844	0.0230247595017	0.0177553823423
TTNAAAGT	193	2189	2276	45	6	8.18241098165	0.0201432408236	0.00262927256792	0.0175139682557
TTTTTGTA	296	3151	3427	77	22	8.57065109973	0.02385377943	0.0063786604813	0.0174751189487
NTTTTNTG	2130	23336	24795	761	355	37.8477438508	0.0315806946923	0.0141153081511	0.0174653865412
ANAATAGT	361	4203	4153	85	10	14.9301513504	0.019822761194	0.0024021138602	0.0174206473338
TNAANGGT	283	3390	3287	74	14	9.97331418799	0.0213625866051	0.00424113904877	0.0171214475563
NACANGGT	120	1442	1411	25	0	7.22217358168	0.0170415814588	0.0	0.0170415814588
GANGNAGT	168	2275	2479	46	7	8.25941488017	0.0198190435157	0.00281576830249	0.0170032752132
TTTNTTTC	1528	16579	17819	734	465	18.0096468404	0.0423958874834	0.0254320717567	0.0169638157267
AAAANNAC	1498	17163	16922	550	243	25.2747053156	0.0310506407723	0.0141567142441	0.0168939265282
TTNTTTTC	1669	18314	19549	735	434	21.7008372239	0.0385847026091	0.0217184606916	0.0168662419175
TTTTTNTC	1520	16525	17786	677	412	18.9349562882	0.0393558888501	0.022639850533	0.0167160383171
NAAATAGT	242	2815	2842	57	9	9.00754908257	0.0198467966574	0.00315678709225	0.0166900095651
AAANAAAC	683	7684	7607	336	197	8.07688817508	0.0418952618454	0.0252434648898	0.0166517969556
AAAAGNAC	221	2698	2718	59	13	7.49277031333	0.0214000725426	0.00476016111315	0.0166399114295
AAANTAGT	253	2910	2991	56	7	10.2891410335	0.0188806473365	0.00233488992662	0.0165457574099
AAAAANNC	1440	16398	16292	563	276	21.3361536804	0.0331937975355	0.0166586190246	0.0165351785109
TTTTTTGA	272	3138	3185	67	14	8.81872978422	0.0209048361934	0.00437636761488	0.0165284685786
AANATGGT	196	2328	2439	41	2	10.2321789598	0.0173068805403	0.000819336337567	0.0164875442027
GANNAAGT	292	3477	3632	72	14	10.3055673488	0.0202874049028	0.00383982446517	0.0164475804376
AAAANTAC	468	5257	5385	124	36	11.5197257135	0.023044043858	0.00664084117322	0.0164032026848
TNTTNTTG	2014	22107	23469	776	420	28.1695522218	0.0339116374601	0.0175813135753	0.0163303238848
NNTTTTTG	1948	21308	22584	770	428	26.0606322723	0.0348763474952	0.0185989918303	0.0162773556649
NGAANAGT	291	3204	3495	65	13	9.86217596047	0.0198837565005	0.00370581527936	0.0161779412211
CNNAAGGT	198	2548	2537	52	10	7.27766635535	0.02	0.00392618767177	0.0160738123282
AAAAAAGN	1203	13698	13599	307	80	29.0646299944	0.0219207425919	0.00584838072959	0.0160723618623
TNTTTNTG	2234	24278	25612	815	429	30.9711456291	0.0324791774598	0.016474021735	0.0160051557249
TTNTTNTG	2274	24889	26102	766	367	35.0599590017	0.0298577275385	0.013865276361	0.0159924511775
TTTTTGGN	255	2934	2961	62	14	7.71159679668	0.020694259012	0.00470588235294	0.0159883766591
NTTNTTTG	2013	22275	23469	751	403	27.2496367795	0.0326153044385	0.0168817024129	0.0157336020256
NATATGGT	186	2243	2192	39	3	8.21368752661	0.0170902716915	0.00136674259681	0.0157235290947
AAAAAANG	1539	17192	17187	700	412	16.5923050809	0.0391236306729	0.0234104210467	0.0157132096263
TGANNAGT	235	2543	2728	51	11	7.2769473209	0.0196607555898	0.00401606425703	0.0156446913328
TTNNTTTG	2022	22275	23261	747	398	26.849465144	0.0324472243941	0.0168223509024	0.0156248734917
TNNTTTTG	2067	22768	23901	767	413	27.2881999312	0.032589759932	0.016986098544	0.015603661388
TTTTNTTC	1689	18498	20061	710	439	19.475467981	0.0369637650979	0.0214146341463	0.0155491309515
TTTNTGGT	195	2216	2282	42	7	6.80689036806	0.0186005314438	0.00305810397554	0.0155424274682
AAAAANAG	1098	12152	12144	577	373	9.9516788507	0.0453295624165	0.0297994727171	0.0155300896994
NTNTTTTG	2076	22795	23788	746	391	27.8191259457	0.031689392974	0.0161710575293	0.0155183354447
GNAAAAGT	184	2228	2252	41	6	6.80822452745	0.0180696342001	0.00265721877768	0.0154124154224
AAAANAGG	410	4811	4719	110	33	9.75775177701	0.0223531802479	0.00694444444444	0.0154087358035
NAAAANAC	1381	15943	15634	463	203	21.4468809325	0.0282213824211	0.0128180842331	0.0154032981879
NAAAGNGT	269	3099	3252	57	9	9.41038140414	0.0180608365019	0.00275988960442	0.0153009468975
TNAAAAGT	332	3743	3796	68	10	11.1082944167	0.0178430858043	0.0026274303731	0.0152156554312
AAAATNGT	415	4768	5013	87	14	12.7943600626	0.0179196704428	0.00278496120947	0.0151347092334
GAAGNNGT	201	2688	2705	50	9	7.33820986865	0.018261504748	0.0033161385409	0.0149453662071
GNAGANGT	217	2842	2918	56	13	7.11749399657	0.0193236714976	0.00443534629819	0.0148883251994
AGNATNGT	192	2266	2264	38	4	7.28654115126	0.0164930555556	0.00176366843034	0.0147293871252
GAANNAGT	299	3653	3852	74	20	8.39351075986	0.0198551113496	0.0051652892562	0.0146898220934
ANAAAAGG	468	5384	5129	144	59	7.41715372125	0.0260492040521	0.0113723978412	0.0146768062109
TTTNTNTG	2443	26522	27902	807	423	30.7917564721	0.0295290716821	0.01493380406	0.0145952676221
AAAAATNC	483	5504	5473	132	49	8.72299850219	0.0234208658623	0.008873596523	0.0145472693393
ANAAAAAC	760	8631	8569	343	208	7.50692678398	0.0382215288612	0.0236983023812	0.0145232264799
AAANAAGG	394	4572	4396	99	30	8.42450015032	0.0211946050096	0.00677812923633	0.0144164757733
GAANANGT	491	6113	6212	125	36	11.5631787059	0.0200384738698	0.00576184379001	0.0142766300798
GNAAANGT	491	5927	5943	116	30	11.6137727556	0.0191957636935	0.00502260170768	0.0141731619858
NTAANGGT	313	3622	3735	63	11	9.69681694103	0.0170963364993	0.00293646556327	0.0141598709361
GNANAAGT	400	4890	5092	89	19	11.0184692653	0.0178750753163	0.00371747211896	0.0141576031974
NTAAGNGT	228	2311	2400	36	3	7.89498936276	0.015338730294	0.00124843945069	0.0140902908433
AAANANAC	1563	17651	17311	546	281	17.8542830323	0.0300049458702	0.0159731696226	0.0140317762476
TAANAGGN	344	3964	3870	68	11	10.1446927738	0.0168650793651	0.00283432105128	0.0140307583138
NGNAAAGT	271	3059	3250	55	12	7.6818087788	0.0176621708414	0.00367872470877	0.0139834461326
TGNNAAGT	221	2477	2578	41	6	7.17486755406	0.0162827640985	0.00232198142415	0.0139607826743
AANAAAGG	391	4506	4351	101	35	7.30801598311	0.0219231604081	0.00797993616051	0.0139432242476
TAAAANGT	429	4814	4867	85	17	11.4285839114	0.0173504796897	0.00348075348075	0.013869726209
TNNAAAGT	626	7141	7329	130	30	14.7168076008	0.017879246321	0.00407664084794	0.0138026054731
AAAAATGT	350	4080	4165	71	14	9.97849738768	0.0171043122139	0.00335008375209	0.0137542284618
NAAAAANC	1233	14137	14003	446	240	13.560833462	0.0305835561956	0.0168503826441	0.0137331735515
ANAATGGT	207	2380	2581	35	2	8.64674683432	0.0144927536232	0.00077429345722	0.013718460166
TGNANAGT	269	2975	3157	50	9	7.98487087577	0.0165289256198	0.0028427037271	0.0136862218927
TNTTTTTC	1710	18778	20202	690	450	15.6038807702	0.0354427778919	0.0217896571761	0.0136531207159
TNTTTGGT	215	2460	2535	39	5	7.2411966171	0.015606242497	0.00196850393701	0.01363773856
GNNAAGGT	184	2171	2237	33	3	7.03827352775	0.0149727767695	0.00133928571429	0.0136334910552
TANANGGT	319	3655	3590	65	14	8.03207900118	0.0174731182796	0.003884572697	0.0135885455826
TNTNTTTG	2177	24010	25268	784	465	21.8542948266	0.0316205533597	0.0180701822562	0.0135503711034
AANATAGT	285	3403	3357	56	9	8.67472787475	0.0161896501879	0.00267379679144	0.0135158533965
ANNATGGT	462	5418	5617	83	9	14.0405698903	0.015088165788	0.00159971560611	0.0134884501819
TTNANGGT	463	3173	3514	58	16	6.97317986476	0.017951098731	0.00453257790368	0.0134185208274
AAAAANGG	504	5817	5742	111	31	10.1295064451	0.0187246963563	0.00536982504764	0.0133548713086
AANAGNGT	249	2807	2873	44	6	7.8513264062	0.0154331813399	0.00208405696422	0.0133491243757
NTAAAAGT	375	4527	4595	70	9	12.4629694606	0.0152273221666	0.00195482189401	0.0132725002726
TNAAANGT	924	10653	10622	176	32	22.1462680527	0.0162526549081	0.0030035667355	0.0132490881726
TTTTNGTA	487	5368	5732	104	34	9.30746163793	0.0190058479532	0.00589663544918	0.013109212504
GANAANGT	391	4783	4820	93	29	8.36867088792	0.0190730106645	0.0059806145597	0.0130923961048
TTTTTNGA	501	5913	5926	103	24	11.2718109452	0.0171210106383	0.00403361344538	0.0130873971929
GANGANGT	265	3616	3586	60	12	8.107135801	0.0163220892274	0.00333518621456	0.0129869030129
GNNGAAGT	244	3282	3362	54	11	7.56692096619	0.0161870503597	0.00326119181737	0.0129258585423
GNAGNAGT	227	2861	3089	46	9	7.11083739148	0.015823873409	0.00290510006456	0.0129187733445
NANGAAGT	286	3668	3690	65	17	7.1092938765	0.0174122689526	0.00458591853251	0.0128263504201
NANATGGT	469	5601	5666	93	20	10.9790687561	0.0163329820864	0.00351741118537	0.012815570901
AATNNGGT	276	3224	3234	51	9	7.55998266916	0.015572519084	0.00277520814061	0.0127973109434
NNGAAAGT	443	5463	5513	89	18	10.9213170196	0.016030259366	0.00325438437895	0.012775874987
NAANAAAC	1287	14968	14770	423	223	13.4556476361	0.0274835943084	0.0148736076836	0.0126099866248
TTTNNGGT	486	4218	4531	71	18	8.8428686745	0.0165539752856	0.00395691360739	0.0125970616782
TNAANAGT	649	7497	7573	120	25	14.3069882758	0.0157542339504	0.00329033956304	0.0124638943873
TTTTTTTA	1719	18307	19052	745	522	11.0754630343	0.0391035061936	0.0266680290181	0.0124354771755
NTTTTTTC	1578	17268	18426	667	468	11.1720293659	0.0371898522442	0.0247697681804	0.0124200840638
AAAAANNG	2491	28414	28460	822	454	23.6526259241	0.0281160213435	0.0157017361832	0.0124142851604
TTTTTNNC	2566	28444	30109	861	524	22.691463544	0.0293806517659	0.0171057356446	0.0122749161213
ANNATAGT	753	8896	8928	126	16	19.1706766936	0.0139658612281	0.00178890876565	0.0121769524625
TNTANGGT	421	3383	3699	51	10	7.81270957802	0.0148514851485	0.00269614451335	0.0121553406352
AAAANAGN	1923	22354	22065	386	108	33.7787616692	0.0169744942832	0.00487078879719	0.012103705486
TTNANAGT	496	5706	5806	90	20	10.4960638466	0.0155279503106	0.00343288705802	0.0120950632525
NAAAATGT	730	8508	8705	150	46	13.1098227672	0.017325017325	0.00525654210947	0.0120684752155
AAAANANC	1439	16529	16084	508	291	12.1221173154	0.0298174561249	0.0177709923664	0.0120464637585
NNAATAGT	718	8493	8500	125	22	16.2802231114	0.0145045254119	0.00258155362591	0.011922971786
GAAANNGT	381	4744	4740	89	31	6.99780686188	0.0184150631078	0.00649758960386	0.0119174735039
ANNAAGGT	626	7758	7603	131	36	11.9199904546	0.0166053999239	0.00471265872496	0.011892741199
NAANTAGT	541	6505	6619	94	16	12.8692811651	0.0142445825125	0.00241145440844	0.0118331281041
AAANATAC	609	6767	6695	143	60	7.75943977301	0.0206946454414	0.00888230940044	0.0118123360409
AAAAAATG	484	5677	5757	96	28	8.86861760749	0.0166291356314	0.00484010371651	0.0117890319149
NATANGGT	337	3922	3948	60	13	7.69386371991	0.0150678051231	0.00328199949508	0.011785805628
AAAANTGT	608	7043	7197	108	24	12.5859714896	0.0151027828276	0.00332363938513	0.0117791434424
NAAANAAC	1292	15072	14579	448	254	10.875232177	0.0288659793814	0.0171239803142	0.0117419990673
TTNTTTNC	2729	30647	31934	883	528	23.1870721868	0.0280050745322	0.0162651715852	0.011739902947
GNNAAAGT	436	5580	5585	78	12	11.0638675216	0.0137857900318	0.00214400571735	0.0116417843145
ANAAANAC	1547	17865	17445	486	263	13.8844079114	0.0264835703776	0.0148520442738	0.0116315261039
TTTNTTNC	2621	29134	30638	907	580	19.8945551837	0.0301920708365	0.0185790249215	0.011613045915
NGAAANGT	385	4429	4516	68	16	8.39670288111	0.0151211919057	0.00353045013239	0.0115907417733
NTNGTGGT	212	2568	2621	33	3	6.99362089007	0.0126874279123	0.00114329268293	0.0115441352294
ANAATNGT	1029	11874	12160	169	31	22.010886741	0.0140330482438	0.00254285948651	0.0114901887573
AAANNTAC	1123	12599	12820	243	98	14.5721419564	0.0189222862482	0.00758631367085	0.0113359725774
AANNTGGT	384	4503	4693	67	16	8.46790751394	0.0146608315098	0.00339774899129	0.0112630825186
AANAATGT	613	7225	7355	109	27	11.6422960169	0.0148622852468	0.00365754538066	0.0112047398661
ANANACGT	265	3163	3075	40	4	7.7121746567	0.012488292226	0.00129912309191	0.0111891691341
TTTTNTNC	2787	31243	33051	876	542	21.9335743226	0.0272735763878	0.0161343136963	0.0111392626915
NAATATAC	535	5914	5810	107	39	7.1853936277	0.0177711343631	0.00666780646264	0.0111033279004
ATAANAGT	409	4810	4731	64	10	10.0022042166	0.0131308986459	0.00210925964986	0.011021638996
NAAAATAC	440	5055	5021	84	27	6.81801426417	0.0163455925277	0.00534865293185	0.0109969395959
TTTTTGNA	664	7446	7765	115	33	11.2226870752	0.015209628356	0.00423185432162	0.0109777740344
AAAAAGNT	508	6001	5845	97	29	8.15347028378	0.0159068547065	0.00493701055499	0.0109698441515
NTNAAAGT	847	10352	10474	140	25	18.3089084042	0.0133434998094	0.00238117915992	0.0109623206495
AAAAANGN	2896	33809	33668	511	133	48.4011033949	0.0148892773893	0.00393479482856	0.0109544825607
NTNAAGGT	404	4872	4935	73	19	8.19001752655	0.0147623862487	0.00383528461849	0.0109271016302
AAAAAANT	3637	39625	40868	1254	824	22.7589524674	0.0306758971599	0.019763983498	0.0109119136619
CANAANGT	378	4446	4505	67	18	7.34870485776	0.0148460004432	0.00397965951802	0.0108663409251
ANAAATGT	751	8902	9006	124	26	14.7545605594	0.0137380899623	0.00287865367582	0.0108594362865
NNTATGGT	437	5308	5344	67	9	10.2217518258	0.0124651162791	0.00168130020549	0.0107838160736
TTTNTNTC	2512	28013	29468	822	533	17.3084443278	0.0285070227154	0.0177660744642	0.0107409482513
TNAAAGGN	442	5250	5086	78	20	7.60572316405	0.0146396396396	0.0039169604387	0.0107226792009
ATAAANGT	485	5814	5839	77	14	10.0771156537	0.0130707859447	0.00239193575944	0.0106788501852
ANAAAAGN	2267	26383	26090	441	153	30.2560989873	0.0164405010438	0.00583012612887	0.010610374915
GTNAAAGT	278	3718	3671	45	5	8.37633505474	0.0119585437151	0.00136017410229	0.0105983696128
AANAAAGN	2003	23404	22998	369	114	28.9169709568	0.0155218104572	0.00493250259605	0.0105893078612
ANAANAGG	759	9035	8650	167	66	9.19248385461	0.0181482286459	0.00757228086278	0.0105759477832
TGNAANGT	324	3689	3805	46	7	7.7952361021	0.0123159303882	0.00183630640084	0.0104796239874
TTNNTTTC	2785	31790	33181	923	600	18.5769211818	0.0282150826888	0.0177614635446	0.0104536191442
AAANAAGN	2064	24148	23581	377	118	28.7575952713	0.015372069317	0.00497911304274	0.0103929562743
AAAAGNNC	437	5269	5219	78	22	7.23895670379	0.0145876192257	0.00419767219996	0.0103899470258
AAANTNGT	848	9778	10190	134	33	14.8062087683	0.0135189669088	0.00322801525971	0.0102909516491
TNTTNGGT	435	4945	5141	66	15	7.94004926554	0.0131710237478	0.00290923196276	0.010261791785
TANAANGT	888	10129	10076	145	39	13.7639384851	0.0141132956979	0.00385565991102	0.0102576357869
TTNTTNTC	2826	32063	33591	840	521	20.191539919	0.0255295869678	0.015273217636	0.0102563693317
TTTTNNTC	2662	30155	31917	804	510	18.7210128407	0.0259698310669	0.0157276343788	0.0102421966881
TTNNAAGT	511	5922	6099	90	29	7.75015221133	0.0149700598802	0.00473237597911	0.0102376839011
NTTANAGT	390	4459	4577	59	13	7.77226373774	0.0130588756087	0.00283224400871	0.0102266316
TNTNTGGT	493	5716	5785	69	10	10.2563079762	0.0119273984443	0.00172562553926	0.010201772905
NTAANAGT	873	10248	10153	130	24	16.2453725893	0.0125264983619	0.00235825881891	0.010168239543
TAAANNGT	774	8841	8931	125	34	12.1205585883	0.0139415569931	0.00379252649191	0.0101490305012
ANANAGGT	926	11520	11586	156	38	16.3653910471	0.0133607399794	0.00326909841707	0.0100916415624
AAAANTNC	1029	11854	11914	207	85	11.8414007568	0.0171627559904	0.00708392366031	0.0100788323301
AANATNGT	932	10976	11280	141	30	16.9378137274	0.0126832778627	0.0026525198939	0.0100307579688
TTTNNTTC	2625	29504	31294	873	597	15.6357144153	0.0287388484709	0.0187200150513	0.0100188334196
AAANAANC	1372	15745	15694	452	286	8.59659107281	0.0279064024202	0.0178973717146	0.0100090307056
GNAANAGT	381	4374	4530	58	14	7.14154644514	0.0130866425993	0.00308098591549	0.0100056566838
TTTTTTNA	3395	37211	38490	1031	665	20.4849079737	0.0269598870352	0.0169837824033	0.00997610463193
NTAAANGT	1005	11977	12105	154	33	17.9151138953	0.0126947489902	0.00271873455264	0.00997601443755
NNAAAAAC	1374	16041	15769	432	261	9.15361703779	0.0262247313786	0.0162819713038	0.00994276007481
AAANNAGG	712	8474	8290	123	37	10.239775568	0.0143073165058	0.00444337696649	0.00986393953926
TAANANGT	976	11012	11013	139	29	16.2679910622	0.0124652497534	0.00262633580873	0.00983891394466
TTTNTTGA	460	5370	5502	73	20	7.38375576959	0.0134117214771	0.00362187613184	0.00978984534529
TTTNTGGN	530	6230	6270	96	34	7.07458685581	0.0151754663294	0.00539340101523	0.00978206531421
NAACANGT	366	4370	4403	55	12	7.03300756305	0.0124293785311	0.00271800679502	0.00971137173606
NATNTGGT	453	5372	5318	64	11	8.54348337829	0.0117733627667	0.00206417714393	0.00970918562281
NAAAAGNT	1110	13165	13135	173	43	17.5726018545	0.0129704603389	0.00326301411443	0.00970744622445
NNAAATGT	1485	17472	17591	243	72	21.076783261	0.013717188823	0.00407631772632	0.00964087109671
AAANAANG	2472	28502	28214	824	531	13.7119786623	0.0280979335743	0.0184727778744	0.00962515569989
TNTTTTNC	2869	32129	33802	851	556	17.4739310149	0.0258035172832	0.0161825484603	0.00962096882287
NANAATGT	1387	16173	16475	226	69	19.4447319446	0.0137813281298	0.00417069632495	0.00961063180481
NATTNGGT	358	4207	4188	51	10	7.04139161137	0.0119774542039	0.00238208670796	0.0095953674959
ATNATAGT	353	4247	4288	46	5	8.67496507157	0.0107151176334	0.00116468669928	0.00955043093408
NAAAATNC	916	10561	10524	170	67	10.2727591399	0.0158419532196	0.006326125956	0.00951582726364
AAAANNGG	839	9907	9865	139	43	11.5318978926	0.0138363527772	0.00433992733145	0.00949642544578
ANAAAANC	1457	16823	16574	468	297	8.36827810479	0.0270661037534	0.017604172841	0.00946193091243
TNTTTTGA	552	6445	6441	89	27	7.75504930808	0.0136210590756	0.00417439703154	0.00944666204406
TNANAAGT	662	7629	7684	102	29	9.53786820221	0.0131936360109	0.00375988590691	0.00943375010395
ATAANNGT	1083	12548	12524	154	34	17.2240543084	0.0121240749488	0.00270743749005	0.00941663745878
ANNAAAGG	786	9198	9020	162	72	7.75014720046	0.0173076923077	0.00791904971403	0.00938864259366
AAANNAAC	1393	16157	15794	444	279	7.99607525893	0.0267453767845	0.0173583027437	0.0093870740408
NAAAAAGN	2357	27641	27140	407	141	27.6671039906	0.0145108385625	0.00516843224222	0.00934240632024
ANANAAGG	800	9376	9058	158	66	8.14616363234	0.0165722676736	0.00723366944323	0.00933859823036
AAANANAG	1835	20983	20789	697	486	8.34198098839	0.0321494464945	0.0228437132785	0.00930573321597
NAAANTGT	1278	14958	15289	208	68	16.7577506457	0.0137148885665	0.00442794816696	0.00928694039957
TTNTNTTC	3003	33903	35794	867	570	17.6665565565	0.0249352890423	0.0156748432516	0.00926044579071
NTNATAGT	718	8595	8752	94	14	13.7694476073	0.0108182759811	0.00159707962583	0.0092211963553
NAAATNGT	898	10580	10804	143	45	12.175897655	0.0133358201996	0.0041478477279	0.00918797247167
GTNNAAGT	489	6449	6410	71	11	9.99983936797	0.0108895705521	0.00171312879614	0.00917644175601
NTTNTGGT	493	5890	6116	74	20	7.73620713574	0.0124077800134	0.00325945241199	0.00914832760142
TAANNAGT	478	5655	5735	65	13	8.21989714212	0.0113636363636	0.00226165622825	0.00910198013538
TGANANGT	296	3488	3449	35	3	7.18431015945	0.00993471473176	0.000869061413673	0.00906565331809
NTTTTTNC	2677	29876	31357	839	583	13.4867456261	0.0273156438222	0.0182529743269	0.00906266949537
NANATAGT	703	8349	8271	102	25	10.5779288476	0.0120695775648	0.00301350048216	0.00905607708263
ATNANAGT	808	9535	9688	111	24	13.0874156755	0.011507360564	0.00247116968699	0.00903619087698
TGATNNGT	279	3412	3573	35	4	6.92852730113	0.01015375689	0.00111825552139	0.00903550136866
NAAANTAC	880	10137	10200	162	69	8.87998038848	0.0157296824934	0.00671925211803	0.00901043037542
TTNNTGGT	409	4845	4932	57	13	7.2948739574	0.0116279069767	0.00262891809909	0.00899898887765
AANAANAC	1614	18602	18431	445	269	9.7073899327	0.0233632593059	0.014385026738	0.00897823256796
NTANAAGT	800	9595	9685	123	36	11.1324476785	0.0126569252933	0.00370332270343	0.00895360258984
ANAANTGT	1323	15502	15730	189	50	18.6642008548	0.0120451214072	0.00316856780735	0.00887655359983
ANAANAAC	1670	19479	19238	469	287	9.66613822913	0.0235111289352	0.0146991037132	0.00881202522204
TTTTTNTA	3374	36614	38037	963	651	16.4126824959	0.0256273784496	0.0168269230769	0.00880045537266
ANNAATGT	1380	16647	16756	198	50	20.0604811803	0.0117542297418	0.0029751279305	0.00877910181126
TTAANNGT	613	7185	7194	93	29	7.88555654663	0.0127782357791	0.00401495223591	0.00876328354315
AAANATGT	773	8797	8873	105	27	10.7575240711	0.0117951022242	0.00303370786517	0.00876139435905
ANATATAC	1101	11796	11684	210	103	8.35443517445	0.0174912543728	0.00873844065496	0.00875281371785
ANANTAGT	904	10841	10814	122	26	14.0944088628	0.0111283407826	0.00239852398524	0.00872981679739
ANGAANGT	414	4954	4888	57	13	6.97998421852	0.0113749750549	0.0026525198939	0.00872245516098
AAAAANTG	775	9071	9163	123	43	9.15981722297	0.0133782901893	0.00467086682598	0.00870742336327
TNNATAGT	596	6970	7125	80	19	9.0223684715	0.0113475177305	0.00265957446809	0.00868794326241
AAAAAAAT	2335	24955	25862	917	711	7.94669032292	0.0354437229437	0.0267564821435	0.00868724080019
ATNAATGT	430	5114	5106	56	11	7.05768212068	0.01083172147	0.00214969708814	0.00868202438188
TTNAANGT	648	7576	7702	92	26	8.83731742656	0.0119979134064	0.00336438923395	0.00863352417241
AANANTGT	1146	13305	13675	164	49	14.833506462	0.0121761081001	0.00357038764209	0.00860572045799
NTANAGGT	659	8098	8257	97	27	9.47115335721	0.011836485662	0.00325929502656	0.00857719063543
AAAANNAG	1919	22107	21697	681	474	7.84239555222	0.0298841495524	0.0213792792386	0.00850487031375
AANANAAC	1576	18058	17715	439	274	8.2506942285	0.0237335784181	0.0152315303797	0.00850204803845
NAAAAGGN	972	11458	11088	151	51	10.690628608	0.0130071496253	0.00457850794506	0.00842864168023
NAANATAC	1229	14047	13876	215	93	10.8294520956	0.0150750245407	0.00665759896915	0.00841742557159
AAANANGG	858	10124	9945	125	38	10.3724427782	0.0121963118353	0.0038064710007	0.0083898408346
GTNANAGT	462	5786	5807	58	9	8.33809676319	0.00992470910335	0.00154745529574	0.00837725380762
NAATANAC	1070	12204	11955	161	56	11.2151544153	0.0130206227254	0.00466239280659	0.00835822991884
NTNTAGGT	742	8818	9056	106	32	9.65493319005	0.0118780815778	0.00352112676056	0.0083569548172
NTGANAGT	453	5712	5866	60	12	7.75398773226	0.010395010395	0.00204151071793	0.00835349967708
TNTNTTTC	2797	31377	32826	855	608	12.2638535743	0.0265264333582	0.0181850810552	0.00834135230294
NAATNTAC	925	10524	10540	150	61	8.80780151984	0.0140528386734	0.00575417413452	0.0082986645389
AAAANANG	2732	31680	30964	804	518	12.6901400536	0.0247506464721	0.0164538466425	0.00829679982958
ANAATAGN	841	10122	9674	108	22	12.1422458417	0.0105571847507	0.00226897689769	0.00828820785304
TNTTTNTC	2695	30602	32049	773	533	12.7757463808	0.0246374501992	0.0163587256768	0.00827872452245
AAAAANNT	7209	79996	81256	1761	1092	36.8439962415	0.0215394400479	0.0132607956477	0.00827864440021
ATNAANGT	975	11609	11677	135	38	12.571617942	0.0114952316076	0.00324370465216	0.00825152695547
ANAAANGG	946	11125	10868	166	71	8.42483366779	0.0147019750244	0.00649053844044	0.00821143658391
AAAANGGN	999	11714	11548	136	38	12.3234606655	0.0114767932489	0.00327982047298	0.00819697277596
NTNATGGT	423	5169	5326	49	7	7.60778376073	0.00939057110004	0.00131258203638	0.00807798906366
GNGAANGT	340	4548	4498	44	7	6.9225218909	0.0095818815331	0.0015538290788	0.0080280524543
AANANTAC	1117	12882	13046	171	67	10.8081327843	0.0131004366812	0.00510943338672	0.00799100329451
NANTATAC	968	10919	10854	148	59	8.8237220142	0.013373091172	0.00540639604142	0.00796669513053
AANAANGG	835	9866	9630	125	44	8.62683726161	0.0125112601341	0.00454827372338	0.00796298641074
TANCANGT	285	3368	3401	28	1	7.27090856141	0.00824499411072	0.000293944738389	0.00795104937233
TNNTTTTC	2914	33153	34546	845	594	12.5223883351	0.0248544032002	0.0169038133182	0.00795058988203
ATNNAGGT	800	9918	10032	122	43	9.02830208381	0.0121513944223	0.00426799007444	0.00788340434787
AANNTAGT	886	11095	11121	108	20	13.7998976467	0.00964027492636	0.00179517099004	0.00784510393632
AAAAAATT	984	10959	11313	170	85	7.3773602587	0.0152754065954	0.00745744867521	0.00781795792018
NAANATGT	1705	19639	19842	226	71	18.6085370967	0.0113767933551	0.00356550996836	0.00781128338678
AAAANGNT	1566	18645	18750	215	68	17.4513149408	0.0113997879109	0.00361356148369	0.00778622642724
AAANAGNT	917	10954	10813	130	43	9.88702457216	0.0117286178275	0.00396094325718	0.00776767457031
NAAAAANG	2896	33447	33403	813	542	12.3391556795	0.0237302977233	0.01596700545	0.0077632922733
TTTANNGT	778	7383	7975	77	21	8.49617819243	0.0103217158177	0.00262631315658	0.00769540266112
AAANATNC	1293	14852	14709	236	118	8.94916435812	0.0156415694592	0.00795845417144	0.00768311528773
NNTATAGT	560	6557	6473	64	13	7.73035706747	0.00966621356291	0.00200431699044	0.00766189657246
NNATATAC	1784	19559	19513	289	136	12.5691701286	0.0145606610238	0.00692147183063	0.00763918919315
NTTNTTTC	2526	28343	29804	830	634	8.66111043233	0.0284509649333	0.0208292266246	0.00762173830871
TTTTTTGN	1100	12125	12728	153	63	9.76694244055	0.0124613129174	0.00492533812837	0.00753597478904
ANAAAGGN	833	9819	9570	116	40	8.23338361117	0.0116758933065	0.00416233090531	0.00751356240119
ANAANTAC	1057	12244	12068	172	77	8.21154922213	0.0138530927835	0.00634005763689	0.00751303514662
NAAAANGG	999	11655	11502	159	69	8.08993442623	0.0134586084307	0.00596318382162	0.00749542460905
NTTTTNTC	2519	28453	29778	754	557	9.16161096869	0.025815729106	0.018361628482	0.00745410062408
GTNAANGT	555	7191	7230	66	12	8.72655858592	0.00909466721786	0.0016570008285	0.00743766638936
TTTTTGTN	1021	11125	11881	143	63	8.57471768752	0.0126908058218	0.00527461486939	0.00741619095241
TTTNTNGA	1014	12089	12019	135	44	10.5713009603	0.0110438481675	0.00364751720136	0.00739633096618
ACANANGT	742	9007	9135	88	21	9.73948035333	0.00967564595932	0.00229357798165	0.00738206797767
NTGAANGT	559	6992	6976	69	17	7.35026081871	0.00977198697068	0.002431002431	0.00734098453968
NTNTTTTC	2808	31732	33083	823	605	9.97917529712	0.0252802948856	0.0179589171218	0.00732137776375
NCANATGT	549	6399	6527	57	10	7.88490397234	0.00882899628253	0.00152975370965	0.00729924257288
AAANAATG	795	9488	9561	117	47	7.20812267141	0.0121811556481	0.00489175686928	0.00728939877882
TTTTNGNA	1218	14008	14399	165	63	11.1895058519	0.0116418542299	0.00435624394966	0.00728561028021
TNAAAGNT	617	7268	7421	66	13	8.50979650626	0.00899918189256	0.00174872208771	0.00725045980485
AANNATGT	1446	16872	17137	174	51	15.7011668129	0.0102076733545	0.00296718640912	0.00724048694533
TGANNTGT	350	4272	4344	34	3	7.25208729719	0.0078959591268	0.000690131124914	0.00720582800189
NNTTAAGT	548	6773	6928	65	16	7.22150754298	0.00950570342205	0.00230414746544	0.00720155595662
NNTAAGGT	583	7337	7425	76	23	6.85853027716	0.010252259544	0.0030880773362	0.00716418220785
ANANATAC	2100	23144	22943	350	179	12.3776695971	0.014897420618	0.00774154484906	0.00715587576897
ATNNAAGT	788	9424	9516	102	34	8.12802310522	0.0107075372664	0.00356020942408	0.00714732784234
TNTTTNGA	1088	12873	12969	152	59	9.6980761785	0.011669865643	0.00452870739945	0.00714115824355
TNTTNTTC	3172	36479	38324	856	615	12.0135860737	0.0229275478773	0.0157939341021	0.00713361377527
AANNATAC	1215	13783	13675	193	92	8.24711424949	0.0138093875215	0.00668264690928	0.00712674061219
AANAAANG	2710	31481	30957	802	562	8.96076575761	0.0248427965183	0.0178305149275	0.00701228159079
AAAAGNGN	592	6947	6879	64	15	7.03420290808	0.00912851233775	0.00217580504787	0.00695270728989
ANAAAANG	2983	34645	34218	847	589	10.0362198814	0.0238645328525	0.0169218835292	0.0069426493233
AANNAAGG	858	10537	10285	116	41	8.00510754134	0.0108889514691	0.00397055975208	0.00691839171699
ANAAAGNT	1025	12131	12174	138	53	8.91496490691	0.0112478604613	0.00433466917478	0.00691319128655
NATAANGT	829	9622	9719	108	41	7.28949381291	0.0110996916752	0.00420081967213	0.0068988720031
AAANNTGT	1426	16269	16470	165	52	13.7567058434	0.0100401606426	0.00314731872655	0.00689284191602
TTNTTNGA	1007	12110	12017	131	46	9.35705388928	0.0107017400539	0.00381331343778	0.00688842661613
TTTTTNNA	6910	76986	79288	1396	877	29.80180553	0.0178102115282	0.0109399363812	0.00687027514694
ANNTATAC	1642	18077	17877	259	131	9.48919741063	0.0141252181501	0.00727454464682	0.00685067350326
AAAATNGN	1112	13320	13442	131	39	11.6417481601	0.00973905285852	0.00289296046287	0.00684609239565
AAAANANT	6747	75353	76773	1580	1067	24.3424887082	0.0205373506818	0.0137076053443	0.00682974533747
NAATANGT	1072	12071	12198	123	40	10.0011418024	0.0100869279974	0.00326850792613	0.00681842007124
TTTTTNGN	1793	20134	20930	251	116	12.6505148503	0.0123129752269	0.0055117361969	0.00680123902998
AAAAATGN	1025	12210	12462	107	24	12.4177425161	0.00868718031988	0.00192215281115	0.00676502750873
AAAATGNT	631	7582	7829	73	22	6.86435557227	0.00953625081646	0.00280219080372	0.00673406001274
NNTTAGGT	634	7749	7930	67	15	7.97566450231	0.00857215967247	0.00188797986155	0.00668417981092
NTTTTNGA	1001	11747	11946	142	64	7.32512952029	0.0119438136092	0.00532889258951	0.00661492101971
AANAATNC	1135	13204	13292	175	87	7.17961668264	0.0130802003139	0.00650272815607	0.00657747215786
NTTTNTTC	2855	32318	34158	809	623	8.37241055009	0.0244211670239	0.0179120784336	0.00650908859025
NNATAGGT	831	10521	10620	90	21	10.0551301216	0.00848176420696	0.00197349873132	0.00650826547563
ANATNTAC	1835	20121	19874	286	151	9.37759372562	0.0140147988435	0.00754057428215	0.00647422456139
NCATANGT	738	9138	9201	72	13	9.54747238389	0.00781758957655	0.00141089646191	0.00640669311464
NAATATNC	1137	12991	12927	162	77	7.10411528388	0.0123165817684	0.00592125499846	0.00639532676996
AAATNNGT	1003	11289	11591	121	49	7.66012266567	0.0106047326906	0.00420962199313	0.0063951106975
AAAANTGN	1647	19486	19831	168	43	17.2523836523	0.00854787829449	0.00216363087451	0.00638424741999
AAAAANTT	1706	19387	19764	246	123	10.1099093045	0.0125299241074	0.0061849449389	0.00634497916847
AANTANGT	898	10058	10070	98	34	7.35123855125	0.0096494682946	0.00336500395883	0.00628446433578
TTANANGT	995	11640	11646	117	43	8.06011893835	0.00995151824445	0.00367867225597	0.00627284598848
TTTTTGNN	1948	22044	22925	255	119	12.6370363189	0.0114354903807	0.00516403402187	0.00627145635886
TTTTNTTA	3141	34481	35441	945	739	7.4030478291	0.0266753232089	0.0204256495301	0.00624967367882
NTAANTGT	882	10098	10300	94	31	7.76563562517	0.00922291993721	0.00300067757236	0.00622224236485
ANTNAGGT	887	11470	11711	98	27	9.69458303137	0.00847164591978	0.00230022150281	0.00617142441697
ATNATNGT	1090	12809	12973	108	29	10.7411667142	0.00836107455291	0.00223042608829	0.00613064846462
AAAAANAT	4507	49003	49842	1197	900	10.9221311908	0.0238446215139	0.0177367860944	0.00610783541958
NTTATNGT	881	10315	10590	83	20	9.32305579654	0.00798230428929	0.00188501413761	0.00609729015168
AANAAANT	6543	73011	74753	1664	1231	17.0213500504	0.0222832273184	0.0162007791114	0.00608244820699
ANNTAAGT	1146	14233	14210	135	48	9.59822011057	0.00939587973274	0.00336653107028	0.00602934866246
TTTTNGTN	1582	17733	18656	187	83	10.5675921061	0.0104352678571	0.0044292651689	0.00600600268824
NCTNAGGT	669	8824	9100	67	14	8.44737010446	0.00753571026881	0.00153609831029	0.00599961195852
ANANATGT	2735	30597	30360	274	88	21.1849580632	0.0088756438081	0.0028901734104	0.0059854703977
ANNTAGGT	1334	17013	17250	147	45	12.7482205864	0.00856643356643	0.00260190806592	0.00596452550052
NTNAATGT	939	11205	11266	99	32	8.12715016657	0.00875796178344	0.00283235970968	0.00592560207376
ANATANAC	1888	20967	20539	289	160	8.15498204537	0.0135961610839	0.00772984202135	0.00586631906258
ANATNGGT	870	11016	11109	97	32	7.83419463584	0.00872851615225	0.00287227358406	0.0058562425682
NTAATNGT	868	10134	10229	90	31	6.95477053373	0.00880281690141	0.00302144249513	0.00578137440628
ATNANTGT	1043	12101	12250	103	33	8.62734327747	0.00843985578499	0.00268664007164	0.00575321571334
NAAAAANT	6243	69962	71079	1537	1139	14.9342582864	0.0214968041511	0.0157716912681	0.005725112883
TNTATNGT	1011	11361	11626	91	26	8.77435323121	0.00794621026895	0.00223137658771	0.00571483368124
ATANANGT	2460	28095	27706	245	82	17.8905574614	0.00864502470007	0.00295091406362	0.00569411063645
AAANANTG	1391	16516	16576	176	81	8.35913781624	0.0105439731608	0.00486282043585	0.00568115272494
NTATNACC	573	7048	6870	45	5	7.21367222859	0.00634428309601	0.000727272727273	0.00561701036874
AAAANAAT	3909	42963	44069	1133	903	7.62723713851	0.0256939404935	0.0200791603665	0.00561478012702
ACATNNGT	723	9010	8986	64	13	7.85481942463	0.00705311880097	0.00144460495611	0.00560851384486
ATANNAGT	1120	13504	13316	112	35	9.1556396811	0.00822561692127	0.00262152647742	0.00560409044385
AAAAATNT	2600	28859	29147	355	194	11.3205316626	0.0121517080852	0.00661190825125	0.00553979983391
ANATANGT	2759	31533	31170	263	87	19.5278255247	0.00827148068939	0.00278337652366	0.00548810416574
NAAAAATT	1721	19640	19926	222	115	8.39083144337	0.0111771221428	0.00573823661494	0.00543888552785
AANAAATT	1834	20924	21199	237	124	8.68544525822	0.0111998487784	0.00581531679407	0.00538453198434
TNTNTTGA	1097	12840	12973	114	45	7.27469506313	0.00880037054192	0.00345675218928	0.00534361835264
ATAANAGN	1106	12984	12669	112	41	7.39845661803	0.00855222968845	0.00322580645161	0.00532642323684
ANATATNC	2074	23091	22963	285	159	8.29586910223	0.0121919917864	0.00687656777095	0.00531542401549
NAAAATGN	2059	24677	24891	219	87	13.3302962587	0.00879659383033	0.00348306509729	0.00531352873305
TTTTTTTN	17847	185477	193591	2321	1385	61.0399286843	0.0123590240578	0.0071034383719	0.00525558568586
AAANATNG	1170	14223	14012	127	51	7.43098063237	0.00885017421603	0.0036265377231	0.00522363649292
TNATANGT	1210	13890	14023	107	35	8.70299846147	0.00764449524898	0.00248968558828	0.0051548096607
NTTTANGT	981	10924	11250	77	21	7.89299904501	0.00699936369421	0.0018631887144	0.00513617497981
TTTTNTNA	6604	74166	75956	1323	954	15.6874611144	0.0175257322259	0.0124041086985	0.00512162352741
ATNATAGN	783	9328	9306	59	11	7.6608187487	0.00628528816448	0.00118063754427	0.00510465062021
AAANAANT	7140	79415	80648	1675	1277	13.7134538836	0.0206560611666	0.0155874275252	0.00506863364143
TTTTNTGN	2130	24092	25055	222	105	10.8222714521	0.00913054207452	0.004173290938	0.00495725113653
NTAAAAGN	1259	15007	14975	134	59	6.92288644236	0.00885014199855	0.00392443794067	0.00492570405788
ANNATTAC	1133	13483	13529	112	45	6.87208558981	0.00823832291284	0.00331516133785	0.00492316157498
ANAAAANT	6510	73076	74318	1459	1112	12.1834058262	0.0195746964513	0.0147421450351	0.0048325514162
AANAATGN	1885	22643	22801	161	51	13.2578860714	0.00706016488335	0.00223175214423	0.00482841273912
TTTTTTNN	23521	248878	259347	2910	1778	70.5354299125	0.0115573418908	0.0068089995213	0.00474834236949
TNTTTTGN	2076	23481	24099	205	95	10.0883604487	0.00865490162965	0.00392659337026	0.0047283082594
TNANATGT	1440	16633	16681	120	41	9.11167383234	0.0071628961977	0.00245185982538	0.00471103637232
ANAAATGN	2091	25039	25068	190	71	12.5218692237	0.00753101589441	0.00282429690918	0.00470671898522
TTTTNNTA	6342	70891	72918	1259	943	12.6009154893	0.0174497574498	0.0127672249225	0.00468253252727
ACNNAGGT	966	12653	12970	88	29	7.37931095145	0.0069068361981	0.0022309408416	0.0046758953565
TNAAAAGN	1369	16259	16161	137	60	7.0695378271	0.00835569651134	0.0036989088219	0.00465678768945
TNTTTTNA	6578	73768	75627	1300	970	13.0033109019	0.0173176320136	0.0126636813452	0.00465395066842
ATANATGT	1557	17068	16713	130	49	8.23951923324	0.00755901849052	0.00292327884501	0.00463573964552
TATATATT	2885	29536	29844	235	100	12.8496256292	0.00789358771959	0.00333956719209	0.0045540205275
NNATATGT	2822	31359	31122	216	72	16.1388413013	0.00684085510689	0.00230813618003	0.00453271892685
TTTNTTGN	1824	20700	21341	193	102	7.37798609897	0.00923754367492	0.00475679708996	0.00448074658496
NTTTTTGN	1948	22010	22926	202	107	7.88800150127	0.00909418332433	0.00464550861807	0.00444867470626
ATANNTGT	2551	28445	28241	209	81	12.7920359795	0.00729392056955	0.00285996751642	0.00443395305314
ANATATGT	1659	17975	17648	129	48	8.37767845798	0.00712549712771	0.00271247739602	0.00441301973168
NTATANGT	2551	28815	28532	208	79	13.0406895082	0.00716672983496	0.00276117577156	0.0044055540634
AAAAAATN	3846	43038	43703	419	231	13.2015662829	0.00964171479854	0.00525788683025	0.00438382796829
AAAANTNT	4661	52623	53375	504	274	16.2655521598	0.00948670167711	0.00510727133777	0.00437943033934
ATATANGT	1719	19220	18854	141	55	8.496640039	0.00728268167967	0.00290866783013	0.00437401384953
TTTNTNGT	1520	17099	17827	137	64	7.07767989727	0.00794847992574	0.00357721759544	0.0043712623303
TTTTTNTN	23589	250331	260679	2745	1703	63.2629078982	0.0108465441211	0.0064905366984	0.00435600742273
NAAAANTT	3280	37724	38431	337	175	12.5432669535	0.00885420771919	0.0045329741491	0.00432123357009
ATNTANGT	2670	30571	30006	233	98	12.1446678405	0.00756395273341	0.00325538134467	0.00430857138874
AAAANATT	2161	24565	24936	224	119	8.00877137464	0.00903626608576	0.00474955098783	0.00428671509794
NTANATGT	2489	27839	27457	195	75	11.9393095218	0.00695583933795	0.00272410286212	0.00423173647582
NTTTTTNA	6126	68562	70635	1256	989	9.44093983183	0.0179896301813	0.0138082207081	0.00418140947319
AAAAAANN	23521	253937	255926	2950	1883	53.6723719986	0.0114836484524	0.00730385673115	0.00417979172129
ATNNATGT	2488	28030	27392	195	77	11.2466150877	0.00690876882197	0.00280315992573	0.00410560889623
TTTTTNAA	2207	24863	25510	224	124	7.48823542604	0.00892892733288	0.00483732542717	0.00409160190571
AAAANNAT	7848	87531	88781	1536	1184	11.7333889706	0.0172454444407	0.0131606735953	0.00408477084541
TTNTTTGN	2013	23000	23792	183	91	8.07803441303	0.00789371522236	0.00381024159444	0.00408347362792
ANTTANGT	1253	15453	15744	97	34	7.44990840193	0.00623794212219	0.00215489922677	0.00408304289542
NANTATGT	1343	15271	15474	97	36	6.85826523912	0.0063118167621	0.00232108317215	0.00399073358996
NTATATGT	1752	19088	18734	128	51	7.52474168666	0.00666111573689	0.0027149321267	0.00394618361019
TTTTNTTN	23597	251846	260841	2742	1799	50.7660248411	0.0107703426713	0.00684968017058	0.00392066250072
ACNTANGT	1636	21189	21321	128	45	9.42055819119	0.00600459726978	0.00210614995788	0.00389844731191
AAAAATAN	3852	43159	43260	380	211	11.3302622609	0.00872780725327	0.00485381058637	0.0038739966669
ATATNTGT	1815	19978	19575	133	54	7.54798694568	0.00661329620606	0.00275103163686	0.00386226456919
AAAATNNT	4547	52137	53128	463	264	13.4317350319	0.00880228136882	0.00494456098292	0.0038577203859
NAAAATNT	5084	57360	57922	547	329	13.0219361231	0.00944618094531	0.00564797170864	0.00379820923667
ANATNTGT	2762	30751	30481	201	83	11.13879115	0.00649392607909	0.00271561313964	0.00377831293945
AAANATGN	2108	24904	24853	161	66	9.27345306991	0.0064232994215	0.00264858140375	0.00377471801776
AAAANNTT	4090	47248	47775	377	199	13.1462335324	0.00791601049869	0.00414808021011	0.00376793028857
ATATNNGT	2905	33525	32865	218	89	11.9510085193	0.0064605992354	0.00270073435698	0.00375986487841
AAAAATNN	6933	78957	79495	670	373	19.6262392606	0.00841423135369	0.00467020583964	0.00374402551405
TNATNTGT	1691	19388	19940	106	36	8.56373398013	0.00543757053452	0.00180216259511	0.00363540793941
TTTNTTNA	6746	75373	76904	1415	1155	7.5981314179	0.0184273584414	0.0147965000833	0.00363085835815
AAAAANTN	6243	70789	71482	649	397	14.5170234069	0.00908480080629	0.0055231708844	0.00356162992189
TATNTATT	5059	53357	53532	352	161	16.3702840028	0.00655383641475	0.00299852867227	0.00355530774249
AANAANTT	3675	42739	42867	343	190	10.3789451888	0.00796156167309	0.00441275518499	0.0035488064881
TTNTTTTN	23636	252253	260697	2796	1957	39.2310662031	0.0109625993437	0.00745086691998	0.00351173242368
TNTTTTTN	23813	252926	262713	2690	1874	39.5730984434	0.0105235978968	0.00708273649121	0.00344086140563
AAAANTAN	6237	70768	71058	561	317	15.7486238612	0.00786496375948	0.00444133099825	0.00342363276123
AAAAAAAN	17847	189813	191582	2171	1525	26.6477243542	0.0113082340195	0.00789717617694	0.00341105784256
ANAAANTT	3411	39210	39524	332	200	8.05425118857	0.00839613575439	0.00503473970396	0.00336139605043
TNTATATT	4475	47211	47867	298	140	13.6242702948	0.00627249573765	0.00291624138147	0.00335625435618
NTATNTGT	3049	34200	34047	203	87	10.6823585166	0.00590064819928	0.00254877834417	0.00335186985511
AAAAANAN	23813	258067	259191	2707	1840	37.5292626543	0.0103806361064	0.00704897119499	0.00333166491137
TTTNTTTN	24157	257549	265634	2867	2065	34.7647981971	0.0110093081838	0.00771388761258	0.00329542057125
TANATATT	3878	40649	41015	265	131	10.8484906082	0.00647700053771	0.00318378457201	0.0032932159657
ANAAATNT	6011	67560	67660	582	357	12.563804365	0.00854098793696	0.00524868782804	0.00329230010891
TATANATT	3666	38409	38749	268	143	9.21818913405	0.00692918271841	0.00367684870925	0.00325233400917
AAANANTT	4005	46420	47075	335	185	10.6073474677	0.00716500908994	0.00391451544647	0.00325049364347
NTTTTTTN	23521	249896	259166	2639	1880	34.8348621093	0.0104500366286	0.00720179585207	0.00324824077651
AAANATNT	7229	80093	80342	655	393	15.2099946528	0.00811165601625	0.00486777729609	0.00324387872016
TNNTATGT	1689	19036	19449	99	38	6.79983942229	0.00517376535145	0.00195001796069	0.00322374739076
NTNTATGT	2891	32148	31744	187	82	9.31495732717	0.00578320705118	0.00257650977188	0.0032066972793
NAANAATT	3814	44577	44656	340	200	8.66167648716	0.00756951710933	0.00445871232388	0.00311080478545
ANNAAATT	3402	38991	39757	292	174	7.70206168798	0.00743324084209	0.00435751671634	0.00307572412576
NNAAAATT	3359	38535	39330	285	170	7.53406440971	0.00734157650696	0.00430379746835	0.0030377790386
NATATATT	4696	49907	50048	308	157	11.4993071945	0.00613362541073	0.00312717856787	0.00300644684286
AANAATNT	5456	62015	62296	518	331	9.88620842479	0.00828362624534	0.00528526035097	0.00299836589438
ANNTATGT	2870	32546	32003	186	87	8.12681857633	0.00568251252597	0.00271112496105	0.00297138756492
AAAATTNN	3359	38423	39209	286	174	7.11965673221	0.00738846263143	0.00441814996318	0.00297031266825
NANAAATT	3619	41629	41956	327	205	6.98176683336	0.00779387930213	0.00486231351249	0.00293156578964
AANNAATT	3444	40087	40354	294	177	7.17864049365	0.00728065179168	0.00436702770719	0.0029136240845
TATATNTT	5305	56203	56629	314	153	13.0955010197	0.00555585045208	0.0026945158677	0.00286133458437
TTNTNTGT	2366	26685	27873	137	63	7.32397678238	0.00510774737156	0.00225515463918	0.00285259273239
AAAANATN	8027	90495	90301	667	406	14.480297668	0.00731664509335	0.00447595003693	0.00284069505642
AANANATT	4916	56280	56381	369	210	10.3004939932	0.00651379547741	0.00371083741231	0.0028029580651
TNTTTNAA	4245	48739	49496	303	169	9.45384026851	0.00617837771706	0.00340279875164	0.00277557896542
TANNTATT	7054	75975	76409	410	202	16.4275536834	0.00536754598416	0.00263669708005	0.00273084890411
AAANAATN	6847	78181	78809	535	325	12.2976121115	0.00679658519234	0.00410695781838	0.00268962737395
AAAANAAN	23636	256602	258528	2584	1898	24.7735160329	0.00996967428796	0.00728805879597	0.00268161549199
NAAAAATN	6933	79126	79577	567	356	11.524114937	0.00711480305673	0.00445372999887	0.00266107305786
AAANANAT	10271	112534	113179	1780	1484	6.90882328693	0.0155711461413	0.0129422743169	0.00262887182442
NATNTATT	8127	88541	88660	467	233	17.8902450639	0.00524671939601	0.00262112877279	0.00262559062322
NAAANATT	4214	48573	48878	316	190	7.70036438593	0.00646362167359	0.00387217738648	0.0025914442871
TTTNTNAA	4325	49466	50343	306	180	8.30721764496	0.00614803503978	0.00356273380441	0.00258530123538
TNTNTTAA	3934	44980	45395	285	171	7.11831683194	0.00629625538496	0.00375279813896	0.00254345724599
NTTTTNAA	4190	47753	48877	293	175	7.78554493529	0.00609832244099	0.00356764250183	0.00253067993916
TATNNATT	6983	75633	75774	434	245	12.2927098324	0.00570549647022	0.0032228784909	0.00248261797931
TTTTNNAA	5010	57219	58142	348	211	8.51057144458	0.00604513002241	0.00361592377427	0.00242920624814
AAANNATT	4284	49760	50435	288	169	7.79675203637	0.00575447570332	0.00333965694412	0.00241481875921
TNTANATT	6151	66622	67619	361	202	11.0431747445	0.00538942716809	0.00297842851034	0.00241099865774
AAANAAAN	24157	261822	263894	2758	2139	18.903913086	0.0104240683347	0.0080403558957	0.00238371243902
AAANATAN	8875	99065	98322	715	480	10.441410234	0.0071657646823	0.00485820125099	0.00230756343131
AANAAATN	7739	87604	88032	577	375	10.3031979462	0.00654335968066	0.00424174556313	0.00230161411752
ANAAAATN	7311	82989	83991	551	364	9.56305841002	0.00659564280584	0.00431509691186	0.00228054589398
NAAAAAAN	23521	255527	255972	2512	1929	17.6836596468	0.00973496254442	0.00747961427059	0.00225534827383
NATANATT	6623	72099	72248	406	245	9.47845848438	0.00559961381974	0.00337963665457	0.00221997716516
TANATNTT	7473	81260	81687	388	209	12.6558649365	0.00475210660396	0.00255201719254	0.00220008941142
TNNATATT	6884	75069	75573	376	211	11.0910472331	0.00498376300616	0.00278422886097	0.00219953414519
TANANATT	5612	60769	61013	343	209	7.90839395223	0.00561264563425	0.00341380549476	0.00219884013949
AANAAAAN	23597	256599	258005	2644	2082	16.019512731	0.0101989253326	0.00800501370695	0.00219391162565
TNTNTATT	9323	101972	103335	471	256	15.2652676873	0.00459767870914	0.00247125715554	0.00212642155359
TNTATAAA	2318	25897	25453	77	22	7.02239903921	0.0029645029645	0.000863591756624	0.00210091120788
NANATATT	7470	81716	81839	410	239	10.6182958863	0.00499232886053	0.00291186432418	0.00208046453635
TNTNTAAA	4551	51525	51299	185	79	9.86054364284	0.00357764455618	0.00153762310717	0.00204002144901
TANATAAA	3196	35148	34721	101	29	9.11545972268	0.00286532951289	0.000834532374101	0.00203079713879
AANAATAN	8441	96389	95939	587	389	9.29475958266	0.00605304405214	0.00403828585666	0.00201475819548
TTTNNAAA	4526	52216	52567	226	121	7.75914952477	0.00430952290149	0.00229653811114	0.00201298479035
NAAAATAN	7300	82700	83179	520	354	7.79855683324	0.00624849795722	0.00423784612069	0.00201065183653
TATANNTT	7269	78529	78940	381	224	9.79178518477	0.00482828538842	0.00282956899601	0.00199871639241
NNTATATT	8061	87599	88245	399	233	10.5142857581	0.00453419395895	0.00263342299781	0.00190077096115
TATNTNTT	11083	121180	121816	511	286	14.8880875817	0.00419916016797	0.00234230397536	0.0018568561926
NATATNTT	8972	98307	98560	431	249	11.475570178	0.00436508740303	0.00252001335911	0.00184507404392
TNTATNTT	9988	110310	110879	467	264	13.2888264919	0.00421567653935	0.00237531828365	0.0018403582557
ANAAAAAN	23589	256740	256936	2476	1998	11.9850134167	0.00955187951361	0.00771625201789	0.00183562749572
NANTTATT	4402	49859	50030	174	84	7.57163450909	0.00347770471489	0.00167617831345	0.00180152640144
TANNTAAA	4664	51906	51356	158	66	8.68866086105	0.00303472649047	0.00128349733577	0.0017512291547
TNTANAAA	5444	62079	61200	189	84	9.16506834387	0.00303526691077	0.00137066771098	0.00166459919979
TNNATAAA	5331	60280	59999	170	72	9.22817801252	0.00281224152192	0.00119858167835	0.00161365984357
NATNTAAA	4793	54798	53473	158	69	7.79669896815	0.00287502729456	0.00128870793022	0.00158631936434
ANANATAT	29751	290830	290940	1627	1193	15.4178004727	0.00556321100196	0.00408375637124	0.00147945463072
ANATATAN	29496	287349	285603	1617	1190	14.415098515	0.00559581404041	0.00414933418877	0.00144647985164
ATATATAN	23380	220203	219210	1220	899	11.0741787834	0.00550981605344	0.00408434003153	0.00142547602191
NNTATAAA	5131	58095	57320	150	68	7.13228790503	0.00257532835437	0.00118491670733	0.00139041164704
ANATATNT	29558	287992	287556	1413	1017	14.7600707093	0.00488243119504	0.00352423823435	0.00135819296069
ATANATNT	27902	271040	270738	1308	941	13.7822351394	0.00480267892549	0.00346364643568	0.00133903248981
ANATATAT	23862	225537	225593	1169	877	9.8780233028	0.00515645814403	0.00387247759085	0.00128398055318
ATATATNT	23862	225945	225590	1071	778	10.8092818323	0.00471772914684	0.00343688153803	0.00128084760882
ATATATAT	20088	185370	185436	918	685	8.15015671447	0.00492785364597	0.00368040145927	0.0012474521867
ATANATAT	22805	214907	215029	1080	811	9.14274658431	0.00500030094404	0.00375741289844	0.0012428880456
AATNANAA	6801	80122	79345	210	110	7.27737945838	0.00261415127222	0.00138443143918	0.00122971983304
ATNTATAN	26991	260439	259606	1328	1009	10.0547737215	0.00507321396509	0.00387161138077	0.00120160258432
ATATNTAN	27619	266978	265024	1361	1033	10.0631352159	0.00507194258009	0.00388262665519	0.0011893159249
ATANATAN	28617	277816	276560	1483	1146	9.87019817726	0.00530972183932	0.00412666633058	0.00118305550874
NANATAAA	8181	92841	92339	219	116	7.46530229733	0.00235332043843	0.00125466443134	0.00109865600708
ATATNTNT	29751	291627	290892	1222	906	10.8538081651	0.004172798951	0.00310488762774	0.00106791132325
ATATATNN	30564	297459	295764	1626	1301	8.22958003591	0.0054365815738	0.00437951290122	0.00105706867258
ATATANNT	27989	272417	271208	1327	1035	8.35212716955	0.00484759483313	0.00380175064189	0.00104584419124
ANATNTAT	27902	270960	270601	1275	1001	7.86747026023	0.00468345363381	0.00368553987084	0.000997913762969
ANNTATAT	27989	271815	272152	1272	1000	7.92915698118	0.00465785628756	0.00366096532334	0.00099689096422
NTATATAN	28182	271877	270848	1374	1097	7.28706638512	0.00502834390359	0.00403390391439	0.000994439989196
ATNTATNT	28915	282151	281662	1173	893	8.94057028708	0.00414013638096	0.00316044663871	0.000979689742256
ATNNATAT	26930	261407	261825	1168	913	7.65190884516	0.00444825288013	0.00347494462164	0.000973308258491
AAAAAANA	17661	189488	190184	625	444	7.56245791064	0.00328751847585	0.00232914367249	0.000958374803361
AAANAAAA	17695	190981	192104	573	393	8.2899269326	0.00299132359544	0.00204159025855	0.000949733336886
NTATATNT	29496	286904	286993	1232	959	8.19668656404	0.00427575866952	0.00333041618047	0.000945342489043
AANNAAAA	22730	250326	250585	702	474	10.4721239098	0.00279650078876	0.00188800242174	0.000908498367015
AANAAAAA	17475	188878	188932	544	373	7.69730320046	0.00287189450011	0.00197036528354	0.000901529216574
NAANAAAA	23597	259825	259377	712	479	10.6365835019	0.00273281721982	0.00184332861277	0.000889488607049
AAANAANA	23376	255967	256405	788	565	8.86270085206	0.0030690736305	0.00219870023738	0.000870373393122
NAAAAAAA	17847	192566	192349	544	378	7.20125332721	0.00281704727875	0.00196132353017	0.000855723748578
ANNAAAAA	22712	250263	248693	685	467	9.46854059258	0.00272964917035	0.00187429764007	0.000855351530275
NNAAAAAA	23521	258574	257044	699	478	9.53634157	0.00269599996914	0.00185615209574	0.000839847873401
AANAAANA	23928	261814	261529	784	564	8.53755226604	0.00298555206056	0.00215190791055	0.000833644150013
AAAANANA	24049	262242	262726	831	613	8.01761309987	0.00315881903502	0.00232779800941	0.000831021025611
ANANAAAA	23347	256453	255515	712	499	8.76143584519	0.00276865047732	0.00194911215793	0.000819538319391
AAANNAAA	23119	254308	255741	698	501	8.05165768234	0.00273719049748	0.00195518299108	0.0007820075064
NANAAAAA	23589	259761	258098	687	481	8.39205665103	0.0026377626244	0.00186016652551	0.00077759609889
AANAANAA	24145	267530	266373	716	508	8.26709252144	0.00266919171209	0.00190347008592	0.000765721626167
NAAANAAA	24157	265107	265097	691	495	7.80795214135	0.00259971858329	0.00186376095666	0.00073595762663
AANANAAA	23247	256208	256071	674	489	7.12832254493	0.00262377278283	0.00190598690365	0.000717785879186
