#Sequence	Occurrence	Forward Match	Backward Match	Forward Mismatch	Backward Mismatch	Strand Bias Score	FER (Forward Error Rate)	RER (Reverse Error Rate), ERD (Error rate Difference)
CTANTTTT	818	2551	2831	33	3	7.56764615221	0.0127708978328	0.00105857445307	0.0117123233797
CTANNTTT	1897	6900	7196	50	9	7.07489909497	0.00719424460432	0.00124913254684	0.00594511205747
TATNTTTT	10218	14322	14901	178	95	6.85535580202	0.012275862069	0.00633502267271	0.00594083939625
NTCTNTTT	4778	15690	16126	138	61	7.57733497232	0.00871872630781	0.00376845616853	0.00495027013928
CTNNTTTT	4755	15266	16000	126	55	7.42978028143	0.00818607068607	0.0034257240735	0.00476034661257
TTTTTTNT	38219	38208	42102	709	578	6.99812543785	0.0182182593725	0.0135426429241	0.00467561644842
TCNNTTTT	5890	20078	20553	179	88	7.87103714328	0.00883645159698	0.00426335933337	0.00457309226361
NTCTTTTN	5829	20601	20938	191	100	7.16441832052	0.00918622547134	0.00475330354596	0.00443292192537
TNTNTTTT	53364	67592	72043	929	684	12.5940012335	0.013557887363	0.00940503526888	0.00415285209412
TATNTTTN	20658	31929	32729	329	202	7.99689868442	0.010199020398	0.00613403783669	0.00406498256135
TATNNTTT	18051	30434	31382	233	115	10.2105414873	0.00759774350279	0.00365114137854	0.00394660212424
NNTATTTT	17315	31208	31813	221	103	10.5495968774	0.0070317222947	0.00322722145632	0.00380450083837
TANNTTTT	16044	28865	29679	267	161	7.04027898282	0.0091651791844	0.00539544235925	0.00376973682515
TNNTTTTT	51337	69212	74076	997	781	10.0753120543	0.0142004586307	0.0104332260176	0.00376723261305
NTNTTTTT	52940	68488	73520	1004	795	9.72347732887	0.0144477062108	0.0106977057122	0.00375000049862
NTANTTTT	14493	27776	28594	233	135	6.97823302808	0.00831875468599	0.00469908454871	0.00361967013728
NATNTTTT	19344	38636	39454	372	235	8.06413073215	0.00953650533224	0.00592103605533	0.00361546927691
TNNCTTTT	5692	19620	20154	124	55	6.81882347732	0.00628038897893	0.00272155970112	0.00355882927781
TTTTTNNT	50619	68571	73233	844	638	10.2676632521	0.0121587553123	0.00863667745123	0.00352207786102
TNTTTTNT	52796	66970	71291	935	739	8.73365394421	0.0137692364333	0.0102596140497	0.00350962238355
NTCNTTTT	7154	25426	25803	184	96	6.95450972078	0.00718469347911	0.00370670682266	0.00347798665645
NNATTTTT	16838	37506	38411	345	221	7.25744184848	0.00911468653404	0.0057206460965	0.00339404043754
NANATTTT	12942	28294	28804	180	88	7.89976641796	0.00632155650769	0.00304582583414	0.00327573067355
TTNTTTNT	52416	67255	71889	890	711	8.05145843453	0.0130603859417	0.00979338842975	0.00326699751199
TATNTNTT	25259	32348	32917	243	140	7.09585173844	0.00745604614771	0.00423510905406	0.00322093709365
NATANTTT	12799	24282	24539	141	63	7.30912747009	0.00577324652991	0.00256076741728	0.00321247911263
NTATNTTT	20658	32120	32861	222	124	7.20643805184	0.006864139509	0.00375928452327	0.00310485498573
TTTNTTNT	52044	68701	72806	830	654	7.75100435185	0.0119371215717	0.00890280424721	0.00303431732446
AAANNTTT	9192	24522	25231	128	57	7.00924262942	0.00519269776876	0.00225403353369	0.00293866423507
TNTTTNTT	53297	68686	73329	793	633	7.22568301729	0.0114135206321	0.00855844893324	0.0028550716989
TTNNTTTT	50872	71651	76266	828	665	7.11164919273	0.0114239986755	0.00864410965671	0.00277988901877
