 1000000 / 4096930 Strand Bias Scores calculated
 2000000 / 4096930 Strand Bias Scores calculated
 3000000 / 4096930 Strand Bias Scores calculated
 4000000 / 4096930 Strand Bias Scores calculated
#Sequence	Occurrence	Forward Match	Backward Match	Forward Mismatch	Backward Mismatch	Strand Bias Score	FER (Forward Error Rate)	RER (Reverse Error Rate), ERD (Error rate Difference)
TTTACGTTAT	22	311	162	52	0	8.77713811369	0.143250688705	0.0	0.143250688705
TTTACGNTAT	27	320	167	52	0	8.78176774957	0.139784946237	0.0	0.139784946237
GACGNAAAAA	37	249	228	43	2	8.80348943801	0.147260273973	0.00869565217391	0.138564621799
TTNACGTTAT	28	335	173	52	0	8.74166866277	0.134366925065	0.0	0.134366925065
TTTACGTTAN	28	333	207	52	1	8.86494195521	0.135064935065	0.00480769230769	0.130257242757
TTTTACGTTA	22	334	191	48	0	8.69916295601	0.125654450262	0.0	0.125654450262
TTTNACGTTA	27	334	191	48	0	8.69916295601	0.125654450262	0.0	0.125654450262
TNTACGTTAT	39	362	196	52	0	9.0701619901	0.125603864734	0.0	0.125603864734
TTTTACGTNA	34	342	222	48	0	9.77179725219	0.123076923077	0.0	0.123076923077
TTTACGTNAT	37	358	243	52	1	9.57221028951	0.126829268293	0.00409836065574	0.122730907637
TNTTACGTTA	31	345	195	48	0	8.67375622835	0.12213740458	0.0	0.12213740458
TTTNACGTNA	51	345	231	48	0	10.0807811718	0.12213740458	0.0	0.12213740458
NTTACGTTAT	28	395	242	54	0	10.2998196651	0.120267260579	0.0	0.120267260579
NTTTACGTTA	28	356	220	49	1	8.33313840084	0.120987654321	0.00452488687783	0.116462767443
TTNACGNTAT	45	406	249	55	1	9.25173035307	0.119305856833	0.004	0.115305856833
TTNTTGCAAT	24	341	222	46	1	8.18982691149	0.118863049096	0.00448430493274	0.114378744163
GACGAANAAA	40	318	299	45	3	8.90921374966	0.123966942149	0.00993377483444	0.114033167314
TTTTACGNTA	29	377	226	48	0	8.98781774369	0.112941176471	0.0	0.112941176471
TTACGTTATN	28	394	242	50	0	9.82821777152	0.112612612613	0.0	0.112612612613
TTNACGTTAN	43	396	258	54	2	8.56193805187	0.12	0.00769230769231	0.112307692308
ACGNAAAAAA	122	365	355	52	5	9.41054133381	0.124700239808	0.0138888888889	0.110811350919
TNACGTTANC	18	283	227	35	0	8.50683824044	0.110062893082	0.0	0.110062893082
TNTACGNTAT	66	435	257	53	0	9.96924490459	0.108606557377	0.0	0.108606557377
TTTNCGTTAT	48	446	315	59	3	9.4728878973	0.116831683168	0.00943396226415	0.107397720904
ACGAAAAAAN	121	346	342	49	6	8.30476238055	0.124050632911	0.0172413793103	0.106809253601
TTTACGNTAN	43	410	303	52	2	9.41332949985	0.112554112554	0.00655737704918	0.105996735505
TTNACGTNAT	65	444	334	53	2	9.69105726073	0.106639839034	0.00595238095238	0.100687458082
NTNACGTTAT	47	498	319	55	0	11.2055049678	0.0994575045208	0.0	0.0994575045208
TNTNACGTTA	52	461	321	49	0	10.7136138915	0.0960784313725	0.0	0.0960784313725
CNACACTTNC	19	207	303	22	0	8.31498664637	0.0960698689956	0.0	0.0960698689956
TNACGTTATN	47	495	318	52	0	10.6864703013	0.0950639853748	0.0	0.0950639853748
NATCGANGAA	38	381	270	40	0	8.66616091759	0.0950118764846	0.0	0.0950118764846
GNCGNAAAAA	67	440	420	55	7	8.81474240191	0.111111111111	0.016393442623	0.0947176684882
TTACGNTATN	55	455	325	52	3	8.28504193413	0.102564102564	0.00914634146341	0.0934177611007
TTTNACGNTA	48	464	351	49	1	10.1187187278	0.0955165692008	0.00284090909091	0.0926756601099
ACGTTNTNGA	29	438	374	49	3	9.04773614058	0.100616016427	0.0079575596817	0.0926584567454
NTTACGNTAT	55	482	368	55	4	8.73365957111	0.102420856611	0.010752688172	0.0916681684388
NTTTACGNTA	43	440	334	49	3	8.20593229473	0.100204498978	0.00890207715134	0.0913024218262
TNTACGTNAT	82	510	433	53	2	10.8845418004	0.0941385435169	0.00459770114943	0.0895408423674
NCGNAAAAAA	213	617	661	77	17	10.063295124	0.110951008646	0.0250737463127	0.0858772623328
TTTNCGNTAT	80	606	496	64	5	10.6731315091	0.0955223880597	0.00998003992016	0.0855423481395
TTNNCGTTAT	82	632	468	62	3	10.7857932245	0.0893371757925	0.00636942675159	0.0829677490409
TTTNACGTTN	84	549	446	58	6	8.59943902162	0.0955518945634	0.0132743362832	0.0822775582802
TTTNCGTTAN	84	629	531	63	5	10.8038830078	0.0910404624277	0.00932835820896	0.0817121042188
TTTNCGTNAT	93	669	529	68	6	10.3847048806	0.0922659430122	0.011214953271	0.0810509897412
GACGNANAAA	69	479	423	46	3	8.89529750928	0.087619047619	0.00704225352113	0.0805767940979
NTTACGTNAT	58	596	478	55	2	10.9281231484	0.0844854070661	0.00416666666667	0.0803187403994
TTTACGTTNT	46	539	493	53	5	9.36503415613	0.089527027027	0.0100401606426	0.0794868663845
ACGNAAAAAN	202	595	589	63	10	9.4158095964	0.0957446808511	0.016694490818	0.079050190033
GACGAANNAA	70	514	474	50	5	8.67828831237	0.0886524822695	0.0104384133612	0.0782140689083
TNACGTTNTC	39	484	405	45	3	8.21594262717	0.0850661625709	0.00735294117647	0.0777132213944
CGNAAAAAAN	213	584	640	65	16	8.14254078148	0.100154083205	0.0243902439024	0.0757638393025
NTTNCGTTAT	85	673	505	66	7	8.69101925899	0.0893098782138	0.013671875	0.0756380032138
CGANNAAAAA	206	742	778	85	22	9.41753441178	0.102781136638	0.0275	0.0752811366385
CGNAAANAAA	216	745	853	79	19	10.6045098004	0.0958737864078	0.0217889908257	0.0740847955821
TTTTNCGTNA	100	632	519	55	4	9.42613251416	0.080058224163	0.00764818355641	0.0724100406066
TTACGTNATN	58	600	473	52	4	8.28774933213	0.079754601227	0.0083857442348	0.0713688569922
TTTACGNTNT	66	591	540	53	6	8.71814948121	0.082298136646	0.010989010989	0.071309125657
NTTTNCGTTA	84	699	596	58	6	9.18880153302	0.0766182298547	0.00996677740864	0.0666514524461
CGNANAAAAA	238	761	813	78	22	8.22425117094	0.0929678188319	0.0263473053892	0.0666205134427
TTGCAATANT	39	560	428	41	1	8.29976928968	0.0682196339434	0.002331002331	0.0658886316124
TTTTNCGNTA	92	709	582	59	7	8.2714222241	0.0768229166667	0.0118845500849	0.0649383665818
TNNTTGCAAT	60	787	560	62	5	8.7496533952	0.0730270906949	0.00884955752212	0.0641775331728
TTNTTGCAAN	92	895	802	74	10	10.617349739	0.0763673890609	0.012315270936	0.0640521181249
TTTACGTNNT	79	736	757	59	10	8.81936865677	0.074213836478	0.013037809648	0.06117602683
TTTANGTTAT	151	827	663	58	4	10.0436588489	0.0655367231638	0.00599700149925	0.0595397216646
TTNTNGCAAT	75	939	634	71	7	8.53055998333	0.070297029703	0.0109204368175	0.0593765928855
CAACAACNAC	86	815	849	57	6	11.0639093294	0.0653669724771	0.00701754385965	0.0583494286174
NTTACGTTNT	81	950	920	72	12	10.1289584042	0.0704500978474	0.0128755364807	0.0575745613667
CAACAACAAC	80	780	799	54	6	10.1764101932	0.0647482014388	0.00745341614907	0.0572947852898
NGTTGCANTA	43	751	540	47	1	9.40059773094	0.0588972431078	0.00184842883549	0.0570488142723
TNTACGTTNT	112	746	741	55	9	8.27934884734	0.0686641697878	0.012	0.0566641697878
CAACNACAAC	83	862	891	60	8	10.4782415474	0.0650759219089	0.00889877641824	0.0561771454907
CAACAACANC	85	865	923	57	6	11.4260357472	0.0618221258134	0.00645855758881	0.0553635682246
NNTTTACGTT	83	740	694	48	5	8.46518433731	0.0609137055838	0.0071530758226	0.0537606297612
CNACNACAAC	106	1127	1183	80	16	11.0543118445	0.06628003314	0.0133444537114	0.0529355794286
CTAAAAAANN	339	1074	959	81	17	8.64479837103	0.0701298701299	0.0174180327869	0.052711837343
CAACNACNAC	102	1162	1254	77	12	12.8277213265	0.0621468926554	0.00947867298578	0.0526682196696
CANCAACAAC	87	855	867	54	6	10.1125556773	0.0594059405941	0.00687285223368	0.0525330883604
CNACAACAAC	88	912	915	60	10	8.97274032299	0.0617283950617	0.0108108108108	0.0509175842509
TTACGTTNTN	81	989	943	67	12	8.92389419112	0.063446969697	0.0125654450262	0.0508815246708
NTGCAATANT	76	816	620	48	3	8.15454072937	0.0555555555556	0.00481540930979	0.0507401462458
CANCAACNAC	101	985	990	59	6	11.1215459418	0.0565134099617	0.00602409638554	0.0504893135761
CAACAACNNC	104	1042	1066	61	6	12.0060172912	0.0553037171351	0.00559701492537	0.0497067022097
CAACNACANC	95	1112	1250	66	8	13.0107677888	0.0560271646859	0.00635930047695	0.049667864209
GANGAAAAAA	349	1289	1256	104	33	8.40008358138	0.0746590093324	0.0256012412723	0.0490577680601
ACGNAAANAA	206	1277	1103	88	18	9.12440483486	0.0644688644689	0.0160570918822	0.0484117725866
TTNACGTTNT	98	1000	980	62	10	9.0911185705	0.0583804143126	0.010101010101	0.0482794042116
CTANAAAAAN	462	1432	1294	111	32	8.60613840233	0.0719377835386	0.0241327300151	0.0478050535235
CAACAACAAN	157	1192	1212	75	14	10.4801413066	0.0591949486977	0.0114192495922	0.0477756991055
CAANAACAAC	109	1016	1043	60	9	9.84804448787	0.0557620817844	0.00855513307985	0.0472069487045
NCAACAACAA	157	1190	1222	80	20	9.17751210999	0.0629921259843	0.0161030595813	0.0468890664029
CAACAANAAC	112	923	951	55	9	8.6519761114	0.0562372188139	0.009375	0.0468622188139
CANCNACAAC	99	990	1055	60	11	9.16439244352	0.0571428571429	0.0103189493433	0.0468239077995
CAACAANNAC	137	1117	1090	66	10	10.0265643912	0.0557903634827	0.00909090909091	0.0466994543918
TTGNTGCAAN	36	917	766	46	1	10.4770494188	0.0477673935618	0.0013037809648	0.046463612597
ACAACNACAA	147	1166	1231	75	19	8.85917293814	0.0604351329573	0.0152	0.0452351329573
CAANNACAAC	131	1157	1234	66	12	10.0770619371	0.0539656582175	0.00963081861958	0.0443348395979
CAACANCAAC	90	1045	1086	60	12	8.32060877451	0.0542986425339	0.0109289617486	0.0433696807853
CAACNACAAN	175	1433	1484	84	19	10.4986538486	0.0553724456163	0.0126413838989	0.0427310617175
CAACAANANC	134	1206	1347	63	10	10.8919527957	0.0496453900709	0.00736919675755	0.0422761933134
TNNCATGAAC	76	827	830	39	3	8.31479380193	0.0450346420323	0.00360144057623	0.0414332014561
CAACANCNAC	104	1175	1255	65	14	8.85527362633	0.0524193548387	0.0110323089046	0.0413870459341
CAACNANAAC	135	1339	1400	72	14	10.3519024502	0.0510276399717	0.00990099009901	0.0411266498726
NCAACAACNA	190	1520	1542	95	28	9.01120110026	0.0588235294118	0.0178343949045	0.0409891345073
ACANCNACAA	178	1443	1483	87	24	9.09051161887	0.056862745098	0.0159256801593	0.0409370649388
CAACAACNAN	190	1543	1568	85	19	10.3921892768	0.0522113022113	0.0119722747322	0.0402390274791
CNNCAACAAC	109	1276	1263	65	11	9.54896725399	0.048471290082	0.00863422291994	0.0398370671621
ACAACNACNA	173	1462	1458	85	23	8.52958537429	0.0549450549451	0.0155300472654	0.0394150076797
CAANAACNAC	128	1329	1388	73	18	8.77283437935	0.0520684736091	0.0128022759602	0.039266197649
CANCAACANC	104	1219	1269	59	9	9.62257175199	0.0461658841941	0.00704225352113	0.0391236306729
NCANCAACAA	202	1691	1644	97	26	9.52019522005	0.0542505592841	0.0155688622754	0.0386816970087
NCAACNACAA	175	1525	1532	87	24	8.7938686763	0.0539702233251	0.0154241645244	0.0385460588006
CNACAACANC	109	1704	1668	86	17	11.1061503102	0.0480446927374	0.0100890207715	0.0379556719659
CNANAACAAC	141	1460	1462	72	14	9.71518840493	0.0469973890339	0.00948509485095	0.037512294183
CANCAACAAN	202	1618	1603	84	20	9.43488787793	0.0493537015276	0.0123228589033	0.0370308426243
NCNACAACAA	196	1781	1694	101	29	8.79010428029	0.0536663124336	0.0168311085316	0.036835203902
CANCANCAAC	120	1391	1392	69	15	8.59172457365	0.0472602739726	0.0106609808102	0.0365992931624
CNACAACAAN	196	1798	1680	96	25	9.12668984194	0.0506863780359	0.0146627565982	0.0360236214377
CAACNNCAAC	106	1526	1534	73	15	9.47944244608	0.0456535334584	0.00968366688186	0.0359698665766
CAANAACANC	140	1441	1608	72	19	8.84088104637	0.0475875743556	0.0116779348494	0.0359096395062
CAACANCANC	119	1515	1751	72	18	9.87062121893	0.0453686200378	0.0101752402487	0.0351933797891
CNACANCAAC	110	1540	1526	73	16	8.97694802126	0.0452572845629	0.0103761348898	0.0348811496732
CANNAACAAC	146	1602	1608	70	13	9.72802696004	0.0418660287081	0.00801974090068	0.0338462878075
CAANANCAAC	140	1518	1628	71	18	8.66543597107	0.0446821900566	0.0109356014581	0.0337465885986
CAACANNAAC	164	1741	1816	79	19	9.63814411208	0.0434065934066	0.0103542234332	0.0330523699734
CNATGTTGAT	28	992	1579	34	4	9.87342689201	0.0331384015595	0.00252684775742	0.030611553802
CNANGTTGAT	34	996	1585	34	4	9.87202817192	0.0330097087379	0.00251730648206	0.0304924022558
CCATGTTGNN	40	1368	1867	47	6	11.1476035166	0.0332155477032	0.00320341697811	0.0300121307251
CNATGTTGAN	37	1072	1667	35	4	10.042903624	0.0316169828365	0.00239377618193	0.0292232066546
CNATGTNGAT	45	1130	1777	38	7	9.16690513069	0.0325342465753	0.00392376681614	0.0286104797592
CCNNGTTGAT	22	966	1538	31	4	8.8017450293	0.0310932798395	0.00259403372244	0.0284992461171
CNNTGTTGAT	52	1308	1853	41	4	11.2931638279	0.0303928836175	0.00215401184707	0.0282388717704
CCATGTNGNT	29	1067	1659	32	5	8.32596080383	0.0291173794359	0.00300480769231	0.0261125717435
CCATNTTGNT	105	1634	2368	53	16	8.51889307275	0.031416716064	0.00671140939597	0.024705306668
CNATGTTNAT	105	1418	2022	44	11	8.13438398954	0.0300957592339	0.00541072306936	0.0246850361646
NAACATGANC	103	2174	1736	68	10	8.3250511636	0.0303300624442	0.0057273768614	0.0246026855828
NCATGTNGAT	55	1249	1838	35	5	8.75258855383	0.0272585669782	0.00271296798698	0.0245455989912
ANTTANTAAC	217	2320	2283	79	21	8.17526371579	0.0329303876615	0.00911458333333	0.0238158043282
AANGTANGTC	129	3489	3766	109	43	8.24231263101	0.0302946081156	0.0112890522447	0.0190055558709
NACANAGGTC	210	6012	6607	203	97	10.9865359916	0.0326629123089	0.014468973747	0.0181939385619
AACANAGGNC	216	6182	6697	205	95	11.3074936998	0.0320964459057	0.0139870435807	0.0181094023251
AACANAGGTC	204	5955	6528	199	95	10.7366910037	0.0323366915827	0.0143439528914	0.0179927386913
ANCANAGGTC	208	5955	6528	199	95	10.7366910037	0.0323366915827	0.0143439528914	0.0179927386913
AACANNGGTC	210	6038	6637	202	97	10.8482189986	0.0323717948718	0.0144045144045	0.0179672804673
AACANAGNTC	228	6132	6709	202	96	10.9291488719	0.0318913798548	0.0141072740632	0.0177841057916
AACANAGGTN	249	6687	7237	221	111	10.4600781585	0.0319918934569	0.0151061513337	0.0168857421232
ANCATAGNTC	218	5974	6549	191	94	9.7873390734	0.0309813463098	0.0141502333283	0.0168311129815
ANCATAGGTC	197	5775	6362	186	93	9.38108016343	0.0312028183191	0.014407436096	0.016795382223
AACATAGGTC	195	5775	6362	186	93	9.38108016343	0.0312028183191	0.014407436096	0.016795382223
AACATNGGTC	198	5856	6461	189	95	9.46529916971	0.0312655086849	0.014490543014	0.0167749656708
ANCATNGGTC	205	5873	6486	189	95	9.48872645459	0.0311778290993	0.0144354961252	0.0167423329741
NNCATAGGTC	202	5822	6426	187	94	9.37990975272	0.0311199866866	0.0144171779141	0.0167028087725
NACATAGGTC	200	5822	6426	187	94	9.37990975272	0.0311199866866	0.0144171779141	0.0167028087725
NACATNGGTC	203	5903	6525	190	96	9.46445823923	0.0311833251272	0.0144993203444	0.0166840047828
AACATAGGNC	200	5916	6471	188	93	9.49978789185	0.0307994757536	0.014168190128	0.0166312856256
ANCATAGGNC	204	5917	6472	188	93	9.49948067006	0.0307944307944	0.0141660319878	0.0166283988066
AACATAGNTC	206	5843	6438	187	94	9.34000944912	0.0310116086235	0.014390691978	0.0166209166456
NACATAGGNC	209	5968	6548	189	94	9.52545711706	0.0306967679064	0.0141523637459	0.0165444041606
AACATAGNNC	238	6605	7171	207	101	10.4815846766	0.0303875513799	0.0138888888889	0.016498662491
NACATAGNTC	218	5932	6516	190	97	9.13289533621	0.031035609278	0.0146680780281	0.0163675312499
AACANANGTC	255	7205	7739	224	109	11.0558481823	0.0301521066092	0.0138888888889	0.0162632177203
AANANAGGTC	392	11805	12280	362	168	17.6377407887	0.0297526095175	0.0134961439589	0.0162564655587
AACATNGNTC	229	6312	6933	198	100	9.69734788458	0.0304147465438	0.0142186833499	0.0161960631939
AACATANGTC	229	6832	7380	210	105	10.0217758652	0.0298210735586	0.0140280561122	0.0157930174464
AACATNGGNC	209	6191	6747	194	100	8.95894105841	0.0303837118246	0.0146049364685	0.0157787753561
AANATNGGTC	372	11240	11755	339	161	16.0789053608	0.0292771396494	0.0135112453844	0.015765894265
AACATAGGTN	220	6355	6932	204	108	8.91190914004	0.0311023021802	0.0153409090909	0.0157613930893
ANCATAGGTN	237	6571	7092	210	110	9.10079426049	0.0309688836455	0.0152735351291	0.0156953485163
AACATNNGTC	247	7091	7657	216	108	10.2847970803	0.0295606952238	0.0139085640695	0.0156521311542
NACATANGTC	260	7237	7827	219	109	10.5561026351	0.0293723175966	0.0137348790323	0.0156374385643
AACNTNGGTC	479	14585	15381	431	204	20.8376726603	0.0287027171018	0.0130895091434	0.0156132079584
NACATAGGTN	240	6512	7085	206	109	8.94482202319	0.0306638880619	0.0151515151515	0.0155123729104
AACATNGGTN	240	6529	7112	208	112	8.72498037404	0.0308742763841	0.015503875969	0.0153704004152
AACATAGGNN	236	6541	7089	206	110	8.68264055428	0.0305320883356	0.0152798999861	0.0152521883494
AANATAGGTC	351	10924	11342	325	157	14.6693703782	0.0288914570184	0.0136533611618	0.0152380958566
AACNTANGTC	525	15239	16276	435	207	21.5068362262	0.0277529666964	0.0125583934963	0.0151945732001
NACNTAGGTC	465	13862	14935	404	199	19.1665998939	0.0283190803309	0.0131492004757	0.0151698798551
ANCATANGTC	245	7000	7549	212	109	9.53092728713	0.0293954520244	0.0142334813267	0.0151619706977
AACNTAGGTC	445	13398	14422	390	192	18.5026657334	0.0282854656223	0.0131380867661	0.0151473788562
AACNTAGNTC	489	14078	15152	406	198	19.5834295183	0.0280309306821	0.0128990228013	0.0151319078808
ANCNTAGGTC	456	13545	14618	394	195	18.6183023832	0.0282660162135	0.0131641126038	0.0151019036097
ANNATAGGTC	366	10953	11361	325	158	14.4496769679	0.0288171661642	0.0137164684434	0.0151006977208
NANATAGGTC	453	13757	14215	398	189	18.2079299704	0.0281172730484	0.0131213551791	0.0149959178693
AACATANGNC	269	7658	8163	230	118	10.0248638163	0.0291582150101	0.014249486777	0.0149087282332
AACATANNTC	346	7852	8390	239	125	10.0475696709	0.0295389939439	0.014679976512	0.0148590174319
AANATAGGNC	375	11254	11626	330	162	14.2269634114	0.0284875690608	0.0137427892772	0.0147447797835
AACNNAGGTC	638	18940	20233	549	276	24.2086023963	0.0281697367746	0.0134575064606	0.014712230314
AACATAGNTN	273	6693	7248	211	117	8.15279032542	0.0305619930475	0.0158859470468	0.0146760460007
AACNTAGGTN	486	14117	15151	412	211	17.8794556335	0.0283570789456	0.0137351907304	0.0146218882152
AACNTAGGNC	467	14098	15117	401	200	18.3488947552	0.0276570797986	0.0130573872168	0.0145996925818
AANATAGGTN	454	12009	12373	364	187	14.0721357811	0.0294188959832	0.0148885350318	0.0145303609513
AANNTAGGTC	719	22129	23259	627	312	26.9324839709	0.0275531727896	0.0132366043019	0.0143165684877
AANATANGTC	482	12645	13078	359	177	15.3422009445	0.0276068901876	0.0133534515277	0.0142534386599
AANATAGNTC	430	11955	12321	346	174	14.0684890687	0.0281277944883	0.0139255702281	0.0142022242602
NATANAGGTC	263	8302	8163	221	97	10.6290421888	0.0259298369119	0.0117433414044	0.0141864955075
NATNTAGGTC	334	10348	10440	279	133	12.0992439237	0.0262538816223	0.0125792111983	0.0136746704239
AACTTNNGTC	258	7673	7874	196	91	9.5237820238	0.0249078663108	0.0114249843063	0.0134828820045
AATNTANGTC	316	8656	8839	233	114	9.99325932899	0.0262121723478	0.0127331620686	0.0134790102793
NNTATAGGTC	256	7703	7559	201	92	8.94574523871	0.0254301619433	0.0120245719514	0.0134055899919
NATATNGGTC	259	7787	7640	202	92	9.07019680836	0.025284766554	0.0118986032074	0.0133861633466
NATATAGGTC	239	7666	7520	199	91	8.87048087618	0.0253019707565	0.0119563789252	0.0133455918313
AACTTANNTC	285	7329	7806	183	88	9.17858531147	0.0243610223642	0.0111477071193	0.0132133152449
NACTTNGGTC	254	7755	7893	201	97	8.86700740345	0.0252639517345	0.012140175219	0.0131237765155
AACTTANGTC	230	6712	7147	168	82	8.23168862637	0.0244186046512	0.011343200996	0.0130754036552
ANCTTANGTC	242	6908	7384	173	85	8.4377302451	0.0244315774608	0.0113803722051	0.0130512052557
AACTTNGNTC	276	7944	8127	201	96	9.17429621085	0.0246777163904	0.0116745713243	0.0130031450661
ANTNTAGGTC	246	7617	7695	204	102	8.18888494563	0.0260836210203	0.0130819545979	0.0130016664224
AACTNNGGTC	433	13023	13501	342	173	13.9917496586	0.0255892255892	0.0126517478426	0.0129374777466
AACTTNGGTC	237	7349	7485	188	91	8.29456197279	0.0249436115165	0.0120116156283	0.0129319958882
NATATAGGNC	258	7746	7573	200	95	8.19218600726	0.0251698968034	0.0123891497131	0.0127807470903
NACTNAGGTC	418	12291	12935	325	171	12.7577241786	0.0257609384908	0.013047459179	0.0127134793118
AACTNANGTC	422	12156	12882	315	164	12.9270477156	0.0252585999519	0.0125709029588	0.0126876969931
AACTNAGNTC	440	12426	13124	324	171	12.7660440619	0.0254117647059	0.0128619781873	0.0125497865186
AANTTNGGTC	298	8736	8948	234	123	8.67069426979	0.0260869565217	0.0135596957337	0.0125272607881
NACTTAGNTC	264	7564	7970	188	96	8.14659276726	0.0242518059856	0.0119018100669	0.0123499959186
AACTNAGGTC	397	11795	12422	307	164	11.7076718859	0.0253677078169	0.0130303511839	0.012337356633
NATATAGNTC	331	8792	8600	223	108	8.72656714187	0.0247365501941	0.0124023886082	0.0123341615859
AATNNAGGTC	282	8824	9022	232	123	8.39189369934	0.0256183745583	0.0134499726627	0.0121684018956
ANCTNAGGTC	404	11984	12663	311	169	11.5066178918	0.0252948352989	0.0131701995012	0.0121246357977
AACTNAGGTN	419	12055	12684	314	172	11.2517968084	0.0253860457596	0.0133789670193	0.0120070787403
TAACTNNGGT	440	12885	13488	408	257	9.60213798295	0.0306928458587	0.0186977082575	0.0119951376012
AACTNAGGNC	406	12034	12697	308	167	11.4133309766	0.0249554367201	0.0129819651741	0.011973471546
TAACTNAGGT	399	11803	12343	378	241	8.56297381	0.0310319349807	0.0191513032422	0.0118806317385
TAACTNAGGN	408	11938	12512	380	243	8.59592885202	0.0308491638253	0.0190513524108	0.0117978114145
AACTTANGNC	280	8130	8750	195	103	8.32369145619	0.0234234234234	0.0116344741895	0.0117889492339
TAACTNANGT	466	13293	13850	420	267	9.40907945578	0.0306278713629	0.0189133668626	0.0117145045003
TANCTNAGGT	419	12137	12751	383	247	8.50093139308	0.0305910543131	0.0190029235267	0.0115881307864
NAACTNAGGT	419	12028	12545	383	247	8.26142718469	0.0308597212151	0.0193089430894	0.0115507781256
TNACTNAGGT	432	12560	13097	396	255	8.56044803814	0.0305649891942	0.0190982624326	0.0114667267616
TAACNNAGGT	665	19459	20585	617	406	12.7762681765	0.0307332137876	0.0193416226002	0.0113915911874
TAACNTNGGT	496	14775	15696	447	290	10.0661769509	0.0293653921955	0.0181408732641	0.0112245189314
TANCNTAGGT	478	14031	15002	424	278	9.48378183633	0.0293324109305	0.0181937172775	0.011138693653
TAACNTAGGT	455	13765	14694	416	274	9.11753306315	0.0293350257387	0.0183057188669	0.0110293068717
NAACNTAGGT	486	14391	15229	432	284	9.18537993187	0.0291438979964	0.0183072261974	0.010836671799
TNACNTAGGT	496	14695	15627	438	291	9.1511938449	0.0289433687967	0.0182811911044	0.0106621776923
TAACNTAGGN	474	14163	15116	423	285	8.55761382536	0.0290004113534	0.0185052918642	0.0104951194892
AANTNAGGTC	483	13968	14723	350	215	9.25574717119	0.024444754854	0.0143928236712	0.0100519311829
TAACNTAGNT	543	15662	16497	461	312	8.63585938379	0.0285926936674	0.0185614849188	0.0100312087486
AANNTAAGAC	601	16591	15846	430	253	8.89901297967	0.0252629105223	0.0157152618175	0.00954764870479
