#Sequence	Occurrence	Forward Match	Backward Match	Forward Mismatch	Backward Mismatch	Strand Bias Score	FER (Forward Error Rate)	RER (Reverse Error Rate), ERD (Error rate Difference)
ACGTTATC	24	289	206	37	1	6.92917148257	0.113496932515	0.0048309178744	0.108666014641
ACGNTATC	47	410	385	40	2	8.63101331951	0.0888888888889	0.00516795865633	0.0837209302326
ACACCCNC	22	291	457	26	2	8.21160690714	0.0820189274448	0.00435729847495	0.0776616289698
TCCTANCC	27	245	522	22	3	7.75843845674	0.0823970037453	0.00571428571429	0.076682718031
ACGTTANC	42	597	596	45	4	8.86987706758	0.0700934579439	0.00666666666667	0.0634267912773
ACGTTNTC	78	705	785	53	9	8.95418586604	0.0699208443272	0.0113350125945	0.0585858317327
NCCTANCC	66	400	763	27	4	8.49299037256	0.0632318501171	0.00521512385919	0.0580167262579
TTTACGTT	83	755	709	48	5	8.46904932428	0.0597758405978	0.00700280112045	0.0527730394773
ACGTNATC	55	988	734	49	1	9.9665907562	0.0472516875603	0.00136054421769	0.0458911433426
GCCTCNGN	23	529	771	27	3	7.42879342879	0.0485611510791	0.00387596899225	0.0446851820869
GCNATAGT	38	767	618	38	2	7.31566534307	0.0472049689441	0.00322580645161	0.0439791624925
TTTNACGT	184	1242	1115	78	20	7.12436911855	0.0590909090909	0.0176211453744	0.0414697637165
TTTACGNT	134	1022	1075	52	9	8.22943615095	0.048417132216	0.00830258302583	0.0401145491902
CGNAAAAA	368	1532	1600	115	49	7.03583512096	0.0698239222829	0.029714978775	0.0401089435079
GCCNCNGT	25	882	1024	43	7	7.97471063201	0.0464864864865	0.00678952473327	0.0396969617532
CNGGTNTC	48	702	1055	33	6	7.73041209662	0.0448979591837	0.00565504241282	0.0392429167709
CACNCCNC	49	669	1166	33	10	6.79707660376	0.0470085470085	0.00850340136054	0.038505145648
NAACCATC	91	1123	1062	52	8	7.68225835259	0.0442553191489	0.00747663551402	0.0367786836349
TCGANGAA	98	1435	1307	69	14	8.03914135547	0.0458776595745	0.0105980317941	0.0352796277804
ATCGANGN	138	1579	1668	69	13	10.2115555286	0.0418689320388	0.00773349196907	0.0341354400698
ACNTTATC	237	1647	1830	74	19	9.25146537262	0.0429982568274	0.0102758247701	0.0327224320573
CGTNGGTC	37	1328	1385	54	10	8.14409391608	0.0390738060781	0.00716845878136	0.0319053472968
GCAATANT	183	1711	1550	74	15	8.41760571005	0.0414565826331	0.00958466453674	0.0318719180963
NTTGTACC	109	1176	1665	47	11	8.90179571906	0.0384300899428	0.00656324582339	0.0318668441194
GATNTAAC	199	1537	1598	69	18	7.90296807608	0.0429638854296	0.0111386138614	0.0318252715683
ACGTNANC	116	2044	1812	79	11	11.3459529579	0.03721149317	0.00603400987383	0.0311774832962
TTTGTCGN	80	1144	1289	39	3	9.34385289673	0.032967032967	0.00232198142415	0.0306450515429
CGNNGGTC	46	1385	1428	54	10	7.847075884	0.0375260597637	0.00695410292072	0.030571956843
CCNNCTCC	84	1358	2026	58	22	7.96551328856	0.0409604519774	0.0107421875	0.0302182644774
AACTGCTN	58	1377	1131	48	5	7.50253540646	0.0336842105263	0.0044014084507	0.0292828020756
TCGNNGAA	190	2767	2670	123	37	10.4792073348	0.0425605536332	0.0136682674547	0.0288922861785
TCAANACC	90	1435	1439	55	12	7.05733011166	0.0369127516779	0.00827015851137	0.0286425931665
CGTAGNTC	42	1357	1456	51	12	6.81921604026	0.0362215909091	0.00817438692098	0.0280472039881
CNCNCACA	268	1926	2361	75	24	8.98287974128	0.0374812593703	0.0100628930818	0.0274183662886
CGTNGGNC	51	1755	1832	64	16	7.65997332676	0.0351841671248	0.00865800865801	0.0265261584668
GNNCCATC	110	2216	2172	74	13	10.5371429757	0.0323144104803	0.00594965675057	0.0263647537298
CANTTCAA	236	1818	2116	73	27	6.9128508319	0.0386039132734	0.012599160056	0.0260047532174
GGTGCNAC	41	1693	1812	56	11	8.42890578905	0.0320182961692	0.00603400987383	0.0259842862954
ACGTNNTC	198	2335	2490	87	25	9.23198632149	0.0359207266722	0.00994035785288	0.0259803688193
CGTNGNTC	75	1850	1965	69	20	7.41600188861	0.0359562272017	0.0100755667506	0.025880660451
NACTTTAT	510	2303	2672	95	38	8.02733651965	0.0396163469558	0.0140221402214	0.0255942067344
ACATGATC	44	1836	1233	57	6	6.85775422233	0.0301109350238	0.00484261501211	0.0252683200117
CAANAGNC	144	1893	2216	65	18	8.34623229649	0.0331971399387	0.00805729632945	0.0251398436093
NCGTTTNC	233	2392	2425	98	35	7.51369519826	0.0393574297189	0.0142276422764	0.0251297874425
GANCNATC	160	1849	1747	65	16	6.90351126899	0.033960292581	0.00907543959161	0.0248848529894
NTCAGNTC	140	1906	2008	66	18	7.50246963263	0.0334685598377	0.00888450148075	0.024584058357
ATCGNNGT	123	1742	1816	59	15	6.99567624904	0.0327595780122	0.00819224467504	0.0245673333372
ACACNNCC	122	1961	2430	71	26	7.65633463488	0.0349409448819	0.0105863192182	0.0243546256636
NACGNTAT	395	2561	2522	106	40	7.08016930841	0.039745031871	0.015612802498	0.024132229373
ACATGANC	185	3579	2854	116	22	11.4800244957	0.0313937753721	0.0076495132128	0.0237442621593
ACANGATC	75	2052	1399	59	6	7.30397130073	0.0279488394126	0.00427046263345	0.0236783767791
ACNTGAAC	195	2058	1913	70	18	6.9133105968	0.0328947368421	0.00932159502848	0.0235731418136
NNCAGGTC	88	2167	2232	68	16	8.45407491888	0.0304250559284	0.00711743772242	0.023307618206
GGNGCNAC	57	2068	2185	63	15	8.09775555494	0.0295635851713	0.00681818181818	0.0227454033531
GTNTNGTC	163	2064	2163	67	19	7.1133852863	0.031440638198	0.00870760769936	0.0227330304987
ACGTTNNC	184	2376	2851	82	31	8.03698271948	0.033360455655	0.0107564191534	0.0226040365016
NNCACCTC	124	2508	2962	81	27	8.72974918129	0.0312862108922	0.0090331214453	0.0222530894469
NGCNTTTC	265	2186	2564	72	25	7.37932002045	0.0318866253322	0.0096562379297	0.0222303874024
ANGTTTAC	179	2405	2995	89	41	7.06965638319	0.0356856455493	0.0135046113307	0.0221810342186
GCNATANT	471	3758	3495	135	45	9.48877144502	0.0346776265091	0.0127118644068	0.0219657621023
NATTTAAC	486	2925	2981	98	32	8.40810480583	0.0324181276877	0.0106206438765	0.0217974838112
ACANCCNC	116	2041	2338	63	20	7.04424211338	0.0299429657795	0.00848176420696	0.0214612015725
NCATGATC	122	3059	2473	90	18	8.79802185983	0.0285805017466	0.00722601364914	0.0213544880974
CGNAANAA	691	3828	3859	168	83	7.09468555713	0.042042042042	0.0210553018772	0.0209867401648
ACNTGANC	328	5162	4274	154	35	12.3991069087	0.0289691497366	0.00812253423068	0.020846615506
CGTNNGTC	86	2238	2289	66	18	7.19474345277	0.0286458333333	0.00780234070221	0.0208434926311
ANTTTATC	838	4625	5229	173	81	10.4125680273	0.0360566902876	0.0152542372881	0.0208024529995
CGTANNTC	151	2531	2486	75	20	7.73857500679	0.0287797390637	0.00798084596967	0.020798893094
ANTNGGTC	143	2263	2368	68	20	6.9410434118	0.029172029172	0.00837520938023	0.0207968197918
GCATNANC	223	3508	3296	101	25	10.2685256712	0.0279855915766	0.00752785305631	0.0204577385203
GNTTNGTC	188	3069	3269	98	35	8.20611474952	0.0309441111462	0.010593220339	0.0203508908072
TANTCNAC	418	3480	3628	130	58	7.32615747541	0.0360110803324	0.0157352143245	0.0202758660079
ACANCNAC	444	5552	5578	194	77	11.5887398008	0.033762617473	0.0136162687887	0.0201463486843
TGTNCCNC	148	2514	2886	75	26	7.56674655117	0.0289687137891	0.00892857142857	0.0200401423605
AATNNGTC	486	3823	3938	123	45	9.23267029779	0.0311708058794	0.0112980165704	0.0198727893089
NCATGANC	361	6104	5227	179	46	13.5017984754	0.0284895750438	0.00872368670586	0.0197658883379
NAATCNAC	413	3832	4159	133	59	8.31428590336	0.0335435056747	0.0139876718824	0.0195558337922
CCTCCNNA	152	2251	3102	61	22	7.83457730507	0.026384083045	0.00704225352113	0.0193418295239
ATCAANNC	519	4707	4695	164	69	9.18909572544	0.033668651201	0.014483627204	0.019185023997
GCANNATC	219	3420	3797	106	42	8.28804338125	0.0300623936472	0.0109403490492	0.019122044598
NACGTTNT	573	4738	5077	166	76	9.20141392782	0.0338499184339	0.0147486900834	0.0191012283505
NACACNTC	265	3491	3942	114	51	7.67182234514	0.0316227461859	0.0127723516153	0.0188503945705
ACATNAAC	401	3820	3661	120	43	8.14742316136	0.0304568527919	0.0116090712743	0.0188477815176
ANGTTGAT	280	2857	3836	87	42	7.6051382825	0.0295516304348	0.0108303249097	0.018721305525
NCANGATC	199	3785	3228	104	27	8.60874647951	0.0267420930831	0.00829493087558	0.0184471622075
TNAGCTNC	166	2321	2514	55	12	7.75733706499	0.0231481481481	0.00475059382423	0.0183975543239
AGCNANTT	449	4072	4085	141	63	7.28638553896	0.0334678376454	0.0151880424301	0.0182797952153
CNNTATTC	583	3641	4014	125	61	6.98789416694	0.0331917153478	0.0149693251534	0.0182223901945
ANCACNTC	261	3864	4130	113	43	8.72996158727	0.0284133769173	0.0103043374071	0.0181090395101
NGTAGGTC	117	3911	4129	110	39	9.12902277517	0.0273563790102	0.00935700575816	0.017999373252
GCANATNC	300	3327	3617	102	43	7.09780004728	0.0297462817148	0.0117486338798	0.017997647835
ACANGANC	323	4909	4286	143	45	9.55362158693	0.028305621536	0.0103902101131	0.0179154114229
CANAGGTC	215	6086	6680	203	98	10.7593587214	0.0322785816505	0.0144585423429	0.0178200393076
ANGTNATC	510	4817	4927	146	58	9.57873883484	0.0294176909128	0.0116349047141	0.0177827861986
ACNTNATC	629	7913	7479	231	80	14.6702538989	0.0283644400786	0.010583410504	0.0177810295746
CGTANGNC	103	3256	3023	90	28	6.96084858505	0.0268977884041	0.00917731891183	0.0177204694922
GGNTNTTC	302	3696	3591	109	40	7.33703160803	0.0286465177398	0.0110162489672	0.0176302687726
NGNTATTC	551	4340	4415	124	46	8.88740805128	0.0277777777778	0.0103115893297	0.017466188448
CANAGGNC	268	6656	7267	216	103	11.5241597223	0.0314318975553	0.0139755766621	0.0174563208932
NTTTCATC	696	4884	4786	148	58	9.07791158856	0.0294117647059	0.0119735755574	0.0174381891485
TGNACNTC	267	3694	4077	104	41	8.19438197676	0.02738283307	0.0099562894609	0.0174265436091
NAACNATC	424	3905	3763	124	51	6.84258963546	0.0307768677091	0.0133717881489	0.0174050795602
ACAACANC	329	4912	4636	157	64	8.29833998251	0.0309725784178	0.0136170212766	0.0173555571412
NCATNAAC	804	7859	7483	245	99	12.4925051801	0.0302319842053	0.0130572408336	0.0171747433718
ANTGANTC	449	3338	3288	94	34	6.81022160827	0.0273892773893	0.0102347983143	0.017154479075
CANNGGTC	259	6808	7387	224	111	10.9453988296	0.0318543799772	0.0148039477194	0.0170504322579
ACTNNATC	382	4415	4534	133	56	8.01979973543	0.0292436235708	0.0122004357298	0.017043187841
NNTGTACC	354	4331	5045	145	79	7.24711436697	0.0323949955317	0.0154176424668	0.0169773530649
GGTTNTNC	319	4892	5158	133	51	9.45062045072	0.0264676616915	0.00979074678441	0.0166769149071
NNATCAAC	650	7618	7167	213	77	12.6731258333	0.0271995913676	0.0106294864716	0.0165701048961
AANTNGTC	473	4962	4821	160	72	7.43154179775	0.0312377977353	0.0147148988351	0.0165228989002
TTNTTNGC	748	6011	6661	194	100	9.34759198649	0.0312651087832	0.0147907114332	0.01647439735
GNTGCNAC	106	3570	3251	87	24	7.61778003435	0.0237899917966	0.00732824427481	0.0164617475217
ATGTNGAT	418	4105	4844	123	62	7.59868768155	0.029091769158	0.0126375866286	0.0164541825294
NCNTGATC	242	4320	3822	112	34	8.16540302569	0.0252707581227	0.00881742738589	0.0164533307369
NTTGGTNC	303	5152	5047	159	69	7.85835283484	0.0299378648089	0.0134870992963	0.0164507655126
CATAGGTC	202	5874	6481	187	95	9.18688484774	0.0308529945554	0.0144464720195	0.0164065225359
NGTAGGNC	180	5182	5280	140	53	9.41938688565	0.0263059000376	0.00993812113257	0.016367778905
TGNAGNAC	288	3999	3905	102	34	7.99083886579	0.0248719824433	0.00863163239401	0.0162403500493
CATAGGNC	220	6149	6736	193	97	9.49028680179	0.0304320403658	0.01419581443	0.0162362259358
ATTNCTTC	520	3812	3984	106	44	6.86719443692	0.0270546197039	0.0109235352532	0.0161310844507
GGTTNNTC	280	3970	3766	102	34	7.54494429758	0.0250491159136	0.00894736842105	0.0161017474925
TGANANTC	482	4069	4331	117	52	7.06689661634	0.027950310559	0.0118640200776	0.0160862904814
NGTANGTC	260	5871	5847	158	60	10.0332788411	0.0262066677724	0.010157440325	0.0160492274474
ACATGNNC	487	7019	6489	194	72	10.7394713448	0.0268958824345	0.0109739368999	0.0159219455346
CATAGGTN	289	7396	7743	236	118	10.30651276	0.0309224318658	0.0150108128737	0.0159116189921
NANTAATC	1404	8102	8593	253	126	11.4883450512	0.0302812687014	0.0144511985319	0.0158300701694
TNATCAAC	296	4492	3990	121	42	7.33880988792	0.0262302189465	0.0104166666667	0.0158135522798
NGNAGGTC	164	4729	4774	124	47	8.59256256979	0.0255512054399	0.00974901472724	0.0158021907127
TGATNNTC	753	6043	6267	160	64	10.2677398342	0.0257939706594	0.0101089875217	0.0156849831376
TNTTTNGC	742	6309	7137	195	104	9.27236268252	0.0299815498155	0.0143626570916	0.0156188927239
GATNTANC	628	5688	5923	188	99	7.34462385406	0.0319945541184	0.0164397210229	0.0155548330955
NAANCATC	806	6891	7209	195	88	10.4268426106	0.0275190516511	0.0120597505824	0.0154593010687
NGTNGGTC	171	5190	5267	130	48	9.01885503435	0.0244360902256	0.00903104421449	0.0154050460111
NGTTTANC	426	5307	6206	157	84	8.18582172326	0.0287335285505	0.0133545310016	0.0153789975489
CANTNATC	445	4098	4341	101	38	7.82740344462	0.0240533460348	0.00867778031514	0.0153755657196
CATNGGTC	219	6214	6809	194	103	8.55911604953	0.0302746566792	0.0149016203704	0.0153730363088
ANATNGTC	554	4815	4669	141	62	6.94658721958	0.0284503631961	0.0131050517861	0.01534531141
CATANGTC	310	7669	8273	234	120	10.5247049633	0.029609009237	0.0142976289765	0.0153113802605
NATTTANC	1745	10428	11032	322	164	13.7188128594	0.0299534883721	0.0146480886031	0.015305399769
NGTAGNTC	276	5398	5801	150	69	8.39280825093	0.0270367700072	0.0117546848382	0.015282085169
CANAGGTN	451	9413	9898	292	150	12.0720473686	0.0300875837197	0.014928343949	0.0151592397707
CANAGNTC	317	7254	7719	226	119	9.28411913871	0.0302139037433	0.0151824445011	0.0150314592422
CNTAGGTC	480	14548	15685	417	205	19.8787359111	0.0278650183762	0.0129011957206	0.0149638226556
NTNTGGTC	290	4707	4312	123	46	7.07413163268	0.0254658385093	0.0105553005966	0.0149105379127
ACNTAANC	459	4394	4571	120	54	6.83179157325	0.0265839610102	0.0116756756757	0.0149082853345
TNATCNAC	673	8544	8162	249	111	10.7307942698	0.0283179802115	0.0134171400943	0.0149008401172
ACAACNNC	485	7835	7487	227	101	9.87708990704	0.0281567849169	0.0133104902478	0.0148462946691
ACANNAAC	1144	11227	10774	330	150	13.657306785	0.0285541230423	0.0137312339802	0.0148228890621
CNTNGGTC	555	16556	17339	474	230	21.4009220594	0.0278332354668	0.0130912402527	0.0147419952141
CANANGTC	430	9376	10339	272	141	12.6010071022	0.028192371476	0.0134541984733	0.0147381730027
GNNTCATC	403	4375	4204	104	36	7.53306747451	0.0232194686314	0.00849056603774	0.0147289025937
ANANCAAC	1090	9548	9789	296	153	11.2381604183	0.0300690776107	0.0153892576946	0.0146798199161
NCANCAAC	529	7212	7585	209	104	9.4099801577	0.0281633203072	0.0135258161009	0.0146375042063
NANAGGTC	606	15807	16333	453	220	19.7322614103	0.0278597785978	0.0132906421797	0.0145691364181
TANTCANC	613	5291	5380	153	74	6.80795152205	0.0281043350478	0.013568023469	0.0145363115787
ACNTNAAC	692	7305	7399	197	88	9.928494136	0.0262596640896	0.0117537064245	0.0145059576651
GAANATNC	966	6786	6758	199	96	8.27948799563	0.0284896206156	0.014006419609	0.0144832010066
NGTTAGNC	232	5891	5511	159	66	7.62375912756	0.0262809917355	0.0118343195266	0.0144466722089
ATNGNTTC	590	5969	5843	180	88	6.99234226256	0.0292730525289	0.0148372955657	0.0144357569632
TTANCNAC	514	5549	5436	158	73	6.97037926003	0.0276852987559	0.0132510437466	0.0144342550093
CATAGNTC	251	6519	7054	201	111	7.84957796782	0.0299107142857	0.0154919748779	0.0144187394078
ANTTTANC	1571	9857	10792	301	167	11.7539430306	0.0296318172869	0.0152386166621	0.0143932006248
CATNGGNC	269	6970	7705	207	113	8.79530244057	0.0288421345966	0.0144538245075	0.0143883100891
TANNGGTC	378	9989	9764	276	124	12.3782502061	0.026887481734	0.0125404530744	0.0143470286596
CNNAGGTC	699	20633	22061	589	300	25.2948377124	0.0277542173216	0.0134162157327	0.0143380015889
ANTTNATC	1783	11989	12348	357	183	13.8723862572	0.0289162481775	0.0146037826191	0.0143124655584
NATAGGTC	485	14297	14733	404	197	17.4068566746	0.0274811237331	0.013194909578	0.014286214155
NAATNCAC	795	5527	5548	157	75	6.9133943703	0.0276213933849	0.0133380757603	0.0142833176247
NNTAGGTC	944	27707	28866	771	374	33.8980187315	0.0270735304446	0.0127906976744	0.0142828327701
CNTAGGNC	546	16042	17368	445	224	20.4385509752	0.0269909625766	0.012733060482	0.0142579020945
GTTGNANT	683	7373	7044	239	123	7.52466452785	0.0313977929585	0.0171619924655	0.014235800493
NATGTANC	942	7097	7150	223	118	7.75012884669	0.0304644808743	0.0162355531095	0.0142289277648
CATNGGTN	432	9164	9436	280	148	10.2653596831	0.0296484540449	0.0154424040067	0.0142060500382
CNTANGTC	704	18555	19639	510	250	23.1653092693	0.0267505900865	0.0125697621801	0.0141808279064
AACNANAC	698	6626	7060	189	97	8.32640129329	0.0277329420396	0.0135531647338	0.0141797773058
TGTNCNTC	533	5918	6379	150	68	8.67344169848	0.024719841793	0.0105475414922	0.0141723003008
NATNGGTC	579	15747	16275	443	218	18.8178971792	0.0273625694873	0.0132177287334	0.0141448407539
ANNTTATC	2337	12714	13882	401	232	13.8511966729	0.0305756767061	0.0164375797081	0.014138096998
ANGTTTNC	647	5740	6860	177	110	7.07454214657	0.0299138076728	0.0157819225251	0.0141318851477
NCTAANTC	467	6452	6680	169	77	8.75112417097	0.0255248451895	0.0113955897588	0.0141292554308
ANNTAATC	1424	8060	8957	254	150	9.02063162366	0.030550878037	0.0164708466015	0.0140800314355
NGTTAGTC	184	5487	5172	146	62	6.88826561977	0.0259186934138	0.0118456247612	0.0140730686526
NTTNGGTC	486	12694	12805	351	167	15.1080721794	0.0269068608662	0.0128738822078	0.0140329786584
TNTNGGTC	552	14419	14350	388	177	17.4499006186	0.0262038225164	0.0121842087148	0.0140196138016
CNTTNATC	613	4725	5142	121	57	6.79608304918	0.0249690466364	0.0109636468552	0.0140053997812
NATAGGNC	604	15971	16376	449	222	18.4723135995	0.0273447015834	0.0133751054344	0.013969596149
ACNACANC	514	8636	8935	250	129	9.88142018866	0.0281341435967	0.0142321270962	0.0139020165005
TGNTANTC	637	7491	7302	211	100	8.57160671173	0.0273954816931	0.0135098621994	0.0138856194937
NCNAATAC	535	5351	5529	142	67	6.94439873694	0.0258510831968	0.0119728377412	0.0138782454556
CNTAGNTC	610	16760	17790	472	244	19.397747858	0.02739090065	0.013529998891	0.013860901759
TGTNAGNC	264	6046	5562	161	68	7.17803384423	0.0259384565813	0.0120781527531	0.0138603038282
ACANCANC	597	8736	8802	236	111	10.5630541199	0.0263040570664	0.0124537192864	0.01385033778
CATNNGTC	432	9276	9861	265	141	10.5358651912	0.0277748663662	0.0140971805639	0.0136776858023
NTATNAAC	2460	11122	11683	336	186	11.60418133	0.0293244894397	0.015671075912	0.0136534135277
TTTNGNTC	969	7627	7940	215	111	8.71686199164	0.0274164753889	0.0137871071917	0.0136293681973
NAATAAAT	6854	13140	12133	588	365	8.32716983242	0.0428321678322	0.0292046727476	0.0136274950845
TANAGGTC	296	8892	8785	234	107	10.5247894287	0.025641025641	0.0120332883491	0.0136077372919
ANNACATC	815	7703	7648	216	106	8.56408837347	0.0272761712337	0.0136703636833	0.0136058075505
TGATCNNC	315	4460	4288	94	31	7.22230531168	0.0206411945542	0.00717758740449	0.0134636071497
TNTAGGTC	371	11285	11341	300	143	12.8365002208	0.0258955545965	0.0124521072797	0.0134434473168
NGTTNATC	613	7482	8233	186	90	9.98056713609	0.0242566510172	0.0108134086267	0.0134432423905
ACTNCANC	241	5201	5599	127	59	7.1047966588	0.0238363363363	0.0104277129728	0.0134086233636
CTTTNNTC	1157	7047	7744	222	135	7.12928525885	0.0305406520842	0.0171341540805	0.0134064980037
NCTNCAGC	104	3440	3835	66	21	6.98919648894	0.0188248716486	0.00544605809129	0.0133788135573
TNNTCAAC	738	8328	7661	220	96	9.03887124324	0.0257370145063	0.0123759185252	0.0133610959811
ANTNTATC	2277	11046	11911	369	231	9.90683580986	0.0323258869908	0.0190248723439	0.0133010146469
ACNNCAAC	435	6303	6611	177	94	6.97861258715	0.0273148148148	0.014019388516	0.0132954262988
NGTTANTC	528	8165	8086	222	108	8.89339905182	0.026469536187	0.0131803758848	0.0132891603022
CATAGGNN	432	8464	8681	250	136	8.52594993498	0.0286894652284	0.0154247476466	0.0132647175818
NNATGATC	870	7954	7869	194	84	9.78398394792	0.0238095238095	0.0105620520558	0.0132474717537
TNTAGGNC	475	12475	12516	333	162	13.5343133983	0.0259993753904	0.0127780407004	0.01322133469
TNNTAGTC	393	6197	6836	175	99	6.9141491529	0.0274639045825	0.0142754145638	0.0131884900187
NACTTNAT	1296	8697	9151	280	168	7.95019671735	0.031190820987	0.018027685374	0.013163135613
NATTNATC	1903	10576	11122	305	168	10.7637846948	0.0280305119015	0.014880425155	0.0131500867465
NCATGNAC	444	5837	6050	153	76	6.79946705592	0.0255425709516	0.0124061377734	0.0131364331782
GNATNATC	778	6336	6252	153	66	7.82723080277	0.0235783633842	0.0104463437797	0.0131320196045
NTTNCATC	1165	9509	10004	260	137	10.2754744132	0.0266148019245	0.0135095158268	0.0131052860976
GNTNCATC	369	5366	5323	123	50	7.12042023512	0.0224084532702	0.00930578820026	0.0131026650699
TNTTCATC	988	7481	7875	190	93	8.92681497631	0.0247686090471	0.011671686747	0.0130969223001
ANNTGATC	646	6512	5787	158	62	7.40169381519	0.023688155922	0.0106001025816	0.0130880533404
CNTAGGTN	696	19153	19878	534	283	19.3720922353	0.0271244984	0.0140370021328	0.0130874962671
NNTTCATC	1762	14990	15412	376	178	17.165613488	0.024469608226	0.0114175753688	0.0130520328571
NCATGNTC	420	6101	5547	145	57	7.18942576378	0.0232148575088	0.0101713062099	0.013043551299
ACATNANC	905	11041	10506	284	129	11.6195789518	0.0250772626932	0.0121297602257	0.0129475024675
TATNGGTC	291	8502	8331	217	101	9.27355150515	0.0248881752495	0.0119781783681	0.0129099968813
NGTNAGTC	248	6494	6111	163	72	7.07475919714	0.0244855039808	0.0116448326055	0.0128406713752
ANCAANAC	829	8583	9186	251	146	8.26167539265	0.028412949966	0.015645092156	0.01276785781
TATTNANC	1834	8992	8819	258	136	8.27848777994	0.0278918918919	0.0151870463428	0.0127048455491
ANATNAAC	2903	14812	15472	439	253	13.263171651	0.0287849977051	0.0160890302067	0.0126959674984
NTNTCATC	1838	12532	13143	340	183	12.5150004106	0.0264139216905	0.0137325529041	0.0126813687864
TATAGGTC	256	8071	7910	205	97	8.508285359	0.024770420493	0.0121143999001	0.0126560205929
TANAGGNC	422	9960	9844	258	126	10.1154185162	0.0252495596007	0.0126379137412	0.0126116458595
AANTAANC	1602	8173	9247	262	174	7.1616240727	0.0310610551274	0.0184693769239	0.0125916782036
TNNAGGTC	508	14230	14452	368	185	14.3648021087	0.0252089327305	0.0126392020223	0.0125697307082
NGNTCATC	433	4652	4798	97	38	6.87289382434	0.0204253527058	0.00785773366419	0.0125676190416
TGTNNGTC	382	8284	8169	201	92	9.06953025822	0.0236888626989	0.0111366662632	0.0125521964357
ANNACAAC	1197	10065	10188	319	189	8.14499097799	0.0307203389831	0.0182133564614	0.0125069825216
GNTTTNTC	877	8078	8566	228	130	7.72305854851	0.0274500361185	0.0149494020239	0.0125006340945
NAATNATC	2206	12848	13371	338	178	12.8013734199	0.0256332473836	0.0131375009226	0.012495746461
AGNNAAGT	647	11811	11047	377	208	8.87749819756	0.0309320643256	0.0184806752554	0.0124513890701
ANATCANC	966	8530	9086	222	119	8.83659320522	0.025365630713	0.012927756654	0.012437874059
TATAGGNC	299	8503	8314	220	108	8.35625012673	0.0252206809584	0.0128235573498	0.0123971236086
NNAACATC	781	8805	8645	221	106	8.92392760778	0.0244848216264	0.0121129013827	0.0123719202437
NTAACNTC	561	7091	7010	183	91	7.05554172287	0.025158097333	0.0128150964653	0.0123430008677
CTTNGGTC	275	8485	8608	216	109	8.57741069772	0.0248247327893	0.0125043019387	0.0123204308506
CTTAGGTC	233	7061	7485	178	93	7.49832007502	0.0245890316342	0.0122723673793	0.0123166642549
ANNTGAAC	1284	8862	9121	231	121	8.75963151895	0.0254041570439	0.0130924042415	0.0123117528024
CTNNGGTC	503	14841	15359	384	201	14.4276769293	0.0252216748768	0.0129177377892	0.0123039370876
CATAGNNC	370	8559	9117	247	146	7.69101534218	0.0280490574608	0.0157616323006	0.0122874251603
NTTAGNTC	595	11320	11908	304	168	10.6705010391	0.0261527873365	0.0139118913548	0.0122408959818
NATTNAAC	1421	8335	8198	226	118	7.56231850219	0.0263987851886	0.0141895141895	0.0122092709991
TANTNATC	1965	11528	12172	314	177	10.5965314924	0.0265157912515	0.0143331443842	0.0121826468673
NTTAGGTC	292	8437	8869	223	122	8.15251848423	0.0257505773672	0.0135691246802	0.012181452687
NNATGAAC	1475	10030	9843	280	150	8.60177722261	0.0271580989331	0.0150105073551	0.0121475915779
ANAACANC	1216	11719	11300	330	175	9.73835550939	0.0273881649929	0.0152505446623	0.0121376203306
TATNGGNC	388	9302	9081	240	120	8.66581745306	0.0251519597569	0.0130420606456	0.0121098991113
TNANCAAC	740	10281	9642	237	102	10.4890572792	0.0225328009127	0.0104679802956	0.0120648206172
NATANGTC	1118	20076	20622	530	286	17.8703260499	0.0257206638843	0.0136789745552	0.0120416893291
CATNGNTC	404	8405	8872	240	142	7.2529692551	0.0277617119722	0.0157532726869	0.0120084392853
CTTANGTC	301	8174	8650	200	104	8.41157159176	0.02388344877	0.0118802832991	0.0120031654709
CATANGNC	535	11188	12027	315	188	9.70079527889	0.0273841606537	0.0153909128121	0.0119932478416
NTTTCANC	1222	10890	11315	282	152	10.1734963444	0.0252416756176	0.0132554286213	0.0119862469964
NNTTAGTC	363	7457	7367	190	96	7.04250599461	0.0248463449719	0.0128634597347	0.0119828852372
CTTAGNTC	284	8127	8529	203	107	8.09329468197	0.0243697478992	0.0123899953682	0.0119797525309
TNNTAATC	1522	9382	9463	261	145	8.0019495371	0.027066265685	0.0150915903414	0.0119746753436
NCTNCATC	607	8109	8217	194	95	8.24273632382	0.0233650487776	0.0114292589028	0.0119357898748
GNATTANC	622	7569	6792	186	83	6.91457842199	0.0239845261122	0.0120727272727	0.0119117988395
ANATAANC	2630	12686	13531	378	235	9.97871888043	0.0289344764238	0.0170710446026	0.0118634318211
NNTTTATC	2786	15369	16610	482	314	11.3794944707	0.0304081761403	0.0185535334436	0.0118546426967
TTNTNAAC	1954	10201	10301	312	187	7.64694202416	0.0296775420907	0.0178299008391	0.0118476412517
CTNAGGTC	432	12921	13649	334	185	11.75639321	0.025198038476	0.0133728495012	0.0118251889748
CTTNGNTC	454	10452	10524	259	132	9.75141065439	0.024180748763	0.0123873873874	0.0117933613756
NATAGNTC	894	18222	18389	480	259	15.3830573231	0.0256657042028	0.0138888888889	0.0117768153139
TNANAATC	1676	9572	10131	265	156	8.13874659873	0.0269391074515	0.0151647710703	0.0117743363812
ACATNNAC	1171	10167	10466	306	186	7.71629744154	0.0292179891149	0.0174615095757	0.0117564795392
TANAGNTC	637	12060	11919	303	154	10.7798862188	0.024508614414	0.0127557359397	0.0117528784743
TTNTGNTC	1279	8202	8502	203	107	7.81726728053	0.0241522903034	0.0124288535254	0.011723436778
ATTNCTNC	1039	10038	10645	268	155	8.67531159615	0.0260042693577	0.0143518518519	0.0116524175058
CTTAGGNC	267	7921	8589	192	105	7.76782453053	0.0236657216813	0.012077294686	0.0115884269953
TNTAGNTC	771	14619	14931	374	203	12.4107356463	0.0249449743213	0.013413506013	0.0115314683084
TAANNATC	1676	8939	9661	259	164	6.96140975631	0.0281582952816	0.0166921119593	0.0114661833223
CTNANGTC	571	15294	16094	384	213	13.2281799547	0.0244929200153	0.0130618752683	0.011431044747
NNATAATC	1928	10511	11349	295	183	8.31786159116	0.0272996483435	0.0158688865765	0.011430761767
CTNAGGNC	479	13856	14868	349	198	12.1309577083	0.024568813798	0.0131421744325	0.0114266393655
AANTNATC	1859	11387	11816	313	184	8.94303480582	0.0267521367521	0.0153333333333	0.0114188034188
NTTTNATC	2668	14459	15143	423	262	10.5086741385	0.0284235989786	0.0170074651087	0.0114161338699
ATTNCNTC	1030	7715	7859	187	98	6.98217813941	0.0236648949633	0.0123161995727	0.0113486953906
CTTNGGNC	346	9990	10430	241	129	9.05511516332	0.0235558596423	0.01221706601	0.0113387936322
CTTAGGNN	417	10584	11398	256	142	9.66113180233	0.0236162361624	0.0123050259965	0.0113112101658
AATNANAC	2440	10427	10903	312	197	7.39831505579	0.0290529844492	0.0177477477477	0.0113052367015
NGTNAGAC	391	10160	9261	266	134	7.60309159985	0.0255131402264	0.014262905801	0.0112502344254
TNATANTC	2246	11564	12065	308	180	9.12172197254	0.0259433962264	0.014699877501	0.0112435187254
TATAGNTC	429	9844	9656	239	122	8.35480504816	0.0237032629178	0.0124769891593	0.0112262737584
NATNTAAC	2079	10477	10514	310	188	7.16854282815	0.0287382960972	0.0175668099421	0.0111714861551
ATNTNATC	2665	14078	15338	386	242	10.7176250315	0.0266869469027	0.0155327342747	0.0111542126279
AATNAANC	2070	10075	10398	287	175	7.277023908	0.0276973557228	0.016551593682	0.0111457620408
TNANCATC	1567	13126	14097	336	198	10.6505042185	0.0249591442579	0.013850996852	0.0111081474059
TNTNCATC	1604	13255	14435	319	182	11.5024253991	0.0235008103728	0.0124512553876	0.0110495549852
CTTAGGTN	315	8901	9362	218	122	7.58404340848	0.0239061300581	0.0128637705609	0.0110423594972
NAATAANC	2059	10036	10927	296	196	7.04682244393	0.0286488579172	0.0176211453744	0.0110277125427
NCATNATC	1388	15034	14392	365	186	11.6150159818	0.0237028378466	0.0127589518452	0.0109438860014
AATTNANC	1384	8804	9466	230	140	6.87033190272	0.0254593756918	0.0145742244431	0.0108851512488
NANTTATC	1937	10690	11157	298	186	7.31082022656	0.0271204950855	0.0163977783655	0.01072271672
AAATNANC	2394	13251	14351	383	254	8.73450276581	0.0280915358662	0.0173913043478	0.0107002315184
TAATNANC	1749	10736	11239	279	167	7.87558572984	0.0253290966863	0.0146414167982	0.0106876798882
NAATANTC	2064	10519	10923	274	164	7.53350675223	0.0253868247938	0.0147920988545	0.0105947259393
ACTNAGGT	486	13887	14370	427	282	8.15363661051	0.0298309347492	0.0192465192465	0.0105844155027
TNATCANC	1610	15070	14993	388	221	10.3753438807	0.025100271704	0.0145260943867	0.0105741773172
ANATGANC	1360	10583	9941	276	150	7.0748627198	0.0254167050373	0.0148647309484	0.0105519740889
ACTNNGGT	602	16570	16680	493	312	9.69702798321	0.0288929262146	0.0183615819209	0.0105313442937
NCATCANC	910	10663	10288	259	138	7.70307462006	0.0237136055667	0.0132361404182	0.0104774651486
NTATCANC	1318	9555	10674	252	165	6.91830793177	0.0256959314775	0.015222806532	0.0104731249455
TNANCTTC	1006	9871	10315	249	148	7.18594870855	0.024604743083	0.0141450826723	0.0104596604107
ANATNATC	2876	17844	18484	460	277	11.9365161071	0.0251311188811	0.0147646713928	0.0103664474883
NGTANGAC	523	13612	12549	345	183	8.75318320039	0.0247187791073	0.0143732327992	0.010345546308
CTTAGNNC	381	10476	11175	251	148	7.92195577415	0.023398899972	0.0130707409697	0.0103281590023
NTNAGGTC	636	17131	18029	431	260	11.8100612656	0.0245416239608	0.0142161955274	0.0103254284335
CTNAGNTC	539	15125	15804	374	222	10.5550359213	0.0241305890703	0.0138524897042	0.010278099366
ACTNANGT	914	21915	22518	663	439	11.8422517271	0.029364868456	0.0191227076709	0.0102421607852
TANANGTC	769	13093	13097	311	172	9.31646486714	0.023202029245	0.0129625442761	0.0102394849689
TANTAANC	1605	11844	11711	297	169	7.93310014698	0.0244625648629	0.0142255892256	0.0102369756373
TTANCNTC	1216	10802	12219	274	180	7.74194626359	0.0247381726255	0.0145172997822	0.0102208728433
ANNTAAAT	12999	32738	30986	1350	939	11.9997615986	0.0396033794884	0.0294126859828	0.0101906935056
NATAGGTN	1035	20151	20067	562	346	11.5702224855	0.0271327185825	0.0169499828541	0.0101827357285
CTTNNGTC	441	10945	11212	258	146	7.95225672112	0.0230295456574	0.0128543757704	0.010175169887
TNATCNTC	1888	14341	15215	360	221	9.74248696288	0.0244881300592	0.0143171806167	0.0101709494424
ANNTCATC	1155	10911	10810	245	129	8.19446156323	0.0219612764432	0.011792668434	0.0101686080091
TNTANGTC	942	16231	16544	396	229	11.0208072779	0.0238166837072	0.0136528945329	0.0101637891743
ANNAATAC	2788	13144	12901	372	228	7.53308886819	0.0275229357798	0.0173661360347	0.0101567997451
AATAANNC	2742	12745	13187	368	241	7.32734748176	0.028063753527	0.0179475722371	0.0101161812899
CTTANGNC	516	14137	14794	346	207	9.64501324755	0.0238900780225	0.0137990800613	0.0100909979612
TCNTCANC	1133	11234	10789	276	152	7.35972096571	0.0239791485665	0.013892697194	0.0100864513724
TNTTNATC	3184	19226	20958	517	344	11.7651335871	0.0261864964798	0.0161487184302	0.0100377780496
ATNAANAC	2617	14710	14743	420	266	8.18585335891	0.0277594183741	0.0177226997135	0.0100367186606
TNNTCATC	2376	18023	18576	444	264	11.781502206	0.0240428873125	0.0140127388535	0.010030148459
TNATNATC	3630	22220	23069	597	379	13.0358468131	0.0261647017575	0.0161634254521	0.0100012763054
TNTTCANC	1558	12957	13522	293	166	9.48185267067	0.0221132075472	0.0121274108708	0.00998579667633
ACNTNGGT	711	19088	19770	546	359	10.4851976747	0.0278089029235	0.0178349644791	0.00997393844439
NAATTNTC	2146	12384	12789	335	213	7.38480717588	0.026338548628	0.0163820950623	0.00995645356574
TTTTNANC	2787	15359	15967	431	282	8.68572492979	0.0272957568081	0.0173549141486	0.00994084265954
CTTNGGTN	491	12102	12092	294	169	7.91846294949	0.0237173281704	0.0137835413098	0.00993378686053
ACNNAGGT	892	23558	24463	708	481	11.9555702996	0.0291766257315	0.0192831943554	0.00989343137612
ANANCATC	1096	10697	10543	259	147	6.96408166359	0.0236400146039	0.0137511693171	0.00988884528675
TCNNCATC	1107	11386	11154	262	143	7.68380548112	0.0224931318681	0.0126582278481	0.00983490402003
TATNGNTC	887	12868	12895	312	181	8.235259179	0.0236722306525	0.0138421535638	0.00983007708872
NATNAAAC	2236	11473	11437	295	177	6.92703711018	0.0250679809653	0.0152402273119	0.00982775365346
ANANAAAC	3965	16996	17115	553	380	7.8194889368	0.0315117670523	0.021720491569	0.00979127548323
TNATNAAC	1923	13453	12635	360	209	7.38025056222	0.0260624049808	0.0162721893491	0.0097902156317
ACNTAGGT	567	16310	17172	475	324	8.60897887867	0.0282990765564	0.0185185185185	0.00978055803793
NNATCATC	1928	15009	15309	346	198	10.0226864924	0.0225333767502	0.0127684271619	0.00976494958832
NNATTATC	2998	16947	17827	457	299	9.63265885991	0.0262583314181	0.0164956416198	0.00976268979829
NCANCATC	922	11610	11410	268	148	7.68507141774	0.0225627209968	0.0128049835612	0.00975773743563
ANNAAAAC	3744	18218	17879	622	426	7.76433825656	0.0330148619958	0.0232723299645	0.00974253203126
NCNTAGGT	696	18932	19534	542	361	9.76709085156	0.027831981103	0.0181452626288	0.00968671847421
ATANANAC	5132	14908	15149	478	331	6.91135451334	0.0310672039516	0.0213824289406	0.00968477501108
NTANCATC	1364	11491	12393	282	180	7.32278903308	0.0239531130553	0.0143163922691	0.00963672078615
TTNTCANC	1558	11388	12510	288	192	6.97313886035	0.0246659815005	0.0151157298063	0.00955025169418
NNATATTC	3388	14388	14641	369	230	8.15660864731	0.0250050823338	0.0154663438908	0.00953873844301
NTTAGGNC	551	15666	16716	380	240	9.61364599563	0.0236819144958	0.0141542816702	0.00952763282562
NCTNAGGT	618	17011	17436	490	330	8.27216497759	0.0279984000914	0.0185748058088	0.00942359428257
TTNNCATC	1492	11596	12855	289	195	6.96653445139	0.0243163651662	0.0149425287356	0.00937383643054
ACTNAGGN	560	15372	15706	447	303	7.29732710305	0.0282571591125	0.0189268536448	0.00933030546763
NGTAAGAN	854	13633	12505	346	196	7.04511201573	0.0247514128335	0.0154318557594	0.00931955707415
NNTAAGGT	865	14929	14832	430	283	6.97601178579	0.0279966143629	0.0187231227258	0.00927349163715
TGTTNNTC	1260	13803	14852	327	209	8.30556840319	0.0231422505308	0.0138769006042	0.00926534992658
TNTTTANC	2624	14921	15744	436	307	7.08764233276	0.0283909617764	0.0191265341723	0.00926442760406
ANATTNTC	3232	17661	17974	489	325	8.42906028782	0.0269421487603	0.0177605333625	0.00918161539785
ACNTAGGN	656	17567	18347	500	346	8.24016346118	0.0276747661482	0.018509602525	0.00916516362322
ANTAANAC	2517	17523	17389	492	322	8.04101198108	0.0273105745212	0.0181807915984	0.00912978292279
CTNAGGTN	618	16895	17453	405	253	9.3685946855	0.0234104046243	0.0142889416017	0.00912146302256
ANTTNGGT	879	17128	16739	516	344	7.23839149861	0.0292450691453	0.0201369782825	0.00910809086282
NNATAAAT	14873	34205	32496	1338	955	10.5026714089	0.0376445432293	0.028549221249	0.00909532198034
AAATNNTC	2609	15053	14750	376	229	7.74076935908	0.0243696934344	0.0152880699646	0.00908162346982
CATANNTC	1115	14421	15436	369	250	7.5023032585	0.0249492900609	0.0159377789111	0.00901151114972
AANAANAC	4023	17133	17173	528	367	6.96816611322	0.0298963818583	0.0209236031927	0.00897277866563
ATATNANC	3405	15713	17138	430	310	7.41143019929	0.0266369324165	0.0177670793214	0.00886985309512
ACTNAGNT	734	17801	18424	516	363	7.59188624526	0.0281705519463	0.0193218715069	0.00884868043939
NNTAAGAC	1158	27670	27279	709	448	12.6214037404	0.0249832622714	0.0161575359758	0.00882572629563
TTANNATC	2595	15457	17401	419	313	7.24634044193	0.0263920382968	0.0176696398329	0.0087223984639
TTATNNTC	3915	17318	19268	478	356	7.84756301942	0.0268599685323	0.0181410517733	0.00871891675892
NAATNTTC	2695	15098	15269	369	235	7.40790547223	0.0238572444559	0.015157378741	0.00869986571497
NTATNATC	3476	16653	18662	440	328	7.49216388212	0.0257415316211	0.0172722485519	0.00846928306926
ANTNAGGT	1045	22676	22809	666	471	8.12520717016	0.0285322594465	0.0202319587629	0.0083003006836
TCNTCNTC	1706	16064	17175	383	264	7.26896849605	0.023286921627	0.0151384827112	0.00814843891588
TTNNTAAC	2014	18231	19126	458	325	7.01363118061	0.0245063941356	0.0167086525114	0.00779774162415
NTNAGACC	890	25271	24704	670	464	7.77416420243	0.0258278400987	0.0184361093452	0.00739173075349
NTAAGACN	1158	27660	27117	753	531	8.03720352622	0.0265019533312	0.0192057291667	0.00729622416455
NTTANGAC	1054	24224	24996	593	425	7.86027848486	0.0238949107467	0.0167184611148	0.00717644963184
GTTAGTNN	1120	27779	28222	833	637	6.98225447576	0.0291136586048	0.0220728368966	0.00704082170815
NTAANACC	1387	28841	29057	739	551	6.89204605542	0.024983096687	0.0186098351797	0.00637326150727
ANNTAGGT	1397	34286	34647	912	694	7.56841471472	0.0259105631002	0.0196372485215	0.00627331457863
TNANTAAC	2033	30681	30947	737	543	7.39983450469	0.0234578903813	0.0172435693871	0.0062143209942
NTANGACC	1240	35945	35763	924	698	7.23214041483	0.0250617049554	0.0191437426291	0.00591796232627
